122 10 642 449 1090 449 1298 348 64 67 
122 10 642 449 1090 450 1298 348 64 67 
122 10 642 449 1090 451 1301 348 64 67 
122 10 642 449 1090 452 1301 348 64 67 
122 10 642 449 1090 453 1301 348 64 67 
122 10 642 449 1090 454 1301 351 64 64 
122 10 642 449 1090 455 1301 350 64 69 
122 10 642 449 1090 456 1304 350 64 69 
122 10 642 449 1090 457 1304 350 64 69 
122 10 642 449 1090 458 1304 350 64 69 
122 10 642 449 1090 459 1304 350 64 69 
122 10 642 449 1090 460 1304 354 64 64 
122 10 642 449 1090 461 1306 353 64 67 
122 10 642 449 1090 462 1306 353 64 67 
122 10 642 449 1090 463 1306 353 64 67 
122 10 642 449 1090 464 1306 353 64 67 
122 10 642 449 1090 465 1306 353 64 67 
122 10 642 449 1090 466 1309 356 64 67 
122 10 642 449 1090 467 1309 356 64 67 
122 10 642 449 1090 468 1309 356 64 67 
122 10 642 449 1090 469 1309 356 64 67 
122 10 642 449 1090 470 1312 356 64 67 
122 10 642 449 1090 471 1312 356 64 72 
122 10 642 449 1090 472 1312 358 64 69 
122 10 642 449 1090 473 1314 358 64 69 
122 10 642 449 1090 474 1314 358 64 69 
122 10 642 449 1090 475 1314 358 64 69 
122 10 642 449 1090 476 1314 358 64 72 
122 10 642 449 1090 477 1317 358 64 72 
122 10 642 449 1090 478 1317 361 64 67 
122 10 642 449 1090 479 1317 361 64 67 
122 10 642 449 1090 480 1320 361 64 67 
122 10 642 449 1090 481 1320 361 64 72 
122 10 642 449 1090 482 1320 361 64 72 
122 10 642 449 1090 483 1320 361 64 72 
122 10 642 449 1090 484 1322 364 64 67 
122 10 642 449 1090 485 1322 364 64 67 
122 10 642 449 1090 486 1322 364 64 72 
122 10 642 449 1090 487 1325 364 64 72 
122 10 642 449 1090 488 1325 364 64 72 
122 10 642 449 1090 489 1325 364 64 72 
122 10 642 449 1090 490 1325 366 64 69 
122 10 642 449 1090 491 1328 366 64 72 
122 10 642 449 1090 492 1328 366 64 72 
122 10 642 449 1090 493 1328 366 64 72 
122 10 642 449 1090 494 1330 366 64 72 
122 10 642 449 1090 495 1330 366 64 72 
122 10 642 449 1090 496 1330 369 64 72 
122 10 642 449 1090 497 1330 369 64 72 
122 10 642 449 1090 498 1333 369 64 72 
122 10 642 449 1090 499 1333 369 64 72 
122 10 642 449 1090 500 1333 369 64 72 
122 10 642 449 1090 501 1336 372 64 72 
122 10 642 449 1090 502 1336 372 64 72 
122 10 642 449 1090 503 1336 372 64 72 
122 10 642 449 1090 504 1336 372 64 72 
122 10 642 449 1090 505 1338 372 64 72 
122 10 642 449 1090 506 1338 371 64 75 
122 10 642 449 1090 507 1338 374 64 72 
122 10 642 449 1090 508 1341 374 64 72 
122 10 642 449 1090 509 1341 374 64 72 
122 10 642 449 1090 510 1341 374 64 72 
122 10 642 449 1090 511 1341 373 64 76 
122 10 642 449 1090 512 1344 373 64 76 
122 10 642 449 1090 513 1344 377 64 72 
122 10 642 449 1090 514 1344 377 64 72 
122 10 642 449 1090 515 1346 377 64 72 
122 10 642 449 1090 516 1346 376 64 76 
122 10 642 449 1090 517 1346 376 64 76 
122 10 642 449 1090 518 1346 376 64 76 
122 10 642 449 1090 519 1349 380 64 72 
122 10 642 449 1090 520 1349 380 64 72 
122 10 642 449 1090 521 1349 379 64 75 
122 10 642 449 1090 522 1352 379 64 75 
122 10 642 449 1090 523 1352 379 64 75 
122 10 642 449 1090 524 1352 379 64 75 
122 10 642 449 1090 525 1352 382 64 72 
122 10 642 449 1090 526 1354 381 64 76 
122 10 642 449 1090 527 1354 381 64 76 
122 10 642 449 1090 528 1354 381 64 76 
122 10 642 449 1090 529 1357 381 64 76 
122 10 642 449 1090 530 1357 381 64 76 
122 10 642 449 1090 531 1357 384 64 76 
122 10 642 449 1090 532 1357 384 64 76 
122 10 642 449 1090 533 1360 384 64 76 
122 10 642 449 1090 534 1360 384 64 76 
122 10 642 449 1090 535 1360 384 64 76 
122 10 642 449 1090 536 1362 387 64 75 
122 10 642 449 1090 537 1362 387 64 75 
122 10 642 449 1090 538 1362 387 64 75 
122 10 642 449 1090 539 1362 387 64 75 
122 10 642 449 1090 540 1362 387 64 75 
122 10 642 449 1090 541 1362 386 64 79 
122 10 642 449 1090 542 1365 389 64 76 
122 10 642 449 1090 543 1365 389 64 76 
122 10 642 449 1090 544 1365 389 64 76 
122 10 642 449 1090 545 1365 388 64 81 
122 10 642 449 1090 546 1365 388 64 81 
122 10 642 449 1090 547 1365 388 64 81 
122 10 642 449 1090 548 1368 392 64 76 
122 10 642 449 1090 549 1368 391 64 79 
122 10 642 449 1090 550 1368 391 64 79 
122 10 642 449 1090 551 1368 391 64 79 
122 10 642 449 1090 552 1368 391 64 79 
122 10 642 449 1090 553 1368 391 64 79 
122 10 642 449 1090 554 1370 394 64 79 
122 10 642 449 1090 555 1370 394 64 79 
122 10 642 449 1090 556 1370 394 64 79 
122 10 642 449 1090 557 1370 394 64 79 
122 10 642 449 1090 558 1370 394 64 84 
122 10 642 449 1090 559 1370 394 64 84 
122 10 642 449 1090 560 1373 396 64 81 
122 10 642 449 1090 561 1373 396 64 81 
122 10 642 449 1090 562 1373 396 64 84 
122 10 642 449 1090 563 1373 396 64 84 
122 10 642 449 1090 564 1373 396 64 84 
122 10 642 449 1090 565 1373 396 64 84 
122 10 642 449 1090 566 1376 399 64 84 
122 10 642 449 1090 567 1376 399 64 84 
122 10 642 449 1090 568 1376 399 64 84 
122 10 642 449 1090 569 1376 399 64 84 
122 10 642 449 1090 570 1376 398 64 88 
122 10 642 449 1090 571 1376 398 64 88 
122 10 642 449 1090 572 1376 402 64 84 
122 10 642 449 1090 573 1376 402 64 84 
122 10 642 449 1090 574 1376 401 64 87 
122 10 642 449 1090 575 1376 401 64 87 
122 10 642 449 1090 576 1376 401 64 87 
122 10 642 449 1090 577 1376 401 64 87 
122 10 642 449 1090 578 1376 403 64 88 
122 10 642 449 1090 579 1376 403 64 88 
122 10 642 449 1090 580 1376 403 64 88 
122 10 642 449 1090 581 1376 403 64 88 
122 10 642 449 1090 582 1376 402 64 93 
122 10 642 449 1090 583 1376 406 64 88 
122 10 642 449 1090 584 1376 406 64 88 
122 10 642 449 1090 585 1376 405 64 91 
122 10 642 449 1090 586 1376 405 64 91 
122 10 642 449 1090 587 1376 405 64 91 
122 10 642 449 1090 588 1376 405 64 91 
122 10 642 449 1090 589 1376 408 64 91 
122 10 642 449 1090 590 1376 408 64 91 
122 10 642 449 1090 591 1376 408 64 91 
122 10 642 449 1090 592 1376 408 64 91 
122 10 642 449 1090 593 1376 408 64 96 
122 10 642 449 1090 594 1376 408 64 96 
122 10 642 449 1090 595 1376 410 64 93 
122 10 642 449 1090 596 1376 410 64 93 
122 10 642 449 1090 597 1376 410 64 96 
122 10 642 449 1090 598 1376 410 64 96 
122 10 642 449 1090 599 1376 410 64 96 
122 10 642 449 1090 600 1376 413 64 96 
122 10 642 449 1090 601 1377 413 58 96 
122 10 642 449 1090 602 1377 413 58 96 
122 10 642 449 1090 603 1377 413 58 96 
122 10 642 449 1090 604 1377 413 58 96 
122 10 642 449 1090 605 1377 416 58 91 
122 10 642 449 1090 606 1377 416 58 96 
122 10 642 449 1090 607 1377 416 58 96 
122 10 642 449 1090 608 1377 416 58 96 
122 10 642 449 1090 609 1377 416 58 96 
122 10 642 449 1090 610 1377 418 58 93 
122 10 642 449 1090 611 1377 418 58 93 
122 10 642 449 1090 612 1377 418 58 96 
122 10 642 449 1090 613 1377 418 58 96 
122 10 642 449 1090 614 1377 418 58 96 
122 10 642 449 1090 615 1377 421 58 91 
122 10 642 449 1090 616 1377 421 58 91 
122 10 642 449 1090 617 1377 421 58 91 
122 10 642 449 1090 618 1377 421 58 96 
122 10 642 449 1090 619 1377 424 58 91 
122 10 642 449 1090 620 1379 424 52 91 
122 10 642 449 1090 621 1379 424 52 91 
122 10 642 449 1090 622 1379 424 52 91 
122 10 642 449 1090 623 1379 424 52 96 
122 10 642 449 1090 624 1379 426 52 93 
122 10 642 449 1090 625 1379 426 52 93 
122 10 642 449 1090 626 1379 426 52 93 
122 10 642 449 1090 627 1379 426 52 93 
122 10 642 449 1090 628 1379 426 52 93 
122 10 642 449 1090 629 1379 429 52 91 
122 10 642 449 1090 630 1379 429 52 91 
122 10 642 449 1090 631 1379 429 52 91 
122 10 642 449 1090 632 1379 429 52 91 
122 10 642 449 1090 633 1379 429 52 91 
122 10 642 449 1090 634 1379 433 52 87 
122 10 642 449 1090 635 1379 432 52 91 
122 10 642 449 1090 636 1379 432 52 91 
122 10 642 449 1090 637 1379 432 52 91 
122 10 642 449 1090 638 1379 435 52 88 
122 10 642 449 1090 639 1380 435 48 88 
122 10 642 449 1090 640 1380 434 48 93 
122 10 642 449 1090 641 1380 434 48 93 
122 10 642 449 1090 642 1380 434 48 93 
122 10 642 449 1090 643 1380 438 48 88 
122 10 642 449 1090 644 1380 438 48 88 
122 10 642 449 1090 645 1380 438 48 88 
122 10 642 449 1090 646 1380 437 48 91 
122 10 642 449 1090 647 1380 437 48 91 
122 10 642 449 1090 648 1380 441 48 87 
122 10 642 449 1090 649 1380 441 48 87 
122 10 642 449 1090 650 1380 441 48 87 
122 10 642 449 1090 651 1380 441 48 87 
122 10 642 449 1090 652 1380 440 48 91 
122 10 642 449 1090 653 1380 443 48 88 
122 10 642 449 1090 654 1380 443 48 88 
122 10 642 449 1090 655 1380 443 48 88 
122 10 642 449 1090 656 1380 443 48 88 
122 10 642 449 1090 657 1380 446 48 88 
122 10 642 449 1090 658 1375 446 54 88 
122 10 642 449 1090 659 1375 446 54 88 
122 10 642 449 1090 660 1375 446 54 88 
122 10 642 449 1090 661 1375 449 54 87 
122 10 642 449 1090 662 1375 449 54 87 
122 10 642 449 1090 663 1375 449 54 87 
122 10 642 449 1090 664 1375 449 54 87 
122 10 642 449 1090 665 1375 451 54 88 
122 10 642 449 1090 666 1375 451 54 88 
122 10 642 449 1090 667 1375 451 54 88 
122 10 642 449 1090 668 1375 451 54 88 
122 10 642 449 1090 669 1375 454 54 88 
122 10 642 449 1090 670 1375 454 54 88 
122 10 642 449 1090 671 1375 454 54 88 
122 10 642 449 1090 672 1375 454 54 88 
122 10 642 449 1090 673 1375 457 54 87 
122 10 642 449 1090 674 1375 457 54 87 
122 10 642 449 1090 675 1371 457 60 87 
122 10 642 449 1090 676 1371 457 60 87 
122 10 642 449 1090 677 1371 459 60 88 
122 10 642 449 1090 678 1371 459 60 88 
122 10 642 449 1090 679 1371 459 60 88 
122 10 642 449 1090 680 1371 459 60 88 
122 10 642 449 1090 681 1371 462 60 88 
122 10 642 449 1090 682 1371 462 60 88 
122 10 642 449 1090 683 1371 462 60 88 
122 10 642 449 1090 684 1371 462 60 88 
122 10 642 449 1090 685 1371 465 60 87 
122 10 642 449 1090 686 1371 465 60 87 
122 10 642 449 1090 687 1371 465 60 87 
122 10 642 449 1090 688 1371 465 60 87 
122 10 642 449 1090 689 1371 467 60 88 
122 10 642 449 1090 690 1371 467 60 88 
122 10 642 449 1090 691 1371 467 60 88 
122 10 642 449 1090 692 1368 467 64 88 
122 10 642 449 1090 693 1368 470 64 88 
122 10 642 449 1090 694 1368 470 64 88 
122 10 642 449 1090 695 1368 470 64 88 
122 10 642 449 1090 696 1368 470 64 88 
122 10 642 449 1090 697 1368 473 64 87 
122 10 642 449 1090 698 1368 473 64 87 
122 10 642 449 1090 699 1368 473 64 87 
122 10 642 449 1090 700 1368 473 64 87 
122 10 642 449 1090 701 1368 475 64 88 
122 10 642 449 1090 702 1368 475 64 88 
122 10 642 449 1090 703 1368 475 64 88 
122 10 642 449 1090 704 1368 475 64 88 
122 10 642 449 1090 705 1368 478 64 88 
122 10 642 449 1090 706 1368 478 64 88 
122 10 642 449 1090 707 1368 478 64 88 
122 10 642 449 1090 708 1367 481 68 87 
122 10 642 449 1090 709 1367 481 68 87 
122 10 642 449 1090 710 1367 481 68 87 
122 10 642 449 1090 711 1367 481 68 87 
122 10 642 449 1090 712 1367 481 68 87 
122 10 642 449 1090 713 1367 480 68 91 
122 10 642 449 1090 714 1367 483 68 88 
122 10 642 449 1090 715 1367 483 68 88 
122 10 642 449 1090 716 1367 483 68 88 
122 10 642 449 1090 717 1367 482 68 93 
122 10 642 449 1090 718 1367 482 68 93 
122 10 642 449 1090 719 1367 486 68 88 
122 10 642 449 1090 720 1367 486 68 88 
122 10 642 449 1090 721 1367 485 68 91 
122 10 642 449 1090 722 1367 485 68 91 
122 10 642 449 1090 723 1367 485 68 91 
122 10 642 449 1090 724 1367 489 68 87 
122 10 642 449 1090 725 1367 488 68 91 
122 10 642 449 1090 726 1367 488 68 91 
122 10 642 449 1090 727 1367 488 68 91 
122 10 642 449 1090 728 1367 488 68 91 
122 10 642 449 1090 729 1367 490 68 93 
122 10 642 449 1090 730 1367 490 68 93 
122 10 642 449 1090 731 1367 490 68 93 
122 10 642 449 1090 732 1367 490 68 93 
122 10 642 449 1090 733 1367 490 68 96 
122 10 642 449 1090 734 1367 493 68 91 
122 10 642 449 1090 735 1367 493 68 91 
122 10 642 449 1090 736 1367 493 68 91 
122 10 642 449 1090 737 1367 493 68 96 
122 10 642 449 1090 738 1367 493 68 96 
122 10 642 449 1090 739 1367 496 68 91 
122 10 642 449 1090 740 1367 496 68 91 
122 10 642 449 1090 741 1367 496 68 96 
122 10 642 449 1090 742 1367 496 68 96 
122 10 642 449 1090 743 1367 496 68 96 
122 10 642 449 1090 744 1367 498 68 93 
122 10 642 449 1090 745 1367 498 68 96 
122 10 642 449 1090 746 1367 498 68 96 
122 10 642 449 1090 747 1367 498 68 96 
122 10 642 449 1090 748 1367 498 68 96 
122 10 642 449 1090 749 1368 501 70 96 
122 10 642 449 1090 750 1367 501 68 96 
122 10 642 449 1090 751 1367 501 68 96 
122 10 642 449 1090 752 1367 504 68 96 
122 10 642 449 1090 753 1367 504 68 96 
122 10 642 449 1090 754 1367 504 68 96 
122 10 642 449 1090 755 1367 506 68 96 
122 10 642 449 1090 756 1367 506 68 96 
122 10 642 449 1090 757 1367 509 68 96 
122 10 642 449 1090 758 1367 509 68 96 
122 10 642 449 1090 759 1367 509 68 96 
122 10 642 449 1090 760 1367 512 68 96 
122 10 642 449 1090 761 1367 512 68 96 
122 10 642 449 1090 762 1367 514 68 96 
122 10 642 449 1090 763 1367 514 68 96 
122 10 642 449 1090 764 1367 514 68 96 
122 10 642 449 1090 765 1367 517 68 96 
122 10 642 449 1090 766 1367 517 68 96 
122 10 642 449 1090 767 1367 517 68 96 
122 10 642 449 1090 768 1367 520 68 96 
122 10 642 449 1090 769 1367 520 68 96 
122 10 642 449 1090 770 1367 522 68 96 
122 10 642 449 1090 771 1367 522 68 96 
122 10 642 449 1090 772 1367 522 68 96 
122 10 642 449 1090 773 1367 525 68 96 
122 10 642 449 1090 774 1367 525 68 96 
122 10 642 449 1090 775 1367 528 68 96 
122 10 642 449 1090 776 1367 528 68 96 
122 10 642 449 1090 777 1367 528 68 96 
122 10 642 449 1090 778 1367 530 68 96 
122 10 642 449 1090 779 1367 530 68 96 
122 10 642 449 1090 780 1367 530 68 96 
122 10 642 449 1090 781 1367 533 68 96 
122 10 642 449 1090 782 1367 533 68 96 
122 10 642 449 1090 783 1367 536 68 96 
122 10 642 449 1090 784 1367 536 68 96 
122 10 642 449 1090 785 1367 536 68 96 
122 10 642 449 1090 786 1367 538 68 96 
122 10 642 449 1090 787 1367 538 68 96 
122 10 642 449 1090 788 1367 541 68 96 
122 10 642 449 1090 789 1367 541 68 96 
122 10 642 449 1090 790 1367 541 68 96 
122 10 642 449 1090 791 1367 544 68 96 
122 10 642 449 1090 792 1367 544 68 96 
122 10 642 449 1090 793 1367 546 68 96 
122 10 642 449 1090 794 1363 546 70 96 
122 10 642 449 1090 795 1363 546 70 96 
122 10 642 449 1090 796 1363 545 70 100 
122 10 642 449 1090 797 1363 545 70 100 
122 10 642 449 1090 798 1363 549 70 96 
122 10 642 449 1090 799 1363 548 70 100 
122 10 642 449 1090 800 1363 548 70 100 
122 10 642 449 1090 801 1363 548 70 100 
122 10 642 449 1090 802 1363 551 70 99 
122 10 642 449 1090 803 1363 551 70 99 
122 10 642 449 1090 804 1363 551 70 99 
122 10 642 449 1090 805 1363 550 70 103 
122 10 642 449 1090 806 1363 553 70 100 
122 10 642 449 1090 807 1360 552 70 105 
122 10 642 449 1090 808 1360 552 70 105 
122 10 642 449 1090 809 1360 552 70 105 
122 10 642 449 1090 810 1360 552 70 108 
122 10 642 449 1090 811 1360 555 70 103 
122 10 642 449 1090 812 1360 555 70 103 
122 10 642 449 1090 813 1360 555 70 108 
122 10 642 449 1090 814 1360 555 70 108 
122 10 642 449 1090 815 1360 558 70 103 
122 10 642 449 1090 816 1360 558 70 108 
122 10 642 449 1090 817 1360 558 70 108 
122 10 642 449 1090 818 1360 558 70 108 
122 10 642 449 1090 819 1360 560 70 108 
122 10 642 449 1090 820 1359 560 68 108 
122 10 642 449 1090 821 1359 559 68 112 
122 10 642 449 1090 822 1359 559 68 112 
122 10 642 449 1090 823 1359 559 68 112 
122 10 642 449 1090 824 1359 562 68 112 
122 10 642 449 1090 825 1359 562 68 112 
122 10 642 449 1090 826 1359 562 68 112 
122 10 642 449 1090 827 1359 561 68 115 
122 10 642 449 1090 828 1359 565 68 111 
122 10 642 449 1090 829 1359 565 68 111 
122 10 642 449 1090 830 1359 564 68 115 
122 10 642 449 1090 831 1359 564 68 115 
122 10 642 449 1090 832 1359 566 68 117 
122 10 642 449 1090 833 1359 566 68 117 
122 10 642 449 1090 834 1359 569 68 115 
122 10 642 449 1090 835 1359 569 68 115 
122 10 642 449 1090 836 1359 572 68 115 
122 10 642 449 1090 837 1359 574 68 117 
122 10 642 449 1090 838 1359 574 68 117 
122 10 642 449 1090 839 1359 577 68 115 
122 10 642 449 1090 840 1359 580 68 115 
122 10 642 449 1090 841 1355 580 70 115 
122 10 642 449 1090 842 1355 580 70 115 
122 10 642 449 1090 843 1355 582 70 117 
122 10 642 449 1090 844 1355 582 70 117 
122 10 642 449 1090 845 1355 585 70 115 
122 10 642 449 1090 846 1355 585 70 115 
122 10 642 449 1090 847 1355 585 70 115 
122 10 642 449 1090 848 1355 588 70 115 
122 10 642 449 1090 849 1355 588 70 115 
122 10 642 449 1090 850 1352 590 70 117 
122 10 642 449 1090 851 1352 590 70 117 
122 10 642 449 1090 852 1352 590 70 117 
122 10 642 449 1090 853 1352 593 70 115 
122 10 642 449 1090 854 1352 593 70 115 
122 10 642 449 1090 855 1352 596 70 115 
122 10 642 449 1090 856 1352 596 70 115 
122 10 642 449 1090 857 1352 596 70 115 
122 10 642 449 1090 858 1352 598 70 117 
122 10 642 449 1090 859 1351 598 68 117 
122 10 642 449 1090 860 1351 601 68 115 
122 10 642 449 1090 861 1351 601 68 115 
122 10 642 449 1090 862 1351 601 68 115 
122 10 642 449 1090 863 1351 604 68 115 
122 10 642 449 1090 864 1351 604 68 115 
122 10 642 449 1090 865 1351 606 68 117 
122 10 642 449 1090 866 1351 606 68 117 
122 10 642 449 1090 867 1351 606 68 117 
122 10 642 449 1090 868 1347 609 70 115 
122 10 642 449 1090 869 1347 609 70 115 
122 10 642 449 1090 870 1347 612 70 115 
122 10 642 449 1090 871 1347 612 70 115 
122 10 642 449 1090 872 1347 612 70 115 
122 10 642 449 1090 873 1347 614 70 117 
122 10 642 449 1090 874 1347 614 70 117 
122 10 642 449 1090 875 1347 617 70 115 
122 10 642 449 1090 876 1347 617 70 115 
122 10 642 449 1090 877 1347 620 70 115 
122 10 642 449 1090 878 1347 620 70 115 
122 10 642 449 1090 879 1347 620 70 120 
122 10 642 449 1090 880 1347 620 70 120 
122 10 642 449 1090 881 1347 619 70 123 
122 10 642 449 1090 882 1347 619 70 123 
122 10 642 449 1090 883 1347 618 70 127 
122 10 642 449 1090 884 1347 618 70 127 
122 10 642 449 1090 885 1347 618 70 132 
122 10 642 449 1090 886 1347 618 70 132 
122 10 642 449 1090 887 1347 617 70 135 
122 10 642 449 1090 888 1347 616 70 139 
122 10 642 449 1090 889 1344 616 70 139 
122 10 642 449 1090 890 1344 618 70 141 
122 10 642 449 1090 891 1344 618 70 141 
122 10 642 449 1090 892 1344 621 70 139 
122 10 642 449 1090 893 1344 621 70 139 
122 10 642 449 1090 894 1344 624 70 139 
122 10 642 449 1090 895 1344 624 70 139 
122 10 642 449 1090 896 1344 626 70 141 
122 10 642 449 1090 897 1344 626 70 141 
122 10 642 449 1090 898 1344 629 70 139 
122 10 642 449 1090 899 1344 629 70 139 
122 10 642 449 1090 900 1344 629 70 139 
122 10 642 449 1090 901 1344 629 70 139 
122 10 642 449 1090 902 1344 629 70 144 
122 10 642 449 1090 903 1344 632 70 139 
122 10 642 449 1090 904 1344 632 70 144 
122 10 642 449 1090 905 1344 634 70 141 
122 10 642 449 1090 906 1344 634 70 144 
122 10 642 449 1090 907 1344 637 70 139 
122 10 642 449 1090 908 1344 637 70 144 
122 10 642 449 1090 909 1343 640 76 139 
122 10 642 449 1090 910 1343 640 76 144 
122 10 642 449 1090 911 1343 642 76 141 
122 10 642 449 1090 912 1343 642 76 144 
122 10 642 449 1090 913 1343 645 76 139 
122 10 642 449 1090 914 1343 645 76 144 
122 10 642 449 1090 915 1343 648 76 139 
122 10 642 449 1090 916 1343 648 76 144 
122 10 642 449 1090 917 1343 650 76 141 
122 10 642 449 1090 918 1342 650 80 144 
122 10 642 449 1090 919 1342 653 80 139 
122 10 642 449 1090 920 1342 653 80 144 
122 10 642 449 1090 921 1342 656 80 139 
122 10 642 449 1090 922 1342 656 80 144 
122 10 642 449 1090 923 1342 658 80 141 
122 10 642 449 1090 924 1342 658 80 144 
122 10 642 449 1090 925 1342 661 80 139 
122 10 642 449 1090 926 1342 661 80 144 
122 10 642 449 1090 927 1340 664 86 139 
122 10 642 449 1090 928 1340 664 86 144 
122 10 642 449 1090 929 1340 666 86 141 
122 10 642 449 1090 930 1340 666 86 144 
122 10 642 449 1090 931 1340 669 86 139 
122 10 642 449 1090 932 1340 669 86 144 
122 10 642 449 1090 933 1340 672 86 139 
122 10 642 449 1090 934 1340 672 86 144 
122 10 642 449 1090 935 1340 674 86 141 
122 10 642 449 1090 936 1339 674 92 144 
122 10 642 449 1090 937 1339 677 92 139 
122 10 642 449 1090 938 1339 677 92 144 
122 10 642 449 1090 939 1339 680 92 139 
122 10 642 449 1090 940 1339 680 92 144 
122 10 642 449 1090 941 1339 682 92 141 
122 10 642 449 1090 942 1339 682 92 144 
122 10 642 449 1090 943 1339 685 92 139 
122 10 642 449 1090 944 1339 685 92 144 
122 10 642 449 1090 945 1342 688 90 144 
122 10 642 449 1090 946 1342 688 90 144 
122 10 642 449 1090 947 1342 690 90 144 
122 10 642 449 1090 948 1342 690 90 144 
122 10 642 449 1090 949 1342 693 90 144 
122 10 642 449 1090 950 1347 696 84 144 
122 10 642 449 1090 951 1345 696 90 144 
122 10 642 449 1090 952 1345 698 90 144 
122 10 642 449 1090 953 1345 698 90 144 
122 10 642 449 1090 954 1348 701 86 144 
122 10 642 449 1090 955 1348 704 86 144 
122 10 642 449 1090 956 1348 704 86 144 
122 10 642 449 1090 957 1347 706 92 144 
122 10 642 449 1090 958 1347 706 92 144 
122 10 642 449 1090 959 1351 709 86 144 
122 10 642 449 1090 960 1351 712 86 144 
122 10 642 449 1090 961 1351 712 86 144 
122 10 642 449 1090 962 1351 714 86 144 
122 10 642 449 1090 963 1355 714 84 144 
122 10 642 449 1090 964 1355 717 84 144 
122 10 642 449 1090 965 1355 720 84 144 
122 10 642 449 1090 966 1355 720 84 144 
122 10 642 449 1090 967 1358 722 80 144 
122 10 642 449 1090 968 1358 722 80 144 
122 10 642 449 1090 969 1356 725 86 144 
122 10 642 449 1090 970 1356 728 86 144 
122 10 642 449 1090 971 1356 728 86 144 
122 10 642 449 1090 972 1361 730 80 144 
122 10 642 449 1090 973 1361 730 80 144 
122 10 642 449 1090 974 1361 733 80 144 
122 10 642 449 1090 975 1359 736 86 144 
122 10 642 449 1090 976 1364 736 80 144 
122 10 642 449 1090 977 1364 738 80 144 
122 10 642 449 1090 978 1364 738 80 144 
122 10 642 449 1090 979 1364 741 80 144 
122 10 642 449 1090 980 1366 744 80 144 
122 10 642 449 1090 981 1366 744 80 144 
122 10 642 449 1090 982 1369 746 80 144 
122 10 642 449 1090 983 1369 749 80 144 
122 10 642 449 1090 984 1372 749 80 144 
122 10 642 449 1090 985 1372 752 80 144 
122 10 642 449 1090 986 1374 754 80 144 
122 10 642 449 1090 987 1377 754 80 144 
122 10 642 449 1090 988 1377 757 80 144 
122 10 642 449 1090 989 1380 760 80 144 
122 10 642 449 1090 990 1380 760 80 144 
122 10 642 449 1090 991 1382 762 80 144 
122 10 642 449 1090 992 1385 765 80 144 
122 10 642 449 1090 993 1385 765 80 144 
122 10 642 449 1090 994 1388 768 80 144 
122 10 642 449 1090 995 1388 770 80 144 
122 10 642 449 1090 996 1390 770 80 144 
122 10 642 449 1090 997 1393 773 80 144 
122 10 642 449 1090 998 1393 776 80 144 
122 10 642 449 1090 999 1396 776 80 144 
122 10 642 449 1090 1000 1396 778 80 144 
122 10 642 449 1090 1001 1398 781 80 144 
122 10 642 449 1090 1002 1398 781 80 144 
122 10 642 449 1090 1003 1401 784 80 144 
122 10 642 449 1090 1004 1404 786 80 144 
122 10 642 449 1090 1005 1404 786 80 144 
122 10 642 449 1090 1006 1406 789 80 144 
122 10 642 449 1090 1007 1406 792 80 144 
122 10 642 449 1090 1008 1409 792 80 144 
122 10 642 449 1090 1009 1412 794 80 144 
122 10 642 449 1090 1010 1412 797 80 144 
122 10 642 449 1090 1011 1414 797 80 144 
122 10 642 449 1090 1012 1414 800 80 144 
122 10 642 449 1090 1013 1417 802 80 144 
122 10 642 449 1090 1014 1420 805 80 144 
122 10 642 449 1090 1015 1420 805 80 144 
122 10 642 449 1090 1016 1422 808 80 144 
122 10 642 449 1090 1017 1422 810 80 144 
122 10 642 449 1090 1018 1425 809 80 148 
122 10 642 449 1090 1019 1425 812 80 148 
122 10 642 449 1090 1020 1428 816 80 144 
122 10 642 449 1090 1021 1428 815 80 147 
122 10 642 449 1090 1022 1430 817 80 148 
122 10 642 449 1090 1023 1430 820 80 148 
122 10 642 449 1090 1024 1433 819 80 151 
122 10 642 449 1090 1025 1433 822 80 151 
122 10 642 449 1090 1026 1436 825 80 148 
122 10 642 449 1090 1027 1436 824 80 153 
122 10 642 449 1090 1028 1438 827 80 151 
122 10 642 449 1090 1029 1438 830 80 151 
122 10 642 449 1090 1030 1441 830 80 156 
122 10 642 449 1090 1031 1441 832 80 156 
122 10 642 449 1090 1032 1444 835 80 151 
122 10 642 449 1090 1033 1444 835 80 156 
122 10 642 449 1090 1034 1446 838 80 156 
122 10 642 449 1090 1035 1449 840 80 156 
122 10 642 449 1090 1036 1449 839 80 160 
122 10 642 449 1090 1037 1452 843 80 156 
122 10 642 449 1090 1038 1452 846 80 156 
122 10 642 449 1090 1039 1454 845 80 159 
122 10 642 449 1090 1040 1454 847 80 160 
122 10 642 449 1090 1041 1457 850 80 160 
122 10 642 449 1090 1042 1457 849 80 163 
122 10 642 449 1090 1043 1460 853 80 159 
122 10 642 449 1090 1044 1460 855 80 160 
122 10 642 449 1090 1045 1462 854 80 165 
122 10 642 449 1090 1046 1462 857 80 163 
122 10 642 449 1090 1047 1465 860 80 163 
122 10 642 449 1090 1048 1465 860 80 168 
122 10 642 449 1090 1049 1468 862 80 165 
122 10 642 449 1090 1050 1468 865 80 163 
122 10 642 449 1090 1051 1470 865 80 168 
122 10 642 449 1090 1052 1470 868 80 168 
122 10 642 449 1090 1053 1473 870 80 168 
122 10 642 449 1090 1054 1476 873 80 168 
122 10 642 449 1090 1055 1476 873 80 168 
122 10 642 449 1090 1056 1478 876 80 168 
122 10 642 449 1090 1057 1481 878 80 168 
122 10 642 449 1090 1058 1484 881 80 168 
122 10 642 449 1090 1059 1484 884 80 168 
122 10 642 449 1090 1060 1486 886 80 165 
122 10 642 449 1090 1061 1489 889 80 163 
122 10 642 449 1090 1062 1492 889 80 168 
122 10 642 449 1090 1063 1492 892 80 168 
122 10 642 449 1090 1064 1494 894 80 168 
122 10 642 449 1090 1065 1497 897 80 163 
122 10 642 449 1090 1066 1500 900 80 163 
122 10 642 449 1090 1067 1500 902 80 165 
122 10 642 449 1090 1068 1502 905 80 163 
122 10 642 449 1090 1069 1505 908 80 163 
122 10 642 449 1090 1070 1508 908 80 163 
122 10 642 449 1090 1071 1510 910 80 165 
122 10 642 449 1090 1072 1510 913 80 163 
122 10 642 449 1090 1073 1513 916 80 162 
122 10 642 449 1090 1074 1516 918 80 160 
122 10 642 449 1090 1075 1518 922 80 156 
122 10 642 449 1090 1076 1518 925 80 153 
122 10 642 449 1090 1077 1521 924 80 154 
122 10 642 449 1090 1078 1524 926 80 152 
122 10 642 449 1090 1079 1526 929 80 149 
122 10 642 449 1090 1080 1526 933 80 145 
122 10 642 449 1090 1081 1529 935 80 143 
122 10 642 449 1090 1082 1532 938 80 140 
122 10 642 449 1090 1083 1534 941 80 137 
122 10 642 449 1090 1084 1537 943 80 135 
122 10 642 449 1090 1085 1537 943 80 135 
122 10 642 449 1090 1086 1540 947 80 132 
122 10 642 449 1090 1087 1540 950 80 128 
122 10 642 449 1090 1088 1542 953 80 125 
122 10 642 449 1090 1089 1545 957 80 122 
122 10 642 449 1090 1090 1545 960 80 118 
123 10 70 771 840 771 1675 798 92 136 
123 10 70 771 840 772 1678 798 90 136 
123 10 70 771 840 773 1678 798 90 136 
123 10 70 771 840 774 1681 801 90 135 
123 10 70 771 840 775 1680 801 96 135 
123 10 70 771 840 776 1682 803 96 136 
123 10 70 771 840 777 1682 803 96 136 
123 10 70 771 840 778 1685 806 96 136 
123 10 70 771 840 779 1683 806 102 136 
123 10 70 771 840 780 1688 809 96 135 
123 10 70 771 840 781 1687 809 100 135 
123 10 70 771 840 782 1688 811 102 136 
123 10 70 771 840 783 1688 811 102 136 
123 10 70 771 840 784 1691 811 102 136 
123 10 70 771 840 785 1690 814 106 136 
123 10 70 771 840 786 1693 814 106 136 
123 10 70 771 840 787 1693 817 106 135 
123 10 70 771 840 788 1695 817 108 135 
123 10 70 771 840 789 1694 819 112 136 
123 10 70 771 840 790 1698 819 106 136 
123 10 70 771 840 791 1697 822 112 136 
123 10 70 771 840 792 1700 822 112 136 
123 10 70 771 840 793 1702 825 112 135 
123 10 70 771 840 794 1705 825 112 135 
123 10 70 771 840 795 1708 825 112 135 
123 10 70 771 840 796 1710 827 112 136 
123 10 70 771 840 797 1716 827 112 136 
123 10 70 771 840 798 1718 830 112 136 
123 10 70 771 840 799 1721 830 112 136 
123 10 70 771 840 800 1724 833 112 135 
123 10 70 771 840 801 1729 833 112 135 
123 10 70 771 840 802 1732 835 112 136 
123 10 70 771 840 803 1734 835 112 136 
123 10 70 771 840 804 1737 838 112 136 
123 10 70 771 840 805 1742 838 112 136 
123 10 70 771 840 806 1745 841 112 135 
123 10 70 771 840 807 1748 841 112 135 
123 10 70 771 840 808 1750 843 112 136 
123 10 70 771 840 809 1756 843 112 136 
123 10 70 771 840 810 1758 846 112 136 
123 10 70 771 840 811 1761 846 112 136 
123 10 70 771 840 812 1764 849 112 135 
123 10 70 771 840 813 1769 849 112 135 
123 10 70 771 840 814 1772 851 112 136 
123 10 70 771 840 815 1774 851 112 136 
123 10 70 771 840 816 1777 854 112 136 
123 10 70 771 840 817 1782 854 112 136 
123 10 70 771 840 818 1785 857 112 135 
123 10 70 771 840 819 1788 857 112 135 
123 10 70 771 840 820 1790 859 112 136 
123 10 70 771 840 821 1796 859 112 136 
123 10 70 771 840 822 1798 862 112 136 
123 10 70 771 840 823 1801 862 112 136 
123 10 70 771 840 824 1804 865 112 135 
123 10 70 771 840 825 1809 865 110 135 
123 10 70 771 840 826 1812 867 107 136 
123 10 70 771 840 827 1814 867 105 136 
123 10 70 771 840 828 1817 870 102 136 
123 10 70 771 840 829 1822 870 97 136 
123 10 70 771 840 830 1825 873 94 135 
123 10 70 771 840 831 1828 873 91 135 
123 10 70 771 840 832 1833 875 86 136 
123 10 70 771 840 833 1833 874 86 141 
123 10 70 771 840 834 1833 874 86 144 
123 10 70 771 840 835 1833 872 86 153 
123 10 70 771 840 836 1845 872 74 153 
123 10 70 771 840 837 1857 872 62 153 
123 10 70 771 840 838 1869 872 50 153 
123 10 70 771 840 839 1881 872 38 153 
123 10 70 771 840 840 1893 875 26 151 
124 9 322 1500 1821 1500 1347 378 52 96 
124 9 322 1500 1821 1501 1347 378 52 96 
124 9 322 1500 1821 1502 1347 378 52 96 
124 9 322 1500 1821 1503 1347 378 52 96 
124 9 322 1500 1821 1504 1347 378 52 96 
124 9 322 1500 1821 1505 1347 378 52 96 
124 9 322 1500 1821 1506 1347 378 52 96 
124 9 322 1500 1821 1507 1347 378 52 96 
124 9 322 1500 1821 1508 1347 378 52 96 
124 9 322 1500 1821 1509 1347 378 52 96 
124 9 322 1500 1821 1510 1347 378 52 96 
124 9 322 1500 1821 1511 1347 378 52 96 
124 9 322 1500 1821 1512 1347 378 52 96 
124 9 322 1500 1821 1513 1347 378 52 96 
124 9 322 1500 1821 1514 1347 378 52 96 
124 9 322 1500 1821 1515 1347 378 52 96 
124 9 322 1500 1821 1516 1347 378 52 96 
124 9 322 1500 1821 1517 1347 378 52 96 
124 9 322 1500 1821 1518 1347 378 52 96 
124 9 322 1500 1821 1519 1348 378 54 96 
124 9 322 1500 1821 1520 1348 378 54 96 
124 9 322 1500 1821 1521 1348 378 54 96 
124 9 322 1500 1821 1522 1348 378 54 96 
124 9 322 1500 1821 1523 1348 378 54 96 
124 9 322 1500 1821 1524 1348 378 54 96 
124 9 322 1500 1821 1525 1348 378 54 96 
124 9 322 1500 1821 1526 1348 378 54 96 
124 9 322 1500 1821 1527 1348 378 54 96 
124 9 322 1500 1821 1528 1348 378 54 96 
124 9 322 1500 1821 1529 1348 378 54 96 
124 9 322 1500 1821 1530 1348 378 54 96 
124 9 322 1500 1821 1531 1348 378 54 96 
124 9 322 1500 1821 1532 1348 378 54 96 
124 9 322 1500 1821 1533 1348 378 54 96 
124 9 322 1500 1821 1534 1348 378 54 96 
124 9 322 1500 1821 1535 1348 378 54 96 
124 9 322 1500 1821 1536 1348 378 54 96 
124 9 322 1500 1821 1537 1351 381 54 96 
124 9 322 1500 1821 1538 1351 381 54 96 
124 9 322 1500 1821 1539 1351 381 54 96 
124 9 322 1500 1821 1540 1351 381 54 96 
124 9 322 1500 1821 1541 1351 381 54 96 
124 9 322 1500 1821 1542 1351 381 54 96 
124 9 322 1500 1821 1543 1351 381 54 96 
124 9 322 1500 1821 1544 1351 381 54 96 
124 9 322 1500 1821 1545 1355 381 52 96 
124 9 322 1500 1821 1546 1355 381 52 96 
124 9 322 1500 1821 1547 1355 381 52 96 
124 9 322 1500 1821 1548 1355 381 52 96 
124 9 322 1500 1821 1549 1355 384 52 96 
124 9 322 1500 1821 1550 1355 384 52 96 
124 9 322 1500 1821 1551 1355 384 52 96 
124 9 322 1500 1821 1552 1355 384 52 96 
124 9 322 1500 1821 1553 1356 384 54 96 
124 9 322 1500 1821 1554 1356 384 54 96 
124 9 322 1500 1821 1555 1356 384 54 96 
124 9 322 1500 1821 1556 1356 384 54 96 
124 9 322 1500 1821 1557 1356 384 54 96 
124 9 322 1500 1821 1558 1356 384 54 96 
124 9 322 1500 1821 1559 1356 384 54 96 
124 9 322 1500 1821 1560 1359 384 54 96 
124 9 322 1500 1821 1561 1359 386 54 96 
124 9 322 1500 1821 1562 1359 386 54 96 
124 9 322 1500 1821 1563 1359 386 54 96 
124 9 322 1500 1821 1564 1359 386 54 96 
124 9 322 1500 1821 1565 1359 386 54 96 
124 9 322 1500 1821 1566 1359 386 54 96 
124 9 322 1500 1821 1567 1359 386 54 96 
124 9 322 1500 1821 1568 1363 386 52 96 
124 9 322 1500 1821 1569 1363 386 52 96 
124 9 322 1500 1821 1570 1363 386 52 96 
124 9 322 1500 1821 1571 1363 386 52 96 
124 9 322 1500 1821 1572 1363 386 52 96 
124 9 322 1500 1821 1573 1363 389 52 96 
124 9 322 1500 1821 1574 1363 389 52 96 
124 9 322 1500 1821 1575 1364 389 54 96 
124 9 322 1500 1821 1576 1364 389 54 96 
124 9 322 1500 1821 1577 1364 389 54 96 
124 9 322 1500 1821 1578 1364 389 54 96 
124 9 322 1500 1821 1579 1364 389 54 96 
124 9 322 1500 1821 1580 1364 389 54 96 
124 9 322 1500 1821 1581 1364 389 54 96 
124 9 322 1500 1821 1582 1364 389 54 96 
124 9 322 1500 1821 1583 1367 389 54 96 
124 9 322 1500 1821 1584 1367 389 54 96 
124 9 322 1500 1821 1585 1367 392 54 96 
124 9 322 1500 1821 1586 1367 392 54 96 
124 9 322 1500 1821 1587 1367 392 54 96 
124 9 322 1500 1821 1588 1367 392 54 96 
124 9 322 1500 1821 1589 1367 392 54 96 
124 9 322 1500 1821 1590 1371 392 52 96 
124 9 322 1500 1821 1591 1371 392 52 96 
124 9 322 1500 1821 1592 1371 392 52 96 
124 9 322 1500 1821 1593 1371 392 52 96 
124 9 322 1500 1821 1594 1371 392 52 96 
124 9 322 1500 1821 1595 1371 392 52 96 
124 9 322 1500 1821 1596 1371 392 52 96 
124 9 322 1500 1821 1597 1371 394 52 96 
124 9 322 1500 1821 1598 1372 394 54 96 
124 9 322 1500 1821 1599 1372 394 54 96 
124 9 322 1500 1821 1600 1372 394 54 96 
124 9 322 1500 1821 1601 1372 394 54 96 
124 9 322 1500 1821 1602 1372 394 54 96 
124 9 322 1500 1821 1603 1372 394 54 96 
124 9 322 1500 1821 1604 1372 394 54 96 
124 9 322 1500 1821 1605 1375 394 54 96 
124 9 322 1500 1821 1606 1375 394 54 96 
124 9 322 1500 1821 1607 1375 394 54 96 
124 9 322 1500 1821 1608 1375 394 54 96 
124 9 322 1500 1821 1609 1375 397 54 96 
124 9 322 1500 1821 1610 1375 397 54 96 
124 9 322 1500 1821 1611 1375 397 54 96 
124 9 322 1500 1821 1612 1375 397 54 96 
124 9 322 1500 1821 1613 1379 397 52 96 
124 9 322 1500 1821 1614 1379 397 52 96 
124 9 322 1500 1821 1615 1379 397 52 96 
124 9 322 1500 1821 1616 1379 397 52 96 
124 9 322 1500 1821 1617 1379 397 52 96 
124 9 322 1500 1821 1618 1379 397 52 96 
124 9 322 1500 1821 1619 1379 397 52 96 
124 9 322 1500 1821 1620 1380 400 54 96 
124 9 322 1500 1821 1621 1380 400 54 96 
124 9 322 1500 1821 1622 1380 400 54 96 
124 9 322 1500 1821 1623 1380 400 54 96 
124 9 322 1500 1821 1624 1380 400 54 96 
124 9 322 1500 1821 1625 1380 400 54 96 
124 9 322 1500 1821 1626 1380 400 54 96 
124 9 322 1500 1821 1627 1380 400 54 96 
124 9 322 1500 1821 1628 1380 400 54 96 
124 9 322 1500 1821 1629 1380 400 54 96 
124 9 322 1500 1821 1630 1380 400 54 96 
124 9 322 1500 1821 1631 1380 400 54 96 
124 9 322 1500 1821 1632 1380 402 54 96 
124 9 322 1500 1821 1633 1380 402 54 96 
124 9 322 1500 1821 1634 1380 402 54 96 
124 9 322 1500 1821 1635 1380 402 54 96 
124 9 322 1500 1821 1636 1383 402 54 96 
124 9 322 1500 1821 1637 1383 402 54 96 
124 9 322 1500 1821 1638 1383 402 54 96 
124 9 322 1500 1821 1639 1383 402 54 96 
124 9 322 1500 1821 1640 1383 402 54 96 
124 9 322 1500 1821 1641 1383 402 54 96 
124 9 322 1500 1821 1642 1383 402 54 96 
124 9 322 1500 1821 1643 1383 402 54 96 
124 9 322 1500 1821 1644 1383 405 54 96 
124 9 322 1500 1821 1645 1383 405 54 96 
124 9 322 1500 1821 1646 1383 405 54 96 
124 9 322 1500 1821 1647 1383 405 54 96 
124 9 322 1500 1821 1648 1383 405 54 96 
124 9 322 1500 1821 1649 1383 405 54 96 
124 9 322 1500 1821 1650 1383 405 54 96 
124 9 322 1500 1821 1651 1383 405 54 96 
124 9 322 1500 1821 1652 1387 405 52 96 
124 9 322 1500 1821 1653 1387 405 52 96 
124 9 322 1500 1821 1654 1387 405 52 96 
124 9 322 1500 1821 1655 1387 405 52 96 
124 9 322 1500 1821 1656 1387 408 52 96 
124 9 322 1500 1821 1657 1387 408 52 96 
124 9 322 1500 1821 1658 1387 408 52 96 
124 9 322 1500 1821 1659 1387 408 52 96 
124 9 322 1500 1821 1660 1387 408 52 96 
124 9 322 1500 1821 1661 1387 408 52 96 
124 9 322 1500 1821 1662 1387 408 52 96 
124 9 322 1500 1821 1663 1387 408 52 96 
124 9 322 1500 1821 1664 1387 408 52 96 
124 9 322 1500 1821 1665 1387 408 52 96 
124 9 322 1500 1821 1666 1387 408 52 96 
124 9 322 1500 1821 1667 1387 408 52 96 
124 9 322 1500 1821 1668 1388 410 54 96 
124 9 322 1500 1821 1669 1388 410 54 96 
124 9 322 1500 1821 1670 1388 410 54 96 
124 9 322 1500 1821 1671 1388 410 54 96 
124 9 322 1500 1821 1672 1388 410 54 96 
124 9 322 1500 1821 1673 1388 410 54 96 
124 9 322 1500 1821 1674 1388 413 54 96 
124 9 322 1500 1821 1675 1388 413 54 96 
124 9 322 1500 1821 1676 1388 413 54 96 
124 9 322 1500 1821 1677 1391 413 54 96 
124 9 322 1500 1821 1678 1391 413 54 96 
124 9 322 1500 1821 1679 1391 413 54 96 
124 9 322 1500 1821 1680 1391 416 54 96 
124 9 322 1500 1821 1681 1391 416 54 96 
124 9 322 1500 1821 1682 1391 416 54 96 
124 9 322 1500 1821 1683 1391 416 54 96 
124 9 322 1500 1821 1684 1391 416 54 96 
124 9 322 1500 1821 1685 1395 416 52 96 
124 9 322 1500 1821 1686 1395 418 52 96 
124 9 322 1500 1821 1687 1395 418 52 96 
124 9 322 1500 1821 1688 1395 418 52 96 
124 9 322 1500 1821 1689 1395 418 52 96 
124 9 322 1500 1821 1690 1395 418 52 96 
124 9 322 1500 1821 1691 1395 418 52 96 
124 9 322 1500 1821 1692 1395 421 52 96 
124 9 322 1500 1821 1693 1395 421 52 96 
124 9 322 1500 1821 1694 1396 421 54 96 
124 9 322 1500 1821 1695 1396 421 54 96 
124 9 322 1500 1821 1696 1396 421 54 96 
124 9 322 1500 1821 1697 1396 421 54 96 
124 9 322 1500 1821 1698 1396 424 54 96 
124 9 322 1500 1821 1699 1396 424 54 96 
124 9 322 1500 1821 1700 1396 424 54 96 
124 9 322 1500 1821 1701 1396 424 54 96 
124 9 322 1500 1821 1702 1399 424 54 96 
124 9 322 1500 1821 1703 1399 424 54 96 
124 9 322 1500 1821 1704 1399 426 54 96 
124 9 322 1500 1821 1705 1399 426 54 96 
124 9 322 1500 1821 1706 1399 426 54 96 
124 9 322 1500 1821 1707 1399 426 54 96 
124 9 322 1500 1821 1708 1399 426 54 96 
124 9 322 1500 1821 1709 1399 426 54 96 
124 9 322 1500 1821 1710 1399 429 54 96 
124 9 322 1500 1821 1711 1403 429 52 96 
124 9 322 1500 1821 1712 1403 429 52 96 
124 9 322 1500 1821 1713 1403 429 52 96 
124 9 322 1500 1821 1714 1403 429 52 96 
124 9 322 1500 1821 1715 1403 429 52 96 
124 9 322 1500 1821 1716 1403 432 52 96 
124 9 322 1500 1821 1717 1403 432 52 96 
124 9 322 1500 1821 1718 1403 432 52 96 
124 9 322 1500 1821 1719 1404 432 54 96 
124 9 322 1500 1821 1720 1404 432 54 96 
124 9 322 1500 1821 1721 1404 432 54 96 
124 9 322 1500 1821 1722 1404 434 54 96 
124 9 322 1500 1821 1723 1404 434 54 96 
124 9 322 1500 1821 1724 1404 434 54 96 
124 9 322 1500 1821 1725 1404 434 54 96 
124 9 322 1500 1821 1726 1404 434 54 96 
124 9 322 1500 1821 1727 1407 437 54 96 
124 9 322 1500 1821 1728 1407 437 54 96 
124 9 322 1500 1821 1729 1407 437 54 96 
124 9 322 1500 1821 1730 1407 437 54 96 
124 9 322 1500 1821 1731 1407 437 54 96 
124 9 322 1500 1821 1732 1407 437 54 96 
124 9 322 1500 1821 1733 1407 437 54 96 
124 9 322 1500 1821 1734 1407 437 54 96 
124 9 322 1500 1821 1735 1411 437 52 96 
124 9 322 1500 1821 1736 1411 437 52 96 
124 9 322 1500 1821 1737 1411 437 52 96 
124 9 322 1500 1821 1738 1411 437 52 96 
124 9 322 1500 1821 1739 1411 437 52 96 
124 9 322 1500 1821 1740 1411 437 52 96 
124 9 322 1500 1821 1741 1411 437 52 96 
124 9 322 1500 1821 1742 1412 437 54 96 
124 9 322 1500 1821 1743 1412 437 54 96 
124 9 322 1500 1821 1744 1412 437 54 96 
124 9 322 1500 1821 1745 1412 437 54 96 
124 9 322 1500 1821 1746 1412 437 54 96 
124 9 322 1500 1821 1747 1412 437 54 96 
124 9 322 1500 1821 1748 1412 437 54 96 
124 9 322 1500 1821 1749 1412 437 54 96 
124 9 322 1500 1821 1750 1415 437 54 96 
124 9 322 1500 1821 1751 1415 437 54 96 
124 9 322 1500 1821 1752 1415 437 54 96 
124 9 322 1500 1821 1753 1415 437 54 96 
124 9 322 1500 1821 1754 1415 437 54 96 
124 9 322 1500 1821 1755 1415 437 54 96 
124 9 322 1500 1821 1756 1415 437 54 96 
124 9 322 1500 1821 1757 1419 437 52 96 
124 9 322 1500 1821 1758 1419 437 52 96 
124 9 322 1500 1821 1759 1419 437 52 96 
124 9 322 1500 1821 1760 1419 437 52 96 
124 9 322 1500 1821 1761 1419 437 52 96 
124 9 322 1500 1821 1762 1419 437 52 96 
124 9 322 1500 1821 1763 1419 437 52 96 
124 9 322 1500 1821 1764 1419 437 52 96 
124 9 322 1500 1821 1765 1419 437 52 96 
124 9 322 1500 1821 1766 1419 437 52 96 
124 9 322 1500 1821 1767 1420 437 54 96 
124 9 322 1500 1821 1768 1420 437 54 96 
124 9 322 1500 1821 1769 1420 440 54 96 
124 9 322 1500 1821 1770 1420 440 54 96 
124 9 322 1500 1821 1771 1420 440 54 96 
124 9 322 1500 1821 1772 1420 440 54 96 
124 9 322 1500 1821 1773 1420 440 54 96 
124 9 322 1500 1821 1774 1420 440 54 96 
124 9 322 1500 1821 1775 1420 440 54 96 
124 9 322 1500 1821 1776 1423 440 54 96 
124 9 322 1500 1821 1777 1423 440 54 96 
124 9 322 1500 1821 1778 1423 440 54 96 
124 9 322 1500 1821 1779 1423 440 54 96 
124 9 322 1500 1821 1780 1423 442 54 96 
124 9 322 1500 1821 1781 1423 442 54 96 
124 9 322 1500 1821 1782 1423 442 54 96 
124 9 322 1500 1821 1783 1423 442 54 96 
124 9 322 1500 1821 1784 1423 442 54 96 
124 9 322 1500 1821 1785 1423 442 54 96 
124 9 322 1500 1821 1786 1427 442 52 96 
124 9 322 1500 1821 1787 1427 442 52 96 
124 9 322 1500 1821 1788 1427 442 52 96 
124 9 322 1500 1821 1789 1427 442 52 96 
124 9 322 1500 1821 1790 1427 442 52 96 
124 9 322 1500 1821 1791 1427 442 52 96 
124 9 322 1500 1821 1792 1427 445 52 96 
124 9 322 1500 1821 1793 1427 445 52 96 
124 9 322 1500 1821 1794 1427 445 52 96 
124 9 322 1500 1821 1795 1428 445 54 96 
124 9 322 1500 1821 1796 1428 445 54 96 
124 9 322 1500 1821 1797 1428 445 54 96 
124 9 322 1500 1821 1798 1428 445 54 96 
124 9 322 1500 1821 1799 1428 445 54 96 
124 9 322 1500 1821 1800 1428 445 54 96 
124 9 322 1500 1821 1801 1428 445 54 96 
124 9 322 1500 1821 1802 1428 445 54 96 
124 9 322 1500 1821 1803 1428 448 54 96 
124 9 322 1500 1821 1804 1428 448 54 96 
124 9 322 1500 1821 1805 1431 448 54 96 
124 9 322 1500 1821 1806 1431 448 54 96 
124 9 322 1500 1821 1807 1431 448 54 96 
124 9 322 1500 1821 1808 1431 448 54 96 
124 9 322 1500 1821 1809 1431 448 54 96 
124 9 322 1500 1821 1810 1431 448 54 96 
124 9 322 1500 1821 1811 1431 448 54 96 
124 9 322 1500 1821 1812 1431 448 54 96 
124 9 322 1500 1821 1813 1431 448 54 96 
124 9 322 1500 1821 1814 1435 450 52 96 
124 9 322 1500 1821 1815 1435 450 52 96 
124 9 322 1500 1821 1816 1435 450 52 96 
124 9 322 1500 1821 1817 1435 450 52 96 
124 9 322 1500 1821 1818 1435 450 52 96 
124 9 322 1500 1821 1819 1435 450 52 96 
124 9 322 1500 1821 1820 1435 450 52 96 
124 9 322 1500 1821 1821 1435 450 52 96 
125 9 357 717 1073 717 790 987 58 91 
125 9 357 717 1073 718 793 987 58 91 
125 9 357 717 1073 719 798 987 58 91 
125 9 357 717 1073 720 801 987 58 91 
125 9 357 717 1073 721 803 987 60 91 
125 9 357 717 1073 722 809 987 58 91 
125 9 357 717 1073 723 811 987 60 91 
125 9 357 717 1073 724 817 987 58 91 
125 9 357 717 1073 725 819 987 60 91 
125 9 357 717 1073 726 822 987 58 91 
125 9 357 717 1073 727 827 987 60 91 
125 9 357 717 1073 728 830 987 58 91 
125 9 357 717 1073 729 833 987 58 91 
125 9 357 717 1073 730 838 987 58 91 
125 9 357 717 1073 731 841 987 58 91 
125 9 357 717 1073 732 843 987 60 91 
125 9 357 717 1073 733 849 987 58 91 
125 9 357 717 1073 734 851 987 60 91 
125 9 357 717 1073 735 854 987 58 91 
125 9 357 717 1073 736 859 987 60 91 
125 9 357 717 1073 737 862 987 58 91 
125 9 357 717 1073 738 867 987 60 91 
125 9 357 717 1073 739 870 987 58 91 
125 9 357 717 1073 740 873 987 58 91 
125 9 357 717 1073 741 878 987 58 91 
125 9 357 717 1073 742 881 987 58 91 
125 9 357 717 1073 743 883 987 60 91 
125 9 357 717 1073 744 889 987 58 91 
125 9 357 717 1073 745 891 987 60 91 
125 9 357 717 1073 746 894 987 58 91 
125 9 357 717 1073 747 899 987 60 91 
125 9 357 717 1073 748 902 987 58 91 
125 9 357 717 1073 749 907 987 60 92 
125 9 357 717 1073 750 910 983 58 95 
125 9 357 717 1073 751 913 983 58 95 
125 9 357 717 1073 752 915 983 60 95 
125 9 357 717 1073 753 918 983 58 95 
125 9 357 717 1073 754 921 983 58 95 
125 9 357 717 1073 755 922 983 64 95 
125 9 357 717 1073 756 925 983 64 95 
125 9 357 717 1073 757 931 983 60 95 
125 9 357 717 1073 758 934 983 58 95 
125 9 357 717 1073 759 937 983 58 95 
125 9 357 717 1073 760 938 983 64 95 
125 9 357 717 1073 761 941 980 64 98 
125 9 357 717 1073 762 944 980 64 98 
125 9 357 717 1073 763 946 980 64 98 
125 9 357 717 1073 764 953 980 58 98 
125 9 357 717 1073 765 955 980 60 98 
125 9 357 717 1073 766 957 980 64 98 
125 9 357 717 1073 767 960 980 64 98 
125 9 357 717 1073 768 962 980 64 98 
125 9 357 717 1073 769 965 980 64 98 
125 9 357 717 1073 770 968 980 64 98 
125 9 357 717 1073 771 973 980 64 98 
125 9 357 717 1073 772 976 977 64 102 
125 9 357 717 1073 773 978 977 64 102 
125 9 357 717 1073 774 981 977 64 102 
125 9 357 717 1073 775 984 977 64 102 
125 9 357 717 1073 776 986 977 64 102 
125 9 357 717 1073 777 987 977 70 102 
125 9 357 717 1073 778 991 977 68 102 
125 9 357 717 1073 779 997 977 64 102 
125 9 357 717 1073 780 1000 977 64 102 
125 9 357 717 1073 781 1002 977 64 102 
125 9 357 717 1073 782 1003 977 70 102 
125 9 357 717 1073 783 1007 973 68 105 
125 9 357 717 1073 784 1008 973 70 105 
125 9 357 717 1073 785 1011 973 70 105 
125 9 357 717 1073 786 1018 973 64 105 
125 9 357 717 1073 787 1021 973 64 105 
125 9 357 717 1073 788 1023 973 68 105 
125 9 357 717 1073 789 1024 973 70 105 
125 9 357 717 1073 790 1027 973 70 105 
125 9 357 717 1073 791 1031 973 68 105 
125 9 357 717 1073 792 1032 973 70 105 
125 9 357 717 1073 793 1039 973 68 105 
125 9 357 717 1073 794 1040 970 70 108 
125 9 357 717 1073 795 1043 970 70 108 
125 9 357 717 1073 796 1047 970 68 108 
125 9 357 717 1073 797 1048 970 70 108 
125 9 357 717 1073 798 1051 970 70 108 
125 9 357 717 1073 799 1055 970 68 108 
125 9 357 717 1073 800 1055 970 76 108 
125 9 357 717 1073 801 1058 967 74 112 
125 9 357 717 1073 802 1061 967 74 112 
125 9 357 717 1073 803 1063 967 76 112 
125 9 357 717 1073 804 1066 967 74 112 
125 9 357 717 1073 805 1069 967 74 112 
125 9 357 717 1073 806 1070 967 80 112 
125 9 357 717 1073 807 1073 967 80 112 
125 9 357 717 1073 808 1076 967 80 112 
125 9 357 717 1073 809 1078 963 80 115 
125 9 357 717 1073 810 1081 963 80 115 
125 9 357 717 1073 811 1084 963 80 115 
125 9 357 717 1073 812 1086 963 80 115 
125 9 357 717 1073 813 1092 963 80 115 
125 9 357 717 1073 814 1094 963 80 115 
125 9 357 717 1073 815 1097 963 80 115 
125 9 357 717 1073 816 1100 963 80 115 
125 9 357 717 1073 817 1102 960 80 118 
125 9 357 717 1073 818 1105 960 80 118 
125 9 357 717 1073 819 1107 960 84 118 
125 9 357 717 1073 820 1108 960 86 118 
125 9 357 717 1073 821 1111 960 86 118 
125 9 357 717 1073 822 1115 960 84 118 
125 9 357 717 1073 823 1116 960 86 118 
125 9 357 717 1073 824 1119 960 86 118 
125 9 357 717 1073 825 1123 957 84 122 
125 9 357 717 1073 826 1123 957 92 122 
125 9 357 717 1073 827 1126 957 90 122 
125 9 357 717 1073 828 1129 957 90 122 
125 9 357 717 1073 829 1131 957 92 122 
125 9 357 717 1073 830 1134 957 90 122 
125 9 357 717 1073 831 1137 957 90 122 
125 9 357 717 1073 832 1142 957 90 122 
125 9 357 717 1073 833 1145 957 90 122 
125 9 357 717 1073 834 1147 957 92 122 
125 9 357 717 1073 835 1150 957 90 122 
125 9 357 717 1073 836 1155 957 92 122 
125 9 357 717 1073 837 1158 957 90 122 
125 9 357 717 1073 838 1161 957 90 122 
125 9 357 717 1073 839 1163 957 92 122 
125 9 357 717 1073 840 1169 957 90 122 
125 9 357 717 1073 841 1171 953 92 125 
125 9 357 717 1073 842 1174 953 90 125 
125 9 357 717 1073 843 1177 953 90 125 
125 9 357 717 1073 844 1179 953 92 125 
125 9 357 717 1073 845 1182 953 90 125 
125 9 357 717 1073 846 1187 953 92 125 
125 9 357 717 1073 847 1190 953 90 125 
125 9 357 717 1073 848 1193 953 90 125 
125 9 357 717 1073 849 1195 953 92 125 
125 9 357 717 1073 850 1198 953 90 125 
125 9 357 717 1073 851 1203 953 92 125 
125 9 357 717 1073 852 1206 953 90 125 
125 9 357 717 1073 853 1209 953 90 125 
125 9 357 717 1073 854 1211 953 92 125 
125 9 357 717 1073 855 1214 953 90 125 
125 9 357 717 1073 856 1219 953 92 125 
125 9 357 717 1073 857 1222 953 90 125 
125 9 357 717 1073 858 1225 953 90 125 
125 9 357 717 1073 859 1227 950 92 128 
125 9 357 717 1073 860 1230 950 90 128 
125 9 357 717 1073 861 1233 950 90 128 
125 9 357 717 1073 862 1238 950 90 128 
125 9 357 717 1073 863 1241 950 90 128 
125 9 357 717 1073 864 1243 950 92 128 
125 9 357 717 1073 865 1246 950 90 128 
125 9 357 717 1073 866 1249 950 90 128 
125 9 357 717 1073 867 1254 950 90 128 
125 9 357 717 1073 868 1257 950 90 128 
125 9 357 717 1073 869 1259 950 92 128 
125 9 357 717 1073 870 1262 950 90 128 
125 9 357 717 1073 871 1265 950 90 128 
125 9 357 717 1073 872 1270 950 90 128 
125 9 357 717 1073 873 1273 950 90 128 
125 9 357 717 1073 874 1275 950 92 128 
125 9 357 717 1073 875 1278 950 90 128 
125 9 357 717 1073 876 1281 950 90 128 
125 9 357 717 1073 877 1286 950 90 128 
125 9 357 717 1073 878 1286 950 90 128 
125 9 357 717 1073 879 1285 950 96 128 
125 9 357 717 1073 880 1283 950 102 128 
125 9 357 717 1073 881 1282 950 106 128 
125 9 357 717 1073 882 1281 953 112 125 
125 9 357 717 1073 883 1284 953 112 125 
125 9 357 717 1073 884 1286 953 112 125 
125 9 357 717 1073 885 1292 953 112 125 
125 9 357 717 1073 886 1294 953 112 125 
125 9 357 717 1073 887 1297 953 112 125 
125 9 357 717 1073 888 1302 953 112 125 
125 9 357 717 1073 889 1305 950 112 128 
125 9 357 717 1073 890 1308 950 112 128 
125 9 357 717 1073 891 1310 950 112 128 
125 9 357 717 1073 892 1313 950 112 128 
125 9 357 717 1073 893 1316 950 112 128 
125 9 357 717 1073 894 1318 947 112 132 
125 9 357 717 1073 895 1321 947 112 132 
125 9 357 717 1073 896 1324 947 112 132 
125 9 357 717 1073 897 1326 947 112 132 
125 9 357 717 1073 898 1332 947 112 132 
125 9 357 717 1073 899 1334 944 112 135 
125 9 357 717 1073 900 1337 944 112 135 
125 9 357 717 1073 901 1340 942 112 137 
125 9 357 717 1073 902 1342 942 112 137 
125 9 357 717 1073 903 1345 942 112 137 
125 9 357 717 1073 904 1351 942 108 137 
125 9 357 717 1073 905 1354 942 106 137 
125 9 357 717 1073 906 1357 942 106 137 
125 9 357 717 1073 907 1359 942 108 137 
125 9 357 717 1073 908 1367 942 100 137 
125 9 357 717 1073 909 1368 942 102 137 
125 9 357 717 1073 910 1371 939 102 140 
125 9 357 717 1073 911 1378 939 96 140 
125 9 357 717 1073 912 1381 939 96 140 
125 9 357 717 1073 913 1384 939 96 140 
125 9 357 717 1073 914 1386 939 96 140 
125 9 357 717 1073 915 1392 939 96 140 
125 9 357 717 1073 916 1394 939 96 140 
125 9 357 717 1073 917 1397 939 96 140 
125 9 357 717 1073 918 1400 939 96 140 
125 9 357 717 1073 919 1406 939 90 140 
125 9 357 717 1073 920 1409 936 90 143 
125 9 357 717 1073 921 1411 936 92 143 
125 9 357 717 1073 922 1419 936 84 143 
125 9 357 717 1073 923 1420 936 86 143 
125 9 357 717 1073 924 1423 936 86 143 
125 9 357 717 1073 925 1427 936 84 143 
125 9 357 717 1073 926 1433 936 80 143 
125 9 357 717 1073 927 1436 936 80 143 
125 9 357 717 1073 928 1438 936 80 143 
125 9 357 717 1073 929 1444 936 80 143 
125 9 357 717 1073 930 1446 934 80 145 
125 9 357 717 1073 931 1449 934 80 145 
125 9 357 717 1073 932 1452 934 80 145 
125 9 357 717 1073 933 1454 934 80 145 
125 9 357 717 1073 934 1457 934 80 145 
125 9 357 717 1073 935 1460 934 80 145 
125 9 357 717 1073 936 1465 934 80 145 
125 9 357 717 1073 937 1468 934 80 145 
125 9 357 717 1073 938 1470 934 80 145 
125 9 357 717 1073 939 1473 934 80 145 
125 9 357 717 1073 940 1476 934 80 145 
125 9 357 717 1073 941 1478 934 80 145 
125 9 357 717 1073 942 1481 934 80 145 
125 9 357 717 1073 943 1486 934 80 145 
125 9 357 717 1073 944 1489 934 80 145 
125 9 357 717 1073 945 1492 934 80 145 
125 9 357 717 1073 946 1494 934 80 145 
125 9 357 717 1073 947 1497 931 80 148 
125 9 357 717 1073 948 1500 931 80 148 
125 9 357 717 1073 949 1502 931 80 148 
125 9 357 717 1073 950 1508 931 80 148 
125 9 357 717 1073 951 1510 931 80 148 
125 9 357 717 1073 952 1513 931 80 148 
125 9 357 717 1073 953 1516 931 80 148 
125 9 357 717 1073 954 1518 931 80 148 
125 9 357 717 1073 955 1521 931 80 148 
125 9 357 717 1073 956 1524 931 80 148 
125 9 357 717 1073 957 1529 931 80 148 
125 9 357 717 1073 958 1532 931 80 148 
125 9 357 717 1073 959 1534 931 80 148 
125 9 357 717 1073 960 1537 931 80 148 
125 9 357 717 1073 961 1540 931 80 148 
125 9 357 717 1073 962 1542 931 80 148 
125 9 357 717 1073 963 1545 931 80 148 
125 9 357 717 1073 964 1550 931 80 148 
125 9 357 717 1073 965 1553 927 80 151 
125 9 357 717 1073 966 1556 927 80 151 
125 9 357 717 1073 967 1558 927 80 151 
125 9 357 717 1073 968 1564 927 80 151 
125 9 357 717 1073 969 1566 927 80 151 
125 9 357 717 1073 970 1569 927 80 151 
125 9 357 717 1073 971 1574 924 80 154 
125 9 357 717 1073 972 1577 924 80 154 
125 9 357 717 1073 973 1580 924 80 154 
125 9 357 717 1073 974 1585 924 80 154 
125 9 357 717 1073 975 1588 924 80 154 
125 9 357 717 1073 976 1590 924 80 155 
125 9 357 717 1073 977 1596 924 80 155 
125 9 357 717 1073 978 1598 920 80 158 
125 9 357 717 1073 979 1601 920 80 158 
125 9 357 717 1073 980 1606 920 80 158 
125 9 357 717 1073 981 1609 920 80 158 
125 9 357 717 1073 982 1612 920 80 158 
125 9 357 717 1073 983 1617 920 80 158 
125 9 357 717 1073 984 1620 920 80 158 
125 9 357 717 1073 985 1622 916 80 162 
125 9 357 717 1073 986 1628 916 80 162 
125 9 357 717 1073 987 1630 916 80 163 
125 9 357 717 1073 988 1633 916 80 163 
125 9 357 717 1073 989 1638 916 80 163 
125 9 357 717 1073 990 1641 916 80 163 
125 9 357 717 1073 991 1644 916 80 163 
125 9 357 717 1073 992 1649 913 80 165 
125 9 357 717 1073 993 1652 913 80 165 
125 9 357 717 1073 994 1654 913 80 165 
125 9 357 717 1073 995 1660 913 80 165 
125 9 357 717 1073 996 1662 913 80 165 
125 9 357 717 1073 997 1665 913 80 165 
125 9 357 717 1073 998 1670 912 80 166 
125 9 357 717 1073 999 1673 909 80 169 
125 9 357 717 1073 1000 1676 909 80 169 
125 9 357 717 1073 1001 1678 909 80 169 
125 9 357 717 1073 1002 1681 909 80 169 
125 9 357 717 1073 1003 1684 909 80 169 
125 9 357 717 1073 1004 1689 909 80 169 
125 9 357 717 1073 1005 1692 909 80 169 
125 9 357 717 1073 1006 1694 909 80 169 
125 9 357 717 1073 1007 1697 909 80 169 
125 9 357 717 1073 1008 1700 909 80 169 
125 9 357 717 1073 1009 1705 909 80 169 
125 9 357 717 1073 1010 1708 909 80 169 
125 9 357 717 1073 1011 1710 909 80 169 
125 9 357 717 1073 1012 1713 909 80 169 
125 9 357 717 1073 1013 1716 909 80 169 
125 9 357 717 1073 1014 1721 909 80 169 
125 9 357 717 1073 1015 1724 906 80 172 
125 9 357 717 1073 1016 1726 906 80 172 
125 9 357 717 1073 1017 1729 906 80 172 
125 9 357 717 1073 1018 1732 906 80 172 
125 9 357 717 1073 1019 1734 907 80 171 
125 9 357 717 1073 1020 1737 904 80 174 
125 9 357 717 1073 1021 1740 904 80 174 
125 9 357 717 1073 1022 1742 904 80 174 
125 9 357 717 1073 1023 1748 905 80 173 
125 9 357 717 1073 1024 1750 905 80 173 
125 9 357 717 1073 1025 1753 901 80 177 
125 9 357 717 1073 1026 1756 901 80 177 
125 9 357 717 1073 1027 1758 902 80 176 
125 9 357 717 1073 1028 1761 902 80 176 
125 9 357 717 1073 1029 1764 902 80 176 
125 9 357 717 1073 1030 1766 898 80 180 
125 9 357 717 1073 1031 1772 899 80 179 
125 9 357 717 1073 1032 1774 899 80 179 
125 9 357 717 1073 1033 1777 899 80 179 
125 9 357 717 1073 1034 1780 899 80 179 
125 9 357 717 1073 1035 1782 897 80 181 
125 9 357 717 1073 1036 1785 897 80 181 
125 9 357 717 1073 1037 1788 897 80 181 
125 9 357 717 1073 1038 1790 897 80 181 
125 9 357 717 1073 1039 1796 897 80 181 
125 9 357 717 1073 1040 1798 897 80 181 
125 9 357 717 1073 1041 1801 897 80 181 
125 9 357 717 1073 1042 1804 897 80 181 
125 9 357 717 1073 1043 1806 897 80 181 
125 9 357 717 1073 1044 1809 897 80 181 
125 9 357 717 1073 1045 1812 899 80 179 
125 9 357 717 1073 1046 1814 899 80 179 
125 9 357 717 1073 1047 1817 899 80 179 
125 9 357 717 1073 1048 1820 899 80 179 
125 9 357 717 1073 1049 1822 899 80 179 
125 9 357 717 1073 1050 1825 902 80 176 
125 9 357 717 1073 1051 1828 902 80 176 
125 9 357 717 1073 1052 1830 902 80 176 
125 9 357 717 1073 1053 1833 902 80 176 
125 9 357 717 1073 1054 1836 902 80 176 
125 9 357 717 1073 1055 1841 905 78 173 
125 9 357 717 1073 1056 1841 902 78 176 
125 9 357 717 1073 1057 1844 902 75 176 
125 9 357 717 1073 1058 1846 902 73 176 
125 9 357 717 1073 1059 1849 899 70 179 
125 9 357 717 1073 1060 1852 899 67 179 
125 9 357 717 1073 1061 1854 899 65 179 
125 9 357 717 1073 1062 1857 899 62 179 
125 9 357 717 1073 1063 1857 899 62 179 
125 9 357 717 1073 1064 1861 902 57 176 
125 9 357 717 1073 1065 1864 902 54 176 
125 9 357 717 1073 1066 1869 905 50 173 
125 9 357 717 1073 1067 1873 905 45 173 
125 9 357 717 1073 1068 1876 907 42 171 
125 9 357 717 1073 1069 1881 907 38 171 
125 9 357 717 1073 1070 1885 910 33 168 
125 9 357 717 1073 1071 1888 913 30 165 
125 9 357 717 1073 1072 1888 913 30 165 
125 9 357 717 1073 1073 1888 913 30 165 
126 9 206 1802 2007 1802 1424 461 70 91 
126 9 206 1802 2007 1803 1424 461 70 91 
126 9 206 1802 2007 1804 1424 461 70 91 
126 9 206 1802 2007 1805 1424 461 70 91 
126 9 206 1802 2007 1806 1424 461 70 91 
126 9 206 1802 2007 1807 1424 461 70 91 
126 9 206 1802 2007 1808 1424 461 70 91 
126 9 206 1802 2007 1809 1424 461 70 91 
126 9 206 1802 2007 1810 1423 461 76 91 
126 9 206 1802 2007 1811 1423 461 76 91 
126 9 206 1802 2007 1812 1427 461 70 91 
126 9 206 1802 2007 1813 1427 461 70 91 
126 9 206 1802 2007 1814 1427 461 70 91 
126 9 206 1802 2007 1815 1427 461 70 91 
126 9 206 1802 2007 1816 1427 461 70 91 
126 9 206 1802 2007 1817 1426 464 74 91 
126 9 206 1802 2007 1818 1426 464 74 91 
126 9 206 1802 2007 1819 1426 464 74 91 
126 9 206 1802 2007 1820 1426 464 74 91 
126 9 206 1802 2007 1821 1426 464 74 91 
126 9 206 1802 2007 1822 1431 464 68 91 
126 9 206 1802 2007 1823 1431 464 68 91 
126 9 206 1802 2007 1824 1431 464 68 91 
126 9 206 1802 2007 1825 1429 464 74 91 
126 9 206 1802 2007 1826 1429 464 74 91 
126 9 206 1802 2007 1827 1429 464 74 91 
126 9 206 1802 2007 1828 1429 464 74 91 
126 9 206 1802 2007 1829 1429 464 74 91 
126 9 206 1802 2007 1830 1429 464 74 91 
126 9 206 1802 2007 1831 1429 464 74 91 
126 9 206 1802 2007 1832 1431 466 76 93 
126 9 206 1802 2007 1833 1431 466 76 93 
126 9 206 1802 2007 1834 1431 466 76 93 
126 9 206 1802 2007 1835 1431 466 76 93 
126 9 206 1802 2007 1836 1431 466 76 93 
126 9 206 1802 2007 1837 1431 466 76 93 
126 9 206 1802 2007 1838 1431 466 76 93 
126 9 206 1802 2007 1839 1431 466 76 93 
126 9 206 1802 2007 1840 1431 466 76 93 
126 9 206 1802 2007 1841 1434 466 74 93 
126 9 206 1802 2007 1842 1434 466 74 93 
126 9 206 1802 2007 1843 1434 466 74 93 
126 9 206 1802 2007 1844 1434 469 74 91 
126 9 206 1802 2007 1845 1434 469 74 91 
126 9 206 1802 2007 1846 1434 469 74 91 
126 9 206 1802 2007 1847 1434 469 74 91 
126 9 206 1802 2007 1848 1434 469 74 91 
126 9 206 1802 2007 1849 1434 469 74 91 
126 9 206 1802 2007 1850 1437 469 74 91 
126 9 206 1802 2007 1851 1437 469 74 91 
126 9 206 1802 2007 1852 1437 469 74 91 
126 9 206 1802 2007 1853 1437 469 74 91 
126 9 206 1802 2007 1854 1437 469 74 91 
126 9 206 1802 2007 1855 1437 469 74 91 
126 9 206 1802 2007 1856 1437 472 74 91 
126 9 206 1802 2007 1857 1437 472 74 91 
126 9 206 1802 2007 1858 1437 472 74 91 
126 9 206 1802 2007 1859 1439 472 76 91 
126 9 206 1802 2007 1860 1439 472 76 91 
126 9 206 1802 2007 1861 1439 472 76 91 
126 9 206 1802 2007 1862 1439 472 76 91 
126 9 206 1802 2007 1863 1439 472 76 91 
126 9 206 1802 2007 1864 1439 472 76 91 
126 9 206 1802 2007 1865 1439 472 76 91 
126 9 206 1802 2007 1866 1439 472 76 91 
126 9 206 1802 2007 1867 1439 472 76 91 
126 9 206 1802 2007 1868 1442 474 74 93 
126 9 206 1802 2007 1869 1442 474 74 93 
126 9 206 1802 2007 1870 1442 474 74 93 
126 9 206 1802 2007 1871 1442 474 74 93 
126 9 206 1802 2007 1872 1442 474 74 93 
126 9 206 1802 2007 1873 1442 474 74 93 
126 9 206 1802 2007 1874 1445 474 74 93 
126 9 206 1802 2007 1875 1445 474 74 93 
126 9 206 1802 2007 1876 1445 474 74 93 
126 9 206 1802 2007 1877 1445 477 74 91 
126 9 206 1802 2007 1878 1445 477 74 91 
126 9 206 1802 2007 1879 1445 477 74 91 
126 9 206 1802 2007 1880 1447 477 76 91 
126 9 206 1802 2007 1881 1447 477 76 91 
126 9 206 1802 2007 1882 1447 477 76 91 
126 9 206 1802 2007 1883 1447 477 76 91 
126 9 206 1802 2007 1884 1447 477 76 91 
126 9 206 1802 2007 1885 1447 480 76 91 
126 9 206 1802 2007 1886 1450 480 74 91 
126 9 206 1802 2007 1887 1450 480 74 91 
126 9 206 1802 2007 1888 1450 480 74 91 
126 9 206 1802 2007 1889 1450 480 74 91 
126 9 206 1802 2007 1890 1450 480 74 91 
126 9 206 1802 2007 1891 1450 480 74 91 
126 9 206 1802 2007 1892 1453 480 74 91 
126 9 206 1802 2007 1893 1453 482 74 93 
126 9 206 1802 2007 1894 1453 482 74 93 
126 9 206 1802 2007 1895 1453 482 74 93 
126 9 206 1802 2007 1896 1453 482 74 93 
126 9 206 1802 2007 1897 1455 482 76 93 
126 9 206 1802 2007 1898 1455 482 76 93 
126 9 206 1802 2007 1899 1455 482 76 93 
126 9 206 1802 2007 1900 1455 482 76 93 
126 9 206 1802 2007 1901 1455 485 76 91 
126 9 206 1802 2007 1902 1455 485 76 91 
126 9 206 1802 2007 1903 1458 485 74 91 
126 9 206 1802 2007 1904 1458 485 74 91 
126 9 206 1802 2007 1905 1458 485 74 91 
126 9 206 1802 2007 1906 1458 485 74 91 
126 9 206 1802 2007 1907 1458 485 74 91 
126 9 206 1802 2007 1908 1458 485 74 91 
126 9 206 1802 2007 1909 1461 488 74 91 
126 9 206 1802 2007 1910 1461 488 74 91 
126 9 206 1802 2007 1911 1461 488 74 91 
126 9 206 1802 2007 1912 1461 488 74 91 
126 9 206 1802 2007 1913 1461 488 74 91 
126 9 206 1802 2007 1914 1461 488 74 91 
126 9 206 1802 2007 1915 1463 488 76 91 
126 9 206 1802 2007 1916 1463 488 76 91 
126 9 206 1802 2007 1917 1463 488 76 91 
126 9 206 1802 2007 1918 1463 490 76 93 
126 9 206 1802 2007 1919 1463 490 76 93 
126 9 206 1802 2007 1920 1463 490 76 93 
126 9 206 1802 2007 1921 1466 490 74 93 
126 9 206 1802 2007 1922 1466 490 74 93 
126 9 206 1802 2007 1923 1466 490 74 93 
126 9 206 1802 2007 1924 1466 490 74 93 
126 9 206 1802 2007 1925 1466 490 74 93 
126 9 206 1802 2007 1926 1469 493 74 91 
126 9 206 1802 2007 1927 1469 493 74 91 
126 9 206 1802 2007 1928 1469 493 74 91 
126 9 206 1802 2007 1929 1469 493 74 91 
126 9 206 1802 2007 1930 1469 493 74 91 
126 9 206 1802 2007 1931 1469 493 74 91 
126 9 206 1802 2007 1932 1471 493 76 91 
126 9 206 1802 2007 1933 1471 493 76 91 
126 9 206 1802 2007 1934 1471 496 76 91 
126 9 206 1802 2007 1935 1471 496 76 91 
126 9 206 1802 2007 1936 1471 496 76 91 
126 9 206 1802 2007 1937 1471 496 76 91 
126 9 206 1802 2007 1938 1474 496 74 91 
126 9 206 1802 2007 1939 1474 496 74 91 
126 9 206 1802 2007 1940 1474 496 74 91 
126 9 206 1802 2007 1941 1474 496 74 91 
126 9 206 1802 2007 1942 1474 498 74 93 
126 9 206 1802 2007 1943 1474 498 74 93 
126 9 206 1802 2007 1944 1477 498 74 93 
126 9 206 1802 2007 1945 1477 498 74 93 
126 9 206 1802 2007 1946 1477 498 74 93 
126 9 206 1802 2007 1947 1477 498 74 93 
126 9 206 1802 2007 1948 1477 498 74 93 
126 9 206 1802 2007 1949 1477 498 74 93 
126 9 206 1802 2007 1950 1479 501 76 91 
126 9 206 1802 2007 1951 1479 501 76 91 
126 9 206 1802 2007 1952 1479 501 76 91 
126 9 206 1802 2007 1953 1479 501 76 91 
126 9 206 1802 2007 1954 1479 501 76 91 
126 9 206 1802 2007 1955 1482 501 74 91 
126 9 206 1802 2007 1956 1482 501 74 91 
126 9 206 1802 2007 1957 1482 501 74 91 
126 9 206 1802 2007 1958 1482 504 74 91 
126 9 206 1802 2007 1959 1482 504 74 91 
126 9 206 1802 2007 1960 1482 504 74 91 
126 9 206 1802 2007 1961 1485 504 74 91 
126 9 206 1802 2007 1962 1485 504 74 91 
126 9 206 1802 2007 1963 1485 504 74 91 
126 9 206 1802 2007 1964 1485 504 74 91 
126 9 206 1802 2007 1965 1485 504 74 91 
126 9 206 1802 2007 1966 1485 504 74 91 
126 9 206 1802 2007 1967 1487 506 76 93 
126 9 206 1802 2007 1968 1487 506 76 93 
126 9 206 1802 2007 1969 1487 506 76 93 
126 9 206 1802 2007 1970 1487 506 76 93 
126 9 206 1802 2007 1971 1487 506 76 93 
126 9 206 1802 2007 1972 1487 506 76 93 
126 9 206 1802 2007 1973 1490 506 74 93 
126 9 206 1802 2007 1974 1490 506 74 93 
126 9 206 1802 2007 1975 1490 509 74 91 
126 9 206 1802 2007 1976 1490 509 74 91 
126 9 206 1802 2007 1977 1490 509 74 91 
126 9 206 1802 2007 1978 1490 509 74 91 
126 9 206 1802 2007 1979 1493 509 74 91 
126 9 206 1802 2007 1980 1493 509 74 91 
126 9 206 1802 2007 1981 1493 509 74 91 
126 9 206 1802 2007 1982 1493 509 74 91 
126 9 206 1802 2007 1983 1493 512 74 91 
126 9 206 1802 2007 1984 1495 512 76 91 
126 9 206 1802 2007 1985 1495 512 76 91 
126 9 206 1802 2007 1986 1495 512 76 91 
126 9 206 1802 2007 1987 1495 512 76 91 
126 9 206 1802 2007 1988 1495 512 76 91 
126 9 206 1802 2007 1989 1495 512 76 91 
126 9 206 1802 2007 1990 1498 512 74 91 
126 9 206 1802 2007 1991 1498 514 74 93 
126 9 206 1802 2007 1992 1498 514 74 93 
126 9 206 1802 2007 1993 1498 514 74 93 
126 9 206 1802 2007 1994 1498 514 74 93 
126 9 206 1802 2007 1995 1498 514 74 93 
126 9 206 1802 2007 1996 1501 514 74 93 
126 9 206 1802 2007 1997 1501 514 74 93 
126 9 206 1802 2007 1998 1501 514 74 93 
126 9 206 1802 2007 1999 1501 517 74 91 
126 9 206 1802 2007 2000 1501 517 74 91 
126 9 206 1802 2007 2001 1501 517 74 91 
126 9 206 1802 2007 2002 1503 517 76 91 
126 9 206 1802 2007 2003 1503 517 76 91 
126 9 206 1802 2007 2004 1503 517 76 91 
126 9 206 1802 2007 2005 1503 517 76 91 
126 9 206 1802 2007 2006 1503 517 76 91 
126 9 206 1802 2007 2007 1506 520 74 91 
