0 6 540 637 1176 637 572 306 138 80 
0 6 540 637 1176 638 572 306 138 80 
0 6 540 637 1176 639 572 306 138 80 
0 6 540 637 1176 640 572 306 138 80 
0 6 540 637 1176 641 572 306 138 80 
0 6 540 637 1176 642 572 306 138 80 
0 6 540 637 1176 643 572 306 138 80 
0 6 540 637 1176 644 572 306 138 80 
0 6 540 637 1176 645 572 306 138 80 
0 6 540 637 1176 646 572 306 138 80 
0 6 540 637 1176 647 572 306 138 80 
0 6 540 637 1176 648 572 306 138 80 
0 6 540 637 1176 649 572 306 138 80 
0 6 540 637 1176 650 572 306 138 80 
0 6 540 637 1176 651 572 306 138 80 
0 6 540 637 1176 652 572 306 138 80 
0 6 540 637 1176 653 572 306 138 80 
0 6 540 637 1176 654 572 306 138 80 
0 6 540 637 1176 655 572 306 138 80 
0 6 540 637 1176 656 572 306 138 80 
0 6 540 637 1176 657 572 306 138 80 
0 6 540 637 1176 658 572 306 138 80 
0 6 540 637 1176 659 572 306 138 80 
0 6 540 637 1176 660 572 306 138 80 
0 6 540 637 1176 661 572 306 138 80 
0 6 540 637 1176 662 572 306 138 80 
0 6 540 637 1176 663 572 306 138 80 
0 6 540 637 1176 664 572 306 138 80 
0 6 540 637 1176 665 572 306 138 80 
0 6 540 637 1176 666 572 306 138 80 
0 6 540 637 1176 667 572 306 138 80 
0 6 540 637 1176 668 572 306 138 80 
0 6 540 637 1176 669 572 306 138 80 
0 6 540 637 1176 670 572 306 138 80 
0 6 540 637 1176 671 572 306 138 80 
0 6 540 637 1176 672 572 306 138 80 
0 6 540 637 1176 673 572 306 138 80 
0 6 540 637 1176 674 572 306 138 80 
0 6 540 637 1176 675 572 306 138 80 
0 6 540 637 1176 676 572 306 138 80 
0 6 540 637 1176 677 572 306 138 80 
0 6 540 637 1176 678 572 306 138 80 
0 6 540 637 1176 679 572 306 138 80 
0 6 540 637 1176 680 572 306 138 80 
0 6 540 637 1176 681 572 306 138 80 
0 6 540 637 1176 682 572 306 138 80 
0 6 540 637 1176 683 572 306 138 80 
0 6 540 637 1176 684 572 306 138 80 
0 6 540 637 1176 685 572 306 138 80 
0 6 540 637 1176 686 572 306 138 80 
0 6 540 637 1176 687 572 306 138 80 
0 6 540 637 1176 688 572 306 138 80 
0 6 540 637 1176 689 572 306 138 80 
0 6 540 637 1176 690 572 306 138 80 
0 6 540 637 1176 691 572 306 138 80 
0 6 540 637 1176 692 572 306 138 80 
0 6 540 637 1176 693 572 306 138 80 
0 6 540 637 1176 694 572 306 138 80 
0 6 540 637 1176 695 572 306 138 80 
0 6 540 637 1176 696 572 306 138 80 
0 6 540 637 1176 697 572 306 138 80 
0 6 540 637 1176 698 572 306 138 80 
0 6 540 637 1176 699 572 306 138 80 
0 6 540 637 1176 700 572 306 138 80 
0 6 540 637 1176 701 572 306 138 80 
0 6 540 637 1176 702 572 306 138 80 
0 6 540 637 1176 703 572 306 138 80 
0 6 540 637 1176 704 572 306 138 80 
0 6 540 637 1176 705 572 306 138 80 
0 6 540 637 1176 706 572 306 138 80 
0 6 540 637 1176 707 572 306 138 80 
0 6 540 637 1176 708 572 306 138 80 
0 6 540 637 1176 709 572 306 138 80 
0 6 540 637 1176 710 572 306 138 80 
0 6 540 637 1176 711 572 306 138 80 
0 6 540 637 1176 712 572 306 138 80 
0 6 540 637 1176 713 572 306 138 80 
0 6 540 637 1176 714 572 306 138 80 
0 6 540 637 1176 715 572 306 138 80 
0 6 540 637 1176 716 572 306 138 80 
0 6 540 637 1176 717 572 306 138 80 
0 6 540 637 1176 718 572 306 138 80 
0 6 540 637 1176 719 572 306 138 80 
0 6 540 637 1176 720 572 306 138 80 
0 6 540 637 1176 721 572 306 138 80 
0 6 540 637 1176 722 572 306 138 80 
0 6 540 637 1176 723 572 306 138 80 
0 6 540 637 1176 724 572 306 138 80 
0 6 540 637 1176 725 572 306 138 80 
0 6 540 637 1176 726 572 306 138 80 
0 6 540 637 1176 727 572 306 138 80 
0 6 540 637 1176 728 572 306 138 80 
0 6 540 637 1176 729 572 306 138 80 
0 6 540 637 1176 730 572 306 138 80 
0 6 540 637 1176 731 572 306 138 80 
0 6 540 637 1176 732 572 306 138 80 
0 6 540 637 1176 733 572 306 138 80 
0 6 540 637 1176 734 572 306 138 80 
0 6 540 637 1176 735 572 306 138 80 
0 6 540 637 1176 736 572 306 138 80 
0 6 540 637 1176 737 572 306 138 80 
0 6 540 637 1176 738 572 306 138 80 
0 6 540 637 1176 739 572 306 138 80 
0 6 540 637 1176 740 572 306 138 80 
0 6 540 637 1176 741 572 306 138 80 
0 6 540 637 1176 742 572 306 138 80 
0 6 540 637 1176 743 572 306 138 80 
0 6 540 637 1176 744 572 306 138 80 
0 6 540 637 1176 745 572 306 138 80 
0 6 540 637 1176 746 572 306 138 80 
0 6 540 637 1176 747 572 306 138 80 
0 6 540 637 1176 748 572 306 138 80 
0 6 540 637 1176 749 572 306 138 80 
0 6 540 637 1176 750 572 306 138 80 
0 6 540 637 1176 751 572 306 138 80 
0 6 540 637 1176 752 572 306 138 80 
0 6 540 637 1176 753 572 306 138 80 
0 6 540 637 1176 754 572 306 138 80 
0 6 540 637 1176 755 572 306 138 80 
0 6 540 637 1176 756 572 306 138 80 
0 6 540 637 1176 757 572 306 138 80 
0 6 540 637 1176 758 572 306 138 80 
0 6 540 637 1176 759 572 306 138 80 
0 6 540 637 1176 760 572 306 138 80 
0 6 540 637 1176 761 572 306 138 80 
0 6 540 637 1176 762 572 306 138 80 
0 6 540 637 1176 763 572 306 138 80 
0 6 540 637 1176 764 572 306 138 80 
0 6 540 637 1176 765 572 306 138 80 
0 6 540 637 1176 766 572 306 138 80 
0 6 540 637 1176 767 572 306 138 80 
0 6 540 637 1176 768 572 306 138 80 
0 6 540 637 1176 769 572 306 138 80 
0 6 540 637 1176 770 572 306 138 80 
0 6 540 637 1176 771 572 306 138 80 
0 6 540 637 1176 772 572 306 138 80 
0 6 540 637 1176 773 572 306 138 80 
0 6 540 637 1176 774 572 306 138 80 
0 6 540 637 1176 775 572 306 138 80 
0 6 540 637 1176 776 572 306 138 80 
0 6 540 637 1176 777 572 306 138 80 
0 6 540 637 1176 778 572 306 138 80 
0 6 540 637 1176 779 572 306 138 80 
0 6 540 637 1176 780 572 306 138 80 
0 6 540 637 1176 781 572 306 138 80 
0 6 540 637 1176 782 572 306 138 80 
0 6 540 637 1176 783 572 306 138 80 
0 6 540 637 1176 784 572 306 138 80 
0 6 540 637 1176 785 572 306 138 80 
0 6 540 637 1176 786 572 306 138 80 
0 6 540 637 1176 787 572 306 138 80 
0 6 540 637 1176 788 572 306 138 80 
0 6 540 637 1176 789 572 306 138 80 
0 6 540 637 1176 790 572 306 138 80 
0 6 540 637 1176 791 572 306 138 80 
0 6 540 637 1176 792 572 306 138 80 
0 6 540 637 1176 793 572 306 138 80 
0 6 540 637 1176 794 572 306 138 80 
0 6 540 637 1176 795 572 306 138 80 
0 6 540 637 1176 796 572 306 138 80 
0 6 540 637 1176 797 572 306 138 80 
0 6 540 637 1176 798 572 306 138 80 
0 6 540 637 1176 799 572 306 138 80 
0 6 540 637 1176 800 572 306 138 80 
0 6 540 637 1176 801 572 306 138 80 
0 6 540 637 1176 802 572 306 138 80 
0 6 540 637 1176 803 572 306 138 80 
0 6 540 637 1176 804 572 306 138 80 
0 6 540 637 1176 805 572 306 138 80 
0 6 540 637 1176 806 572 306 138 80 
0 6 540 637 1176 807 572 306 138 80 
0 6 540 637 1176 808 572 306 138 80 
0 6 540 637 1176 809 572 306 138 80 
0 6 540 637 1176 810 572 306 138 80 
0 6 540 637 1176 811 572 306 138 80 
0 6 540 637 1176 812 572 306 138 80 
0 6 540 637 1176 813 572 306 138 80 
0 6 540 637 1176 814 572 306 138 80 
0 6 540 637 1176 815 572 306 138 80 
0 6 540 637 1176 816 572 306 138 80 
0 6 540 637 1176 817 572 306 138 80 
0 6 540 637 1176 818 572 306 138 80 
0 6 540 637 1176 819 572 306 138 80 
0 6 540 637 1176 820 572 306 138 80 
0 6 540 637 1176 821 572 306 138 80 
0 6 540 637 1176 822 572 306 138 80 
0 6 540 637 1176 823 572 306 138 80 
0 6 540 637 1176 824 572 306 138 80 
0 6 540 637 1176 825 572 306 138 80 
0 6 540 637 1176 826 572 306 138 80 
0 6 540 637 1176 827 572 306 138 80 
0 6 540 637 1176 828 572 306 138 80 
0 6 540 637 1176 829 572 306 138 80 
0 6 540 637 1176 830 572 306 138 80 
0 6 540 637 1176 831 572 306 138 80 
0 6 540 637 1176 832 572 306 138 80 
0 6 540 637 1176 833 572 306 138 80 
0 6 540 637 1176 834 572 306 138 80 
0 6 540 637 1176 835 572 306 138 80 
0 6 540 637 1176 836 572 306 138 80 
0 6 540 637 1176 837 572 306 138 80 
0 6 540 637 1176 838 572 306 138 80 
0 6 540 637 1176 839 572 306 138 80 
0 6 540 637 1176 840 572 306 138 80 
0 6 540 637 1176 841 572 306 138 80 
0 6 540 637 1176 842 572 306 138 80 
0 6 540 637 1176 843 572 306 138 80 
0 6 540 637 1176 844 572 306 138 80 
0 6 540 637 1176 845 572 306 138 80 
0 6 540 637 1176 846 572 306 138 80 
0 6 540 637 1176 847 572 306 138 80 
0 6 540 637 1176 848 572 306 138 80 
0 6 540 637 1176 849 572 306 138 80 
0 6 540 637 1176 850 572 306 138 80 
0 6 540 637 1176 851 572 306 138 80 
0 6 540 637 1176 852 572 306 138 80 
0 6 540 637 1176 853 572 306 138 80 
0 6 540 637 1176 854 572 306 138 80 
0 6 540 637 1176 855 572 306 138 80 
0 6 540 637 1176 856 572 306 138 80 
0 6 540 637 1176 857 572 306 138 80 
0 6 540 637 1176 858 572 306 138 80 
0 6 540 637 1176 859 572 306 138 80 
0 6 540 637 1176 860 572 306 138 80 
0 6 540 637 1176 861 572 306 138 80 
0 6 540 637 1176 862 572 306 138 80 
0 6 540 637 1176 863 572 306 138 80 
0 6 540 637 1176 864 572 306 138 80 
0 6 540 637 1176 865 572 306 138 80 
0 6 540 637 1176 866 572 306 138 80 
0 6 540 637 1176 867 572 306 138 80 
0 6 540 637 1176 868 572 306 138 80 
0 6 540 637 1176 869 572 306 138 80 
0 6 540 637 1176 870 572 306 138 80 
0 6 540 637 1176 871 572 306 138 80 
0 6 540 637 1176 872 572 306 138 80 
0 6 540 637 1176 873 572 306 138 80 
0 6 540 637 1176 874 572 306 138 80 
0 6 540 637 1176 875 572 306 138 80 
0 6 540 637 1176 876 572 306 138 80 
0 6 540 637 1176 877 572 306 138 80 
0 6 540 637 1176 878 572 306 138 80 
0 6 540 637 1176 879 572 306 138 80 
0 6 540 637 1176 880 572 306 138 80 
0 6 540 637 1176 881 572 306 138 80 
0 6 540 637 1176 882 572 306 138 80 
0 6 540 637 1176 883 572 306 138 80 
0 6 540 637 1176 884 572 306 138 80 
0 6 540 637 1176 885 572 306 138 80 
0 6 540 637 1176 886 572 306 138 80 
0 6 540 637 1176 887 572 306 138 80 
0 6 540 637 1176 888 572 306 138 80 
0 6 540 637 1176 889 572 306 138 80 
0 6 540 637 1176 890 572 306 138 80 
0 6 540 637 1176 891 572 306 138 80 
0 6 540 637 1176 892 572 306 138 80 
0 6 540 637 1176 893 572 306 138 80 
0 6 540 637 1176 894 572 306 138 80 
0 6 540 637 1176 895 572 306 138 80 
0 6 540 637 1176 896 572 306 138 80 
0 6 540 637 1176 897 572 306 138 80 
0 6 540 637 1176 898 572 306 138 80 
0 6 540 637 1176 899 572 306 138 80 
0 6 540 637 1176 900 572 306 138 80 
0 6 540 637 1176 901 572 306 138 80 
0 6 540 637 1176 902 572 306 138 80 
0 6 540 637 1176 903 572 306 138 80 
0 6 540 637 1176 904 572 306 138 80 
0 6 540 637 1176 905 572 306 138 80 
0 6 540 637 1176 906 572 306 138 80 
0 6 540 637 1176 907 572 306 138 80 
0 6 540 637 1176 908 572 306 138 80 
0 6 540 637 1176 909 572 306 138 80 
0 6 540 637 1176 910 572 306 138 80 
0 6 540 637 1176 911 572 306 138 80 
0 6 540 637 1176 912 572 306 138 80 
0 6 540 637 1176 913 572 306 138 80 
0 6 540 637 1176 914 572 306 138 80 
0 6 540 637 1176 915 572 306 138 80 
0 6 540 637 1176 916 572 306 138 80 
0 6 540 637 1176 917 572 306 138 80 
0 6 540 637 1176 918 572 306 138 80 
0 6 540 637 1176 919 572 306 138 80 
0 6 540 637 1176 920 572 306 138 80 
0 6 540 637 1176 921 572 306 138 80 
0 6 540 637 1176 922 572 306 138 80 
0 6 540 637 1176 923 572 306 138 80 
0 6 540 637 1176 924 572 306 138 80 
0 6 540 637 1176 925 572 306 138 80 
0 6 540 637 1176 926 572 306 138 80 
0 6 540 637 1176 927 572 306 138 80 
0 6 540 637 1176 928 572 306 138 80 
0 6 540 637 1176 929 572 306 138 80 
0 6 540 637 1176 930 572 306 138 80 
0 6 540 637 1176 931 572 306 138 80 
0 6 540 637 1176 932 572 306 138 80 
0 6 540 637 1176 933 572 306 138 80 
0 6 540 637 1176 934 572 306 138 80 
0 6 540 637 1176 935 572 306 138 80 
0 6 540 637 1176 936 572 306 138 80 
0 6 540 637 1176 937 572 306 138 80 
0 6 540 637 1176 938 572 306 138 80 
0 6 540 637 1176 939 572 306 138 80 
0 6 540 637 1176 940 572 306 138 80 
0 6 540 637 1176 941 572 306 138 80 
0 6 540 637 1176 942 572 306 138 80 
0 6 540 637 1176 943 572 306 138 80 
0 6 540 637 1176 944 572 306 138 80 
0 6 540 637 1176 945 572 306 138 80 
0 6 540 637 1176 946 572 306 138 80 
0 6 540 637 1176 947 572 306 138 80 
0 6 540 637 1176 948 572 306 138 80 
0 6 540 637 1176 949 572 306 138 80 
0 6 540 637 1176 950 572 306 138 80 
0 6 540 637 1176 951 572 306 138 80 
0 6 540 637 1176 952 572 306 138 80 
0 6 540 637 1176 953 572 306 138 80 
0 6 540 637 1176 954 572 306 138 80 
0 6 540 637 1176 955 572 306 138 80 
0 6 540 637 1176 956 572 306 138 80 
0 6 540 637 1176 957 572 306 138 80 
0 6 540 637 1176 958 572 306 138 80 
0 6 540 637 1176 959 572 306 138 80 
0 6 540 637 1176 960 572 306 138 80 
0 6 540 637 1176 961 572 306 138 80 
0 6 540 637 1176 962 572 306 138 80 
0 6 540 637 1176 963 572 306 138 80 
0 6 540 637 1176 964 572 306 138 80 
0 6 540 637 1176 965 572 306 138 80 
0 6 540 637 1176 966 572 306 138 80 
0 6 540 637 1176 967 572 306 138 80 
0 6 540 637 1176 968 572 306 138 80 
0 6 540 637 1176 969 572 306 138 80 
0 6 540 637 1176 970 572 306 138 80 
0 6 540 637 1176 971 572 306 138 80 
0 6 540 637 1176 972 572 306 138 80 
0 6 540 637 1176 973 572 306 138 80 
0 6 540 637 1176 974 572 306 138 80 
0 6 540 637 1176 975 572 306 138 80 
0 6 540 637 1176 976 572 306 138 80 
0 6 540 637 1176 977 572 306 138 80 
0 6 540 637 1176 978 572 306 138 80 
0 6 540 637 1176 979 572 306 138 80 
0 6 540 637 1176 980 572 306 138 80 
0 6 540 637 1176 981 572 306 138 80 
0 6 540 637 1176 982 572 306 138 80 
0 6 540 637 1176 983 572 306 138 80 
0 6 540 637 1176 984 572 306 138 80 
0 6 540 637 1176 985 572 306 138 80 
0 6 540 637 1176 986 572 306 138 80 
0 6 540 637 1176 987 572 306 138 80 
0 6 540 637 1176 988 572 306 138 80 
0 6 540 637 1176 989 572 306 138 80 
0 6 540 637 1176 990 572 306 138 80 
0 6 540 637 1176 991 572 306 138 80 
0 6 540 637 1176 992 572 306 138 80 
0 6 540 637 1176 993 572 306 138 80 
0 6 540 637 1176 994 572 306 138 80 
0 6 540 637 1176 995 572 306 138 80 
0 6 540 637 1176 996 572 306 138 80 
0 6 540 637 1176 997 572 306 138 80 
0 6 540 637 1176 998 572 306 138 80 
0 6 540 637 1176 999 572 306 138 80 
0 6 540 637 1176 1000 572 306 138 80 
0 6 540 637 1176 1001 572 306 138 80 
0 6 540 637 1176 1002 572 306 138 80 
0 6 540 637 1176 1003 572 306 138 80 
0 6 540 637 1176 1004 572 306 138 80 
0 6 540 637 1176 1005 572 306 138 80 
0 6 540 637 1176 1006 572 306 138 80 
0 6 540 637 1176 1007 572 306 138 80 
0 6 540 637 1176 1008 572 306 138 80 
0 6 540 637 1176 1009 572 306 138 80 
0 6 540 637 1176 1010 572 306 138 80 
0 6 540 637 1176 1011 572 306 138 80 
0 6 540 637 1176 1012 572 306 138 80 
0 6 540 637 1176 1013 572 306 138 80 
0 6 540 637 1176 1014 572 306 138 80 
0 6 540 637 1176 1015 572 306 138 80 
0 6 540 637 1176 1016 572 306 138 80 
0 6 540 637 1176 1017 572 306 138 80 
0 6 540 637 1176 1018 572 306 138 80 
0 6 540 637 1176 1019 572 306 138 80 
0 6 540 637 1176 1020 572 306 138 80 
0 6 540 637 1176 1021 572 306 138 80 
0 6 540 637 1176 1022 572 306 138 80 
0 6 540 637 1176 1023 572 306 138 80 
0 6 540 637 1176 1024 572 306 138 80 
0 6 540 637 1176 1025 572 306 138 80 
0 6 540 637 1176 1026 572 306 138 80 
0 6 540 637 1176 1027 572 306 138 80 
0 6 540 637 1176 1028 572 306 138 80 
0 6 540 637 1176 1029 572 306 138 80 
0 6 540 637 1176 1030 572 306 138 80 
0 6 540 637 1176 1031 572 306 138 80 
0 6 540 637 1176 1032 572 306 138 80 
0 6 540 637 1176 1033 572 306 138 80 
0 6 540 637 1176 1034 572 306 138 80 
0 6 540 637 1176 1035 572 306 138 80 
0 6 540 637 1176 1036 572 306 138 80 
0 6 540 637 1176 1037 572 306 138 80 
0 6 540 637 1176 1038 572 306 138 80 
0 6 540 637 1176 1039 572 306 138 80 
0 6 540 637 1176 1040 572 306 138 80 
0 6 540 637 1176 1041 572 306 138 80 
0 6 540 637 1176 1042 572 306 138 80 
0 6 540 637 1176 1043 572 306 138 80 
0 6 540 637 1176 1044 572 306 138 80 
0 6 540 637 1176 1045 572 306 138 80 
0 6 540 637 1176 1046 572 306 138 80 
0 6 540 637 1176 1047 572 306 138 80 
0 6 540 637 1176 1048 572 306 138 80 
0 6 540 637 1176 1049 572 306 138 80 
0 6 540 637 1176 1050 572 306 138 80 
0 6 540 637 1176 1051 572 306 138 80 
0 6 540 637 1176 1052 572 306 138 80 
0 6 540 637 1176 1053 572 306 138 80 
0 6 540 637 1176 1054 572 306 138 80 
0 6 540 637 1176 1055 572 306 138 80 
0 6 540 637 1176 1056 572 306 138 80 
0 6 540 637 1176 1057 572 306 138 80 
0 6 540 637 1176 1058 572 306 138 80 
0 6 540 637 1176 1059 572 306 138 80 
0 6 540 637 1176 1060 572 306 138 80 
0 6 540 637 1176 1061 572 306 138 80 
0 6 540 637 1176 1062 572 306 138 80 
0 6 540 637 1176 1063 572 306 138 80 
0 6 540 637 1176 1064 572 306 138 80 
0 6 540 637 1176 1065 572 306 138 80 
0 6 540 637 1176 1066 572 306 138 80 
0 6 540 637 1176 1067 572 306 138 80 
0 6 540 637 1176 1068 572 306 138 80 
0 6 540 637 1176 1069 572 306 138 80 
0 6 540 637 1176 1070 572 306 138 80 
0 6 540 637 1176 1071 572 306 138 80 
0 6 540 637 1176 1072 572 306 138 80 
0 6 540 637 1176 1073 572 306 138 80 
0 6 540 637 1176 1074 572 306 138 80 
0 6 540 637 1176 1075 572 306 138 80 
0 6 540 637 1176 1076 572 306 138 80 
0 6 540 637 1176 1077 572 306 138 80 
0 6 540 637 1176 1078 572 306 138 80 
0 6 540 637 1176 1079 572 306 138 80 
0 6 540 637 1176 1080 572 306 138 80 
0 6 540 637 1176 1081 572 306 138 80 
0 6 540 637 1176 1082 572 306 138 80 
0 6 540 637 1176 1083 572 306 138 80 
0 6 540 637 1176 1084 572 306 138 80 
0 6 540 637 1176 1085 572 306 138 80 
0 6 540 637 1176 1086 572 306 138 80 
0 6 540 637 1176 1087 572 306 138 80 
0 6 540 637 1176 1088 572 306 138 80 
0 6 540 637 1176 1089 572 306 138 80 
0 6 540 637 1176 1090 572 306 138 80 
0 6 540 637 1176 1091 572 306 138 80 
0 6 540 637 1176 1092 572 306 138 80 
0 6 540 637 1176 1093 572 306 138 80 
0 6 540 637 1176 1094 572 306 138 80 
0 6 540 637 1176 1095 572 306 138 80 
0 6 540 637 1176 1096 572 306 138 80 
0 6 540 637 1176 1097 572 306 138 80 
0 6 540 637 1176 1098 572 306 138 80 
0 6 540 637 1176 1099 572 306 138 80 
0 6 540 637 1176 1100 572 306 138 80 
0 6 540 637 1176 1101 572 306 138 80 
0 6 540 637 1176 1102 572 306 138 80 
0 6 540 637 1176 1103 572 306 138 80 
0 6 540 637 1176 1104 572 306 138 80 
0 6 540 637 1176 1105 572 306 138 80 
0 6 540 637 1176 1106 572 306 138 80 
0 6 540 637 1176 1107 572 306 138 80 
0 6 540 637 1176 1108 572 306 138 80 
0 6 540 637 1176 1109 572 306 138 80 
0 6 540 637 1176 1110 572 306 138 80 
0 6 540 637 1176 1111 572 306 138 80 
0 6 540 637 1176 1112 572 306 138 80 
0 6 540 637 1176 1113 572 306 138 80 
0 6 540 637 1176 1114 572 306 138 80 
0 6 540 637 1176 1115 572 306 138 80 
0 6 540 637 1176 1116 572 306 138 80 
0 6 540 637 1176 1117 572 306 138 80 
0 6 540 637 1176 1118 572 306 138 80 
0 6 540 637 1176 1119 572 306 138 80 
0 6 540 637 1176 1120 572 306 138 80 
0 6 540 637 1176 1121 572 306 138 80 
0 6 540 637 1176 1122 572 306 138 80 
0 6 540 637 1176 1123 572 306 138 80 
0 6 540 637 1176 1124 572 306 138 80 
0 6 540 637 1176 1125 572 306 138 80 
0 6 540 637 1176 1126 572 306 138 80 
0 6 540 637 1176 1127 572 306 138 80 
0 6 540 637 1176 1128 572 306 138 80 
0 6 540 637 1176 1129 572 306 138 80 
0 6 540 637 1176 1130 572 306 138 80 
0 6 540 637 1176 1131 572 306 138 80 
0 6 540 637 1176 1132 572 306 138 80 
0 6 540 637 1176 1133 572 306 138 80 
0 6 540 637 1176 1134 572 306 138 80 
0 6 540 637 1176 1135 572 306 138 80 
0 6 540 637 1176 1136 572 306 138 80 
0 6 540 637 1176 1137 572 306 138 80 
0 6 540 637 1176 1138 572 306 138 80 
0 6 540 637 1176 1139 572 306 138 80 
0 6 540 637 1176 1140 572 306 138 80 
0 6 540 637 1176 1141 572 306 138 80 
0 6 540 637 1176 1142 572 306 138 80 
0 6 540 637 1176 1143 572 306 138 80 
0 6 540 637 1176 1144 572 306 138 80 
0 6 540 637 1176 1145 572 306 138 80 
0 6 540 637 1176 1146 572 306 138 80 
0 6 540 637 1176 1147 572 306 138 80 
0 6 540 637 1176 1148 572 306 138 80 
0 6 540 637 1176 1149 572 306 138 80 
0 6 540 637 1176 1150 572 306 138 80 
0 6 540 637 1176 1151 572 306 138 80 
0 6 540 637 1176 1152 572 306 138 80 
0 6 540 637 1176 1153 572 306 138 80 
0 6 540 637 1176 1154 572 306 138 80 
0 6 540 637 1176 1155 572 306 138 80 
0 6 540 637 1176 1156 572 306 138 80 
0 6 540 637 1176 1157 572 306 138 80 
0 6 540 637 1176 1158 572 306 138 80 
0 6 540 637 1176 1159 572 306 138 80 
0 6 540 637 1176 1160 572 306 138 80 
0 6 540 637 1176 1161 572 306 138 80 
0 6 540 637 1176 1162 572 306 138 80 
0 6 540 637 1176 1163 572 306 138 80 
0 6 540 637 1176 1164 572 306 138 80 
0 6 540 637 1176 1165 572 306 138 80 
0 6 540 637 1176 1166 572 306 138 80 
0 6 540 637 1176 1167 572 306 138 80 
0 6 540 637 1176 1168 572 306 138 80 
0 6 540 637 1176 1169 572 306 138 80 
0 6 540 637 1176 1170 572 306 138 80 
0 6 540 637 1176 1171 572 306 138 80 
0 6 540 637 1176 1172 572 306 138 80 
0 6 540 637 1176 1173 572 306 138 80 
0 6 540 637 1176 1174 572 306 138 80 
0 6 540 637 1176 1175 572 306 138 80 
0 6 540 637 1176 1176 572 306 138 80 
1 5 386 2544 2929 2544 545 260 176 54 
1 5 386 2544 2929 2545 545 260 176 54 
1 5 386 2544 2929 2546 545 260 176 54 
1 5 386 2544 2929 2547 545 260 176 54 
1 5 386 2544 2929 2548 545 260 176 54 
1 5 386 2544 2929 2549 545 260 176 54 
1 5 386 2544 2929 2550 545 260 176 54 
1 5 386 2544 2929 2551 545 260 176 54 
1 5 386 2544 2929 2552 545 260 176 54 
1 5 386 2544 2929 2553 545 260 176 54 
1 5 386 2544 2929 2554 545 260 176 54 
1 5 386 2544 2929 2555 545 260 176 54 
1 5 386 2544 2929 2556 545 260 176 54 
1 5 386 2544 2929 2557 545 260 176 54 
1 5 386 2544 2929 2558 545 260 176 54 
1 5 386 2544 2929 2559 545 260 176 54 
1 5 386 2544 2929 2560 545 260 176 54 
1 5 386 2544 2929 2561 545 260 176 54 
1 5 386 2544 2929 2562 545 260 176 54 
1 5 386 2544 2929 2563 545 260 176 54 
1 5 386 2544 2929 2564 545 260 176 54 
1 5 386 2544 2929 2565 545 260 176 54 
1 5 386 2544 2929 2566 545 260 176 54 
1 5 386 2544 2929 2567 545 260 176 54 
1 5 386 2544 2929 2568 545 260 176 54 
1 5 386 2544 2929 2569 545 260 176 54 
1 5 386 2544 2929 2570 545 260 176 54 
1 5 386 2544 2929 2571 545 260 176 54 
1 5 386 2544 2929 2572 545 260 176 54 
1 5 386 2544 2929 2573 545 260 176 54 
1 5 386 2544 2929 2574 545 260 176 54 
1 5 386 2544 2929 2575 545 260 176 54 
1 5 386 2544 2929 2576 545 260 176 54 
1 5 386 2544 2929 2577 545 260 176 54 
1 5 386 2544 2929 2578 545 260 176 54 
1 5 386 2544 2929 2579 545 260 176 54 
1 5 386 2544 2929 2580 545 260 176 54 
1 5 386 2544 2929 2581 545 260 176 54 
1 5 386 2544 2929 2582 545 260 176 54 
1 5 386 2544 2929 2583 545 260 176 54 
1 5 386 2544 2929 2584 545 260 176 54 
1 5 386 2544 2929 2585 545 260 176 54 
1 5 386 2544 2929 2586 545 260 176 54 
1 5 386 2544 2929 2587 545 260 176 54 
1 5 386 2544 2929 2588 545 260 176 54 
1 5 386 2544 2929 2589 545 260 176 54 
1 5 386 2544 2929 2590 545 260 176 54 
1 5 386 2544 2929 2591 545 260 176 54 
1 5 386 2544 2929 2592 545 260 176 54 
1 5 386 2544 2929 2593 545 260 176 54 
1 5 386 2544 2929 2594 545 260 176 54 
1 5 386 2544 2929 2595 545 260 176 54 
1 5 386 2544 2929 2596 545 260 176 54 
1 5 386 2544 2929 2597 545 260 176 54 
1 5 386 2544 2929 2598 545 260 176 54 
1 5 386 2544 2929 2599 545 260 176 54 
1 5 386 2544 2929 2600 545 260 176 54 
1 5 386 2544 2929 2601 545 260 176 54 
1 5 386 2544 2929 2602 545 260 176 54 
1 5 386 2544 2929 2603 545 260 176 54 
1 5 386 2544 2929 2604 545 260 176 54 
1 5 386 2544 2929 2605 545 260 176 54 
1 5 386 2544 2929 2606 545 260 176 54 
1 5 386 2544 2929 2607 545 260 176 54 
1 5 386 2544 2929 2608 545 260 176 54 
1 5 386 2544 2929 2609 545 260 176 54 
1 5 386 2544 2929 2610 545 260 176 54 
1 5 386 2544 2929 2611 545 260 176 54 
1 5 386 2544 2929 2612 545 260 176 54 
1 5 386 2544 2929 2613 545 260 176 54 
1 5 386 2544 2929 2614 545 260 176 54 
1 5 386 2544 2929 2615 545 260 176 54 
1 5 386 2544 2929 2616 545 260 176 54 
1 5 386 2544 2929 2617 545 260 176 54 
1 5 386 2544 2929 2618 545 260 176 54 
1 5 386 2544 2929 2619 545 260 176 54 
1 5 386 2544 2929 2620 545 260 176 54 
1 5 386 2544 2929 2621 545 260 176 54 
1 5 386 2544 2929 2622 545 260 176 54 
1 5 386 2544 2929 2623 545 260 176 54 
1 5 386 2544 2929 2624 545 260 176 54 
1 5 386 2544 2929 2625 545 260 176 54 
1 5 386 2544 2929 2626 545 260 176 54 
1 5 386 2544 2929 2627 545 260 176 54 
1 5 386 2544 2929 2628 545 260 176 54 
1 5 386 2544 2929 2629 545 260 176 54 
1 5 386 2544 2929 2630 545 260 176 54 
1 5 386 2544 2929 2631 545 260 176 54 
1 5 386 2544 2929 2632 545 260 176 54 
1 5 386 2544 2929 2633 545 260 176 54 
1 5 386 2544 2929 2634 545 260 176 54 
1 5 386 2544 2929 2635 545 260 176 54 
1 5 386 2544 2929 2636 545 260 176 54 
1 5 386 2544 2929 2637 545 260 176 54 
1 5 386 2544 2929 2638 545 260 176 54 
1 5 386 2544 2929 2639 545 260 176 54 
1 5 386 2544 2929 2640 545 260 176 54 
1 5 386 2544 2929 2641 545 260 176 54 
1 5 386 2544 2929 2642 545 260 176 54 
1 5 386 2544 2929 2643 545 260 176 54 
1 5 386 2544 2929 2644 545 260 176 54 
1 5 386 2544 2929 2645 545 260 176 54 
1 5 386 2544 2929 2646 545 260 176 54 
1 5 386 2544 2929 2647 545 260 176 54 
1 5 386 2544 2929 2648 545 260 176 54 
1 5 386 2544 2929 2649 545 260 176 54 
1 5 386 2544 2929 2650 545 260 176 54 
1 5 386 2544 2929 2651 545 260 176 54 
1 5 386 2544 2929 2652 545 260 176 54 
1 5 386 2544 2929 2653 545 260 176 54 
1 5 386 2544 2929 2654 545 260 176 54 
1 5 386 2544 2929 2655 545 260 176 54 
1 5 386 2544 2929 2656 545 260 176 54 
1 5 386 2544 2929 2657 545 260 176 54 
1 5 386 2544 2929 2658 545 260 176 54 
1 5 386 2544 2929 2659 545 260 176 54 
1 5 386 2544 2929 2660 545 260 176 54 
1 5 386 2544 2929 2661 545 260 176 54 
1 5 386 2544 2929 2662 545 260 176 54 
1 5 386 2544 2929 2663 545 260 176 54 
1 5 386 2544 2929 2664 545 260 176 54 
1 5 386 2544 2929 2665 545 260 176 54 
1 5 386 2544 2929 2666 545 260 176 54 
1 5 386 2544 2929 2667 545 260 176 54 
1 5 386 2544 2929 2668 545 260 176 54 
1 5 386 2544 2929 2669 545 260 176 54 
1 5 386 2544 2929 2670 545 260 176 54 
1 5 386 2544 2929 2671 545 260 176 54 
1 5 386 2544 2929 2672 545 260 176 54 
1 5 386 2544 2929 2673 545 260 176 54 
1 5 386 2544 2929 2674 545 260 176 54 
1 5 386 2544 2929 2675 545 260 176 54 
1 5 386 2544 2929 2676 545 260 176 54 
1 5 386 2544 2929 2677 545 260 176 54 
1 5 386 2544 2929 2678 545 260 176 54 
1 5 386 2544 2929 2679 545 260 176 54 
1 5 386 2544 2929 2680 545 260 176 54 
1 5 386 2544 2929 2681 545 260 176 54 
1 5 386 2544 2929 2682 545 260 176 54 
1 5 386 2544 2929 2683 545 260 176 54 
1 5 386 2544 2929 2684 545 260 176 54 
1 5 386 2544 2929 2685 545 260 176 54 
1 5 386 2544 2929 2686 545 260 176 54 
1 5 386 2544 2929 2687 545 260 176 54 
1 5 386 2544 2929 2688 545 260 176 54 
1 5 386 2544 2929 2689 545 260 176 54 
1 5 386 2544 2929 2690 545 260 176 54 
1 5 386 2544 2929 2691 545 260 176 54 
1 5 386 2544 2929 2692 545 260 176 54 
1 5 386 2544 2929 2693 545 260 176 54 
1 5 386 2544 2929 2694 545 260 176 54 
1 5 386 2544 2929 2695 545 260 176 54 
1 5 386 2544 2929 2696 545 260 176 54 
1 5 386 2544 2929 2697 545 260 176 54 
1 5 386 2544 2929 2698 545 260 176 54 
1 5 386 2544 2929 2699 545 260 176 54 
1 5 386 2544 2929 2700 545 260 176 54 
1 5 386 2544 2929 2701 545 260 176 54 
1 5 386 2544 2929 2702 545 260 176 54 
1 5 386 2544 2929 2703 545 260 176 54 
1 5 386 2544 2929 2704 545 260 176 54 
1 5 386 2544 2929 2705 545 260 176 54 
1 5 386 2544 2929 2706 545 260 176 54 
1 5 386 2544 2929 2707 545 260 176 54 
1 5 386 2544 2929 2708 545 260 176 54 
1 5 386 2544 2929 2709 545 260 176 54 
1 5 386 2544 2929 2710 545 260 176 54 
1 5 386 2544 2929 2711 545 260 176 54 
1 5 386 2544 2929 2712 545 260 176 54 
1 5 386 2544 2929 2713 545 260 176 54 
1 5 386 2544 2929 2714 545 260 176 54 
1 5 386 2544 2929 2715 545 260 176 54 
1 5 386 2544 2929 2716 545 260 176 54 
1 5 386 2544 2929 2717 545 260 176 54 
1 5 386 2544 2929 2718 545 260 176 54 
1 5 386 2544 2929 2719 545 260 176 54 
1 5 386 2544 2929 2720 545 260 176 54 
1 5 386 2544 2929 2721 545 260 176 54 
1 5 386 2544 2929 2722 545 260 176 54 
1 5 386 2544 2929 2723 545 260 176 54 
1 5 386 2544 2929 2724 545 260 176 54 
1 5 386 2544 2929 2725 545 260 176 54 
1 5 386 2544 2929 2726 545 260 176 54 
1 5 386 2544 2929 2727 545 260 176 54 
1 5 386 2544 2929 2728 545 260 176 54 
1 5 386 2544 2929 2729 545 260 176 54 
1 5 386 2544 2929 2730 545 260 176 54 
1 5 386 2544 2929 2731 545 260 176 54 
1 5 386 2544 2929 2732 545 260 176 54 
1 5 386 2544 2929 2733 545 260 176 54 
1 5 386 2544 2929 2734 545 260 176 54 
1 5 386 2544 2929 2735 545 260 176 54 
1 5 386 2544 2929 2736 545 260 176 54 
1 5 386 2544 2929 2737 545 260 176 54 
1 5 386 2544 2929 2738 545 260 176 54 
1 5 386 2544 2929 2739 545 260 176 54 
1 5 386 2544 2929 2740 545 260 176 54 
1 5 386 2544 2929 2741 545 260 176 54 
1 5 386 2544 2929 2742 545 260 176 54 
1 5 386 2544 2929 2743 545 260 176 54 
1 5 386 2544 2929 2744 545 260 176 54 
1 5 386 2544 2929 2745 545 260 176 54 
1 5 386 2544 2929 2746 545 260 176 54 
1 5 386 2544 2929 2747 545 260 176 54 
1 5 386 2544 2929 2748 545 260 176 54 
1 5 386 2544 2929 2749 545 260 176 54 
1 5 386 2544 2929 2750 545 260 176 54 
1 5 386 2544 2929 2751 545 260 176 54 
1 5 386 2544 2929 2752 545 260 176 54 
1 5 386 2544 2929 2753 545 260 176 54 
1 5 386 2544 2929 2754 545 260 176 54 
1 5 386 2544 2929 2755 545 260 176 54 
1 5 386 2544 2929 2756 545 260 176 54 
1 5 386 2544 2929 2757 545 260 176 54 
1 5 386 2544 2929 2758 545 260 176 54 
1 5 386 2544 2929 2759 545 260 176 54 
1 5 386 2544 2929 2760 545 260 176 54 
1 5 386 2544 2929 2761 545 260 176 54 
1 5 386 2544 2929 2762 545 260 176 54 
1 5 386 2544 2929 2763 545 260 176 54 
1 5 386 2544 2929 2764 545 260 176 54 
1 5 386 2544 2929 2765 545 260 176 54 
1 5 386 2544 2929 2766 545 260 176 54 
1 5 386 2544 2929 2767 545 260 176 54 
1 5 386 2544 2929 2768 545 260 176 54 
1 5 386 2544 2929 2769 545 260 176 54 
1 5 386 2544 2929 2770 545 260 176 54 
1 5 386 2544 2929 2771 545 260 176 54 
1 5 386 2544 2929 2772 545 260 176 54 
1 5 386 2544 2929 2773 545 260 176 54 
1 5 386 2544 2929 2774 545 260 176 54 
1 5 386 2544 2929 2775 545 260 176 54 
1 5 386 2544 2929 2776 545 260 176 54 
1 5 386 2544 2929 2777 545 260 176 54 
1 5 386 2544 2929 2778 545 260 176 54 
1 5 386 2544 2929 2779 545 260 176 54 
1 5 386 2544 2929 2780 545 260 176 54 
1 5 386 2544 2929 2781 545 260 176 54 
1 5 386 2544 2929 2782 545 260 176 54 
1 5 386 2544 2929 2783 545 260 176 54 
1 5 386 2544 2929 2784 545 260 176 54 
1 5 386 2544 2929 2785 545 260 176 54 
1 5 386 2544 2929 2786 545 260 176 54 
1 5 386 2544 2929 2787 545 260 176 54 
1 5 386 2544 2929 2788 545 260 176 54 
1 5 386 2544 2929 2789 545 260 176 54 
1 5 386 2544 2929 2790 545 260 176 54 
1 5 386 2544 2929 2791 545 260 176 54 
1 5 386 2544 2929 2792 545 260 176 54 
1 5 386 2544 2929 2793 545 260 176 54 
1 5 386 2544 2929 2794 545 260 176 54 
1 5 386 2544 2929 2795 545 260 176 54 
1 5 386 2544 2929 2796 545 260 176 54 
1 5 386 2544 2929 2797 545 260 176 54 
1 5 386 2544 2929 2798 545 260 176 54 
1 5 386 2544 2929 2799 545 260 176 54 
1 5 386 2544 2929 2800 545 260 176 54 
1 5 386 2544 2929 2801 545 260 176 54 
1 5 386 2544 2929 2802 545 260 176 54 
1 5 386 2544 2929 2803 545 260 176 54 
1 5 386 2544 2929 2804 545 260 176 54 
1 5 386 2544 2929 2805 545 260 176 54 
1 5 386 2544 2929 2806 545 260 176 54 
1 5 386 2544 2929 2807 545 260 176 54 
1 5 386 2544 2929 2808 545 260 176 54 
1 5 386 2544 2929 2809 545 260 176 54 
1 5 386 2544 2929 2810 545 260 176 54 
1 5 386 2544 2929 2811 545 260 176 54 
1 5 386 2544 2929 2812 545 260 176 54 
1 5 386 2544 2929 2813 545 260 176 54 
1 5 386 2544 2929 2814 545 260 176 54 
1 5 386 2544 2929 2815 545 260 176 54 
1 5 386 2544 2929 2816 545 260 176 54 
1 5 386 2544 2929 2817 545 260 176 54 
1 5 386 2544 2929 2818 545 260 176 54 
1 5 386 2544 2929 2819 545 260 176 54 
1 5 386 2544 2929 2820 545 260 176 54 
1 5 386 2544 2929 2821 545 260 176 54 
1 5 386 2544 2929 2822 545 260 176 54 
1 5 386 2544 2929 2823 545 260 176 54 
1 5 386 2544 2929 2824 545 260 176 54 
1 5 386 2544 2929 2825 545 260 176 54 
1 5 386 2544 2929 2826 545 260 176 54 
1 5 386 2544 2929 2827 545 260 176 54 
1 5 386 2544 2929 2828 545 260 176 54 
1 5 386 2544 2929 2829 545 260 176 54 
1 5 386 2544 2929 2830 545 260 176 54 
1 5 386 2544 2929 2831 545 260 176 54 
1 5 386 2544 2929 2832 545 260 176 54 
1 5 386 2544 2929 2833 545 260 176 54 
1 5 386 2544 2929 2834 545 260 176 54 
1 5 386 2544 2929 2835 545 260 176 54 
1 5 386 2544 2929 2836 545 260 176 54 
1 5 386 2544 2929 2837 545 260 176 54 
1 5 386 2544 2929 2838 545 260 176 54 
1 5 386 2544 2929 2839 545 260 176 54 
1 5 386 2544 2929 2840 545 260 176 54 
1 5 386 2544 2929 2841 545 260 176 54 
1 5 386 2544 2929 2842 545 260 176 54 
1 5 386 2544 2929 2843 545 260 176 54 
1 5 386 2544 2929 2844 545 260 176 54 
1 5 386 2544 2929 2845 545 260 176 54 
1 5 386 2544 2929 2846 545 260 176 54 
1 5 386 2544 2929 2847 545 260 176 54 
1 5 386 2544 2929 2848 545 260 176 54 
1 5 386 2544 2929 2849 545 260 176 54 
1 5 386 2544 2929 2850 545 260 176 54 
1 5 386 2544 2929 2851 545 260 176 54 
1 5 386 2544 2929 2852 545 260 176 54 
1 5 386 2544 2929 2853 545 260 176 54 
1 5 386 2544 2929 2854 545 260 176 54 
1 5 386 2544 2929 2855 545 260 176 54 
1 5 386 2544 2929 2856 545 260 176 54 
1 5 386 2544 2929 2857 545 260 176 54 
1 5 386 2544 2929 2858 545 260 176 54 
1 5 386 2544 2929 2859 545 260 176 54 
1 5 386 2544 2929 2860 545 260 176 54 
1 5 386 2544 2929 2861 545 260 176 54 
1 5 386 2544 2929 2862 545 260 176 54 
1 5 386 2544 2929 2863 545 260 176 54 
1 5 386 2544 2929 2864 545 260 176 54 
1 5 386 2544 2929 2865 545 260 176 54 
1 5 386 2544 2929 2866 545 260 176 54 
1 5 386 2544 2929 2867 545 260 176 54 
1 5 386 2544 2929 2868 545 260 176 54 
1 5 386 2544 2929 2869 545 260 176 54 
1 5 386 2544 2929 2870 545 260 176 54 
1 5 386 2544 2929 2871 545 260 176 54 
1 5 386 2544 2929 2872 545 260 176 54 
1 5 386 2544 2929 2873 545 260 176 54 
1 5 386 2544 2929 2874 545 260 176 54 
1 5 386 2544 2929 2875 545 260 176 54 
1 5 386 2544 2929 2876 545 260 176 54 
1 5 386 2544 2929 2877 545 260 176 54 
1 5 386 2544 2929 2878 545 260 176 54 
1 5 386 2544 2929 2879 545 260 176 54 
1 5 386 2544 2929 2880 545 260 176 54 
1 5 386 2544 2929 2881 545 260 176 54 
1 5 386 2544 2929 2882 545 260 176 54 
1 5 386 2544 2929 2883 545 260 176 54 
1 5 386 2544 2929 2884 545 260 176 54 
1 5 386 2544 2929 2885 545 260 176 54 
1 5 386 2544 2929 2886 545 260 176 54 
1 5 386 2544 2929 2887 545 260 176 54 
1 5 386 2544 2929 2888 545 260 176 54 
1 5 386 2544 2929 2889 545 260 176 54 
1 5 386 2544 2929 2890 545 260 176 54 
1 5 386 2544 2929 2891 545 260 176 54 
1 5 386 2544 2929 2892 545 260 176 54 
1 5 386 2544 2929 2893 545 260 176 54 
1 5 386 2544 2929 2894 545 260 176 54 
1 5 386 2544 2929 2895 545 260 176 54 
1 5 386 2544 2929 2896 545 260 176 54 
1 5 386 2544 2929 2897 545 260 176 54 
1 5 386 2544 2929 2898 545 260 176 54 
1 5 386 2544 2929 2899 545 260 176 54 
1 5 386 2544 2929 2900 545 260 176 54 
1 5 386 2544 2929 2901 545 260 176 54 
1 5 386 2544 2929 2902 545 260 176 54 
1 5 386 2544 2929 2903 545 260 176 54 
1 5 386 2544 2929 2904 545 260 176 54 
1 5 386 2544 2929 2905 545 260 176 54 
1 5 386 2544 2929 2906 545 260 176 54 
1 5 386 2544 2929 2907 545 260 176 54 
1 5 386 2544 2929 2908 545 260 176 54 
1 5 386 2544 2929 2909 545 260 176 54 
1 5 386 2544 2929 2910 545 260 176 54 
1 5 386 2544 2929 2911 545 260 176 54 
1 5 386 2544 2929 2912 545 260 176 54 
1 5 386 2544 2929 2913 545 260 176 54 
1 5 386 2544 2929 2914 545 260 176 54 
1 5 386 2544 2929 2915 545 260 176 54 
1 5 386 2544 2929 2916 545 260 176 54 
1 5 386 2544 2929 2917 545 260 176 54 
1 5 386 2544 2929 2918 545 260 176 54 
1 5 386 2544 2929 2919 545 260 176 54 
1 5 386 2544 2929 2920 545 260 176 54 
1 5 386 2544 2929 2921 545 260 176 54 
1 5 386 2544 2929 2922 545 260 176 54 
1 5 386 2544 2929 2923 545 260 176 54 
1 5 386 2544 2929 2924 545 260 176 54 
1 5 386 2544 2929 2925 545 260 176 54 
1 5 386 2544 2929 2926 545 260 176 54 
1 5 386 2544 2929 2927 545 260 176 54 
1 5 386 2544 2929 2928 545 260 176 54 
1 5 386 2544 2929 2929 545 260 176 54 
