1 678 684 580 140 31 32 1
1 678 685 580 140 31 32 1
1 678 686 580 140 31 32 1
1 678 687 580 140 31 32 1
1 678 688 581 140 31 32 1
1 678 689 581 140 31 33 1
1 678 690 581 140 31 33 1
1 678 691 581 140 32 33 1
1 678 692 582 140 31 33 1
1 678 693 582 140 31 33 1
1 678 694 582 140 31 34 1
1 678 695 582 140 32 34 1
1 678 696 583 140 31 34 1
1 678 697 583 140 31 34 1
1 678 698 583 140 32 34 1
1 678 699 583 140 32 35 1
1 678 700 584 140 31 35 1
1 678 701 584 140 32 35 1
1 678 702 584 140 32 35 1
1 678 703 584 140 32 35 1
1 678 704 585 140 32 36 1
1 678 705 585 140 32 36 1
1 678 706 585 140 32 36 1
1 678 707 585 140 32 36 1
1 678 708 586 140 32 36 1
1 678 709 586 140 32 37 1
1 678 710 586 140 32 37 1
1 678 711 586 140 33 37 1
1 678 712 587 140 32 37 1
1 678 713 587 140 32 38 1
1 678 714 587 140 33 38 1
1 678 715 587 140 33 38 1
1 678 716 588 140 32 38 1
1 678 717 588 140 32 38 1
1 678 718 588 140 33 39 1
1 678 719 588 140 33 39 1
1 678 720 589 140 32 39 1
1 678 721 589 140 33 39 1
1 678 722 589 140 33 39 1
1 678 723 589 140 33 40 1
1 678 724 590 140 33 40 1
1 678 725 590 140 33 40 1
1 678 726 590 140 33 40 1
1 678 727 590 140 34 41 1
1 678 728 590 140 34 41 1
1 678 729 591 140 33 41 1
1 678 730 591 140 34 41 1
1 678 731 591 140 34 41 1
1 678 732 591 140 34 42 1
1 678 733 592 140 33 42 1
1 678 734 592 140 34 42 1
1 678 735 592 140 34 42 1
1 678 736 592 140 34 42 1
1 678 737 593 140 34 43 1
1 678 738 593 140 34 43 1
1 678 739 593 140 34 43 1
1 678 740 593 140 35 43 1
1 678 741 594 140 34 44 1
1 678 742 594 140 34 44 1
1 678 743 594 140 35 44 1
1 678 744 594 140 35 44 1
1 678 745 595 140 34 44 1
1 678 746 595 140 35 45 1
1 678 747 595 140 35 45 1
1 678 748 595 140 35 45 1
1 678 749 595 140 36 45 1
1 678 750 596 140 35 46 1
1 678 751 596 140 35 46 1
1 678 752 596 140 35 46 1
1 678 753 596 140 36 46 1
1 678 754 597 140 35 47 1
1 678 755 597 140 35 47 1
1 678 756 597 140 36 47 1
1 678 757 597 140 36 47 1
1 678 758 598 140 35 47 1
1 678 759 598 140 36 48 1
1 678 760 598 140 36 48 1
1 678 761 598 140 36 48 1
1 678 762 598 140 37 48 1
1 678 763 599 140 36 49 1
1 678 764 599 140 36 49 1
1 678 765 599 140 37 49 1
1 678 766 599 140 37 49 1
1 678 767 600 140 36 49 1
1 678 768 600 140 37 50 1
1 678 769 600 140 37 50 1
1 678 770 600 139 37 51 1
1 678 771 601 139 37 51 1
1 678 772 601 139 37 52 1
1 678 773 601 139 37 52 1
1 678 774 601 139 38 52 1
1 678 775 601 139 38 52 1
1 678 776 602 139 37 53 1
1 678 777 602 139 38 53 1
1 678 778 602 139 38 53 1
1 678 779 603 140 38 53 1
1 678 780 603 140 38 53 1
1 678 781 603 140 38 53 1
1 678 782 603 140 38 53 1
1 678 783 603 140 38 53 1
1 678 784 604 140 38 53 1
1 678 785 604 140 38 53 1
1 678 786 604 140 38 53 1
1 678 787 604 140 38 53 1
1 678 788 605 140 38 53 1
1 678 789 605 140 38 53 1
1 678 790 605 140 38 53 1
1 678 791 605 140 38 53 1
1 678 792 605 140 38 53 1
1 678 793 606 140 38 53 1
1 678 794 606 140 38 53 1
1 678 795 606 140 38 53 1
1 678 796 606 140 38 53 1
1 678 797 607 140 38 53 1
1 678 798 607 140 38 53 1
1 678 799 607 140 38 53 1
1 678 800 607 140 38 53 1
1 678 801 608 140 38 53 1
1 678 802 608 140 38 53 1
1 678 803 608 140 38 53 1
1 678 804 608 140 38 53 1
1 678 805 608 140 38 53 1
1 678 806 609 140 38 53 1
1 678 807 609 140 38 53 1
1 678 808 609 140 38 53 1
1 678 809 609 140 38 53 1
1 678 810 610 140 38 53 1
1 678 811 610 140 38 53 1
1 678 812 610 140 38 53 1
1 678 813 610 140 38 53 1
1 678 814 610 140 38 53 1
1 678 815 611 140 38 53 1
1 678 816 611 140 38 53 1
1 678 817 611 140 38 53 1
1 678 818 611 140 38 53 1
1 678 819 612 140 38 53 1
1 678 820 612 140 38 53 1
1 678 821 612 140 38 53 1
1 678 822 612 140 38 53 1
1 678 823 613 140 38 53 1
1 678 824 613 140 38 53 1
1 678 825 613 140 38 53 1
1 678 826 613 140 38 53 1
1 678 827 613 140 38 53 1
1 678 828 614 140 38 53 1
1 678 829 614 140 38 53 1
1 678 830 614 140 38 53 1
1 678 831 614 140 38 53 1
1 678 832 615 140 38 53 1
1 678 833 615 140 38 53 1
1 678 834 615 140 38 53 1
1 678 835 615 140 38 53 1
1 678 836 615 140 38 53 1
1 678 837 616 140 38 53 1
1 678 838 616 140 38 53 1
1 678 839 616 140 38 53 1
1 678 840 616 140 38 53 1
1 678 841 617 140 38 53 1
1 678 842 617 140 38 53 1
1 678 843 617 140 38 53 1
1 678 844 617 140 38 53 1
1 678 845 618 141 38 53 1
1 678 846 617 141 38 53 1
1 678 847 617 141 38 53 1
1 678 848 617 141 38 53 1
1 678 849 617 141 38 53 1
1 678 850 617 141 38 53 1
1 678 851 617 141 38 53 1
1 678 852 617 141 38 53 1
1 678 853 617 141 38 53 1
1 678 854 617 141 38 53 1
1 678 855 617 141 38 53 1
1 678 856 616 141 38 53 1
1 678 857 616 141 38 53 1
1 678 858 616 141 38 53 1
1 678 859 616 141 38 53 1
1 678 860 616 141 38 53 1
1 678 861 616 141 38 53 1
1 678 862 616 141 38 53 1
1 678 863 616 141 38 53 1
1 678 864 616 141 38 53 1
1 678 865 616 141 38 53 1
1 678 866 616 141 38 53 1
1 678 867 615 141 38 53 1
1 678 868 615 141 38 53 1
1 678 869 615 141 38 53 1
1 678 870 615 141 38 53 1
1 678 871 615 141 38 53 1
1 678 872 615 141 38 53 1
1 678 873 615 141 38 53 1
1 678 874 615 141 38 53 1
1 678 875 615 141 38 53 1
1 678 876 615 141 38 53 1
1 678 877 615 141 38 53 1
1 678 878 614 141 38 53 1
1 678 879 614 141 38 53 1
1 678 880 614 141 38 53 1
1 678 881 614 141 38 53 1
1 678 882 614 141 38 53 1
1 678 883 614 141 38 53 1
1 678 884 614 141 38 53 1
1 678 885 614 141 38 53 1
1 678 886 614 141 38 53 1
1 678 887 614 141 38 53 1
1 678 888 614 141 38 53 1
1 678 889 613 141 38 53 1
1 678 890 613 141 38 53 1
1 678 891 613 141 38 53 1
1 678 892 613 141 38 53 1
1 678 893 613 141 38 53 1
1 678 894 613 141 38 53 1
1 678 895 613 141 38 53 1
1 678 896 613 141 38 53 1
1 678 897 613 141 38 53 1
1 678 898 613 141 38 53 1
1 678 899 613 141 38 53 1
1 678 900 612 141 38 53 1
1 678 901 612 141 38 53 1
1 678 902 612 141 38 53 1
1 678 903 612 141 38 53 1
1 678 904 612 141 38 53 1
1 678 905 612 141 38 53 1
1 678 906 612 141 38 53 1
1 678 907 612 141 38 53 1
1 678 908 612 141 38 53 1
1 678 909 612 141 38 53 1
1 678 910 612 142 38 53 1
1 678 911 611 142 38 53 1
1 678 912 611 142 38 53 1
1 678 913 611 142 38 53 1
1 678 914 611 142 38 53 1
1 678 915 611 142 38 53 1
1 678 916 611 142 38 53 1
1 678 917 611 142 38 53 1
1 678 918 611 142 38 53 1
1 678 919 611 142 38 53 1
1 678 920 611 142 38 53 1
1 678 921 610 142 38 53 1
1 678 922 610 142 38 53 1
1 678 923 610 142 38 53 1
1 678 924 610 142 38 53 1
1 678 925 610 142 38 53 1
1 678 926 610 142 38 53 1
1 678 927 610 142 38 53 1
1 678 928 610 142 38 53 1
1 678 929 610 142 38 53 1
1 678 930 610 142 38 53 1
1 678 931 610 142 38 53 1
1 678 932 609 142 38 53 1
1 678 933 609 142 38 53 1
1 678 934 609 142 38 53 1
1 678 935 609 142 38 53 1
1 678 936 609 142 38 53 1
1 678 937 609 142 38 53 1
1 678 938 609 142 38 53 1
1 678 939 609 142 38 53 1
1 678 940 609 142 38 53 1
1 678 941 609 142 38 53 1
1 678 942 609 142 38 53 1
1 678 943 608 142 38 53 1
1 678 944 608 142 38 53 1
1 678 945 608 142 38 53 1
1 678 946 608 142 38 53 1
1 678 947 608 142 38 53 1
1 678 948 608 142 38 53 1
1 678 949 608 142 38 53 1
1 678 950 608 142 38 53 1
1 678 951 608 142 38 53 1
1 678 952 608 142 38 53 1
1 678 953 608 142 38 53 1
1 678 954 607 142 38 53 1
1 678 955 607 142 38 53 1
1 678 956 607 142 38 53 1
1 678 957 607 142 38 53 1
1 678 958 607 142 38 53 1
1 678 959 607 142 38 53 1
1 678 960 607 142 38 53 1
1 678 961 607 142 38 53 1
1 678 962 607 142 38 53 1
1 678 963 607 142 38 53 1
1 678 964 607 142 38 53 1
1 678 965 606 142 38 53 1
1 678 966 606 142 38 53 1
1 678 967 606 142 38 53 1
1 678 968 606 142 38 53 1
1 678 969 606 142 38 53 1
1 678 970 606 142 38 53 1
1 678 971 606 142 38 53 1
1 678 972 606 142 38 53 1
1 678 973 606 142 38 53 1
1 678 974 606 142 38 53 1
1 678 975 606 143 38 53 1
1 678 976 605 143 38 53 1
1 678 977 605 143 38 53 1
1 678 978 605 143 38 53 1
1 678 979 605 143 38 53 1
1 678 980 605 143 38 53 1
1 678 981 605 143 38 53 1
1 678 982 605 143 38 53 1
1 678 983 605 143 38 53 1
1 678 984 605 143 38 53 1
1 678 985 605 143 38 53 1
1 678 986 604 143 38 53 1
1 678 987 604 143 38 53 1
1 678 988 604 143 38 53 1
1 678 989 604 143 38 53 1
1 678 990 604 143 38 53 1
1 678 991 604 143 38 53 1
1 678 992 604 143 38 53 1
1 678 993 604 143 38 53 1
1 678 994 604 143 38 53 1
1 678 995 604 143 38 53 1
1 678 996 604 143 38 53 1
1 678 997 603 143 38 53 1
1 678 998 603 143 38 53 1
1 678 999 603 143 38 53 1
1 678 1000 603 143 38 53 1
1 678 1001 603 143 38 53 1
1 678 1002 603 143 38 53 1
1 678 1003 603 143 38 53 1
1 678 1004 603 143 38 53 1
1 678 1005 603 143 38 53 1
1 678 1006 603 143 38 53 1
1 678 1007 603 143 38 53 1
1 678 1008 602 143 38 53 1
1 678 1009 602 143 38 53 1
1 678 1010 602 143 38 53 1
1 678 1011 602 143 38 53 1
1 678 1012 602 143 38 53 1
1 678 1013 602 143 38 53 1
1 678 1014 602 143 38 53 1
1 678 1015 602 143 38 53 1
1 678 1016 602 143 38 53 1
1 678 1017 602 143 38 53 1
1 678 1018 602 143 38 53 1
1 678 1019 601 143 38 53 1
1 678 1020 601 143 38 53 1
1 678 1021 601 143 38 53 1
1 678 1022 601 143 38 53 1
1 678 1023 601 143 38 53 1
1 678 1024 601 143 38 53 1
1 678 1025 601 143 38 53 1
1 678 1026 601 143 38 53 1
1 678 1027 601 143 38 53 1
1 678 1028 601 143 38 53 1
1 678 1029 601 143 38 53 1
1 678 1030 600 143 38 53 1
1 678 1031 600 143 38 53 1
1 678 1032 600 143 38 53 1
1 678 1033 600 143 38 53 1
1 678 1034 600 143 38 53 1
1 678 1035 600 143 38 53 1
1 678 1036 600 143 38 53 1
1 678 1037 600 143 38 53 1
1 678 1038 600 143 38 53 1
1 678 1039 600 143 38 53 1
1 678 1040 600 144 38 53 1
1 678 1041 599 143 38 53 1
1 678 1042 599 143 38 53 1
1 678 1043 599 143 38 53 1
1 678 1044 599 143 38 53 1
1 678 1045 599 143 38 53 1
1 678 1046 599 143 38 53 1
1 678 1047 599 143 38 53 1
1 678 1048 599 143 38 53 1
1 678 1049 599 143 38 53 1
1 678 1050 599 143 38 53 1
1 678 1051 599 143 38 53 1
1 678 1052 598 143 38 53 1
1 678 1053 598 143 38 53 1
1 678 1054 598 143 38 53 1
1 678 1055 598 143 38 53 1
1 678 1056 598 143 38 53 1
1 678 1057 598 143 38 53 1
1 678 1058 598 143 38 53 1
1 678 1059 598 143 38 53 1
1 678 1060 598 143 38 53 1
1 678 1061 598 143 38 53 1
1 678 1062 598 143 38 53 1
1 678 1063 597 142 38 53 1
1 678 1064 597 142 38 53 1
1 678 1065 597 142 38 53 1
1 678 1066 597 142 38 53 1
1 678 1067 597 142 38 53 1
1 678 1068 597 142 38 53 1
1 678 1069 597 142 38 53 1
1 678 1070 597 142 38 53 1
1 678 1071 597 142 38 53 1
1 678 1072 597 142 38 53 1
1 678 1073 597 142 38 53 1
1 678 1074 596 142 38 53 1
1 678 1075 596 142 38 53 1
1 678 1076 596 142 38 53 1
1 678 1077 596 142 38 53 1
1 678 1078 596 142 38 53 1
1 678 1079 596 142 38 53 1
1 678 1080 596 142 38 53 1
1 678 1081 596 142 38 53 1
1 678 1082 596 142 38 53 1
1 678 1083 596 142 38 53 1
1 678 1084 596 142 38 53 1
1 678 1085 596 142 38 53 1
1 678 1086 595 141 38 53 1
1 678 1087 595 141 38 53 1
1 678 1088 595 141 38 53 1
1 678 1089 595 141 38 53 1
1 678 1090 595 141 38 53 1
1 678 1091 595 141 38 53 1
1 678 1092 595 141 38 53 1
1 678 1093 595 141 38 53 1
1 678 1094 595 141 38 53 1
1 678 1095 595 141 38 53 1
1 678 1096 595 141 38 53 1
1 678 1097 594 141 38 53 1
1 678 1098 594 141 38 53 1
1 678 1099 594 141 38 53 1
1 678 1100 594 141 38 53 1
1 678 1101 594 141 38 53 1
1 678 1102 594 141 38 53 1
1 678 1103 594 141 38 53 1
1 678 1104 594 141 38 53 1
1 678 1105 594 141 38 53 1
1 678 1106 594 141 38 53 1
1 678 1107 594 141 38 53 1
1 678 1108 593 140 38 53 1
1 678 1109 593 140 38 53 1
1 678 1110 593 140 38 53 1
1 678 1111 593 140 38 53 1
1 678 1112 593 140 38 53 1
1 678 1113 593 140 38 53 1
1 678 1114 593 140 38 53 1
1 678 1115 593 140 38 53 1
1 678 1116 593 140 38 53 1
1 678 1117 593 140 38 53 1
1 678 1118 593 140 38 53 1
1 678 1119 592 140 38 53 1
1 678 1120 592 140 38 53 1
1 678 1121 592 140 38 53 1
1 678 1122 592 140 38 53 1
1 678 1123 592 140 38 53 1
1 678 1124 592 140 38 53 1
1 678 1125 592 140 38 53 1
1 678 1126 592 140 38 53 1
1 678 1127 592 140 38 53 1
1 678 1128 592 140 38 53 1
1 678 1129 592 140 38 53 1
1 678 1130 592 140 38 53 1
1 678 1131 591 139 38 52 1
1 678 1132 590 139 38 51 1
1 678 1133 589 139 38 50 1
1 678 1134 589 139 37 49 1
1 678 1135 588 138 37 49 1
1 678 1136 587 138 37 48 1
1 678 1137 586 138 37 47 1
1 678 1138 586 138 37 46 1
1 678 1139 585 138 37 45 1
1 678 1140 584 137 37 45 1
1 678 1141 583 137 37 44 1
1 678 1142 583 137 36 43 1
1 678 1143 582 137 36 42 1
1 678 1144 581 136 37 42 1
1 678 1145 580 136 37 41 1
1 678 1146 580 136 36 40 1
1 678 1147 579 136 36 39 1
1 678 1148 578 135 36 39 1
1 678 1149 577 135 36 38 1
1 678 1150 576 135 37 37 1
1 678 1151 576 135 36 36 1
1 678 1152 575 134 36 36 1
1 678 1153 574 134 36 35 1
1 678 1154 573 134 36 33 1
1 678 1155 573 134 36 33 1
1 678 1156 570 133 37 33 1
1 678 1157 568 133 37 33 1
1 678 1158 565 133 38 32 1
1 678 1159 563 132 38 33 1
1 678 1160 561 132 38 33 1
1 678 1161 558 132 40 32 1
1 678 1162 556 131 40 33 1
1 678 1163 554 131 40 33 1
1 678 1164 551 131 41 32 1
1 678 1165 549 131 41 32 1
1 678 1166 547 130 41 33 1
1 678 1167 544 130 43 32 1
1 678 1168 542 130 43 32 1
1 678 1169 540 129 43 33 1
1 678 1170 537 129 44 32 1
1 678 1171 535 129 44 32 1
1 678 1172 533 129 45 32 1
1 678 1173 531 128 45 33 1
1 678 1174 530 128 45 33 1
1 678 1175 528 128 45 33 1
1 678 1176 527 128 45 33 1
1 678 1177 526 128 45 33 1
1 678 1178 524 128 45 33 1
1 678 1179 523 128 45 33 1
1 678 1180 521 128 46 34 1
1 678 1181 520 128 45 34 1
1 678 1182 519 128 45 34 1
1 678 1183 517 128 46 34 1
1 678 1184 516 128 45 34 1
1 678 1185 514 128 46 34 1
1 678 1186 513 128 45 34 1
1 678 1187 512 127 45 36 1
1 678 1188 510 127 46 36 1
1 678 1189 509 127 45 36 1
1 678 1190 507 127 46 36 1
1 678 1191 506 127 46 36 1
1 678 1192 505 127 45 36 1
1 678 1193 503 127 46 36 1
1 678 1194 502 127 46 37 1
1 678 1195 500 127 46 37 1
1 678 1196 499 127 46 37 1
1 678 1197 498 127 46 37 1
1 678 1198 496 127 46 37 1
1 678 1199 495 127 46 37 1
1 678 1200 494 127 46 38 1
1 678 1201 493 126 46 39 1
1 678 1202 492 126 46 40 1
1 678 1203 491 125 46 41 1
1 678 1204 490 125 46 42 1
1 678 1205 489 125 46 43 1
1 678 1206 488 124 46 44 1
1 678 1207 487 124 46 45 1
1 678 1208 486 123 46 47 1
1 678 1209 484 123 47 47 1
1 678 1210 483 122 47 49 1
1 678 1211 482 122 47 50 1
1 678 1212 481 122 46 51 1
1 678 1213 479 121 47 52 1
1 678 1214 478 121 47 53 1
1 678 1215 476 120 48 55 1
1 678 1216 475 120 47 56 1
1 678 1217 473 119 48 58 1
1 678 1218 471 119 48 58 1
1 678 1219 470 119 48 59 1
1 678 1220 468 118 48 61 1
1 678 1221 466 118 49 62 1
1 678 1222 464 117 49 64 1
1 678 1223 462 117 49 65 1
1 678 1224 459 117 50 66 1
1 678 1225 457 116 50 68 1
1 678 1226 455 116 50 68 1
1 678 1227 452 115 51 70 1
1 678 1228 449 115 52 71 1
1 678 1229 447 115 52 73 1
1 678 1230 445 114 52 73 1
1 678 1231 443 114 52 73 1
1 678 1232 442 114 52 73 1
1 678 1233 440 113 52 74 1
1 678 1234 438 113 53 74 1
1 678 1235 437 113 52 74 1
1 678 1236 435 112 53 75 1
1 678 1237 433 112 53 75 1
1 678 1238 432 112 53 75 1
1 678 1239 430 111 53 76 1
1 678 1240 428 111 54 76 1
1 678 1241 427 111 53 76 1
1 678 1242 425 110 54 77 1
1 678 1243 424 110 53 77 1
1 678 1244 422 110 54 77 1
1 678 1245 420 109 54 78 1
1 678 1246 419 109 54 78 1
1 678 1247 417 109 54 78 1
1 678 1248 415 108 55 79 1
1 678 1249 414 108 54 79 1
1 678 1250 412 108 55 79 1
1 678 1251 410 107 55 80 1
1 678 1252 409 107 55 80 1
1 678 1253 407 107 55 80 1
1 678 1254 405 106 56 81 1
1 678 1255 404 106 55 81 1
1 678 1256 402 106 56 81 1
1 678 1257 401 106 56 81 1
1 678 1258 399 105 56 81 1
1 678 1259 398 105 56 81 1
1 678 1260 397 105 56 81 1
1 678 1261 395 105 56 81 1
1 678 1262 394 105 56 81 1
1 678 1263 393 105 56 81 1
1 678 1264 391 105 56 81 1
1 678 1265 390 105 56 81 1
1 678 1266 389 105 56 81 1
1 678 1267 387 104 56 81 1
1 678 1268 386 104 56 81 1
1 678 1269 385 104 56 81 1
1 678 1270 383 104 56 81 1
1 678 1271 382 104 56 81 1
1 678 1272 381 104 56 81 1
1 678 1273 379 104 56 81 1
1 678 1274 378 104 56 81 1
1 678 1275 377 104 56 81 1
1 678 1276 376 104 56 81 1
1 678 1277 374 103 56 81 1
1 678 1278 373 103 56 81 1
1 678 1279 372 103 56 81 1
1 678 1280 370 103 56 81 1
1 678 1281 369 103 56 81 1
1 678 1282 368 103 56 81 1
1 678 1283 366 103 56 81 1
1 678 1284 365 103 56 81 1
1 678 1285 364 103 56 81 1
1 678 1286 362 102 56 81 1
1 678 1287 361 102 56 81 1
1 678 1288 360 102 56 81 1
1 678 1289 358 102 56 81 1
1 678 1290 357 102 56 81 1
1 678 1291 356 102 56 81 1
1 678 1292 354 102 56 81 1
1 678 1293 353 102 56 81 1
1 678 1294 352 102 56 81 1
1 678 1295 351 102 56 81 1
1 678 1296 349 102 56 81 1
1 678 1297 347 102 56 81 1
1 678 1298 345 102 56 81 1
1 678 1299 343 102 56 81 1
1 678 1300 341 102 56 81 1
1 678 1301 339 102 56 81 1
1 678 1302 337 102 56 81 1
1 678 1303 335 102 56 81 1
1 678 1304 333 102 56 81 1
1 678 1305 332 102 56 81 1
1 678 1306 330 102 56 81 1
1 678 1307 328 102 56 81 1
1 678 1308 326 102 56 81 1
1 678 1309 324 102 56 81 1
1 678 1310 322 102 56 81 1
1 678 1311 320 102 56 81 1
1 678 1312 318 102 56 81 1
1 678 1313 316 102 56 81 1
1 678 1314 315 102 56 81 1
1 678 1315 313 102 56 81 1
1 678 1316 311 102 56 81 1
1 678 1317 309 102 56 81 1
1 678 1318 307 102 56 81 1
1 678 1319 305 102 56 81 1
1 678 1320 303 102 56 81 1
1 678 1321 301 102 56 81 1
1 678 1322 299 102 56 81 1
1 678 1323 297 102 56 81 1
1 678 1324 296 102 56 81 1
1 678 1325 294 102 56 81 1
1 678 1326 292 102 56 81 1
1 678 1327 290 102 56 81 1
1 678 1328 288 102 56 81 1
1 678 1329 286 102 56 81 1
1 678 1330 284 102 56 81 1
1 678 1331 282 102 56 81 1
1 678 1332 280 102 56 81 1
1 678 1333 279 102 56 81 1
1 678 1334 277 101 56 80 1
1 678 1335 276 101 56 79 1
1 678 1336 274 100 56 79 1
1 678 1337 273 100 56 78 1
1 678 1338 272 100 55 77 1
1 678 1339 270 99 56 77 1
1 678 1340 269 99 55 76 1
1 678 1341 268 99 55 74 1
1 678 1342 266 98 55 74 1
1 678 1343 265 98 55 73 1
1 678 1344 264 97 54 73 1
1 678 1345 262 97 55 72 1
1 678 1346 261 97 54 71 1
1 678 1347 260 96 54 71 1
1 678 1348 258 96 54 70 1
1 678 1349 257 95 54 70 1
1 678 1350 256 95 53 69 1
1 678 1351 254 95 54 67 1
1 678 1352 253 94 54 67 1
1 678 1353 251 94 54 66 1
1 678 1354 250 93 54 66 1
1 678 1355 249 93 53 65 1
1 678 1356 247 93 54 64 1
1 678 1357 246 92 53 64 1
1 678 1358 245 92 53 63 1
1 678 1359 243 91 53 63 1
1 678 1360 242 91 53 62 1
1 678 1361 241 91 53 61 1
2 333 0 373 94 89 117 2
2 333 1 373 95 89 117 2
2 333 2 373 96 89 117 2
2 333 3 373 98 89 117 2
2 333 4 373 99 89 117 2
2 333 5 373 100 89 117 2
2 333 6 373 102 89 117 2
2 333 7 373 103 89 117 2
2 333 8 373 104 89 117 2
2 333 9 373 106 89 117 2
2 333 10 374 107 89 117 2
2 333 11 374 108 89 117 2
2 333 12 374 110 89 117 2
2 333 13 374 111 89 117 2
2 333 14 374 112 89 117 2
2 333 15 374 114 89 117 2
2 333 16 374 115 89 117 2
2 333 17 374 116 89 117 2
2 333 18 374 118 89 117 2
2 333 19 374 119 89 117 2
2 333 20 375 120 89 117 2
2 333 21 375 122 89 117 2
2 333 22 375 123 89 117 2
2 333 23 375 124 89 117 2
2 333 24 375 126 89 117 2
2 333 25 375 127 89 117 2
2 333 26 375 128 89 117 2
2 333 27 375 130 89 117 2
2 333 28 375 131 89 117 2
2 333 29 376 133 89 117 2
2 333 30 376 134 89 117 2
2 333 31 376 135 89 118 2
2 333 32 376 136 90 118 2
2 333 33 376 137 90 119 2
2 333 34 377 138 90 119 2
2 333 35 377 139 90 120 2
2 333 36 377 140 91 120 2
2 333 37 377 141 91 121 2
2 333 38 378 142 91 121 2
2 333 39 378 143 91 122 2
2 333 40 378 145 92 122 2
2 333 41 378 146 92 122 2
2 333 42 378 147 93 123 2
2 333 43 379 148 92 123 2
2 333 44 379 149 93 124 2
2 333 45 379 150 93 125 2
2 333 46 379 151 93 125 2
2 333 47 380 153 93 125 2
2 333 48 380 154 93 126 2
2 333 49 380 155 94 126 2
2 333 50 380 156 94 127 2
2 333 51 381 157 94 128 2
2 333 52 381 159 94 128 2
2 333 53 381 160 95 128 2
2 333 54 381 161 96 129 2
2 333 55 382 162 95 130 2
2 333 56 382 164 96 129 2
2 333 57 382 165 96 130 2
2 333 58 382 166 97 131 2
2 333 59 383 167 96 132 2
2 333 60 383 169 97 132 2
2 333 61 383 170 97 132 2
2 333 62 384 171 97 133 2
2 333 63 384 173 97 133 2
2 333 64 384 174 98 134 2
2 333 65 384 175 98 135 2
2 333 66 385 177 98 134 2
2 333 67 385 178 98 135 2
2 333 68 385 179 99 136 2
2 333 69 385 181 100 136 2
2 333 70 386 182 99 137 2
2 333 71 386 183 100 138 2
2 333 72 386 185 100 138 2
2 333 73 387 186 100 139 2
2 333 74 387 188 100 139 2
2 333 75 387 189 101 140 2
2 333 76 388 191 101 140 2
2 333 77 388 192 101 140 2
2 333 78 388 193 101 140 2
2 333 79 388 194 101 140 2
2 333 80 388 195 101 140 2
2 333 81 388 196 101 140 2
2 333 82 388 198 101 140 2
2 333 83 388 199 101 140 2
2 333 84 388 200 101 140 2
2 333 85 388 201 101 140 2
2 333 86 388 202 101 140 2
2 333 87 388 204 101 140 2
2 333 88 388 205 101 140 2
2 333 89 388 206 101 140 2
2 333 90 388 207 101 140 2
2 333 91 388 208 101 140 2
2 333 92 388 210 101 140 2
2 333 93 388 211 101 140 2
2 333 94 388 212 101 140 2
2 333 95 388 213 101 140 2
2 333 96 388 214 101 140 2
2 333 97 388 216 101 140 2
2 333 98 388 217 101 140 2
2 333 99 388 218 101 140 2
2 333 100 388 219 101 140 2
2 333 101 388 220 101 140 2
2 333 102 388 222 101 140 2
2 333 103 388 223 101 140 2
2 333 104 388 224 101 140 2
2 333 105 388 225 101 140 2
2 333 106 388 226 101 140 2
2 333 107 388 228 101 140 2
2 333 108 388 229 101 140 2
2 333 109 388 230 101 140 2
2 333 110 388 231 101 140 2
2 333 111 388 232 101 140 2
2 333 112 388 234 101 140 2
2 333 113 388 235 101 140 2
2 333 114 388 236 101 140 2
2 333 115 388 237 101 140 2
2 333 116 388 238 101 140 2
2 333 117 388 240 101 140 2
2 333 118 388 241 101 140 2
2 333 119 388 242 101 140 2
2 333 120 388 243 101 140 2
2 333 121 388 244 101 140 2
2 333 122 388 246 101 140 2
2 333 123 388 247 101 140 2
2 333 124 388 248 101 140 2
2 333 125 388 249 101 140 2
2 333 126 388 250 101 140 2
2 333 127 388 252 101 140 2
2 333 128 388 253 101 140 2
2 333 129 388 254 101 140 2
2 333 130 388 255 101 140 2
2 333 131 388 256 101 140 2
2 333 132 388 258 101 140 2
2 333 133 388 259 101 140 2
2 333 134 388 260 101 140 2
2 333 135 388 261 101 140 2
2 333 136 388 262 101 140 2
2 333 137 388 264 101 140 2
2 333 138 388 265 101 140 2
2 333 139 388 266 101 140 2
2 333 140 388 267 101 140 2
2 333 141 388 268 101 140 2
2 333 142 388 270 101 140 2
2 333 143 388 272 101 141 2
2 333 144 388 274 101 142 2
2 333 145 388 276 102 143 2
2 333 146 388 278 102 144 2
2 333 147 388 280 102 145 2
2 333 148 388 281 103 147 2
2 333 149 388 283 103 148 2
2 333 150 388 285 103 149 2
2 333 151 388 287 104 150 2
2 333 152 388 289 104 152 2
2 333 153 388 291 105 153 2
2 333 154 388 293 105 154 2
2 333 155 388 295 105 155 2
2 333 156 388 297 106 156 2
2 333 157 388 299 106 157 2
2 333 158 388 301 107 158 2
2 333 159 388 303 107 160 2
2 333 160 388 305 107 161 2
2 333 161 389 307 107 162 2
2 333 162 389 309 107 163 2
2 333 163 389 311 108 164 2
2 333 164 389 313 108 165 2
2 333 165 389 315 108 166 2
2 333 166 389 317 109 168 2
2 333 167 389 319 109 169 2
2 333 168 389 321 110 170 2
2 333 169 389 323 110 171 2
2 333 170 389 325 111 172 2
2 333 171 389 327 111 173 2
2 333 172 389 328 111 176 2
2 333 173 389 330 112 177 2
2 333 174 389 332 112 178 2
2 333 175 389 334 113 179 2
2 333 176 389 336 113 180 2
2 333 177 389 338 114 182 2
2 333 178 389 340 114 183 2
2 333 179 389 342 114 184 2
2 333 180 389 344 115 185 2
2 333 181 389 346 115 186 2
2 333 182 389 348 116 188 2
2 333 183 389 349 116 190 2
2 333 184 389 351 117 191 2
2 333 185 389 353 117 192 2
2 333 186 389 355 118 194 2
2 333 187 389 357 118 195 2
2 333 188 389 359 119 196 2
2 333 189 389 361 119 197 2
2 333 190 389 363 120 199 2
2 333 191 389 366 120 199 2
2 333 192 389 369 120 199 2
2 333 193 389 372 120 199 2
2 333 194 389 375 120 199 2
2 333 195 389 378 120 199 2
2 333 196 389 381 120 199 2
2 333 197 390 384 120 199 2
2 333 198 390 388 120 199 2
2 333 199 390 391 120 199 2
2 333 200 390 394 120 199 2
2 333 201 390 397 120 199 2
2 333 202 390 400 120 199 2
2 333 203 390 403 120 199 2
2 333 204 391 406 120 199 2
2 333 205 391 409 120 199 2
2 333 206 391 413 120 199 2
2 333 207 391 416 120 199 2
2 333 208 391 419 120 199 2
2 333 209 391 422 120 199 2
2 333 210 391 425 120 199 2
2 333 211 392 428 120 199 2
2 333 212 392 431 120 199 2
2 333 213 392 434 120 199 2
2 333 214 392 438 120 199 2
2 333 215 392 441 120 199 2
2 333 216 392 444 120 199 2
2 333 217 393 447 120 199 2
2 333 218 393 450 120 199 2
2 333 219 393 453 120 199 2
2 333 220 393 456 120 199 2
2 333 221 393 459 120 199 2
2 333 222 393 463 120 199 2
2 333 223 393 466 120 199 2
2 333 224 394 469 120 199 2
2 333 225 394 472 120 199 2
2 333 226 394 475 120 199 2
2 333 227 394 478 120 199 2
2 333 228 394 481 120 199 2
2 333 229 394 484 120 199 2
2 333 230 394 488 120 199 2
2 333 231 395 491 120 199 2
2 333 232 395 494 120 199 2
2 333 233 395 497 120 199 2
2 333 234 395 500 120 199 2
2 333 235 395 503 120 199 2
2 333 236 395 506 120 199 2
2 333 237 396 510 120 199 2
2 333 238 395 514 121 200 2
2 333 239 395 518 121 201 2
2 333 240 395 523 121 202 2
2 333 241 395 527 121 203 2
2 333 242 395 532 121 204 2
2 333 243 395 536 122 205 2
2 333 244 394 540 123 207 2
2 333 245 394 545 123 207 2
2 333 246 394 549 123 208 2
2 333 247 394 553 123 210 2
2 333 248 394 558 123 210 2
2 333 249 394 562 124 212 2
2 333 250 394 567 124 212 2
2 333 251 393 571 125 214 2
2 333 252 393 575 125 215 2
2 333 253 393 580 125 216 2
2 333 254 393 584 125 217 2
2 333 255 393 589 126 217 2
2 333 256 393 593 126 219 2
2 333 257 392 597 127 220 2
2 333 258 392 602 127 221 2
2 333 259 392 606 127 222 2
2 333 260 392 610 128 224 2
2 333 261 392 615 128 224 2
2 333 262 392 619 128 226 2
2 333 263 391 623 129 227 2
2 333 264 391 628 129 228 2
2 333 265 391 632 130 229 2
2 333 266 391 637 130 230 2
2 333 267 391 641 130 231 2
2 333 268 391 645 130 233 2
2 333 269 390 650 131 233 2
2 333 270 390 654 132 234 2
2 333 271 390 658 132 236 2
2 333 272 390 663 132 236 2
2 333 273 390 667 132 238 2
2 333 274 389 671 133 239 2
2 333 275 389 676 134 240 2
2 333 276 389 680 134 241 2
2 333 277 389 684 134 243 2
2 333 278 389 689 134 243 2
2 333 279 388 693 135 245 2
2 333 280 388 697 136 246 2
2 333 281 388 702 136 247 2
2 333 282 388 706 136 248 2
2 333 283 388 710 136 250 2
2 333 284 388 715 137 251 2
2 333 285 388 721 137 251 2
2 333 286 388 727 137 251 2
2 333 287 388 733 137 251 2
2 333 288 388 739 137 251 2
2 333 289 388 746 137 251 2
2 333 290 388 752 137 251 2
2 333 291 389 758 137 251 2
2 333 292 389 764 137 251 2
2 333 293 389 770 137 251 2
2 333 294 389 777 137 251 2
2 333 295 389 783 137 251 2
2 333 296 389 789 137 251 2
2 333 297 390 795 137 251 2
2 333 298 390 801 137 251 2
2 333 299 390 808 137 251 2
2 333 300 390 814 137 251 2
2 333 301 390 820 137 251 2
2 333 302 390 826 137 251 2
2 333 303 391 833 137 246 2
2 333 304 391 840 135 239 2
2 333 305 391 848 134 231 2
2 333 306 392 856 133 223 2
2 333 307 392 863 132 216 2
2 333 308 393 871 130 207 2
2 333 309 393 878 129 200 2
2 333 310 393 885 128 192 2
2 333 311 393 893 128 183 2
2 333 312 393 900 127 176 2
2 333 313 393 907 126 168 2
2 333 314 393 914 126 161 2
2 333 315 393 921 125 154 2
2 333 316 393 927 125 148 2
2 333 317 393 934 124 140 2
2 333 318 393 941 124 133 2
2 333 319 393 948 124 126 2
2 333 320 393 954 123 120 2
2 333 321 393 961 123 114 2
2 333 322 393 967 123 108 2
2 333 323 392 973 123 102 2
2 333 324 392 980 123 95 2
2 333 325 392 986 123 90 2
2 333 326 391 992 124 84 2
2 333 327 391 998 124 79 2
2 333 328 390 1005 125 72 2
2 333 329 390 1011 125 67 2
2 333 330 390 1017 125 61 2
2 333 331 389 1023 125 56 2
2 333 332 389 1029 126 50 2
3 1658 133 379 1 72 51 2
3 1658 134 378 1 72 52 2
3 1658 135 378 1 72 53 2
3 1658 136 378 1 72 54 2
3 1658 137 378 2 71 54 2
3 1658 138 378 2 71 56 2
3 1658 139 378 2 71 57 2
3 1658 140 377 2 72 58 2
3 1658 141 377 3 71 58 2
3 1658 142 377 3 71 59 2
3 1658 143 377 3 71 61 2
3 1658 144 377 3 71 62 2
3 1658 145 377 4 70 62 2
3 1658 146 376 4 71 63 2
3 1658 147 376 4 71 65 2
3 1658 148 376 4 71 66 2
3 1658 149 376 4 71 67 2
3 1658 150 376 5 70 67 2
3 1658 151 375 5 71 69 2
3 1658 152 375 5 71 70 2
3 1658 153 375 5 71 71 2
3 1658 154 375 5 71 72 2
3 1658 155 374 6 71 73 2
3 1658 156 374 6 71 74 2
3 1658 157 374 6 71 75 2
3 1658 158 374 6 71 77 2
3 1658 159 373 6 72 78 2
3 1658 160 373 7 72 78 2
3 1658 161 373 7 72 79 2
3 1658 162 373 7 71 81 2
3 1658 163 372 7 72 82 2
3 1658 164 372 7 72 83 2
3 1658 165 372 7 72 85 2
3 1658 166 371 8 73 85 2
3 1658 167 371 8 73 86 2
3 1658 168 371 8 73 88 2
3 1658 169 370 8 74 89 2
3 1658 170 370 8 74 90 2
3 1658 171 370 8 74 92 2
3 1658 172 369 8 74 93 2
3 1658 173 369 8 74 94 2
3 1658 174 369 8 74 96 2
3 1658 175 368 9 75 96 2
3 1658 176 368 9 75 97 2
3 1658 177 367 9 76 99 2
3 1658 178 367 9 76 100 2
3 1658 179 367 9 76 102 2
3 1658 180 367 10 77 103 2
3 1658 181 366 10 77 103 2
3 1658 182 366 11 77 103 2
3 1658 183 366 11 77 103 2
3 1658 184 366 12 77 103 2
3 1658 185 366 13 77 103 2
3 1658 186 366 13 77 103 2
3 1658 187 366 14 77 103 2
3 1658 188 366 15 77 103 2
3 1658 189 366 15 77 103 2
3 1658 190 366 16 77 103 2
3 1658 191 366 17 77 103 2
3 1658 192 365 17 77 103 2
3 1658 193 365 18 77 103 2
3 1658 194 365 19 77 103 2
3 1658 195 365 19 77 103 2
3 1658 196 365 20 77 103 2
3 1658 197 365 21 77 103 2
3 1658 198 365 21 77 103 2
3 1658 199 365 22 77 103 2
3 1658 200 365 23 77 103 2
3 1658 201 365 23 77 103 2
3 1658 202 365 24 77 103 2
3 1658 203 365 25 77 103 2
3 1658 204 364 25 77 103 2
3 1658 205 364 26 77 103 2
3 1658 206 364 26 77 103 2
3 1658 207 364 27 77 103 2
3 1658 208 364 28 77 103 2
3 1658 209 364 28 77 103 2
3 1658 210 364 29 77 103 2
3 1658 211 364 30 77 103 2
3 1658 212 364 30 77 103 2
3 1658 213 364 31 77 103 2
3 1658 214 364 32 77 103 2
3 1658 215 364 32 77 103 2
3 1658 216 363 33 77 103 2
3 1658 217 363 34 77 103 2
3 1658 218 363 34 77 103 2
3 1658 219 363 35 77 103 2
3 1658 220 363 36 77 103 2
3 1658 221 363 36 77 103 2
3 1658 222 363 37 77 103 2
3 1658 223 363 38 77 103 2
3 1658 224 363 38 77 103 2
3 1658 225 363 39 77 103 2
3 1658 226 363 40 77 103 2
3 1658 227 363 40 77 103 2
3 1658 228 362 41 77 103 2
3 1658 229 362 41 77 103 2
3 1658 230 362 42 77 103 2
3 1658 231 362 43 77 103 2
3 1658 232 362 43 77 103 2
3 1658 233 362 44 77 103 2
3 1658 234 362 45 77 103 2
3 1658 235 362 45 77 103 2
3 1658 236 362 46 77 103 2
3 1658 237 362 47 77 103 2
3 1658 238 362 47 77 103 2
3 1658 239 362 48 77 103 2
3 1658 240 361 49 77 103 2
3 1658 241 361 49 77 103 2
3 1658 242 361 50 77 103 2
3 1658 243 361 51 77 103 2
3 1658 244 361 51 77 103 2
3 1658 245 361 52 77 103 2
3 1658 246 361 53 77 103 2
3 1658 247 361 53 77 103 2
3 1658 248 361 54 77 103 2
3 1658 249 361 55 77 103 2
3 1658 250 361 55 77 103 2
3 1658 251 361 56 77 103 2
3 1658 252 360 56 77 103 2
3 1658 253 360 57 77 103 2
3 1658 254 360 58 77 103 2
3 1658 255 360 58 77 103 2
3 1658 256 360 59 77 103 2
3 1658 257 360 60 77 103 2
3 1658 258 360 60 77 103 2
3 1658 259 360 61 77 103 2
3 1658 260 360 62 77 103 2
3 1658 261 360 62 77 103 2
3 1658 262 360 63 77 103 2
3 1658 263 360 64 77 103 2
3 1658 264 359 64 77 103 2
3 1658 265 359 65 77 103 2
3 1658 266 359 66 77 103 2
3 1658 267 359 66 77 103 2
3 1658 268 359 67 77 103 2
3 1658 269 359 68 77 103 2
3 1658 270 359 68 77 103 2
3 1658 271 359 69 77 103 2
3 1658 272 359 70 77 103 2
3 1658 273 359 70 77 103 2
3 1658 274 359 71 77 103 2
3 1658 275 359 72 77 103 2
3 1658 276 359 72 77 103 2
3 1658 277 359 72 78 104 2
3 1658 278 359 73 79 103 2
3 1658 279 360 73 79 104 2
3 1658 280 360 74 79 104 2
3 1658 281 360 74 80 104 2
3 1658 282 360 74 81 105 2
3 1658 283 361 75 81 105 2
3 1658 284 361 75 82 105 2
3 1658 285 361 76 82 105 2
3 1658 286 361 76 83 105 2
3 1658 287 362 76 83 106 2
3 1658 288 362 77 84 106 2
3 1658 289 362 77 85 106 2
3 1658 290 363 78 84 106 2
3 1658 291 363 78 85 107 2
3 1658 292 363 78 86 107 2
3 1658 293 363 79 87 107 2
3 1658 294 364 79 87 108 2
3 1658 295 364 80 87 107 2
3 1658 296 364 80 88 108 2
3 1658 297 364 81 89 107 2
3 1658 298 365 81 89 108 2
3 1658 299 365 81 89 109 2
3 1658 300 365 82 90 108 2
3 1658 301 365 82 91 109 2
3 1658 302 366 83 91 109 2
3 1658 303 366 83 92 109 2
3 1658 304 366 83 92 110 2
3 1658 305 367 84 92 110 2
3 1658 306 367 84 93 110 2
3 1658 307 367 85 94 110 2
3 1658 308 367 85 95 111 2
3 1658 309 368 85 95 111 2
3 1658 310 368 86 95 111 2
3 1658 311 368 86 96 112 2
3 1658 312 368 86 97 112 2
3 1658 313 369 87 97 112 2
3 1658 314 369 87 98 113 2
3 1658 315 369 88 98 112 2
3 1658 316 369 88 99 113 2
3 1658 317 370 88 99 113 2
3 1658 318 370 89 100 113 2
3 1658 319 370 89 101 114 2
3 1658 320 370 90 101 113 2
3 1658 321 371 90 101 114 2
3 1658 322 371 90 102 115 2
3 1658 323 371 91 103 114 2
3 1658 324 371 91 104 115 2
3 1658 325 372 91 103 116 2
3 1658 326 372 92 104 115 2
3 1658 327 372 92 105 116 2
3 1658 328 372 93 106 116 2
3 1658 329 373 93 106 116 2
3 1658 330 373 93 106 117 2
3 1658 331 373 94 107 117 2
3 1658 332 373 94 108 117 2
3 1658 333 374 95 108 117 2
3 1658 334 374 95 109 118 2
3 1658 335 374 95 110 118 2
3 1658 336 374 96 110 118 2
3 1658 337 375 96 110 119 2
3 1658 338 375 96 111 119 2
3 1658 339 375 97 112 119 2
3 1658 340 375 97 113 120 2
3 1658 341 376 98 113 120 2
3 1658 342 376 98 114 120 2
3 1658 343 377 99 115 119 2
3 1658 344 378 99 115 119 2
3 1658 345 378 100 117 118 2
3 1658 346 379 100 118 118 2
3 1658 347 380 101 118 117 2
3 1658 348 381 101 119 117 2
3 1658 349 381 102 120 116 2
3 1658 350 382 103 121 116 2
3 1658 351 383 103 122 116 2
3 1658 352 384 104 122 115 2
3 1658 353 384 104 124 115 2
3 1658 354 385 105 124 114 2
3 1658 355 386 105 125 114 2
3 1658 356 386 106 127 113 2
3 1658 357 387 107 127 112 2
3 1658 358 388 107 128 113 2
3 1658 359 389 108 128 112 2
3 1658 360 389 108 130 112 2
3 1658 361 390 109 131 111 2
3 1658 362 391 109 131 111 2
3 1658 363 392 110 132 110 2
3 1658 364 392 110 133 110 2
3 1658 365 393 111 134 109 2
3 1658 366 394 112 135 109 2
3 1658 367 394 112 136 109 2
3 1658 368 395 113 137 108 2
3 1658 369 396 113 137 108 2
3 1658 370 397 114 138 107 2
3 1658 371 397 114 140 107 2
3 1658 372 398 115 140 106 2
3 1658 373 399 116 141 105 2
3 1658 374 400 116 141 106 2
3 1658 375 400 117 143 105 2
3 1658 376 401 117 144 105 2
3 1658 377 402 118 144 104 2
3 1658 378 402 118 146 104 2
3 1658 379 403 119 146 103 2
3 1658 380 404 119 147 103 2
3 1658 381 405 120 148 102 2
3 1658 382 405 121 149 102 2
3 1658 383 406 121 150 102 2
3 1658 384 407 122 150 101 2
3 1658 385 408 122 151 101 2
3 1658 386 408 123 153 100 2
3 1658 387 409 123 153 100 2
3 1658 388 410 124 154 99 2
3 1658 389 411 125 155 99 2
3 1658 390 412 125 155 99 2
3 1658 391 413 125 155 99 2
3 1658 392 414 125 155 99 2
3 1658 393 415 125 155 99 2
3 1658 394 417 125 155 99 2
3 1658 395 418 125 155 99 2
3 1658 396 419 126 155 99 2
3 1658 397 420 126 155 99 2
3 1658 398 421 126 155 99 2
3 1658 399 423 126 155 99 2
3 1658 400 424 126 155 99 2
3 1658 401 425 126 155 99 2
3 1658 402 426 126 155 99 2
3 1658 403 427 127 155 99 2
3 1658 404 429 127 155 99 2
3 1658 405 430 127 155 99 2
3 1658 406 431 127 155 99 2
3 1658 407 432 127 155 99 2
3 1658 408 434 127 155 99 2
3 1658 409 435 127 155 99 2
3 1658 410 436 128 155 99 2
3 1658 411 437 128 155 99 2
3 1658 412 438 128 155 99 2
3 1658 413 440 128 155 99 2
3 1658 414 441 128 155 99 2
3 1658 415 442 128 155 99 2
3 1658 416 443 129 155 99 2
3 1658 417 444 129 155 99 2
3 1658 418 446 129 155 99 2
3 1658 419 447 129 155 99 2
3 1658 420 448 129 155 99 2
3 1658 421 449 129 155 99 2
3 1658 422 451 129 155 99 2
3 1658 423 452 130 155 99 2
3 1658 424 453 130 155 99 2
3 1658 425 454 130 155 99 2
3 1658 426 455 130 155 99 2
3 1658 427 457 130 155 99 2
3 1658 428 458 130 155 99 2
3 1658 429 459 130 155 99 2
3 1658 430 460 131 155 99 2
3 1658 431 461 131 155 99 2
3 1658 432 463 131 155 99 2
3 1658 433 464 131 155 99 2
3 1658 434 465 131 155 99 2
3 1658 435 466 131 155 99 2
3 1658 436 468 132 155 99 2
3 1658 437 468 132 155 99 2
3 1658 438 469 132 155 99 2
3 1658 439 469 132 156 99 2
3 1658 440 470 132 156 99 2
3 1658 441 470 132 157 99 2
3 1658 442 471 132 157 99 2
3 1658 443 471 133 158 99 2
3 1658 444 472 133 157 99 2
3 1658 445 472 133 158 99 2
3 1658 446 473 133 158 99 2
3 1658 447 473 133 159 99 2
3 1658 448 474 133 159 99 2
3 1658 449 474 134 160 99 2
3 1658 450 475 134 160 99 2
3 1658 451 475 134 160 99 2
3 1658 452 476 134 160 99 2
3 1658 453 476 134 161 99 2
3 1658 454 477 134 161 99 2
3 1658 455 477 135 162 98 2
3 1658 456 478 135 162 99 2
3 1658 457 478 135 163 99 2
3 1658 458 479 135 162 99 2
3 1658 459 479 135 163 99 2
3 1658 460 480 135 163 99 2
3 1658 461 480 135 164 99 2
3 1658 462 481 136 164 99 2
3 1658 463 481 136 165 99 2
3 1658 464 482 136 165 99 2
3 1658 465 482 136 165 99 2
3 1658 466 483 136 165 99 2
3 1658 467 483 136 166 99 2
3 1658 468 484 137 166 99 2
3 1658 469 484 137 167 99 2
3 1658 470 485 137 167 99 2
3 1658 471 485 137 168 99 2
3 1658 472 486 137 167 99 2
3 1658 473 486 137 168 99 2
3 1658 474 487 138 168 98 2
3 1658 475 487 138 169 99 2
3 1658 476 488 138 169 99 2
3 1658 477 488 138 170 99 2
3 1658 478 489 138 170 99 2
3 1658 479 489 138 170 99 2
3 1658 480 490 138 170 99 2
3 1658 481 490 139 171 99 2
3 1658 482 491 139 171 99 2
3 1658 483 491 139 172 99 2
3 1658 484 492 139 172 99 2
3 1658 485 492 139 173 99 2
3 1658 486 493 139 172 99 2
3 1658 487 493 140 173 99 2
3 1658 488 494 140 173 99 2
3 1658 489 494 140 174 99 2
3 1658 490 495 140 174 99 2
3 1658 491 495 140 175 99 2
3 1658 492 496 140 175 99 2
3 1658 493 497 141 175 99 2
3 1658 494 497 141 175 99 2
3 1658 495 497 141 175 99 2
3 1658 496 497 141 175 99 2
3 1658 497 497 141 175 99 2
3 1658 498 497 141 175 99 2
3 1658 499 497 141 175 99 2
3 1658 500 497 141 175 99 2
3 1658 501 497 141 175 99 2
3 1658 502 497 141 175 99 2
3 1658 503 497 141 175 99 2
3 1658 504 497 141 175 99 2
3 1658 505 497 141 175 99 2
3 1658 506 497 141 175 99 2
3 1658 507 497 141 175 99 2
3 1658 508 497 141 175 99 2
3 1658 509 497 141 175 99 2
3 1658 510 497 141 175 99 2
3 1658 511 497 141 175 99 2
3 1658 512 497 141 175 99 2
3 1658 513 497 141 175 99 2
3 1658 514 497 141 175 99 2
3 1658 515 497 141 175 99 2
3 1658 516 497 141 175 99 2
3 1658 517 497 141 175 99 2
3 1658 518 497 141 175 99 2
3 1658 519 497 141 175 99 2
3 1658 520 497 141 175 99 2
3 1658 521 497 141 175 99 2
3 1658 522 497 141 175 99 2
3 1658 523 497 141 175 99 2
3 1658 524 497 141 175 99 2
3 1658 525 497 141 175 99 2
3 1658 526 497 141 175 99 2
3 1658 527 497 141 175 99 2
3 1658 528 497 141 175 99 2
3 1658 529 497 141 175 99 2
3 1658 530 497 141 175 99 2
3 1658 531 497 141 175 99 2
3 1658 532 497 141 175 99 2
3 1658 533 497 141 175 99 2
3 1658 534 497 141 175 99 2
3 1658 535 497 141 175 99 2
3 1658 536 497 141 175 99 2
3 1658 537 497 141 175 99 2
3 1658 538 497 141 175 99 2
3 1658 539 497 141 175 99 2
3 1658 540 497 141 175 99 2
3 1658 541 497 141 175 99 2
3 1658 542 497 141 175 99 2
3 1658 543 497 141 175 99 2
3 1658 544 497 141 175 99 2
3 1658 545 497 141 175 99 2
3 1658 546 497 141 175 99 2
3 1658 547 497 141 175 99 2
3 1658 548 497 141 175 99 2
3 1658 549 497 141 175 99 2
3 1658 550 497 141 175 99 2
3 1658 551 497 141 175 99 2
3 1658 552 497 141 175 99 2
3 1658 553 497 141 175 99 2
3 1658 554 497 141 175 99 2
3 1658 555 497 141 175 99 2
3 1658 556 497 141 175 99 2
3 1658 557 497 141 175 99 2
3 1658 558 497 141 175 99 2
3 1658 559 497 141 175 99 2
3 1658 560 497 141 175 99 2
3 1658 561 497 141 175 99 2
3 1658 562 497 141 175 99 2
3 1658 563 497 141 175 99 2
3 1658 564 497 141 175 99 2
3 1658 565 497 141 175 99 2
3 1658 566 497 141 175 99 2
3 1658 567 497 141 175 99 2
3 1658 568 497 141 175 99 2
3 1658 569 497 141 175 99 2
3 1658 570 497 141 175 99 2
3 1658 571 497 141 175 99 2
3 1658 572 497 141 175 99 2
3 1658 573 497 141 175 99 2
3 1658 574 497 141 175 99 2
3 1658 575 497 141 175 99 2
3 1658 576 497 141 175 99 2
3 1658 577 497 141 175 99 2
3 1658 578 497 141 175 99 2
3 1658 579 497 141 175 99 2
3 1658 580 497 141 175 99 2
3 1658 581 497 141 175 99 2
3 1658 582 497 141 175 99 2
3 1658 583 497 141 175 99 2
3 1658 584 497 141 175 99 2
3 1658 585 497 141 175 99 2
3 1658 586 497 141 175 99 2
3 1658 587 497 141 175 99 2
3 1658 588 497 141 175 99 2
3 1658 589 497 141 175 99 2
3 1658 590 497 141 175 99 2
3 1658 591 497 141 175 99 2
3 1658 592 497 141 175 99 2
3 1658 593 497 141 175 99 2
3 1658 594 497 141 175 99 2
3 1658 595 497 141 175 99 2
3 1658 596 497 141 175 99 2
3 1658 597 497 141 175 99 2
3 1658 598 497 141 175 99 2
3 1658 599 497 141 175 99 2
3 1658 600 497 141 175 99 2
3 1658 601 497 141 175 99 2
3 1658 602 497 141 175 99 2
3 1658 603 497 141 175 99 2
3 1658 604 497 141 175 99 2
3 1658 605 497 141 175 99 2
3 1658 606 497 141 175 99 2
3 1658 607 497 141 175 99 2
3 1658 608 497 141 175 99 2
3 1658 609 497 141 175 99 2
3 1658 610 497 141 175 99 2
3 1658 611 497 141 175 99 2
3 1658 612 497 141 175 99 2
3 1658 613 497 141 175 99 2
3 1658 614 497 141 175 99 2
3 1658 615 497 141 175 99 2
3 1658 616 497 141 175 99 2
3 1658 617 497 141 175 99 2
3 1658 618 497 141 175 99 2
3 1658 619 497 141 175 99 2
3 1658 620 497 141 175 99 2
3 1658 621 497 141 175 99 2
3 1658 622 497 141 175 99 2
3 1658 623 497 141 175 99 2
3 1658 624 497 141 175 99 2
3 1658 625 497 141 175 99 2
3 1658 626 497 141 175 99 2
3 1658 627 497 141 175 99 2
3 1658 628 497 141 175 99 2
3 1658 629 497 141 175 99 2
3 1658 630 497 141 175 99 2
3 1658 631 497 141 175 99 2
3 1658 632 497 141 175 99 2
3 1658 633 497 141 175 99 2
3 1658 634 497 141 175 99 2
3 1658 635 497 141 175 99 2
3 1658 636 497 141 175 99 2
3 1658 637 497 141 175 99 2
3 1658 638 497 141 175 99 2
3 1658 639 497 141 175 99 2
3 1658 640 497 141 175 99 2
3 1658 641 497 141 175 99 2
3 1658 642 497 141 175 99 2
3 1658 643 497 141 175 99 2
3 1658 644 497 141 175 99 2
3 1658 645 497 141 175 99 2
3 1658 646 497 141 175 99 2
3 1658 647 497 141 175 99 2
3 1658 648 497 141 175 99 2
3 1658 649 497 141 175 99 2
3 1658 650 497 141 175 99 2
3 1658 651 497 141 175 99 2
3 1658 652 497 141 175 99 2
3 1658 653 497 141 175 99 2
3 1658 654 497 141 175 99 2
3 1658 655 497 141 175 99 2
3 1658 656 497 141 175 99 2
3 1658 657 497 141 175 99 2
3 1658 658 497 141 175 99 2
3 1658 659 497 141 175 99 2
3 1658 660 497 141 175 99 2
3 1658 661 497 141 175 99 2
3 1658 662 497 141 175 99 2
3 1658 663 497 141 175 99 2
3 1658 664 497 141 175 99 2
3 1658 665 497 141 175 99 2
3 1658 666 497 141 175 99 2
3 1658 667 497 141 175 99 2
3 1658 668 497 141 175 99 2
3 1658 669 497 141 175 99 2
3 1658 670 497 141 175 99 2
3 1658 671 497 141 175 99 2
3 1658 672 497 141 175 99 2
3 1658 673 497 141 175 99 2
3 1658 674 497 141 175 99 2
3 1658 675 497 141 175 99 2
3 1658 676 497 141 175 99 2
3 1658 677 497 141 175 99 2
3 1658 678 497 141 175 99 2
3 1658 679 497 141 175 99 2
3 1658 680 497 141 175 99 2
3 1658 681 497 141 175 99 2
3 1658 682 497 141 175 99 2
3 1658 683 497 141 175 99 2
3 1658 684 497 141 175 99 2
3 1658 685 497 141 175 99 2
3 1658 686 497 141 175 99 2
3 1658 687 497 141 175 99 2
3 1658 688 497 141 175 99 2
3 1658 689 497 141 175 99 2
3 1658 690 497 141 175 99 2
3 1658 691 497 141 175 99 2
3 1658 692 497 141 175 99 2
3 1658 693 497 141 175 99 2
3 1658 694 497 141 175 99 2
3 1658 695 497 141 175 99 2
3 1658 696 497 141 175 99 2
3 1658 697 497 141 175 99 2
3 1658 698 497 141 175 99 2
3 1658 699 497 141 175 99 2
3 1658 700 497 141 175 99 2
3 1658 701 497 141 175 99 2
3 1658 702 497 141 175 99 2
3 1658 703 497 141 175 99 2
3 1658 704 497 141 175 99 2
3 1658 705 497 141 175 99 2
3 1658 706 497 141 175 99 2
3 1658 707 497 141 175 99 2
3 1658 708 497 141 175 99 2
3 1658 709 497 141 175 99 2
3 1658 710 497 141 175 99 2
3 1658 711 497 141 175 99 2
3 1658 712 497 141 175 99 2
3 1658 713 497 141 175 99 2
3 1658 714 497 141 175 99 2
3 1658 715 497 141 175 99 2
3 1658 716 497 141 175 99 2
3 1658 717 497 141 175 99 2
3 1658 718 497 141 175 99 2
3 1658 719 497 141 175 99 2
3 1658 720 497 141 175 99 2
3 1658 721 497 141 175 99 2
3 1658 722 497 141 175 99 2
3 1658 723 497 141 175 99 2
3 1658 724 497 141 175 99 2
3 1658 725 497 141 175 99 2
3 1658 726 497 141 175 99 2
3 1658 727 497 141 175 99 2
3 1658 728 497 141 175 99 2
3 1658 729 497 141 175 99 2
3 1658 730 497 141 175 99 2
3 1658 731 497 141 175 99 2
3 1658 732 497 141 175 99 2
3 1658 733 497 141 175 99 2
3 1658 734 497 141 175 99 2
3 1658 735 497 141 175 99 2
3 1658 736 497 141 175 99 2
3 1658 737 497 141 175 99 2
3 1658 738 497 141 175 99 2
3 1658 739 497 141 175 99 2
3 1658 740 497 141 175 99 2
3 1658 741 497 141 175 99 2
3 1658 742 497 141 175 99 2
3 1658 743 497 141 175 99 2
3 1658 744 497 141 175 99 2
3 1658 745 497 141 175 99 2
3 1658 746 497 141 175 99 2
3 1658 747 497 141 175 99 2
3 1658 748 497 141 175 99 2
3 1658 749 497 141 175 99 2
3 1658 750 497 141 175 99 2
3 1658 751 497 141 175 99 2
3 1658 752 497 141 175 99 2
3 1658 753 497 141 175 99 2
3 1658 754 497 141 175 99 2
3 1658 755 497 141 175 99 2
3 1658 756 497 141 175 99 2
3 1658 757 497 141 175 99 2
3 1658 758 497 141 175 99 2
3 1658 759 497 141 175 99 2
3 1658 760 497 141 175 99 2
3 1658 761 497 141 175 99 2
3 1658 762 497 141 175 99 2
3 1658 763 497 141 175 99 2
3 1658 764 497 141 175 99 2
3 1658 765 497 141 175 99 2
3 1658 766 497 141 175 99 2
3 1658 767 497 141 175 99 2
3 1658 768 497 141 175 99 2
3 1658 769 497 141 175 99 2
3 1658 770 497 141 175 99 2
3 1658 771 497 141 175 99 2
3 1658 772 497 141 175 99 2
3 1658 773 497 141 175 99 2
3 1658 774 497 141 175 99 2
3 1658 775 497 141 175 99 2
3 1658 776 497 141 175 99 2
3 1658 777 497 141 175 99 2
3 1658 778 497 141 175 99 2
3 1658 779 497 141 175 99 2
3 1658 780 497 141 175 99 2
3 1658 781 497 141 175 99 2
3 1658 782 497 141 175 99 2
3 1658 783 497 141 175 99 2
3 1658 784 497 141 175 99 2
3 1658 785 497 141 175 99 2
3 1658 786 497 141 175 99 2
3 1658 787 497 141 175 99 2
3 1658 788 497 141 175 99 2
3 1658 789 497 141 175 99 2
3 1658 790 497 141 175 99 2
3 1658 791 497 141 175 99 2
3 1658 792 497 141 175 99 2
3 1658 793 497 141 175 99 2
3 1658 794 497 141 175 99 2
3 1658 795 497 141 175 99 2
3 1658 796 497 141 175 99 2
3 1658 797 497 141 175 99 2
3 1658 798 497 141 175 99 2
3 1658 799 497 141 175 99 2
3 1658 800 497 141 175 99 2
3 1658 801 497 141 175 99 2
3 1658 802 497 141 175 99 2
3 1658 803 497 141 175 99 2
3 1658 804 497 141 175 99 2
3 1658 805 497 141 175 99 2
3 1658 806 497 141 175 99 2
3 1658 807 497 141 175 99 2
3 1658 808 497 141 175 99 2
3 1658 809 497 141 175 99 2
3 1658 810 497 141 175 99 2
3 1658 811 497 141 175 99 2
3 1658 812 497 141 175 99 2
3 1658 813 497 141 175 99 2
3 1658 814 497 141 175 99 2
3 1658 815 497 141 175 99 2
3 1658 816 497 141 175 99 2
3 1658 817 497 141 175 99 2
3 1658 818 497 141 175 99 2
3 1658 819 497 141 175 99 2
3 1658 820 497 141 175 99 2
3 1658 821 497 141 175 99 2
3 1658 822 497 141 175 99 2
3 1658 823 497 141 175 99 2
3 1658 824 497 141 175 99 2
3 1658 825 497 141 175 99 2
3 1658 826 497 141 175 99 2
3 1658 827 497 141 175 99 2
3 1658 828 497 141 175 99 2
3 1658 829 497 141 175 99 2
3 1658 830 497 141 175 99 2
3 1658 831 497 141 175 99 2
3 1658 832 497 141 175 99 2
3 1658 833 497 141 175 99 2
3 1658 834 497 141 175 99 2
3 1658 835 497 141 175 99 2
3 1658 836 497 141 175 99 2
3 1658 837 497 141 175 99 2
3 1658 838 497 141 175 99 2
3 1658 839 497 141 175 99 2
3 1658 840 497 141 175 99 2
3 1658 841 497 141 175 99 2
3 1658 842 497 141 175 99 2
3 1658 843 497 141 175 99 2
3 1658 844 497 141 175 99 2
3 1658 845 497 141 175 99 2
3 1658 846 497 141 175 99 2
3 1658 847 497 141 175 99 2
3 1658 848 497 141 175 99 2
3 1658 849 497 141 175 99 2
3 1658 850 497 141 175 99 2
3 1658 851 497 141 175 99 2
3 1658 852 497 141 175 99 2
3 1658 853 497 141 175 99 2
3 1658 854 497 141 175 99 2
3 1658 855 497 141 175 99 2
3 1658 856 497 141 175 99 2
3 1658 857 497 141 175 99 2
3 1658 858 497 141 175 99 2
3 1658 859 497 141 175 99 2
3 1658 860 497 141 175 99 2
3 1658 861 497 141 175 99 2
3 1658 862 497 141 175 99 2
3 1658 863 497 141 175 99 2
3 1658 864 497 141 175 99 2
3 1658 865 497 141 175 99 2
3 1658 866 497 141 175 99 2
3 1658 867 497 141 175 99 2
3 1658 868 497 141 175 99 2
3 1658 869 497 141 175 99 2
3 1658 870 497 141 175 99 2
3 1658 871 497 141 175 99 2
3 1658 872 497 141 175 99 2
3 1658 873 497 141 175 99 2
3 1658 874 497 141 175 99 2
3 1658 875 497 141 175 99 2
3 1658 876 497 141 175 99 2
3 1658 877 497 141 175 99 2
3 1658 878 497 141 175 99 2
3 1658 879 497 141 175 99 2
3 1658 880 497 141 175 99 2
3 1658 881 497 141 175 99 2
3 1658 882 497 141 175 99 2
3 1658 883 497 141 175 99 2
3 1658 884 497 141 175 99 2
3 1658 885 497 141 175 99 2
3 1658 886 497 141 175 99 2
3 1658 887 497 141 175 99 2
3 1658 888 497 141 175 99 2
3 1658 889 497 141 175 99 2
3 1658 890 497 141 175 99 2
3 1658 891 497 141 175 99 2
3 1658 892 497 141 175 99 2
3 1658 893 497 141 175 99 2
3 1658 894 497 141 175 99 2
3 1658 895 497 141 175 99 2
3 1658 896 497 141 175 99 2
3 1658 897 497 141 175 99 2
3 1658 898 497 141 175 99 2
3 1658 899 497 141 175 99 2
3 1658 900 497 141 175 99 2
3 1658 901 497 141 175 99 2
3 1658 902 497 141 175 99 2
3 1658 903 497 141 175 99 2
3 1658 904 497 141 175 99 2
3 1658 905 497 141 175 99 2
3 1658 906 497 141 175 99 2
3 1658 907 497 141 175 99 2
3 1658 908 497 141 175 99 2
3 1658 909 497 141 175 99 2
3 1658 910 497 141 175 99 2
3 1658 911 497 141 175 99 2
3 1658 912 497 141 175 99 2
3 1658 913 497 141 175 99 2
3 1658 914 497 141 175 99 2
3 1658 915 497 141 175 99 2
3 1658 916 497 141 175 99 2
3 1658 917 497 141 175 99 2
3 1658 918 497 141 175 99 2
3 1658 919 497 141 175 99 2
3 1658 920 497 141 175 99 2
3 1658 921 497 141 175 99 2
3 1658 922 497 141 175 99 2
3 1658 923 497 141 175 99 2
3 1658 924 497 141 175 99 2
3 1658 925 497 141 175 99 2
3 1658 926 497 141 175 99 2
3 1658 927 497 141 175 99 2
3 1658 928 497 141 175 99 2
3 1658 929 497 141 175 99 2
3 1658 930 497 141 175 99 2
3 1658 931 497 141 175 99 2
3 1658 932 497 141 175 99 2
3 1658 933 497 141 175 99 2
3 1658 934 497 141 175 99 2
3 1658 935 497 141 175 99 2
3 1658 936 497 141 175 99 2
3 1658 937 497 141 175 99 2
3 1658 938 497 141 175 99 2
3 1658 939 497 141 175 99 2
3 1658 940 497 141 175 99 2
3 1658 941 497 141 175 99 2
3 1658 942 497 141 175 99 2
3 1658 943 497 141 175 99 2
3 1658 944 497 141 175 99 2
3 1658 945 497 141 175 99 2
3 1658 946 497 141 175 99 2
3 1658 947 497 141 175 99 2
3 1658 948 497 141 175 99 2
3 1658 949 497 141 175 99 2
3 1658 950 497 141 175 99 2
3 1658 951 497 141 175 99 2
3 1658 952 497 141 175 99 2
3 1658 953 497 141 175 99 2
3 1658 954 497 141 175 99 2
3 1658 955 497 141 175 99 2
3 1658 956 497 141 175 99 2
3 1658 957 497 141 175 99 2
3 1658 958 497 141 175 99 2
3 1658 959 497 141 175 99 2
3 1658 960 497 141 175 99 2
3 1658 961 497 141 175 99 2
3 1658 962 497 141 175 99 2
3 1658 963 497 141 175 99 2
3 1658 964 497 141 175 99 2
3 1658 965 497 141 175 99 2
3 1658 966 497 141 175 99 2
3 1658 967 497 141 175 99 2
3 1658 968 497 141 175 99 2
3 1658 969 497 141 175 99 2
3 1658 970 497 141 175 99 2
3 1658 971 497 141 175 99 2
3 1658 972 497 141 175 99 2
3 1658 973 497 141 175 99 2
3 1658 974 497 141 175 99 2
3 1658 975 497 141 175 99 2
3 1658 976 497 141 175 99 2
3 1658 977 497 141 175 99 2
3 1658 978 497 141 175 99 2
3 1658 979 497 141 175 99 2
3 1658 980 497 141 175 99 2
3 1658 981 497 141 175 99 2
3 1658 982 497 141 175 99 2
3 1658 983 497 141 175 99 2
3 1658 984 497 141 175 99 2
3 1658 985 497 141 175 99 2
3 1658 986 497 141 175 99 2
3 1658 987 497 141 175 99 2
3 1658 988 497 141 175 99 2
3 1658 989 497 141 175 99 2
3 1658 990 497 141 175 99 2
3 1658 991 497 141 175 99 2
3 1658 992 497 141 175 99 2
3 1658 993 497 141 175 99 2
3 1658 994 497 141 175 99 2
3 1658 995 497 141 175 99 2
3 1658 996 497 141 175 99 2
3 1658 997 497 141 175 99 2
3 1658 998 497 141 175 99 2
3 1658 999 497 141 175 99 2
3 1658 1000 497 141 175 99 2
3 1658 1001 497 141 175 99 2
3 1658 1002 497 141 175 99 2
3 1658 1003 497 141 175 99 2
3 1658 1004 497 141 175 99 2
3 1658 1005 497 141 175 99 2
3 1658 1006 497 141 175 99 2
3 1658 1007 497 141 175 99 2
3 1658 1008 497 141 175 99 2
3 1658 1009 497 141 175 99 2
3 1658 1010 497 141 175 99 2
3 1658 1011 497 141 175 99 2
3 1658 1012 497 141 175 99 2
3 1658 1013 497 141 175 99 2
3 1658 1014 497 141 175 99 2
3 1658 1015 497 141 175 99 2
3 1658 1016 497 141 175 99 2
3 1658 1017 497 141 175 99 2
3 1658 1018 497 141 175 99 2
3 1658 1019 497 141 175 99 2
3 1658 1020 497 141 175 99 2
3 1658 1021 497 141 175 99 2
3 1658 1022 497 141 175 99 2
3 1658 1023 497 141 175 99 2
3 1658 1024 497 141 175 99 2
3 1658 1025 497 141 175 99 2
3 1658 1026 497 141 175 99 2
3 1658 1027 497 141 175 99 2
3 1658 1028 497 141 175 99 2
3 1658 1029 497 141 175 99 2
3 1658 1030 497 141 175 99 2
3 1658 1031 497 141 175 99 2
3 1658 1032 497 141 175 99 2
3 1658 1033 497 141 175 99 2
3 1658 1034 497 141 175 99 2
3 1658 1035 497 141 175 99 2
3 1658 1036 497 141 175 99 2
3 1658 1037 497 141 175 99 2
3 1658 1038 497 141 175 99 2
3 1658 1039 497 141 175 99 2
3 1658 1040 497 141 175 99 2
3 1658 1041 497 141 175 99 2
3 1658 1042 497 141 175 99 2
3 1658 1043 497 141 175 99 2
3 1658 1044 497 141 175 99 2
3 1658 1045 497 141 175 99 2
3 1658 1046 497 141 175 99 2
3 1658 1047 497 141 175 99 2
3 1658 1048 497 141 175 99 2
3 1658 1049 497 141 175 99 2
3 1658 1050 497 141 175 99 2
3 1658 1051 497 141 175 99 2
3 1658 1052 497 141 175 99 2
3 1658 1053 497 141 175 99 2
3 1658 1054 497 141 175 99 2
3 1658 1055 497 141 175 99 2
3 1658 1056 497 141 175 99 2
3 1658 1057 497 141 175 99 2
3 1658 1058 497 141 175 99 2
3 1658 1059 497 141 175 99 2
3 1658 1060 497 141 175 99 2
3 1658 1061 497 141 175 99 2
3 1658 1062 497 141 175 99 2
3 1658 1063 497 141 175 99 2
3 1658 1064 497 141 175 99 2
3 1658 1065 497 141 175 99 2
3 1658 1066 497 141 175 99 2
3 1658 1067 497 141 175 99 2
3 1658 1068 497 141 175 99 2
3 1658 1069 497 141 175 99 2
3 1658 1070 497 141 175 99 2
3 1658 1071 497 141 175 99 2
3 1658 1072 497 141 175 99 2
3 1658 1073 497 141 175 99 2
3 1658 1074 497 141 175 99 2
3 1658 1075 497 141 175 99 2
3 1658 1076 497 141 175 99 2
3 1658 1077 497 141 175 99 2
3 1658 1078 497 141 175 99 2
3 1658 1079 497 141 175 99 2
3 1658 1080 497 141 175 99 2
3 1658 1081 497 141 175 99 2
3 1658 1082 497 141 175 99 2
3 1658 1083 497 141 175 99 2
3 1658 1084 497 141 175 99 2
3 1658 1085 497 141 175 99 2
3 1658 1086 497 141 175 99 2
3 1658 1087 497 141 175 99 2
3 1658 1088 497 141 175 99 2
3 1658 1089 497 141 175 99 2
3 1658 1090 497 141 175 99 2
3 1658 1091 497 141 175 99 2
3 1658 1092 497 141 175 99 2
3 1658 1093 497 141 175 99 2
3 1658 1094 497 141 175 99 2
3 1658 1095 497 141 175 99 2
3 1658 1096 497 141 175 99 2
3 1658 1097 497 141 175 99 2
3 1658 1098 497 141 175 99 2
3 1658 1099 497 141 175 99 2
3 1658 1100 497 141 175 99 2
3 1658 1101 497 141 175 99 2
3 1658 1102 497 141 175 99 2
3 1658 1103 497 141 175 99 2
3 1658 1104 497 141 175 99 2
3 1658 1105 497 141 175 99 2
3 1658 1106 497 141 175 99 2
3 1658 1107 497 141 175 99 2
3 1658 1108 497 141 175 99 2
3 1658 1109 497 141 175 99 2
3 1658 1110 497 141 175 99 2
3 1658 1111 497 141 175 99 2
3 1658 1112 497 141 175 99 2
3 1658 1113 497 141 175 99 2
3 1658 1114 497 141 175 99 2
3 1658 1115 497 141 175 99 2
3 1658 1116 497 141 175 99 2
3 1658 1117 497 141 175 99 2
3 1658 1118 497 141 175 99 2
3 1658 1119 497 141 175 99 2
3 1658 1120 497 141 175 99 2
3 1658 1121 497 141 175 99 2
3 1658 1122 497 141 175 99 2
3 1658 1123 497 141 175 99 2
3 1658 1124 497 141 175 99 2
3 1658 1125 497 141 175 99 2
3 1658 1126 497 141 175 99 2
3 1658 1127 497 141 175 99 2
3 1658 1128 497 141 175 99 2
3 1658 1129 497 141 175 99 2
3 1658 1130 497 141 175 99 2
3 1658 1131 497 141 175 99 2
3 1658 1132 497 141 175 99 2
3 1658 1133 497 141 175 99 2
3 1658 1134 497 141 175 99 2
3 1658 1135 497 141 175 99 2
3 1658 1136 497 141 175 99 2
3 1658 1137 497 141 175 99 2
3 1658 1138 497 141 175 99 2
3 1658 1139 497 141 175 99 2
3 1658 1140 497 141 175 99 2
3 1658 1141 497 141 175 99 2
3 1658 1142 497 141 175 99 2
3 1658 1143 497 141 175 99 2
3 1658 1144 497 141 175 99 2
3 1658 1145 497 141 175 99 2
3 1658 1146 497 141 175 99 2
3 1658 1147 497 141 175 99 2
3 1658 1148 497 141 175 99 2
3 1658 1149 497 141 175 99 2
3 1658 1150 497 141 175 99 2
3 1658 1151 497 141 175 99 2
3 1658 1152 497 141 175 99 2
3 1658 1153 497 141 175 99 2
3 1658 1154 497 141 175 99 2
3 1658 1155 497 141 175 99 2
3 1658 1156 497 141 175 99 2
3 1658 1157 497 141 175 99 2
3 1658 1158 497 141 175 99 2
3 1658 1159 497 141 175 99 2
3 1658 1160 497 141 175 99 2
3 1658 1161 497 141 175 99 2
3 1658 1162 497 141 175 99 2
3 1658 1163 497 141 175 99 2
3 1658 1164 497 141 175 99 2
3 1658 1165 497 141 175 99 2
3 1658 1166 497 141 175 99 2
3 1658 1167 497 141 175 99 2
3 1658 1168 497 141 175 99 2
3 1658 1169 497 141 175 99 2
3 1658 1170 497 141 175 99 2
3 1658 1171 497 141 175 99 2
3 1658 1172 497 141 175 99 2
3 1658 1173 497 141 175 99 2
3 1658 1174 497 141 175 99 2
3 1658 1175 497 141 175 99 2
3 1658 1176 497 141 175 99 2
3 1658 1177 497 141 175 99 2
3 1658 1178 497 141 175 99 2
3 1658 1179 497 141 175 99 2
3 1658 1180 497 141 175 99 2
3 1658 1181 497 141 175 99 2
3 1658 1182 497 141 175 99 2
3 1658 1183 497 141 175 99 2
3 1658 1184 497 141 175 99 2
3 1658 1185 497 141 175 99 2
3 1658 1186 497 141 175 99 2
3 1658 1187 497 141 175 99 2
3 1658 1188 497 141 175 99 2
3 1658 1189 497 141 175 99 2
3 1658 1190 497 141 175 99 2
3 1658 1191 497 141 175 99 2
3 1658 1192 497 141 175 99 2
3 1658 1193 497 141 175 99 2
3 1658 1194 497 141 175 99 2
3 1658 1195 497 141 175 99 2
3 1658 1196 497 141 175 99 2
3 1658 1197 497 141 175 99 2
3 1658 1198 497 141 175 99 2
3 1658 1199 497 141 175 99 2
3 1658 1200 497 141 175 99 2
3 1658 1201 497 141 175 99 2
3 1658 1202 497 141 175 99 2
3 1658 1203 497 141 175 99 2
3 1658 1204 497 141 175 99 2
3 1658 1205 497 141 175 99 2
3 1658 1206 497 141 175 99 2
3 1658 1207 497 141 175 99 2
3 1658 1208 497 141 175 99 2
3 1658 1209 497 141 175 99 2
3 1658 1210 497 141 175 99 2
3 1658 1211 497 141 175 99 2
3 1658 1212 497 141 175 99 2
3 1658 1213 497 141 175 99 2
3 1658 1214 497 141 175 99 2
3 1658 1215 497 141 175 99 2
3 1658 1216 497 141 175 99 2
3 1658 1217 497 141 175 99 2
3 1658 1218 497 141 175 99 2
3 1658 1219 497 141 175 99 2
3 1658 1220 497 141 175 99 2
3 1658 1221 497 141 175 99 2
3 1658 1222 497 141 175 99 2
3 1658 1223 497 141 175 99 2
3 1658 1224 497 141 175 99 2
3 1658 1225 497 141 175 99 2
3 1658 1226 497 141 175 99 2
3 1658 1227 497 141 175 99 2
3 1658 1228 497 141 175 99 2
3 1658 1229 497 141 175 99 2
3 1658 1230 497 141 175 99 2
3 1658 1231 497 141 175 99 2
3 1658 1232 497 141 175 99 2
3 1658 1233 497 141 175 99 2
3 1658 1234 497 141 175 99 2
3 1658 1235 497 141 175 99 2
3 1658 1236 497 141 175 99 2
3 1658 1237 497 141 175 99 2
3 1658 1238 497 141 175 99 2
3 1658 1239 497 141 175 99 2
3 1658 1240 497 141 175 99 2
3 1658 1241 497 141 175 99 2
3 1658 1242 497 141 175 99 2
3 1658 1243 497 141 175 99 2
3 1658 1244 497 141 175 99 2
3 1658 1245 497 141 175 99 2
3 1658 1246 497 141 175 99 2
3 1658 1247 497 141 175 99 2
3 1658 1248 497 141 175 99 2
3 1658 1249 497 141 175 99 2
3 1658 1250 497 141 175 99 2
3 1658 1251 497 141 175 99 2
3 1658 1252 497 141 175 99 2
3 1658 1253 497 141 175 99 2
3 1658 1254 497 141 175 99 2
3 1658 1255 497 141 175 99 2
3 1658 1256 497 141 175 99 2
3 1658 1257 497 141 175 99 2
3 1658 1258 497 141 175 99 2
3 1658 1259 497 141 175 99 2
3 1658 1260 497 141 175 99 2
3 1658 1261 497 141 175 99 2
3 1658 1262 497 141 175 99 2
3 1658 1263 497 141 175 99 2
3 1658 1264 497 141 175 99 2
3 1658 1265 497 141 175 99 2
3 1658 1266 497 141 175 99 2
3 1658 1267 497 141 175 99 2
3 1658 1268 497 141 175 99 2
3 1658 1269 497 141 175 99 2
3 1658 1270 497 141 175 99 2
3 1658 1271 497 141 175 99 2
3 1658 1272 497 141 175 99 2
3 1658 1273 497 141 175 99 2
3 1658 1274 497 141 175 99 2
3 1658 1275 497 141 175 99 2
3 1658 1276 497 141 175 99 2
3 1658 1277 497 141 175 99 2
3 1658 1278 497 141 175 99 2
3 1658 1279 497 141 175 99 2
3 1658 1280 497 141 175 99 2
3 1658 1281 497 141 175 99 2
3 1658 1282 497 141 175 99 2
3 1658 1283 497 141 175 99 2
3 1658 1284 497 141 175 99 2
3 1658 1285 497 141 175 99 2
3 1658 1286 497 141 175 99 2
3 1658 1287 497 141 175 99 2
3 1658 1288 497 141 175 99 2
3 1658 1289 497 141 175 99 2
3 1658 1290 497 141 175 99 2
3 1658 1291 497 141 175 99 2
3 1658 1292 497 141 175 99 2
3 1658 1293 497 141 175 99 2
3 1658 1294 497 141 175 99 2
3 1658 1295 497 141 175 99 2
3 1658 1296 497 141 175 99 2
3 1658 1297 497 141 175 99 2
3 1658 1298 497 141 175 99 2
3 1658 1299 497 141 175 99 2
3 1658 1300 497 141 175 99 2
3 1658 1301 497 141 175 99 2
3 1658 1302 497 141 175 99 2
3 1658 1303 497 141 175 99 2
3 1658 1304 497 141 175 99 2
3 1658 1305 497 141 175 99 2
3 1658 1306 497 141 175 99 2
3 1658 1307 497 141 175 99 2
3 1658 1308 497 141 175 99 2
3 1658 1309 497 141 175 99 2
3 1658 1310 497 141 175 99 2
3 1658 1311 497 141 175 99 2
3 1658 1312 497 141 175 99 2
3 1658 1313 497 141 175 99 2
3 1658 1314 497 141 175 99 2
3 1658 1315 497 141 175 99 2
3 1658 1316 497 141 175 99 2
3 1658 1317 497 141 175 99 2
3 1658 1318 497 141 175 99 2
3 1658 1319 497 141 175 99 2
3 1658 1320 497 141 175 99 2
3 1658 1321 497 141 175 99 2
3 1658 1322 497 141 175 99 2
3 1658 1323 497 141 175 99 2
3 1658 1324 497 141 175 99 2
3 1658 1325 497 141 175 99 2
3 1658 1326 497 141 175 99 2
3 1658 1327 497 141 175 99 2
3 1658 1328 497 141 175 99 2
3 1658 1329 497 141 175 99 2
3 1658 1330 497 141 175 99 2
3 1658 1331 497 141 175 99 2
3 1658 1332 497 141 175 99 2
3 1658 1333 497 141 175 99 2
3 1658 1334 497 141 175 99 2
3 1658 1335 497 141 175 99 2
3 1658 1336 497 141 175 99 2
3 1658 1337 497 141 175 99 2
3 1658 1338 497 141 175 99 2
3 1658 1339 497 141 175 99 2
3 1658 1340 497 141 175 99 2
3 1658 1341 497 141 175 99 2
3 1658 1342 497 141 175 99 2
3 1658 1343 497 141 175 99 2
3 1658 1344 497 141 175 99 2
3 1658 1345 497 141 175 99 2
3 1658 1346 497 141 175 99 2
3 1658 1347 497 141 175 99 2
3 1658 1348 497 141 175 99 2
3 1658 1349 497 141 175 99 2
3 1658 1350 497 141 175 99 2
3 1658 1351 497 141 175 99 2
3 1658 1352 497 141 175 99 2
3 1658 1353 497 141 175 99 2
3 1658 1354 497 141 175 99 2
3 1658 1355 497 141 175 99 2
3 1658 1356 497 141 175 99 2
3 1658 1357 497 141 175 99 2
3 1658 1358 497 141 175 99 2
3 1658 1359 497 141 175 99 2
3 1658 1360 497 141 175 99 2
3 1658 1361 497 141 175 99 2
3 1658 1362 497 141 175 99 2
3 1658 1363 497 141 175 99 2
3 1658 1364 497 141 175 99 2
3 1658 1365 497 141 175 99 2
3 1658 1366 497 141 175 99 2
3 1658 1367 497 141 175 99 2
3 1658 1368 497 141 175 99 2
3 1658 1369 497 141 175 99 2
3 1658 1370 497 141 175 99 2
3 1658 1371 497 141 175 99 2
3 1658 1372 497 141 175 99 2
3 1658 1373 497 141 175 99 2
3 1658 1374 497 141 175 99 2
3 1658 1375 497 141 175 99 2
3 1658 1376 497 141 175 99 2
3 1658 1377 497 141 175 99 2
3 1658 1378 497 141 175 99 2
3 1658 1379 497 141 175 99 2
3 1658 1380 497 141 175 99 2
3 1658 1381 497 141 175 99 2
3 1658 1382 497 141 175 99 2
3 1658 1383 497 141 175 99 2
3 1658 1384 497 141 175 99 2
3 1658 1385 497 141 175 99 2
3 1658 1386 497 141 175 99 2
3 1658 1387 497 141 175 99 2
3 1658 1388 497 141 175 99 2
3 1658 1389 497 141 175 99 2
3 1658 1390 497 141 175 99 2
3 1658 1391 497 141 175 99 2
3 1658 1392 497 141 175 99 2
3 1658 1393 497 141 175 99 2
3 1658 1394 497 141 175 99 2
3 1658 1395 497 141 175 99 2
3 1658 1396 497 141 175 99 2
3 1658 1397 497 141 175 99 2
3 1658 1398 497 141 175 99 2
3 1658 1399 497 141 175 99 2
3 1658 1400 497 141 175 99 2
3 1658 1401 497 141 175 99 2
3 1658 1402 497 141 175 99 2
3 1658 1403 497 141 175 99 2
3 1658 1404 497 141 175 99 2
3 1658 1405 497 141 175 99 2
3 1658 1406 497 141 175 99 2
3 1658 1407 497 141 175 99 2
3 1658 1408 497 141 175 99 2
3 1658 1409 497 141 175 99 2
3 1658 1410 497 141 175 99 2
3 1658 1411 497 141 175 99 2
3 1658 1412 497 141 175 99 2
3 1658 1413 497 141 175 99 2
3 1658 1414 497 141 175 99 2
3 1658 1415 497 141 175 99 2
3 1658 1416 497 141 175 99 2
3 1658 1417 497 141 175 99 2
3 1658 1418 497 141 175 99 2
3 1658 1419 497 141 175 99 2
3 1658 1420 497 141 175 99 2
3 1658 1421 497 141 175 99 2
3 1658 1422 497 141 175 99 2
3 1658 1423 497 141 175 99 2
3 1658 1424 497 141 175 99 2
3 1658 1425 497 141 175 99 2
3 1658 1426 497 141 175 99 2
3 1658 1427 497 141 175 99 2
3 1658 1428 497 141 175 99 2
3 1658 1429 497 141 175 99 2
3 1658 1430 497 141 175 99 2
3 1658 1431 497 141 175 99 2
3 1658 1432 497 141 175 99 2
3 1658 1433 497 141 175 99 2
3 1658 1434 497 141 175 99 2
3 1658 1435 497 141 175 99 2
3 1658 1436 497 141 175 99 2
3 1658 1437 497 141 175 99 2
3 1658 1438 497 141 175 99 2
3 1658 1439 497 141 175 99 2
3 1658 1440 497 141 175 99 2
3 1658 1441 497 141 175 99 2
3 1658 1442 497 141 175 99 2
3 1658 1443 497 141 175 99 2
3 1658 1444 497 141 175 99 2
3 1658 1445 497 141 175 99 2
3 1658 1446 497 141 175 99 2
3 1658 1447 497 141 175 99 2
3 1658 1448 497 141 175 99 2
3 1658 1449 497 141 175 99 2
3 1658 1450 497 141 175 99 2
3 1658 1451 497 141 175 99 2
3 1658 1452 497 141 175 99 2
3 1658 1453 497 141 175 99 2
3 1658 1454 497 141 175 99 2
3 1658 1455 497 141 175 99 2
3 1658 1456 497 141 175 99 2
3 1658 1457 497 141 175 99 2
3 1658 1458 497 141 175 99 2
3 1658 1459 497 141 175 99 2
3 1658 1460 497 141 175 99 2
3 1658 1461 497 141 175 99 2
3 1658 1462 497 141 175 99 2
3 1658 1463 497 141 175 99 2
3 1658 1464 497 141 175 99 2
3 1658 1465 497 141 175 99 2
3 1658 1466 497 141 175 99 2
3 1658 1467 497 141 175 99 2
3 1658 1468 497 141 175 99 2
3 1658 1469 497 141 175 99 2
3 1658 1470 497 141 175 99 2
3 1658 1471 497 141 175 99 2
3 1658 1472 497 141 175 99 2
3 1658 1473 497 141 175 99 2
3 1658 1474 497 141 175 99 2
3 1658 1475 497 141 175 99 2
3 1658 1476 497 141 175 99 2
3 1658 1477 497 141 175 99 2
3 1658 1478 497 141 175 99 2
3 1658 1479 497 141 175 99 2
3 1658 1480 497 141 175 99 2
3 1658 1481 497 141 175 99 2
3 1658 1482 497 141 175 99 2
3 1658 1483 497 141 175 99 2
3 1658 1484 497 141 175 99 2
3 1658 1485 497 141 175 99 2
3 1658 1486 497 141 175 99 2
3 1658 1487 497 141 175 99 2
3 1658 1488 497 141 175 99 2
3 1658 1489 497 141 175 99 2
3 1658 1490 497 141 175 99 2
3 1658 1491 497 141 175 99 2
3 1658 1492 497 141 175 99 2
3 1658 1493 497 141 175 99 2
3 1658 1494 497 141 175 99 2
3 1658 1495 497 141 175 99 2
3 1658 1496 497 141 175 99 2
3 1658 1497 497 141 175 99 2
3 1658 1498 497 141 175 99 2
3 1658 1499 497 141 175 99 2
3 1658 1500 497 141 175 99 2
3 1658 1501 497 141 175 99 2
3 1658 1502 497 141 175 99 2
3 1658 1503 497 141 175 99 2
3 1658 1504 497 141 175 99 2
3 1658 1505 497 141 175 99 2
3 1658 1506 497 141 175 99 2
3 1658 1507 497 141 175 99 2
3 1658 1508 497 141 175 99 2
3 1658 1509 497 141 175 99 2
3 1658 1510 497 141 175 99 2
3 1658 1511 497 141 175 99 2
3 1658 1512 497 141 175 99 2
3 1658 1513 497 141 175 99 2
3 1658 1514 497 141 175 99 2
3 1658 1515 497 141 175 99 2
3 1658 1516 497 141 175 99 2
3 1658 1517 497 141 175 99 2
3 1658 1518 497 141 175 99 2
3 1658 1519 497 141 175 99 2
3 1658 1520 497 141 175 99 2
3 1658 1521 497 141 175 99 2
3 1658 1522 497 141 175 99 2
3 1658 1523 497 141 175 99 2
3 1658 1524 497 141 175 99 2
3 1658 1525 497 141 175 99 2
3 1658 1526 497 141 175 99 2
3 1658 1527 497 141 175 99 2
3 1658 1528 497 141 175 99 2
3 1658 1529 497 141 175 99 2
3 1658 1530 497 141 175 99 2
3 1658 1531 497 141 175 99 2
3 1658 1532 497 141 175 99 2
3 1658 1533 497 141 175 99 2
3 1658 1534 497 141 175 99 2
3 1658 1535 497 141 175 99 2
3 1658 1536 497 141 175 99 2
3 1658 1537 497 141 175 99 2
3 1658 1538 497 141 175 99 2
3 1658 1539 497 141 175 99 2
3 1658 1540 497 141 175 99 2
3 1658 1541 497 141 175 99 2
3 1658 1542 497 141 175 99 2
3 1658 1543 497 141 175 99 2
3 1658 1544 497 141 175 99 2
3 1658 1545 497 141 175 99 2
3 1658 1546 497 141 175 99 2
3 1658 1547 497 141 175 99 2
3 1658 1548 497 141 175 99 2
3 1658 1549 497 141 175 99 2
3 1658 1550 497 141 175 99 2
3 1658 1551 497 141 175 99 2
3 1658 1552 497 141 175 99 2
3 1658 1553 497 141 175 99 2
3 1658 1554 497 141 175 99 2
3 1658 1555 497 141 175 99 2
3 1658 1556 497 141 175 99 2
3 1658 1557 497 141 175 99 2
3 1658 1558 497 141 175 99 2
3 1658 1559 497 141 175 99 2
3 1658 1560 497 141 175 99 2
3 1658 1561 497 141 175 99 2
3 1658 1562 497 141 175 99 2
3 1658 1563 497 141 175 99 2
3 1658 1564 497 141 175 99 2
3 1658 1565 497 141 175 99 2
3 1658 1566 497 141 175 99 2
3 1658 1567 497 141 175 99 2
3 1658 1568 497 141 175 99 2
3 1658 1569 497 141 175 99 2
3 1658 1570 497 141 175 99 2
3 1658 1571 497 141 175 99 2
3 1658 1572 497 141 175 99 2
3 1658 1573 497 141 175 99 2
3 1658 1574 497 141 175 99 2
3 1658 1575 497 141 175 99 2
3 1658 1576 497 141 175 99 2
3 1658 1577 497 141 175 99 2
3 1658 1578 497 141 175 99 2
3 1658 1579 497 141 175 99 2
3 1658 1580 497 141 175 99 2
3 1658 1581 497 141 175 99 2
3 1658 1582 497 141 175 99 2
3 1658 1583 497 141 175 99 2
3 1658 1584 497 141 175 99 2
3 1658 1585 497 141 175 99 2
3 1658 1586 497 141 175 99 2
3 1658 1587 497 141 175 99 2
3 1658 1588 497 141 175 99 2
3 1658 1589 497 141 175 99 2
3 1658 1590 497 141 175 99 2
3 1658 1591 497 141 175 99 2
3 1658 1592 497 141 175 99 2
3 1658 1593 497 141 175 99 2
3 1658 1594 497 141 175 99 2
3 1658 1595 497 141 175 99 2
3 1658 1596 497 141 175 99 2
3 1658 1597 497 141 175 99 2
3 1658 1598 497 141 175 99 2
3 1658 1599 497 141 175 99 2
3 1658 1600 497 141 175 99 2
3 1658 1601 497 141 175 99 2
3 1658 1602 497 141 175 99 2
3 1658 1603 497 141 175 99 2
3 1658 1604 497 141 175 99 2
3 1658 1605 497 141 175 99 2
3 1658 1606 497 141 175 99 2
3 1658 1607 497 141 175 99 2
3 1658 1608 497 141 175 99 2
3 1658 1609 497 141 175 99 2
3 1658 1610 497 141 175 99 2
3 1658 1611 497 141 175 99 2
3 1658 1612 497 141 175 99 2
3 1658 1613 497 141 175 99 2
3 1658 1614 497 141 175 99 2
3 1658 1615 497 141 175 99 2
3 1658 1616 497 141 175 99 2
3 1658 1617 497 141 175 99 2
3 1658 1618 497 141 175 99 2
3 1658 1619 497 141 175 99 2
3 1658 1620 497 141 175 99 2
3 1658 1621 497 141 175 99 2
3 1658 1622 497 141 175 99 2
3 1658 1623 497 141 175 99 2
3 1658 1624 497 141 175 99 2
3 1658 1625 497 141 175 99 2
3 1658 1626 497 141 175 99 2
3 1658 1627 497 141 175 99 2
3 1658 1628 497 141 175 99 2
3 1658 1629 497 141 175 99 2
3 1658 1630 497 141 175 99 2
3 1658 1631 497 141 175 99 2
3 1658 1632 497 141 175 99 2
3 1658 1633 497 141 175 99 2
3 1658 1634 497 141 175 99 2
3 1658 1635 497 141 175 99 2
3 1658 1636 497 141 175 99 2
3 1658 1637 497 141 175 99 2
3 1658 1638 497 141 175 99 2
3 1658 1639 497 141 175 99 2
3 1658 1640 497 141 175 99 2
3 1658 1641 497 141 175 99 2
3 1658 1642 497 141 175 99 2
3 1658 1643 497 141 175 99 2
3 1658 1644 497 141 175 99 2
3 1658 1645 497 141 175 99 2
3 1658 1646 497 141 175 99 2
3 1658 1647 497 141 175 99 2
3 1658 1648 497 141 175 99 2
3 1658 1649 497 141 175 99 2
3 1658 1650 497 141 175 99 2
3 1658 1651 497 141 175 99 2
3 1658 1652 497 141 175 99 2
3 1658 1653 497 141 175 99 2
3 1658 1654 497 141 175 99 2
3 1658 1655 497 141 175 99 2
3 1658 1656 497 141 175 99 2
3 1658 1657 497 141 175 99 2
3 1658 1658 497 141 175 99 2
3 1658 1659 497 141 175 99 2
3 1658 1660 497 141 175 99 2
3 1658 1661 497 141 175 99 2
3 1658 1662 497 141 175 99 2
3 1658 1663 497 141 175 99 2
3 1658 1664 497 141 175 99 2
3 1658 1665 497 141 175 99 2
3 1658 1666 497 141 175 99 2
3 1658 1667 497 141 175 99 2
3 1658 1668 497 141 175 99 2
3 1658 1669 497 141 175 99 2
3 1658 1670 497 141 175 99 2
3 1658 1671 497 141 175 99 2
3 1658 1672 497 141 175 99 2
3 1658 1673 497 141 175 99 2
3 1658 1674 497 141 175 99 2
3 1658 1675 497 141 175 99 2
3 1658 1676 497 141 175 99 2
3 1658 1677 497 141 175 99 2
3 1658 1678 497 141 175 99 2
3 1658 1679 497 141 175 99 2
3 1658 1680 497 141 175 99 2
3 1658 1681 497 141 175 99 2
3 1658 1682 497 141 175 99 2
3 1658 1683 497 141 175 99 2
3 1658 1684 497 141 175 99 2
3 1658 1685 497 141 175 99 2
3 1658 1686 497 141 175 99 2
3 1658 1687 497 141 175 99 2
3 1658 1688 497 141 175 99 2
3 1658 1689 497 141 175 99 2
3 1658 1690 497 141 175 99 2
3 1658 1691 497 141 175 99 2
3 1658 1692 497 141 175 99 2
3 1658 1693 497 141 175 99 2
3 1658 1694 497 141 175 99 2
3 1658 1695 497 141 175 99 2
3 1658 1696 497 141 175 99 2
3 1658 1697 497 141 175 99 2
3 1658 1698 497 141 175 99 2
3 1658 1699 497 141 175 99 2
3 1658 1700 497 141 175 99 2
3 1658 1701 497 141 175 99 2
3 1658 1702 497 141 175 99 2
3 1658 1703 497 141 175 99 2
3 1658 1704 497 141 175 99 2
3 1658 1705 497 141 175 99 2
3 1658 1706 497 141 175 99 2
3 1658 1707 497 141 175 99 2
3 1658 1708 497 141 175 99 2
3 1658 1709 497 141 175 99 2
3 1658 1710 497 141 175 99 2
3 1658 1711 497 141 175 99 2
3 1658 1712 497 141 175 99 2
3 1658 1713 497 141 175 99 2
3 1658 1714 497 141 175 99 2
3 1658 1715 497 141 175 99 2
3 1658 1716 497 141 175 99 2
3 1658 1717 497 141 175 99 2
3 1658 1718 497 141 175 99 2
3 1658 1719 497 141 175 99 2
3 1658 1720 497 141 175 99 2
3 1658 1721 497 141 175 99 2
3 1658 1722 497 141 175 99 2
3 1658 1723 497 141 175 99 2
3 1658 1724 497 141 175 99 2
3 1658 1725 497 141 175 99 2
3 1658 1726 497 141 175 99 2
3 1658 1727 497 141 175 99 2
3 1658 1728 497 141 175 99 2
3 1658 1729 497 141 175 99 2
3 1658 1730 497 141 175 99 2
3 1658 1731 497 141 175 99 2
3 1658 1732 497 141 175 99 2
3 1658 1733 497 141 175 99 2
3 1658 1734 497 141 175 99 2
3 1658 1735 497 141 175 99 2
3 1658 1736 497 141 175 99 2
3 1658 1737 497 141 175 99 2
3 1658 1738 497 141 175 99 2
3 1658 1739 497 141 175 99 2
3 1658 1740 497 141 175 99 2
3 1658 1741 497 141 175 99 2
3 1658 1742 497 141 175 99 2
3 1658 1743 497 141 175 99 2
3 1658 1744 497 141 175 99 2
3 1658 1745 497 141 175 99 2
3 1658 1746 497 141 175 99 2
3 1658 1747 497 141 175 99 2
3 1658 1748 497 141 175 99 2
3 1658 1749 497 141 175 99 2
3 1658 1750 497 141 175 99 2
3 1658 1751 497 141 175 99 2
3 1658 1752 497 141 175 99 2
3 1658 1753 497 141 175 99 2
3 1658 1754 497 141 175 99 2
3 1658 1755 497 141 175 99 2
3 1658 1756 497 141 175 99 2
3 1658 1757 497 141 175 99 2
3 1658 1758 497 141 175 99 2
3 1658 1759 497 141 175 99 2
3 1658 1760 497 141 175 99 2
3 1658 1761 497 141 175 99 2
3 1658 1762 497 141 175 99 2
3 1658 1763 497 141 175 99 2
3 1658 1764 497 141 175 99 2
3 1658 1765 497 141 175 99 2
3 1658 1766 497 141 175 99 2
3 1658 1767 497 141 175 99 2
3 1658 1768 497 141 175 99 2
3 1658 1769 497 141 175 99 2
3 1658 1770 497 141 175 99 2
3 1658 1771 497 141 175 99 2
3 1658 1772 497 141 175 99 2
3 1658 1773 497 141 175 99 2
3 1658 1774 497 141 175 99 2
3 1658 1775 497 141 175 99 2
3 1658 1776 497 141 175 99 2
3 1658 1777 497 141 175 99 2
3 1658 1778 497 141 175 99 2
3 1658 1779 497 141 175 99 2
3 1658 1780 497 141 175 99 2
3 1658 1781 497 141 175 99 2
3 1658 1782 497 141 175 99 2
3 1658 1783 497 141 175 99 2
3 1658 1784 497 141 175 99 2
3 1658 1785 497 141 175 99 2
3 1658 1786 497 141 175 99 2
3 1658 1787 497 141 175 99 2
3 1658 1788 497 141 175 99 2
3 1658 1789 497 141 175 99 2
3 1658 1790 497 141 175 99 2
6 293 0 894 210 112 129 0
6 293 1 894 210 112 129 0
6 293 2 894 210 112 129 0
6 293 3 894 210 112 129 0
6 293 4 894 210 112 129 0
6 293 5 894 210 112 129 0
6 293 6 894 210 112 129 0
6 293 7 894 210 112 129 0
6 293 8 894 210 112 129 0
6 293 9 894 210 112 129 0
6 293 10 894 210 112 129 0
6 293 11 894 210 112 129 0
6 293 12 894 210 112 129 0
6 293 13 894 210 112 129 0
6 293 14 894 210 112 129 0
6 293 15 894 210 112 129 0
6 293 16 894 210 112 129 0
6 293 17 894 210 112 129 0
6 293 18 894 210 112 129 0
6 293 19 894 210 112 129 0
6 293 20 894 210 112 129 0
6 293 21 894 210 112 129 0
6 293 22 894 210 112 129 0
6 293 23 894 210 112 129 0
6 293 24 894 210 112 129 0
6 293 25 894 210 112 129 0
6 293 26 894 210 112 129 0
6 293 27 894 210 112 129 0
6 293 28 894 210 112 129 0
6 293 29 894 210 112 129 0
6 293 30 894 210 112 129 0
6 293 31 894 210 112 129 0
6 293 32 894 210 112 129 0
6 293 33 894 210 112 129 0
6 293 34 894 210 112 129 0
6 293 35 894 210 112 129 0
6 293 36 894 210 112 129 0
6 293 37 894 210 112 129 0
6 293 38 894 210 112 129 0
6 293 39 894 210 112 129 0
6 293 40 894 210 112 129 0
6 293 41 894 210 112 129 0
6 293 42 894 210 112 129 0
6 293 43 894 210 112 129 0
6 293 44 894 210 112 129 0
6 293 45 894 210 112 129 0
6 293 46 894 210 112 129 0
6 293 47 894 210 112 129 0
6 293 48 894 210 112 129 0
6 293 49 894 210 112 129 0
6 293 50 894 210 112 129 0
6 293 51 894 210 112 129 0
6 293 52 894 210 112 129 0
6 293 53 894 210 112 129 0
6 293 54 894 210 112 129 0
6 293 55 894 210 112 129 0
6 293 56 894 210 112 129 0
6 293 57 894 210 112 129 0
6 293 58 894 210 112 129 0
6 293 59 894 210 112 129 0
6 293 60 894 210 112 129 0
6 293 61 894 210 112 129 0
6 293 62 894 210 112 129 0
6 293 63 894 210 112 129 0
6 293 64 894 210 112 129 0
6 293 65 894 210 112 129 0
6 293 66 894 210 112 129 0
6 293 67 894 210 112 129 0
6 293 68 894 210 112 129 0
6 293 69 894 210 112 129 0
6 293 70 894 210 112 129 0
6 293 71 894 210 112 129 0
6 293 72 894 210 112 129 0
6 293 73 894 210 112 129 0
6 293 74 894 210 112 129 0
6 293 75 894 210 112 129 0
6 293 76 894 210 112 129 0
6 293 77 894 210 112 129 0
6 293 78 894 210 112 129 0
6 293 79 894 210 112 129 0
6 293 80 894 210 112 129 0
6 293 81 894 210 112 129 0
6 293 82 894 210 112 129 0
6 293 83 894 210 112 129 0
6 293 84 894 210 112 129 0
6 293 85 894 210 112 129 0
6 293 86 894 210 112 129 0
6 293 87 894 210 112 129 0
6 293 88 894 210 112 129 0
6 293 89 894 210 112 129 0
6 293 90 894 210 112 129 0
6 293 91 894 210 112 129 0
6 293 92 894 210 112 129 0
6 293 93 894 210 112 129 0
6 293 94 894 210 112 129 0
6 293 95 894 210 112 129 0
6 293 96 894 210 112 129 0
6 293 97 894 210 112 129 0
6 293 98 894 210 112 129 0
6 293 99 894 210 112 129 0
6 293 100 894 210 112 129 0
6 293 101 894 210 112 129 0
6 293 102 894 210 112 129 0
6 293 103 894 210 112 129 0
6 293 104 894 210 112 129 0
6 293 105 894 210 112 129 0
6 293 106 894 210 112 129 0
6 293 107 894 210 112 129 0
6 293 108 894 210 112 129 0
6 293 109 894 210 112 129 0
6 293 110 894 210 112 129 0
6 293 111 894 210 112 129 0
6 293 112 894 210 112 129 0
6 293 113 894 210 112 129 0
6 293 114 894 210 112 129 0
6 293 115 894 210 112 129 0
6 293 116 894 210 112 129 0
6 293 117 894 210 112 129 0
6 293 118 894 210 112 129 0
6 293 119 894 210 112 129 0
6 293 120 894 210 112 129 0
6 293 121 894 210 112 129 0
6 293 122 894 210 112 129 0
6 293 123 894 210 112 129 0
6 293 124 894 210 112 129 0
6 293 125 894 210 112 129 0
6 293 126 894 210 112 129 0
6 293 127 894 210 112 129 0
6 293 128 894 210 112 129 0
6 293 129 894 210 112 129 0
6 293 130 894 210 112 129 0
6 293 131 894 210 112 129 0
6 293 132 894 210 112 129 0
6 293 133 894 210 112 129 0
6 293 134 894 210 112 129 0
6 293 135 894 210 112 129 0
6 293 136 894 210 112 129 0
6 293 137 894 210 112 129 0
6 293 138 894 210 112 129 0
6 293 139 894 210 112 129 0
6 293 140 894 210 112 129 0
6 293 141 894 210 112 129 0
6 293 142 894 210 112 129 0
6 293 143 894 210 112 129 0
6 293 144 894 210 112 129 0
6 293 145 894 210 112 129 0
6 293 146 894 210 112 129 0
6 293 147 894 210 112 129 0
6 293 148 894 210 112 129 0
6 293 149 894 210 112 129 0
6 293 150 894 210 112 129 0
6 293 151 894 210 112 129 0
6 293 152 894 210 112 129 0
6 293 153 894 210 112 129 0
6 293 154 894 210 112 129 0
6 293 155 894 210 112 129 0
6 293 156 894 210 112 129 0
6 293 157 894 210 112 129 0
6 293 158 894 210 112 129 0
6 293 159 894 210 112 129 0
6 293 160 894 210 112 129 0
6 293 161 894 210 112 129 0
6 293 162 894 210 112 129 0
6 293 163 894 210 112 129 0
6 293 164 894 210 112 129 0
6 293 165 894 210 112 129 0
6 293 166 894 210 112 129 0
6 293 167 894 210 112 129 0
6 293 168 894 210 112 129 0
6 293 169 894 210 112 129 0
6 293 170 894 210 112 129 0
6 293 171 894 210 112 129 0
6 293 172 894 210 112 129 0
6 293 173 894 210 112 129 0
6 293 174 894 210 112 129 0
6 293 175 895 212 112 129 0
6 293 176 897 214 112 129 0
6 293 177 899 216 112 129 0
6 293 178 901 218 112 130 0
6 293 179 903 221 112 129 0
6 293 180 905 223 112 129 0
6 293 181 907 225 112 129 0
6 293 182 909 227 112 130 0
6 293 183 911 230 112 129 0
6 293 184 913 232 112 129 0
6 293 185 915 234 112 129 0
6 293 186 917 236 112 130 0
6 293 187 919 239 112 129 0
6 293 188 921 241 112 129 0
6 293 189 923 243 112 129 0
6 293 190 925 245 112 130 0
6 293 191 927 248 112 129 0
6 293 192 929 250 112 129 0
6 293 193 931 252 112 129 0
6 293 194 933 254 112 130 0
6 293 195 935 256 112 130 0
6 293 196 937 259 112 129 0
6 293 197 939 261 112 130 0
6 293 198 941 263 112 130 0
6 293 199 943 265 112 130 0
6 293 200 945 268 112 129 0
6 293 201 947 270 112 130 0
6 293 202 949 272 112 130 0
6 293 203 951 274 112 130 0
6 293 204 953 277 112 129 0
6 293 205 955 279 112 130 0
6 293 206 957 281 112 130 0
6 293 207 959 283 112 130 0
6 293 208 961 286 112 129 0
6 293 209 963 288 112 130 0
6 293 210 965 290 112 130 0
6 293 211 967 292 112 130 0
6 293 212 969 295 112 129 0
6 293 213 971 297 112 130 0
6 293 214 973 299 112 130 0
6 293 215 975 301 112 130 0
6 293 216 977 304 112 130 0
6 293 217 979 306 112 130 0
6 293 218 981 309 112 130 0
6 293 219 984 311 112 130 0
6 293 220 986 314 112 130 0
6 293 221 989 316 112 130 0
6 293 222 991 319 112 130 0
6 293 223 994 321 112 130 0
6 293 224 996 324 112 130 0
6 293 225 998 326 112 130 0
6 293 226 1001 329 112 130 0
6 293 227 1003 331 112 130 0
6 293 228 1006 334 112 130 0
6 293 229 1008 336 112 130 0
6 293 230 1011 339 112 130 0
6 293 231 1013 341 112 130 0
6 293 232 1015 344 112 130 0
6 293 233 1018 346 112 130 0
6 293 234 1020 349 112 130 0
6 293 235 1023 351 112 130 0
6 293 236 1025 354 112 130 0
6 293 237 1028 356 112 130 0
6 293 238 1030 359 112 130 0
6 293 239 1032 361 112 130 0
6 293 240 1035 364 112 130 0
6 293 241 1037 366 112 130 0
6 293 242 1040 369 112 130 0
6 293 243 1042 371 112 130 0
6 293 244 1045 374 112 130 0
6 293 245 1047 376 112 130 0
6 293 246 1049 379 112 130 0
6 293 247 1052 381 112 130 0
6 293 248 1054 384 112 130 0
6 293 249 1057 386 112 130 0
6 293 250 1059 389 112 130 0
6 293 251 1062 392 112 130 0
6 293 252 1062 392 112 130 0
6 293 253 1062 393 112 130 0
6 293 254 1062 394 112 130 0
6 293 255 1062 395 112 130 0
6 293 256 1063 396 112 130 0
6 293 257 1063 397 112 130 0
6 293 258 1063 398 112 130 0
6 293 259 1063 399 112 130 0
6 293 260 1064 400 112 130 0
6 293 261 1064 401 112 130 0
6 293 262 1064 402 112 130 0
6 293 263 1064 403 112 130 0
6 293 264 1065 404 112 130 0
6 293 265 1065 405 112 130 0
6 293 266 1065 406 112 130 0
6 293 267 1065 407 112 130 0
6 293 268 1066 408 112 130 0
6 293 269 1066 409 112 130 0
6 293 270 1066 410 112 130 0
6 293 271 1066 411 112 130 0
6 293 272 1067 412 112 130 0
6 293 273 1067 413 112 130 0
6 293 274 1067 414 112 130 0
6 293 275 1067 415 112 130 0
6 293 276 1068 416 112 130 0
6 293 277 1068 417 112 130 0
6 293 278 1068 418 112 130 0
6 293 279 1068 419 112 130 0
6 293 280 1069 420 112 130 0
6 293 281 1069 421 112 130 0
6 293 282 1069 422 112 130 0
6 293 283 1069 423 112 130 0
6 293 284 1070 424 112 130 0
6 293 285 1070 425 112 130 0
6 293 286 1070 426 112 130 0
6 293 287 1070 427 112 130 0
6 293 288 1071 428 112 130 0
6 293 289 1071 429 112 130 0
6 293 290 1071 430 112 130 0
6 293 291 1071 431 112 130 0
6 293 292 1072 432 112 130 0
