19 7 596 242 837 242 1025 333 64 90 
19 7 596 242 837 243 1025 333 64 90 
19 7 596 242 837 244 1025 333 64 90 
19 7 596 242 837 245 1027 333 64 90 
19 7 596 242 837 246 1027 335 64 90 
19 7 596 242 837 247 1027 335 64 90 
19 7 596 242 837 248 1027 335 64 90 
19 7 596 242 837 249 1027 335 64 90 
19 7 596 242 837 250 1029 335 64 90 
19 7 596 242 837 251 1029 335 64 90 
19 7 596 242 837 252 1029 335 64 90 
19 7 596 242 837 253 1029 335 64 90 
19 7 596 242 837 254 1029 335 64 90 
19 7 596 242 837 255 1031 335 64 90 
19 7 596 242 837 256 1031 335 64 90 
19 7 596 242 837 257 1031 335 64 90 
19 7 596 242 837 258 1031 335 64 90 
19 7 596 242 837 259 1031 337 64 90 
19 7 596 242 837 260 1032 337 64 90 
19 7 596 242 837 261 1032 337 64 90 
19 7 596 242 837 262 1032 337 64 90 
19 7 596 242 837 263 1032 337 64 90 
19 7 596 242 837 264 1032 337 64 90 
19 7 596 242 837 265 1034 337 64 90 
19 7 596 242 837 266 1034 337 64 90 
19 7 596 242 837 267 1034 337 64 90 
19 7 596 242 837 268 1034 337 64 90 
19 7 596 242 837 269 1034 337 64 90 
19 7 596 242 837 270 1036 337 64 90 
19 7 596 242 837 271 1036 337 64 90 
19 7 596 242 837 272 1036 337 64 91 
19 7 596 242 837 273 1036 337 64 91 
19 7 596 242 837 274 1036 337 64 91 
19 7 596 242 837 275 1038 337 64 91 
19 7 596 242 837 276 1038 337 64 91 
19 7 596 242 837 277 1038 337 64 91 
19 7 596 242 837 278 1038 337 64 91 
19 7 596 242 837 279 1038 337 64 91 
19 7 596 242 837 280 1040 337 64 91 
19 7 596 242 837 281 1040 337 64 91 
19 7 596 242 837 282 1040 337 64 91 
19 7 596 242 837 283 1040 337 64 91 
19 7 596 242 837 284 1040 337 64 91 
19 7 596 242 837 285 1041 339 64 91 
19 7 596 242 837 286 1040 339 64 91 
19 7 596 242 837 287 1040 339 64 91 
19 7 596 242 837 288 1040 339 64 91 
19 7 596 242 837 289 1040 339 64 91 
19 7 596 242 837 290 1040 339 64 91 
19 7 596 242 837 291 1040 339 64 91 
19 7 596 242 837 292 1040 339 64 91 
19 7 596 242 837 293 1040 339 64 91 
19 7 596 242 837 294 1040 339 64 91 
19 7 596 242 837 295 1040 339 64 91 
19 7 596 242 837 296 1040 339 64 91 
19 7 596 242 837 297 1040 339 64 91 
19 7 596 242 837 298 1040 339 64 91 
19 7 596 242 837 299 1040 339 64 91 
19 7 596 242 837 300 1040 342 64 90 
19 7 596 242 837 301 1040 339 64 93 
19 7 596 242 837 302 1040 339 64 93 
19 7 596 242 837 303 1040 339 64 93 
19 7 596 242 837 304 1040 339 64 93 
19 7 596 242 837 305 1040 339 64 93 
19 7 596 242 837 306 1040 339 64 93 
19 7 596 242 837 307 1040 339 64 93 
19 7 596 242 837 308 1040 339 64 93 
19 7 596 242 837 309 1040 339 64 93 
19 7 596 242 837 310 1040 339 64 93 
19 7 596 242 837 311 1040 339 64 93 
19 7 596 242 837 312 1040 339 64 93 
19 7 596 242 837 313 1040 339 64 93 
19 7 596 242 837 314 1040 339 64 93 
19 7 596 242 837 315 1040 339 64 93 
19 7 596 242 837 316 1040 339 64 93 
19 7 596 242 837 317 1040 339 64 93 
19 7 596 242 837 318 1040 339 64 93 
19 7 596 242 837 319 1040 339 64 93 
19 7 596 242 837 320 1040 339 64 93 
19 7 596 242 837 321 1040 339 64 93 
19 7 596 242 837 322 1040 339 64 93 
19 7 596 242 837 323 1040 339 64 93 
19 7 596 242 837 324 1040 339 64 93 
19 7 596 242 837 325 1040 339 64 93 
19 7 596 242 837 326 1040 339 64 93 
19 7 596 242 837 327 1040 339 64 93 
19 7 596 242 837 328 1040 339 64 93 
19 7 596 242 837 329 1040 339 64 93 
19 7 596 242 837 330 1040 339 64 93 
19 7 596 242 837 331 1040 339 64 93 
19 7 596 242 837 332 1040 339 64 93 
19 7 596 242 837 333 1040 339 64 93 
19 7 596 242 837 334 1040 339 64 93 
19 7 596 242 837 335 1040 339 64 93 
19 7 596 242 837 336 1040 339 64 93 
19 7 596 242 837 337 1040 339 64 93 
19 7 596 242 837 338 1040 339 64 93 
19 7 596 242 837 339 1040 339 64 93 
19 7 596 242 837 340 1040 339 64 93 
19 7 596 242 837 341 1040 339 64 93 
19 7 596 242 837 342 1040 339 64 93 
19 7 596 242 837 343 1040 339 64 93 
19 7 596 242 837 344 1040 339 64 93 
19 7 596 242 837 345 1040 339 64 93 
19 7 596 242 837 346 1040 339 64 93 
19 7 596 242 837 347 1040 339 64 93 
19 7 596 242 837 348 1040 339 64 93 
19 7 596 242 837 349 1040 339 64 93 
19 7 596 242 837 350 1040 339 64 93 
19 7 596 242 837 351 1040 339 64 93 
19 7 596 242 837 352 1040 339 64 93 
19 7 596 242 837 353 1040 339 64 93 
19 7 596 242 837 354 1040 339 64 93 
19 7 596 242 837 355 1040 339 64 93 
19 7 596 242 837 356 1040 339 64 93 
19 7 596 242 837 357 1040 339 64 93 
19 7 596 242 837 358 1040 339 64 93 
19 7 596 242 837 359 1040 339 64 93 
19 7 596 242 837 360 1040 339 64 93 
19 7 596 242 837 361 1040 339 64 93 
19 7 596 242 837 362 1040 339 64 93 
19 7 596 242 837 363 1040 339 64 93 
19 7 596 242 837 364 1040 339 64 93 
19 7 596 242 837 365 1040 339 64 93 
19 7 596 242 837 366 1040 339 64 93 
19 7 596 242 837 367 1040 339 64 93 
19 7 596 242 837 368 1040 339 64 93 
19 7 596 242 837 369 1040 339 64 93 
19 7 596 242 837 370 1040 339 64 93 
19 7 596 242 837 371 1040 339 64 93 
19 7 596 242 837 372 1040 339 64 93 
19 7 596 242 837 373 1040 339 64 93 
19 7 596 242 837 374 1040 339 64 93 
19 7 596 242 837 375 1040 339 64 93 
19 7 596 242 837 376 1040 339 64 93 
19 7 596 242 837 377 1040 339 64 93 
19 7 596 242 837 378 1040 339 64 93 
19 7 596 242 837 379 1040 339 64 93 
19 7 596 242 837 380 1040 339 64 93 
19 7 596 242 837 381 1040 339 64 93 
19 7 596 242 837 382 1040 339 64 93 
19 7 596 242 837 383 1040 339 64 93 
19 7 596 242 837 384 1040 339 64 93 
19 7 596 242 837 385 1040 339 64 93 
19 7 596 242 837 386 1040 339 64 93 
19 7 596 242 837 387 1040 339 64 93 
19 7 596 242 837 388 1040 339 64 93 
19 7 596 242 837 389 1040 339 64 93 
19 7 596 242 837 390 1040 339 64 93 
19 7 596 242 837 391 1040 339 64 93 
19 7 596 242 837 392 1040 339 64 93 
19 7 596 242 837 393 1040 339 64 93 
19 7 596 242 837 394 1040 339 64 93 
19 7 596 242 837 395 1040 339 64 93 
19 7 596 242 837 396 1040 339 64 93 
19 7 596 242 837 397 1040 339 64 93 
19 7 596 242 837 398 1040 339 64 93 
19 7 596 242 837 399 1040 339 64 93 
19 7 596 242 837 400 1040 339 64 93 
19 7 596 242 837 401 1040 339 64 93 
19 7 596 242 837 402 1040 339 64 93 
19 7 596 242 837 403 1040 339 64 93 
19 7 596 242 837 404 1040 339 64 93 
19 7 596 242 837 405 1040 339 64 93 
19 7 596 242 837 406 1040 339 64 93 
19 7 596 242 837 407 1040 339 64 93 
19 7 596 242 837 408 1040 339 64 93 
19 7 596 242 837 409 1040 339 64 93 
19 7 596 242 837 410 1040 339 64 93 
19 7 596 242 837 411 1040 339 64 93 
19 7 596 242 837 412 1040 339 64 93 
19 7 596 242 837 413 1040 339 64 93 
19 7 596 242 837 414 1040 339 64 93 
19 7 596 242 837 415 1040 339 64 93 
19 7 596 242 837 416 1040 339 64 93 
19 7 596 242 837 417 1040 339 64 93 
19 7 596 242 837 418 1040 339 64 93 
19 7 596 242 837 419 1040 339 64 93 
19 7 596 242 837 420 1040 339 64 93 
19 7 596 242 837 421 1040 339 64 93 
19 7 596 242 837 422 1040 339 64 93 
19 7 596 242 837 423 1040 339 64 93 
19 7 596 242 837 424 1040 339 64 93 
19 7 596 242 837 425 1040 339 64 93 
19 7 596 242 837 426 1040 339 64 93 
19 7 596 242 837 427 1040 339 64 93 
19 7 596 242 837 428 1040 339 64 93 
19 7 596 242 837 429 1040 339 64 93 
19 7 596 242 837 430 1040 339 64 93 
19 7 596 242 837 431 1040 339 64 93 
19 7 596 242 837 432 1040 339 64 93 
19 7 596 242 837 433 1040 339 64 93 
19 7 596 242 837 434 1040 339 64 93 
19 7 596 242 837 435 1040 339 64 93 
19 7 596 242 837 436 1040 339 64 93 
19 7 596 242 837 437 1040 339 64 93 
19 7 596 242 837 438 1040 339 64 93 
19 7 596 242 837 439 1040 339 64 93 
19 7 596 242 837 440 1040 339 64 93 
19 7 596 242 837 441 1040 339 64 93 
19 7 596 242 837 442 1040 339 64 93 
19 7 596 242 837 443 1040 339 64 93 
19 7 596 242 837 444 1040 339 64 93 
19 7 596 242 837 445 1040 339 64 93 
19 7 596 242 837 446 1040 339 64 93 
19 7 596 242 837 447 1040 339 64 93 
19 7 596 242 837 448 1040 339 64 93 
19 7 596 242 837 449 1040 339 64 93 
19 7 596 242 837 450 1040 339 64 93 
19 7 596 242 837 451 1040 339 64 93 
19 7 596 242 837 452 1040 339 64 93 
19 7 596 242 837 453 1040 339 64 93 
19 7 596 242 837 454 1040 339 64 93 
19 7 596 242 837 455 1040 339 64 93 
19 7 596 242 837 456 1040 339 64 93 
19 7 596 242 837 457 1040 339 64 93 
19 7 596 242 837 458 1040 339 64 93 
19 7 596 242 837 459 1040 339 64 93 
19 7 596 242 837 460 1040 339 64 93 
19 7 596 242 837 461 1040 339 64 93 
19 7 596 242 837 462 1040 339 64 93 
19 7 596 242 837 463 1040 339 64 93 
19 7 596 242 837 464 1040 339 64 93 
19 7 596 242 837 465 1040 339 64 93 
19 7 596 242 837 466 1040 339 64 93 
19 7 596 242 837 467 1040 339 64 93 
19 7 596 242 837 468 1040 339 64 93 
19 7 596 242 837 469 1040 339 64 93 
19 7 596 242 837 470 1040 339 64 93 
19 7 596 242 837 471 1040 339 64 93 
19 7 596 242 837 472 1040 339 64 93 
19 7 596 242 837 473 1040 339 64 93 
19 7 596 242 837 474 1040 339 64 93 
19 7 596 242 837 475 1040 339 64 93 
19 7 596 242 837 476 1040 339 64 93 
19 7 596 242 837 477 1040 339 64 93 
19 7 596 242 837 478 1040 339 64 93 
19 7 596 242 837 479 1040 339 64 93 
19 7 596 242 837 480 1040 339 64 93 
19 7 596 242 837 481 1040 339 64 93 
19 7 596 242 837 482 1040 339 64 93 
19 7 596 242 837 483 1040 339 64 93 
19 7 596 242 837 484 1040 339 64 93 
19 7 596 242 837 485 1040 339 64 93 
19 7 596 242 837 486 1040 339 64 93 
19 7 596 242 837 487 1040 339 64 93 
19 7 596 242 837 488 1040 339 64 93 
19 7 596 242 837 489 1040 339 64 93 
19 7 596 242 837 490 1040 339 64 93 
19 7 596 242 837 491 1040 339 64 93 
19 7 596 242 837 492 1040 339 64 93 
19 7 596 242 837 493 1040 339 64 93 
19 7 596 242 837 494 1040 339 64 93 
19 7 596 242 837 495 1040 339 64 93 
19 7 596 242 837 496 1040 339 64 93 
19 7 596 242 837 497 1040 339 64 93 
19 7 596 242 837 498 1040 339 64 93 
19 7 596 242 837 499 1040 339 64 93 
19 7 596 242 837 500 1040 339 64 93 
19 7 596 242 837 501 1040 339 64 93 
19 7 596 242 837 502 1040 339 64 93 
19 7 596 242 837 503 1040 339 64 93 
19 7 596 242 837 504 1040 339 64 93 
19 7 596 242 837 505 1040 339 64 93 
19 7 596 242 837 506 1040 339 64 93 
19 7 596 242 837 507 1040 339 64 93 
19 7 596 242 837 508 1040 339 64 93 
19 7 596 242 837 509 1040 339 64 93 
19 7 596 242 837 510 1040 339 64 93 
19 7 596 242 837 511 1040 339 64 93 
19 7 596 242 837 512 1040 339 64 93 
19 7 596 242 837 513 1040 339 64 93 
19 7 596 242 837 514 1040 339 64 93 
19 7 596 242 837 515 1040 339 64 93 
19 7 596 242 837 516 1040 339 64 93 
19 7 596 242 837 517 1040 339 64 93 
19 7 596 242 837 518 1040 339 64 93 
19 7 596 242 837 519 1040 339 64 93 
19 7 596 242 837 520 1040 339 64 93 
19 7 596 242 837 521 1040 339 64 93 
19 7 596 242 837 522 1040 339 64 93 
19 7 596 242 837 523 1040 339 64 93 
19 7 596 242 837 524 1040 339 64 93 
19 7 596 242 837 525 1040 339 64 93 
19 7 596 242 837 526 1040 339 64 93 
19 7 596 242 837 527 1040 339 64 93 
19 7 596 242 837 528 1040 339 64 93 
19 7 596 242 837 529 1040 339 64 93 
19 7 596 242 837 530 1040 339 64 93 
19 7 596 242 837 531 1040 339 64 93 
19 7 596 242 837 532 1040 339 64 93 
19 7 596 242 837 533 1040 339 64 93 
19 7 596 242 837 534 1040 339 64 93 
19 7 596 242 837 535 1040 339 64 93 
19 7 596 242 837 536 1040 339 64 93 
19 7 596 242 837 537 1040 339 64 93 
19 7 596 242 837 538 1040 339 64 93 
19 7 596 242 837 539 1040 339 64 93 
19 7 596 242 837 540 1040 339 64 93 
19 7 596 242 837 541 1040 339 64 93 
19 7 596 242 837 542 1040 339 64 93 
19 7 596 242 837 543 1040 339 64 93 
19 7 596 242 837 544 1040 339 64 93 
19 7 596 242 837 545 1040 339 64 93 
19 7 596 242 837 546 1040 339 64 93 
19 7 596 242 837 547 1040 339 64 93 
19 7 596 242 837 548 1040 339 64 93 
19 7 596 242 837 549 1040 339 64 93 
19 7 596 242 837 550 1040 339 64 93 
19 7 596 242 837 551 1040 339 64 93 
19 7 596 242 837 552 1040 339 64 93 
19 7 596 242 837 553 1040 339 64 93 
19 7 596 242 837 554 1040 339 64 93 
19 7 596 242 837 555 1040 339 64 93 
19 7 596 242 837 556 1040 339 64 93 
19 7 596 242 837 557 1040 339 64 93 
19 7 596 242 837 558 1040 339 64 93 
19 7 596 242 837 559 1040 339 64 93 
19 7 596 242 837 560 1040 339 64 93 
19 7 596 242 837 561 1040 339 64 93 
19 7 596 242 837 562 1040 339 64 93 
19 7 596 242 837 563 1040 339 64 93 
19 7 596 242 837 564 1040 339 64 93 
19 7 596 242 837 565 1040 339 64 93 
19 7 596 242 837 566 1040 339 64 93 
19 7 596 242 837 567 1040 339 64 93 
19 7 596 242 837 568 1040 339 64 93 
19 7 596 242 837 569 1040 339 64 93 
19 7 596 242 837 570 1040 339 64 93 
19 7 596 242 837 571 1040 339 64 93 
19 7 596 242 837 572 1040 339 64 93 
19 7 596 242 837 573 1040 339 64 93 
19 7 596 242 837 574 1040 339 64 93 
19 7 596 242 837 575 1040 339 64 93 
19 7 596 242 837 576 1040 339 64 93 
19 7 596 242 837 577 1040 339 64 93 
19 7 596 242 837 578 1040 339 64 93 
19 7 596 242 837 579 1040 339 64 93 
19 7 596 242 837 580 1040 339 64 93 
19 7 596 242 837 581 1040 339 64 93 
19 7 596 242 837 582 1040 339 64 93 
19 7 596 242 837 583 1040 339 64 93 
19 7 596 242 837 584 1040 339 64 93 
19 7 596 242 837 585 1040 339 64 93 
19 7 596 242 837 586 1040 339 64 93 
19 7 596 242 837 587 1040 339 64 93 
19 7 596 242 837 588 1040 339 64 93 
19 7 596 242 837 589 1040 339 64 93 
19 7 596 242 837 590 1040 339 64 93 
19 7 596 242 837 591 1040 339 64 93 
19 7 596 242 837 592 1040 339 64 93 
19 7 596 242 837 593 1040 339 64 93 
19 7 596 242 837 594 1040 339 64 93 
19 7 596 242 837 595 1040 339 64 93 
19 7 596 242 837 596 1040 339 64 93 
19 7 596 242 837 597 1040 339 64 93 
19 7 596 242 837 598 1040 339 64 93 
19 7 596 242 837 599 1040 339 64 93 
19 7 596 242 837 600 1039 339 66 93 
19 7 596 242 837 601 1040 339 64 93 
19 7 596 242 837 602 1040 339 64 93 
19 7 596 242 837 603 1040 339 64 93 
19 7 596 242 837 604 1040 339 64 93 
19 7 596 242 837 605 1040 339 64 93 
19 7 596 242 837 606 1040 339 64 93 
19 7 596 242 837 607 1040 339 64 93 
19 7 596 242 837 608 1040 339 64 93 
19 7 596 242 837 609 1040 339 64 93 
19 7 596 242 837 610 1040 339 64 93 
19 7 596 242 837 611 1040 339 64 93 
19 7 596 242 837 612 1040 339 64 93 
19 7 596 242 837 613 1040 339 64 93 
19 7 596 242 837 614 1040 339 64 93 
19 7 596 242 837 615 1040 339 64 93 
19 7 596 242 837 616 1040 339 64 93 
19 7 596 242 837 617 1040 339 64 93 
19 7 596 242 837 618 1040 339 64 93 
19 7 596 242 837 619 1040 339 64 93 
19 7 596 242 837 620 1040 339 64 93 
19 7 596 242 837 621 1040 339 64 93 
19 7 596 242 837 622 1040 339 64 93 
19 7 596 242 837 623 1040 339 64 93 
19 7 596 242 837 624 1040 339 64 93 
19 7 596 242 837 625 1040 339 64 93 
19 7 596 242 837 626 1040 339 64 93 
19 7 596 242 837 627 1040 339 64 93 
19 7 596 242 837 628 1040 339 64 93 
19 7 596 242 837 629 1040 339 64 93 
19 7 596 242 837 630 1040 339 64 93 
19 7 596 242 837 631 1040 339 64 93 
19 7 596 242 837 632 1040 339 64 93 
19 7 596 242 837 633 1040 339 64 93 
19 7 596 242 837 634 1040 339 64 93 
19 7 596 242 837 635 1040 339 64 93 
19 7 596 242 837 636 1040 339 64 93 
19 7 596 242 837 637 1040 339 64 93 
19 7 596 242 837 638 1040 339 64 93 
19 7 596 242 837 639 1040 339 64 93 
19 7 596 242 837 640 1040 339 64 93 
19 7 596 242 837 641 1040 339 64 93 
19 7 596 242 837 642 1040 339 64 93 
19 7 596 242 837 643 1040 339 64 93 
19 7 596 242 837 644 1040 339 64 93 
19 7 596 242 837 645 1040 339 64 93 
19 7 596 242 837 646 1040 339 64 93 
19 7 596 242 837 647 1040 339 64 93 
19 7 596 242 837 648 1040 339 64 93 
19 7 596 242 837 649 1040 339 64 93 
19 7 596 242 837 650 1040 339 64 93 
19 7 596 242 837 651 1040 339 64 93 
19 7 596 242 837 652 1040 339 64 93 
19 7 596 242 837 653 1040 339 64 93 
19 7 596 242 837 654 1040 339 64 93 
19 7 596 242 837 655 1040 339 64 93 
19 7 596 242 837 656 1040 339 64 93 
19 7 596 242 837 657 1040 339 64 93 
19 7 596 242 837 658 1040 339 64 93 
19 7 596 242 837 659 1040 339 64 93 
19 7 596 242 837 660 1041 339 60 93 
19 7 596 242 837 661 1041 339 60 93 
19 7 596 242 837 662 1041 339 60 93 
19 7 596 242 837 663 1041 339 60 93 
19 7 596 242 837 664 1041 339 60 93 
19 7 596 242 837 665 1041 339 60 93 
19 7 596 242 837 666 1041 339 60 93 
19 7 596 242 837 667 1041 339 60 93 
19 7 596 242 837 668 1041 339 60 93 
19 7 596 242 837 669 1041 339 60 93 
19 7 596 242 837 670 1041 339 60 93 
19 7 596 242 837 671 1041 339 60 93 
19 7 596 242 837 672 1041 339 60 93 
19 7 596 242 837 673 1041 339 60 93 
19 7 596 242 837 674 1041 339 60 93 
19 7 596 242 837 675 1041 339 60 93 
19 7 596 242 837 676 1041 339 60 93 
19 7 596 242 837 677 1041 339 60 93 
19 7 596 242 837 678 1041 339 60 93 
19 7 596 242 837 679 1041 342 60 90 
19 7 596 242 837 680 1041 342 60 90 
19 7 596 242 837 681 1041 342 60 90 
19 7 596 242 837 682 1041 342 60 90 
19 7 596 242 837 683 1041 342 60 90 
19 7 596 242 837 684 1041 342 60 90 
19 7 596 242 837 685 1041 342 60 90 
19 7 596 242 837 686 1041 342 60 90 
19 7 596 242 837 687 1041 342 60 90 
19 7 596 242 837 688 1041 342 60 90 
19 7 596 242 837 689 1041 342 60 90 
19 7 596 242 837 690 1041 342 60 90 
19 7 596 242 837 691 1041 342 60 90 
19 7 596 242 837 692 1041 342 60 90 
19 7 596 242 837 693 1041 342 60 90 
19 7 596 242 837 694 1041 342 60 90 
19 7 596 242 837 695 1041 342 60 90 
19 7 596 242 837 696 1041 342 60 90 
19 7 596 242 837 697 1041 342 60 90 
19 7 596 242 837 698 1041 342 60 90 
19 7 596 242 837 699 1041 342 60 90 
19 7 596 242 837 700 1041 342 60 90 
19 7 596 242 837 701 1041 342 60 90 
19 7 596 242 837 702 1041 342 60 90 
19 7 596 242 837 703 1041 342 60 90 
19 7 596 242 837 704 1041 342 60 90 
19 7 596 242 837 705 1041 342 60 90 
19 7 596 242 837 706 1041 342 60 90 
19 7 596 242 837 707 1041 342 60 90 
19 7 596 242 837 708 1041 342 60 90 
19 7 596 242 837 709 1041 342 60 90 
19 7 596 242 837 710 1041 342 60 90 
19 7 596 242 837 711 1041 342 60 90 
19 7 596 242 837 712 1041 342 60 90 
19 7 596 242 837 713 1041 342 60 90 
19 7 596 242 837 714 1041 342 60 90 
19 7 596 242 837 715 1041 342 60 90 
19 7 596 242 837 716 1041 342 60 90 
19 7 596 242 837 717 1041 342 60 90 
19 7 596 242 837 718 1041 342 60 90 
19 7 596 242 837 719 1043 342 54 90 
19 7 596 242 837 720 1043 342 54 90 
19 7 596 242 837 721 1043 342 54 90 
19 7 596 242 837 722 1043 342 54 90 
19 7 596 242 837 723 1043 342 54 90 
19 7 596 242 837 724 1043 342 54 90 
19 7 596 242 837 725 1043 342 54 90 
19 7 596 242 837 726 1043 342 54 90 
19 7 596 242 837 727 1043 342 54 90 
19 7 596 242 837 728 1043 342 54 90 
19 7 596 242 837 729 1043 342 54 90 
19 7 596 242 837 730 1043 342 54 90 
19 7 596 242 837 731 1043 342 54 90 
19 7 596 242 837 732 1043 342 54 90 
19 7 596 242 837 733 1043 342 54 90 
19 7 596 242 837 734 1043 342 54 90 
19 7 596 242 837 735 1043 342 54 90 
19 7 596 242 837 736 1043 342 54 90 
19 7 596 242 837 737 1043 342 54 90 
19 7 596 242 837 738 1043 342 54 90 
19 7 596 242 837 739 1043 342 54 90 
19 7 596 242 837 740 1043 342 54 90 
19 7 596 242 837 741 1043 342 54 90 
19 7 596 242 837 742 1043 342 54 90 
19 7 596 242 837 743 1043 342 54 90 
19 7 596 242 837 744 1043 342 54 90 
19 7 596 242 837 745 1043 342 54 90 
19 7 596 242 837 746 1043 342 54 90 
19 7 596 242 837 747 1043 342 54 90 
19 7 596 242 837 748 1043 342 54 90 
19 7 596 242 837 749 1043 342 54 90 
19 7 596 242 837 750 1043 342 54 90 
19 7 596 242 837 751 1043 342 54 90 
19 7 596 242 837 752 1043 342 54 90 
19 7 596 242 837 753 1043 342 54 90 
19 7 596 242 837 754 1043 342 54 90 
19 7 596 242 837 755 1043 342 54 90 
19 7 596 242 837 756 1043 342 54 90 
19 7 596 242 837 757 1043 342 54 90 
19 7 596 242 837 758 1043 344 54 87 
19 7 596 242 837 759 1043 344 54 87 
19 7 596 242 837 760 1043 344 54 87 
19 7 596 242 837 761 1043 344 54 87 
19 7 596 242 837 762 1043 344 54 87 
19 7 596 242 837 763 1043 344 54 87 
19 7 596 242 837 764 1043 344 54 87 
19 7 596 242 837 765 1043 344 54 87 
19 7 596 242 837 766 1043 344 54 87 
19 7 596 242 837 767 1043 344 54 87 
19 7 596 242 837 768 1043 344 54 87 
19 7 596 242 837 769 1043 344 54 87 
19 7 596 242 837 770 1043 344 54 87 
19 7 596 242 837 771 1043 344 54 87 
19 7 596 242 837 772 1043 344 54 87 
19 7 596 242 837 773 1043 344 54 87 
19 7 596 242 837 774 1043 344 54 87 
19 7 596 242 837 775 1043 344 54 87 
19 7 596 242 837 776 1043 344 54 87 
19 7 596 242 837 777 1043 344 54 87 
19 7 596 242 837 778 1044 344 50 87 
19 7 596 242 837 779 1044 344 50 87 
19 7 596 242 837 780 1044 344 50 87 
19 7 596 242 837 781 1044 344 50 87 
19 7 596 242 837 782 1044 344 50 87 
19 7 596 242 837 783 1044 344 50 87 
19 7 596 242 837 784 1044 344 50 87 
19 7 596 242 837 785 1044 344 50 87 
19 7 596 242 837 786 1044 344 50 87 
19 7 596 242 837 787 1044 344 50 87 
19 7 596 242 837 788 1044 344 50 87 
19 7 596 242 837 789 1044 344 50 87 
19 7 596 242 837 790 1044 344 50 87 
19 7 596 242 837 791 1044 344 50 87 
19 7 596 242 837 792 1044 344 50 87 
19 7 596 242 837 793 1044 344 50 87 
19 7 596 242 837 794 1044 344 50 87 
19 7 596 242 837 795 1044 344 50 87 
19 7 596 242 837 796 1044 344 50 87 
19 7 596 242 837 797 1044 344 50 87 
19 7 596 242 837 798 1044 344 50 87 
19 7 596 242 837 799 1044 344 50 87 
19 7 596 242 837 800 1044 344 50 87 
19 7 596 242 837 801 1044 344 50 87 
19 7 596 242 837 802 1044 344 50 87 
19 7 596 242 837 803 1044 344 50 87 
19 7 596 242 837 804 1044 344 50 87 
19 7 596 242 837 805 1044 344 50 87 
19 7 596 242 837 806 1044 344 50 87 
19 7 596 242 837 807 1044 344 50 87 
19 7 596 242 837 808 1044 344 50 87 
19 7 596 242 837 809 1044 344 50 87 
19 7 596 242 837 810 1044 344 50 87 
19 7 596 242 837 811 1044 344 50 87 
19 7 596 242 837 812 1044 344 50 87 
19 7 596 242 837 813 1044 344 50 87 
19 7 596 242 837 814 1044 344 50 87 
19 7 596 242 837 815 1044 344 50 87 
19 7 596 242 837 816 1044 344 50 87 
19 7 596 242 837 817 1044 344 50 87 
19 7 596 242 837 818 1044 344 50 87 
19 7 596 242 837 819 1044 344 50 87 
19 7 596 242 837 820 1044 344 50 87 
19 7 596 242 837 821 1044 344 50 87 
19 7 596 242 837 822 1044 344 50 87 
19 7 596 242 837 823 1044 344 50 87 
19 7 596 242 837 824 1044 344 50 87 
19 7 596 242 837 825 1044 344 50 87 
19 7 596 242 837 826 1044 344 50 87 
19 7 596 242 837 827 1044 344 50 87 
19 7 596 242 837 828 1044 344 50 87 
19 7 596 242 837 829 1044 344 50 87 
19 7 596 242 837 830 1044 344 50 87 
19 7 596 242 837 831 1044 344 50 87 
19 7 596 242 837 832 1044 344 50 87 
19 7 596 242 837 833 1044 344 50 87 
19 7 596 242 837 834 1044 344 50 87 
19 7 596 242 837 835 1044 344 50 87 
19 7 596 242 837 836 1044 344 50 87 
19 7 596 242 837 837 1047 345 46 85 
