0 5 185 735 919 735 316 45 102 88 
0 5 185 735 919 736 316 45 102 88 
0 5 185 735 919 737 316 45 102 88 
0 5 185 735 919 738 316 45 102 88 
0 5 185 735 919 739 316 45 102 88 
0 5 185 735 919 740 316 45 102 88 
0 5 185 735 919 741 316 45 102 88 
0 5 185 735 919 742 316 45 102 88 
0 5 185 735 919 743 316 45 102 88 
0 5 185 735 919 744 316 45 102 88 
0 5 185 735 919 745 316 45 102 88 
0 5 185 735 919 746 316 45 102 88 
0 5 185 735 919 747 316 45 102 88 
0 5 185 735 919 748 316 45 102 88 
0 5 185 735 919 749 316 45 102 88 
0 5 185 735 919 750 316 45 102 88 
0 5 185 735 919 751 316 45 102 88 
0 5 185 735 919 752 316 45 102 88 
0 5 185 735 919 753 316 45 102 88 
0 5 185 735 919 754 316 45 102 88 
0 5 185 735 919 755 316 45 102 88 
0 5 185 735 919 756 316 45 102 88 
0 5 185 735 919 757 316 45 102 88 
0 5 185 735 919 758 316 45 102 88 
0 5 185 735 919 759 316 45 102 88 
0 5 185 735 919 760 316 45 102 88 
0 5 185 735 919 761 316 45 102 88 
0 5 185 735 919 762 316 45 102 88 
0 5 185 735 919 763 316 45 102 88 
0 5 185 735 919 764 316 45 102 88 
0 5 185 735 919 765 316 45 102 88 
0 5 185 735 919 766 316 45 102 88 
0 5 185 735 919 767 316 45 102 88 
0 5 185 735 919 768 316 45 102 88 
0 5 185 735 919 769 316 45 102 88 
0 5 185 735 919 770 316 45 102 88 
0 5 185 735 919 771 316 45 102 88 
0 5 185 735 919 772 316 45 102 88 
0 5 185 735 919 773 316 45 102 88 
0 5 185 735 919 774 316 45 102 88 
0 5 185 735 919 775 316 45 102 88 
0 5 185 735 919 776 316 45 102 88 
0 5 185 735 919 777 316 45 102 88 
0 5 185 735 919 778 316 45 102 88 
0 5 185 735 919 779 316 45 102 88 
0 5 185 735 919 780 316 45 102 88 
0 5 185 735 919 781 316 45 102 88 
0 5 185 735 919 782 316 45 102 88 
0 5 185 735 919 783 316 45 102 88 
0 5 185 735 919 784 316 45 102 88 
0 5 185 735 919 785 316 45 102 88 
0 5 185 735 919 786 316 45 102 88 
0 5 185 735 919 787 316 45 102 88 
0 5 185 735 919 788 316 45 102 88 
0 5 185 735 919 789 316 45 102 88 
0 5 185 735 919 790 316 45 102 88 
0 5 185 735 919 791 316 45 102 88 
0 5 185 735 919 792 316 45 102 88 
0 5 185 735 919 793 316 45 102 88 
0 5 185 735 919 794 316 45 102 88 
0 5 185 735 919 795 316 45 102 88 
0 5 185 735 919 796 316 45 102 88 
0 5 185 735 919 797 316 45 102 88 
0 5 185 735 919 798 316 45 102 88 
0 5 185 735 919 799 316 45 102 88 
0 5 185 735 919 800 316 45 102 88 
0 5 185 735 919 801 316 45 102 88 
0 5 185 735 919 802 316 45 102 88 
0 5 185 735 919 803 316 45 102 88 
0 5 185 735 919 804 316 45 102 88 
0 5 185 735 919 805 316 45 102 88 
0 5 185 735 919 806 316 45 102 88 
0 5 185 735 919 807 316 45 102 88 
0 5 185 735 919 808 316 45 102 88 
0 5 185 735 919 809 316 45 102 88 
0 5 185 735 919 810 316 45 102 88 
0 5 185 735 919 811 316 45 102 88 
0 5 185 735 919 812 316 45 102 88 
0 5 185 735 919 813 316 45 102 88 
0 5 185 735 919 814 316 45 102 88 
0 5 185 735 919 815 316 45 102 88 
0 5 185 735 919 816 316 45 102 88 
0 5 185 735 919 817 316 45 102 88 
0 5 185 735 919 818 316 45 102 88 
0 5 185 735 919 819 316 45 102 88 
0 5 185 735 919 820 316 45 102 88 
0 5 185 735 919 821 316 45 102 88 
0 5 185 735 919 822 316 45 102 88 
0 5 185 735 919 823 316 45 102 88 
0 5 185 735 919 824 316 45 102 88 
0 5 185 735 919 825 316 45 102 88 
0 5 185 735 919 826 316 45 102 88 
0 5 185 735 919 827 316 45 102 88 
0 5 185 735 919 828 316 45 102 88 
0 5 185 735 919 829 316 45 102 88 
0 5 185 735 919 830 316 45 102 88 
0 5 185 735 919 831 316 45 102 88 
0 5 185 735 919 832 316 45 102 88 
0 5 185 735 919 833 316 45 102 88 
0 5 185 735 919 834 316 45 102 88 
0 5 185 735 919 835 316 45 102 88 
0 5 185 735 919 836 316 45 102 88 
0 5 185 735 919 837 316 45 102 88 
0 5 185 735 919 838 316 45 102 88 
0 5 185 735 919 839 316 45 102 88 
0 5 185 735 919 840 316 45 102 88 
0 5 185 735 919 841 316 45 102 88 
0 5 185 735 919 842 316 45 102 88 
0 5 185 735 919 843 316 45 102 88 
0 5 185 735 919 844 316 45 102 88 
0 5 185 735 919 845 316 45 102 88 
0 5 185 735 919 846 316 45 102 88 
0 5 185 735 919 847 316 45 102 88 
0 5 185 735 919 848 316 45 102 88 
0 5 185 735 919 849 316 45 102 88 
0 5 185 735 919 850 316 45 102 88 
0 5 185 735 919 851 316 45 102 88 
0 5 185 735 919 852 316 45 102 88 
0 5 185 735 919 853 316 45 102 88 
0 5 185 735 919 854 316 45 102 88 
0 5 185 735 919 855 316 45 102 88 
0 5 185 735 919 856 316 45 102 88 
0 5 185 735 919 857 316 45 102 88 
0 5 185 735 919 858 316 45 102 88 
0 5 185 735 919 859 316 45 102 88 
0 5 185 735 919 860 316 45 102 88 
0 5 185 735 919 861 316 45 102 88 
0 5 185 735 919 862 316 45 102 88 
0 5 185 735 919 863 316 45 102 88 
0 5 185 735 919 864 316 45 102 88 
0 5 185 735 919 865 316 45 102 88 
0 5 185 735 919 866 316 45 102 88 
0 5 185 735 919 867 316 45 102 88 
0 5 185 735 919 868 316 45 102 88 
0 5 185 735 919 869 316 45 102 88 
0 5 185 735 919 870 316 45 102 88 
0 5 185 735 919 871 316 45 102 88 
0 5 185 735 919 872 316 45 102 88 
0 5 185 735 919 873 316 45 102 88 
0 5 185 735 919 874 316 45 102 88 
0 5 185 735 919 875 316 45 102 88 
0 5 185 735 919 876 316 45 102 88 
0 5 185 735 919 877 316 45 102 88 
0 5 185 735 919 878 316 45 102 88 
0 5 185 735 919 879 316 45 102 88 
0 5 185 735 919 880 316 45 102 88 
0 5 185 735 919 881 316 45 102 88 
0 5 185 735 919 882 316 45 102 88 
0 5 185 735 919 883 316 45 102 88 
0 5 185 735 919 884 316 45 102 88 
0 5 185 735 919 885 316 45 102 88 
0 5 185 735 919 886 316 45 102 88 
0 5 185 735 919 887 316 45 102 88 
0 5 185 735 919 888 316 45 102 88 
0 5 185 735 919 889 316 45 102 88 
0 5 185 735 919 890 316 45 102 88 
0 5 185 735 919 891 316 45 102 88 
0 5 185 735 919 892 316 45 102 88 
0 5 185 735 919 893 316 45 102 88 
0 5 185 735 919 894 316 45 102 88 
0 5 185 735 919 895 316 45 102 88 
0 5 185 735 919 896 316 45 102 88 
0 5 185 735 919 897 316 45 102 88 
0 5 185 735 919 898 316 45 102 88 
0 5 185 735 919 899 316 45 102 88 
0 5 185 735 919 900 316 45 102 88 
0 5 185 735 919 901 316 45 102 88 
0 5 185 735 919 902 316 45 102 88 
0 5 185 735 919 903 316 45 102 88 
0 5 185 735 919 904 316 45 102 88 
0 5 185 735 919 905 316 45 102 88 
0 5 185 735 919 906 316 45 102 88 
0 5 185 735 919 907 316 45 102 88 
0 5 185 735 919 908 316 45 102 88 
0 5 185 735 919 909 316 45 102 88 
0 5 185 735 919 910 316 45 102 88 
0 5 185 735 919 911 316 45 102 88 
0 5 185 735 919 912 316 45 102 88 
0 5 185 735 919 913 316 45 102 88 
0 5 185 735 919 914 316 45 102 88 
0 5 185 735 919 915 316 45 102 88 
0 5 185 735 919 916 316 45 102 88 
0 5 185 735 919 917 316 45 102 88 
0 5 185 735 919 918 316 45 102 88 
0 5 185 735 919 919 316 45 102 88 
