17 9 479 0 478 0 484 257 48 76 
17 9 479 0 478 1 481 257 50 76 
17 9 479 0 478 2 481 257 50 76 
17 9 479 0 478 3 481 257 50 76 
17 9 479 0 478 4 481 257 50 76 
17 9 479 0 478 5 481 257 50 76 
17 9 479 0 478 6 481 257 50 76 
17 9 479 0 478 7 481 257 50 76 
17 9 479 0 478 8 481 257 50 76 
17 9 479 0 478 9 481 257 50 76 
17 9 479 0 478 10 479 257 50 76 
17 9 479 0 478 11 479 257 50 76 
17 9 479 0 478 12 479 257 50 76 
17 9 479 0 478 13 479 257 50 76 
17 9 479 0 478 14 479 257 50 76 
17 9 479 0 478 15 479 257 50 76 
17 9 479 0 478 16 479 257 50 76 
17 9 479 0 478 17 479 257 50 76 
17 9 479 0 478 18 479 257 50 76 
17 9 479 0 478 19 479 257 50 76 
17 9 479 0 478 20 477 257 50 76 
17 9 479 0 478 21 477 257 50 76 
17 9 479 0 478 22 477 257 50 76 
17 9 479 0 478 23 477 259 50 76 
17 9 479 0 478 24 477 259 50 76 
17 9 479 0 478 25 477 259 50 76 
17 9 479 0 478 26 477 259 50 76 
17 9 479 0 478 27 477 259 50 76 
17 9 479 0 478 28 477 259 50 76 
17 9 479 0 478 29 475 259 50 76 
17 9 479 0 478 30 475 259 50 76 
17 9 479 0 478 31 475 259 50 76 
17 9 479 0 478 32 475 259 50 76 
17 9 479 0 478 33 475 259 50 76 
17 9 479 0 478 34 475 259 50 76 
17 9 479 0 478 35 475 259 50 76 
17 9 479 0 478 36 475 259 50 76 
17 9 479 0 478 37 475 259 50 76 
17 9 479 0 478 38 475 259 50 76 
17 9 479 0 478 39 474 259 50 76 
17 9 479 0 478 40 474 259 50 76 
17 9 479 0 478 41 474 259 50 76 
17 9 479 0 478 42 474 259 50 76 
17 9 479 0 478 43 474 259 50 76 
17 9 479 0 478 44 474 259 50 76 
17 9 479 0 478 45 474 260 50 78 
17 9 479 0 478 46 474 260 50 78 
17 9 479 0 478 47 474 260 50 78 
17 9 479 0 478 48 472 260 50 78 
17 9 479 0 478 49 472 260 50 78 
17 9 479 0 478 50 472 260 50 78 
17 9 479 0 478 51 472 260 50 78 
17 9 479 0 478 52 472 260 50 78 
17 9 479 0 478 53 472 260 50 78 
17 9 479 0 478 54 472 260 50 78 
17 9 479 0 478 55 472 260 50 78 
17 9 479 0 478 56 472 260 50 78 
17 9 479 0 478 57 472 260 50 78 
17 9 479 0 478 58 470 260 50 78 
17 9 479 0 478 59 470 260 50 78 
17 9 479 0 478 60 470 260 50 78 
17 9 479 0 478 61 470 260 50 78 
17 9 479 0 478 62 470 260 50 78 
17 9 479 0 478 63 470 260 50 78 
17 9 479 0 478 64 470 260 50 78 
17 9 479 0 478 65 470 260 50 78 
17 9 479 0 478 66 470 260 50 78 
17 9 479 0 478 67 470 262 50 78 
17 9 479 0 478 68 468 262 50 78 
17 9 479 0 478 69 468 262 50 78 
17 9 479 0 478 70 468 262 48 78 
17 9 479 0 478 71 468 262 48 78 
17 9 479 0 478 72 468 264 48 76 
17 9 479 0 478 73 465 264 50 76 
17 9 479 0 478 74 465 264 50 76 
17 9 479 0 478 75 465 264 50 76 
17 9 479 0 478 76 463 264 50 76 
17 9 479 0 478 77 463 266 50 76 
17 9 479 0 478 78 461 266 50 76 
17 9 479 0 478 79 461 266 50 76 
17 9 479 0 478 80 461 266 50 76 
17 9 479 0 478 81 459 266 50 76 
17 9 479 0 478 82 459 267 50 78 
17 9 479 0 478 83 459 267 50 78 
17 9 479 0 478 84 458 267 50 78 
17 9 479 0 478 85 458 267 50 78 
17 9 479 0 478 86 458 267 50 78 
17 9 479 0 478 87 456 269 50 78 
17 9 479 0 478 88 456 269 50 78 
17 9 479 0 478 89 454 269 50 78 
17 9 479 0 478 90 454 269 50 78 
17 9 479 0 478 91 454 269 50 78 
17 9 479 0 478 92 452 271 50 78 
17 9 479 0 478 93 452 271 50 78 
17 9 479 0 478 94 452 271 50 78 
17 9 479 0 478 95 452 271 48 78 
17 9 479 0 478 96 452 271 48 78 
17 9 479 0 478 97 452 273 48 76 
17 9 479 0 478 98 449 273 50 76 
17 9 479 0 478 99 449 273 50 76 
17 9 479 0 478 100 447 273 50 76 
17 9 479 0 478 101 447 275 50 76 
17 9 479 0 478 102 447 275 50 76 
17 9 479 0 478 103 445 275 50 76 
17 9 479 0 478 104 445 275 50 76 
17 9 479 0 478 105 445 275 50 76 
17 9 479 0 478 106 443 276 50 78 
17 9 479 0 478 107 443 276 50 78 
17 9 479 0 478 108 443 276 50 78 
17 9 479 0 478 109 442 276 50 78 
17 9 479 0 478 110 442 276 50 78 
17 9 479 0 478 111 440 278 50 78 
17 9 479 0 478 112 440 278 50 78 
17 9 479 0 478 113 440 278 50 78 
17 9 479 0 478 114 438 278 50 78 
17 9 479 0 478 115 438 278 50 78 
17 9 479 0 478 116 438 280 50 76 
17 9 479 0 478 117 436 280 50 76 
17 9 479 0 478 118 436 280 50 76 
17 9 479 0 478 119 436 280 50 76 
17 9 479 0 478 120 436 280 48 76 
17 9 479 0 478 121 436 282 48 76 
17 9 479 0 478 122 433 282 50 76 
17 9 479 0 478 123 433 282 50 76 
17 9 479 0 478 124 433 282 50 76 
17 9 479 0 478 125 431 282 50 76 
17 9 479 0 478 126 431 283 50 78 
17 9 479 0 478 127 431 283 50 78 
17 9 479 0 478 128 429 283 50 78 
17 9 479 0 478 129 429 283 50 78 
17 9 479 0 478 130 429 285 50 78 
17 9 479 0 478 131 427 285 50 78 
17 9 479 0 478 132 427 285 50 78 
17 9 479 0 478 133 426 285 50 78 
17 9 479 0 478 134 426 285 50 78 
17 9 479 0 478 135 426 285 50 78 
17 9 479 0 478 136 424 285 50 78 
17 9 479 0 478 137 424 287 50 78 
17 9 479 0 478 138 424 287 50 78 
17 9 479 0 478 139 422 287 50 78 
17 9 479 0 478 140 422 287 50 78 
17 9 479 0 478 141 422 287 50 78 
17 9 479 0 478 142 420 287 50 78 
17 9 479 0 478 143 420 287 50 78 
17 9 479 0 478 144 420 289 50 76 
17 9 479 0 478 145 420 289 48 76 
17 9 479 0 478 146 420 289 48 76 
17 9 479 0 478 147 420 289 48 76 
17 9 479 0 478 148 417 289 50 76 
17 9 479 0 478 149 417 289 50 76 
17 9 479 0 478 150 417 289 50 76 
17 9 479 0 478 151 415 291 50 76 
17 9 479 0 478 152 415 291 50 76 
17 9 479 0 478 153 413 291 50 76 
17 9 479 0 478 154 413 291 50 76 
17 9 479 0 478 155 413 291 50 76 
17 9 479 0 478 156 411 291 50 76 
17 9 479 0 478 157 411 291 50 76 
17 9 479 0 478 158 411 292 50 78 
17 9 479 0 478 159 410 292 50 78 
17 9 479 0 478 160 410 292 50 78 
17 9 479 0 478 161 410 292 50 78 
17 9 479 0 478 162 408 292 50 78 
17 9 479 0 478 163 408 292 50 78 
17 9 479 0 478 164 408 292 50 78 
17 9 479 0 478 165 406 294 50 78 
17 9 479 0 478 166 406 294 50 78 
17 9 479 0 478 167 406 294 50 78 
17 9 479 0 478 168 404 294 50 78 
17 9 479 0 478 169 404 294 50 78 
17 9 479 0 478 170 404 294 50 78 
17 9 479 0 478 171 404 294 48 78 
17 9 479 0 478 172 404 296 48 76 
17 9 479 0 478 173 401 296 50 76 
17 9 479 0 478 174 401 296 50 76 
17 9 479 0 478 175 401 296 50 76 
17 9 479 0 478 176 399 296 50 76 
17 9 479 0 478 177 399 296 50 76 
17 9 479 0 478 178 399 296 50 76 
17 9 479 0 478 179 397 298 50 76 
17 9 479 0 478 180 397 298 50 76 
17 9 479 0 478 181 397 298 50 76 
17 9 479 0 478 182 395 298 50 76 
17 9 479 0 478 183 395 298 50 76 
17 9 479 0 478 184 395 298 50 76 
17 9 479 0 478 185 394 298 50 76 
17 9 479 0 478 186 394 299 50 78 
17 9 479 0 478 187 394 299 50 78 
17 9 479 0 478 188 392 299 50 78 
17 9 479 0 478 189 392 299 50 78 
17 9 479 0 478 190 392 299 50 78 
17 9 479 0 478 191 390 299 50 78 
17 9 479 0 478 192 390 299 50 78 
17 9 479 0 478 193 390 301 50 78 
17 9 479 0 478 194 388 301 50 78 
17 9 479 0 478 195 388 301 50 78 
17 9 479 0 478 196 388 301 50 78 
17 9 479 0 478 197 388 301 48 78 
17 9 479 0 478 198 388 301 48 78 
17 9 479 0 478 199 388 301 48 78 
17 9 479 0 478 200 385 301 50 78 
17 9 479 0 478 201 385 301 50 78 
17 9 479 0 478 202 385 301 50 78 
17 9 479 0 478 203 383 301 50 78 
17 9 479 0 478 204 383 301 50 78 
17 9 479 0 478 205 383 301 50 78 
17 9 479 0 478 206 381 301 50 78 
17 9 479 0 478 207 381 303 50 78 
17 9 479 0 478 208 381 303 50 78 
17 9 479 0 478 209 379 303 50 78 
17 9 479 0 478 210 379 303 50 78 
17 9 479 0 478 211 379 303 50 78 
17 9 479 0 478 212 378 303 50 78 
17 9 479 0 478 213 378 303 50 78 
17 9 479 0 478 214 378 303 50 78 
17 9 479 0 478 215 376 303 50 78 
17 9 479 0 478 216 376 303 50 78 
17 9 479 0 478 217 376 303 50 78 
17 9 479 0 478 218 374 303 50 78 
17 9 479 0 478 219 374 303 50 78 
17 9 479 0 478 220 374 305 50 76 
17 9 479 0 478 221 372 305 50 76 
17 9 479 0 478 222 372 305 50 76 
17 9 479 0 478 223 372 307 50 76 
17 9 479 0 478 224 371 307 52 76 
17 9 479 0 478 225 372 307 48 76 
17 9 479 0 478 226 372 308 48 78 
17 9 479 0 478 227 369 308 52 78 
17 9 479 0 478 228 369 308 52 78 
17 9 479 0 478 229 369 310 52 78 
17 9 479 0 478 230 366 310 54 78 
17 9 479 0 478 231 366 310 54 78 
17 9 479 0 478 232 366 312 54 76 
17 9 479 0 478 233 363 312 58 76 
17 9 479 0 478 234 364 312 54 76 
17 9 479 0 478 235 364 314 54 76 
17 9 479 0 478 236 361 314 58 76 
17 9 479 0 478 237 361 314 58 76 
17 9 479 0 478 238 361 315 58 78 
17 9 479 0 478 239 361 315 56 78 
17 9 479 0 478 240 361 315 56 78 
17 9 479 0 478 241 361 317 56 78 
17 9 479 0 478 242 358 317 60 78 
17 9 479 0 478 243 359 317 56 78 
17 9 479 0 478 244 359 319 56 78 
17 9 479 0 478 245 356 319 60 78 
17 9 479 0 478 246 356 319 60 78 
17 9 479 0 478 247 356 321 60 76 
17 9 479 0 478 248 353 321 62 76 
17 9 479 0 478 249 353 321 62 76 
17 9 479 0 478 250 353 321 60 76 
17 9 479 0 478 251 353 321 60 76 
17 9 479 0 478 252 351 321 60 76 
17 9 479 0 478 253 351 321 60 76 
17 9 479 0 478 254 349 323 60 76 
17 9 479 0 478 255 349 323 60 76 
17 9 479 0 478 256 347 323 60 76 
17 9 479 0 478 257 347 323 60 76 
17 9 479 0 478 258 347 323 60 76 
17 9 479 0 478 259 344 323 62 76 
17 9 479 0 478 260 344 323 62 76 
17 9 479 0 478 261 344 324 60 78 
17 9 479 0 478 262 344 324 60 78 
17 9 479 0 478 263 342 324 60 78 
17 9 479 0 478 264 342 324 60 78 
17 9 479 0 478 265 340 324 60 78 
17 9 479 0 478 266 340 324 60 78 
17 9 479 0 478 267 337 326 62 78 
17 9 479 0 478 268 337 326 62 78 
17 9 479 0 478 269 337 326 62 78 
17 9 479 0 478 270 337 326 60 78 
17 9 479 0 478 271 337 326 60 78 
17 9 479 0 478 272 335 326 60 78 
17 9 479 0 478 273 335 326 60 78 
17 9 479 0 478 274 333 328 60 76 
17 9 479 0 478 275 333 328 60 76 
17 9 479 0 478 276 331 328 60 76 
17 9 479 0 478 277 331 328 60 76 
17 9 479 0 478 278 328 328 62 76 
17 9 479 0 478 279 328 328 62 76 
17 9 479 0 478 280 328 328 62 76 
17 9 479 0 478 281 328 330 60 76 
17 9 479 0 478 282 328 330 60 76 
17 9 479 0 478 283 326 330 60 76 
17 9 479 0 478 284 326 330 60 76 
17 9 479 0 478 285 324 330 60 76 
17 9 479 0 478 286 324 330 60 76 
17 9 479 0 478 287 321 331 62 78 
17 9 479 0 478 288 321 331 62 78 
17 9 479 0 478 289 321 331 60 78 
17 9 479 0 478 290 321 331 60 78 
17 9 479 0 478 291 321 331 60 78 
17 9 479 0 478 292 319 331 60 78 
17 9 479 0 478 293 319 331 60 78 
17 9 479 0 478 294 317 333 60 78 
17 9 479 0 478 295 317 333 60 78 
17 9 479 0 478 296 315 333 60 78 
17 9 479 0 478 297 315 333 60 78 
17 9 479 0 478 298 312 333 62 78 
17 9 479 0 478 299 312 333 62 78 
17 9 479 0 478 300 312 335 62 78 
17 9 479 0 478 301 312 335 60 78 
17 9 479 0 478 302 312 335 60 78 
17 9 479 0 478 303 312 334 60 79 
17 9 479 0 478 304 310 334 60 79 
17 9 479 0 478 305 310 337 60 76 
17 9 479 0 478 306 310 336 60 79 
17 9 479 0 478 307 307 336 64 79 
17 9 479 0 478 308 308 336 60 79 
17 9 479 0 478 309 308 338 60 79 
17 9 479 0 478 310 308 338 60 79 
17 9 479 0 478 311 305 338 64 82 
17 9 479 0 478 312 305 338 62 82 
17 9 479 0 478 313 305 339 62 81 
17 9 479 0 478 314 304 339 64 82 
17 9 479 0 478 315 304 339 64 82 
17 9 479 0 478 316 305 339 60 82 
17 9 479 0 478 317 305 341 60 82 
17 9 479 0 478 318 302 341 64 82 
17 9 479 0 478 319 302 340 64 85 
17 9 479 0 478 320 303 340 60 85 
17 9 479 0 478 321 300 340 64 85 
17 9 479 0 478 322 300 342 64 85 
17 9 479 0 478 323 300 342 64 85 
17 9 479 0 478 324 301 342 60 85 
17 9 479 0 478 325 298 342 64 88 
17 9 479 0 478 326 298 344 64 85 
17 9 479 0 478 327 298 344 64 87 
17 9 479 0 478 328 296 344 64 87 
17 9 479 0 478 329 296 344 64 87 
17 9 479 0 478 330 296 345 64 88 
17 9 479 0 478 331 296 345 64 88 
17 9 479 0 478 332 295 345 64 88 
17 9 479 0 478 333 295 344 64 91 
17 9 479 0 478 334 295 347 64 88 
17 9 479 0 478 335 292 346 68 91 
17 9 479 0 478 336 293 346 64 91 
17 9 479 0 478 337 293 346 64 91 
17 9 479 0 478 338 293 349 64 90 
17 9 479 0 478 339 290 349 68 90 
17 9 479 0 478 340 291 349 64 90 
17 9 479 0 478 341 291 348 64 93 
17 9 479 0 478 342 288 348 68 93 
17 9 479 0 478 343 288 350 68 93 
17 9 479 0 478 344 289 350 64 93 
17 9 479 0 478 345 289 350 64 93 
17 9 479 0 478 346 287 350 66 96 
17 9 479 0 478 347 287 352 66 93 
17 9 479 0 478 348 288 352 64 93 
17 9 479 0 478 349 285 352 68 96 
17 9 479 0 478 350 285 352 68 96 
17 9 479 0 478 351 285 353 68 96 
17 9 479 0 478 352 286 353 64 96 
17 9 479 0 478 353 283 353 68 96 
17 9 479 0 478 354 283 352 68 99 
17 9 479 0 478 355 283 355 68 96 
17 9 479 0 478 356 281 355 68 96 
17 9 479 0 478 357 281 354 68 99 
17 9 479 0 478 358 281 354 68 99 
17 9 479 0 478 359 281 356 68 99 
17 9 479 0 478 360 279 356 68 99 
17 9 479 0 478 361 279 356 68 99 
17 9 479 0 478 362 279 356 68 99 
17 9 479 0 478 363 278 358 66 97 
17 9 479 0 478 364 278 358 66 97 
17 9 479 0 478 365 278 358 66 97 
17 9 479 0 478 366 276 359 68 99 
17 9 479 0 478 367 276 359 68 99 
17 9 479 0 478 368 276 359 68 99 
17 9 479 0 478 369 274 359 68 99 
17 9 479 0 478 370 274 361 68 99 
17 9 479 0 478 371 274 361 68 99 
17 9 479 0 478 372 274 361 68 99 
17 9 479 0 478 373 272 363 68 99 
17 9 479 0 478 374 272 363 68 99 
17 9 479 0 478 375 272 363 68 99 
17 9 479 0 478 376 271 363 66 99 
17 9 479 0 478 377 271 365 66 99 
17 9 479 0 478 378 271 365 66 99 
17 9 479 0 478 379 269 365 68 99 
17 9 479 0 478 380 269 367 68 97 
17 9 479 0 478 381 269 367 68 97 
17 9 479 0 478 382 267 367 68 97 
17 9 479 0 478 383 267 367 68 97 
17 9 479 0 478 384 267 368 68 99 
17 9 479 0 478 385 267 368 68 99 
17 9 479 0 478 386 265 368 68 99 
17 9 479 0 478 387 265 370 68 99 
17 9 479 0 478 388 265 370 68 99 
17 9 479 0 478 389 263 370 68 99 
17 9 479 0 478 390 263 370 68 99 
17 9 479 0 478 391 263 372 68 99 
17 9 479 0 478 392 262 372 66 99 
17 9 479 0 478 393 262 372 66 99 
17 9 479 0 478 394 262 374 66 97 
17 9 479 0 478 395 262 374 66 97 
17 9 479 0 478 396 260 374 68 97 
17 9 479 0 478 397 260 374 68 97 
17 9 479 0 478 398 260 375 68 99 
17 9 479 0 478 399 258 375 68 99 
17 9 479 0 478 400 258 375 68 99 
17 9 479 0 478 401 258 377 68 99 
17 9 479 0 478 402 256 377 68 99 
17 9 479 0 478 403 256 377 68 99 
17 9 479 0 478 404 256 377 68 99 
17 9 479 0 478 405 255 379 66 99 
17 9 479 0 478 406 255 379 66 99 
17 9 479 0 478 407 255 379 66 99 
17 9 479 0 478 408 255 381 66 99 
17 9 479 0 478 409 253 381 68 99 
17 9 479 0 478 410 253 381 68 99 
17 9 479 0 478 411 253 381 68 99 
17 9 479 0 478 412 251 383 68 97 
17 9 479 0 478 413 251 383 68 97 
17 9 479 0 478 414 251 383 68 97 
17 9 479 0 478 415 249 384 68 99 
17 9 479 0 478 416 249 384 68 99 
17 9 479 0 478 417 249 384 68 99 
17 9 479 0 478 418 249 386 68 99 
17 9 479 0 478 419 247 386 68 99 
17 9 479 0 478 420 247 386 68 99 
17 9 479 0 478 421 246 386 66 99 
17 9 479 0 478 422 246 388 66 99 
17 9 479 0 478 423 244 388 68 99 
17 9 479 0 478 424 244 388 68 99 
17 9 479 0 478 425 242 388 68 99 
17 9 479 0 478 426 242 390 68 97 
17 9 479 0 478 427 242 390 68 97 
17 9 479 0 478 428 240 390 68 97 
17 9 479 0 478 429 240 390 68 97 
17 9 479 0 478 430 239 391 66 99 
17 9 479 0 478 431 239 391 66 99 
17 9 479 0 478 432 237 391 68 99 
17 9 479 0 478 433 237 393 68 99 
17 9 479 0 478 434 235 393 68 99 
17 9 479 0 478 435 235 393 68 99 
17 9 479 0 478 436 235 393 68 99 
17 9 479 0 478 437 233 395 68 99 
17 9 479 0 478 438 233 395 68 99 
17 9 479 0 478 439 231 395 68 99 
17 9 479 0 478 440 231 395 68 99 
17 9 479 0 478 441 230 397 66 99 
17 9 479 0 478 442 230 397 66 99 
17 9 479 0 478 443 230 397 66 99 
17 9 479 0 478 444 228 397 68 99 
17 9 479 0 478 445 228 399 68 97 
17 9 479 0 478 446 226 399 68 97 
17 9 479 0 478 447 226 399 68 97 
17 9 479 0 478 448 224 400 68 99 
17 9 479 0 478 449 224 400 68 99 
17 9 479 0 478 450 223 400 66 99 
17 9 479 0 478 451 223 400 66 99 
17 9 479 0 478 452 223 402 66 99 
17 9 479 0 478 453 221 402 68 99 
17 9 479 0 478 454 221 402 68 99 
17 9 479 0 478 455 219 402 68 99 
17 9 479 0 478 456 219 404 68 99 
17 9 479 0 478 457 217 404 68 99 
17 9 479 0 478 458 217 404 68 99 
17 9 479 0 478 459 217 406 68 97 
17 9 479 0 478 460 215 406 68 97 
17 9 479 0 478 461 215 406 68 97 
17 9 479 0 478 462 214 406 66 97 
17 9 479 0 478 463 214 407 66 99 
17 9 479 0 478 464 212 407 68 99 
17 9 479 0 478 465 212 407 68 99 
17 9 479 0 478 466 210 407 68 99 
17 9 479 0 478 467 210 409 68 99 
17 9 479 0 478 468 208 409 68 99 
17 9 479 0 478 469 208 409 68 99 
17 9 479 0 478 470 207 409 66 99 
17 9 479 0 478 471 207 411 66 99 
17 9 479 0 478 472 205 411 68 99 
17 9 479 0 478 473 205 411 68 99 
17 9 479 0 478 474 203 411 68 99 
17 9 479 0 478 475 203 413 68 99 
17 9 479 0 478 476 201 413 68 99 
17 9 479 0 478 477 201 413 68 99 
17 9 479 0 478 478 201 415 68 97 
