1 822 248 275 90 40 56 1
1 822 249 275 89 40 56 1
1 822 250 276 89 40 56 1
1 822 251 276 89 40 56 1
1 822 252 277 89 40 56 1
1 822 253 278 89 40 56 1
1 822 254 278 89 40 56 1
1 822 255 279 89 40 56 1
1 822 256 280 89 40 56 1
1 822 257 280 89 40 56 1
1 822 258 281 89 40 56 1
1 822 259 282 89 40 56 1
1 822 260 282 89 40 56 1
1 822 261 283 89 40 56 1
1 822 262 284 89 40 56 1
1 822 263 284 89 40 56 1
1 822 264 285 89 40 56 1
1 822 265 285 89 40 56 1
1 822 266 286 89 40 56 1
1 822 267 287 89 40 56 1
1 822 268 287 89 40 56 1
1 822 269 288 89 40 56 1
1 822 270 289 89 40 56 1
1 822 271 289 89 40 56 1
1 822 272 290 89 40 56 1
1 822 273 291 88 40 56 1
1 822 274 291 88 40 56 1
1 822 275 292 88 40 56 1
1 822 276 293 88 40 56 1
1 822 277 293 88 40 56 1
1 822 278 294 88 40 56 1
1 822 279 295 88 40 56 1
1 822 280 295 88 40 56 1
1 822 281 296 88 40 56 1
1 822 282 296 88 40 56 1
1 822 283 297 88 40 56 1
1 822 284 298 88 40 56 1
1 822 285 298 88 40 56 1
1 822 286 299 88 40 56 1
1 822 287 300 88 40 56 1
1 822 288 300 88 40 56 1
1 822 289 301 88 40 56 1
1 822 290 302 88 40 56 1
1 822 291 302 88 40 56 1
1 822 292 303 88 40 56 1
1 822 293 304 88 40 56 1
1 822 294 304 88 40 56 1
1 822 295 305 88 40 56 1
1 822 296 306 88 40 56 1
1 822 297 306 87 40 56 1
1 822 298 306 87 40 56 1
1 822 299 307 87 40 56 1
1 822 300 307 86 40 57 1
1 822 301 308 86 40 57 1
1 822 302 308 86 40 57 1
1 822 303 309 86 40 57 1
1 822 304 309 85 40 58 1
1 822 305 310 85 39 58 1
1 822 306 310 85 40 58 1
1 822 307 311 85 39 58 1
1 822 308 311 84 40 59 1
1 822 309 312 84 39 58 1
1 822 310 312 84 40 58 1
1 822 311 313 84 39 58 1
1 822 312 313 83 40 59 1
1 822 313 313 83 40 59 1
1 822 314 314 83 39 59 1
1 822 315 314 83 40 59 1
1 822 316 315 82 39 60 1
1 822 317 315 82 40 60 1
1 822 318 316 82 39 60 1
1 822 319 316 82 40 60 1
1 822 320 317 81 39 61 1
1 822 321 317 81 39 60 1
1 822 322 318 81 39 60 1
1 822 323 318 81 39 60 1
1 822 324 319 80 39 61 1
1 822 325 319 80 39 61 1
1 822 326 320 80 39 61 1
1 822 327 320 80 39 61 1
1 822 328 320 79 40 62 1
1 822 329 321 79 39 62 1
1 822 330 321 79 39 62 1
1 822 331 322 79 39 62 1
1 822 332 322 78 39 63 1
1 822 333 323 78 39 62 1
1 822 334 323 78 39 62 1
1 822 335 324 78 39 62 1
1 822 336 324 77 39 63 1
1 822 337 325 77 38 63 1
1 822 338 325 77 39 63 1
1 822 339 326 77 38 63 1
1 822 340 326 76 39 64 1
1 822 341 327 76 38 64 1
1 822 342 327 76 39 64 1
1 822 343 327 76 39 64 1
1 822 344 328 75 39 65 1
1 822 345 328 75 39 65 1
1 822 346 329 75 38 64 1
1 822 347 329 75 39 64 1
1 822 348 330 74 38 65 1
1 822 349 330 74 39 65 1
1 822 350 331 74 38 65 1
1 822 351 331 74 39 65 1
1 822 352 332 73 38 66 1
1 822 353 332 73 39 66 1
1 822 354 333 73 38 66 1
1 822 355 333 73 38 66 1
1 822 356 334 72 38 67 1
1 822 357 334 72 38 67 1
1 822 358 334 72 39 67 1
1 822 359 335 72 38 66 1
1 822 360 335 71 39 67 1
1 822 361 336 71 38 67 1
1 822 362 336 71 39 67 1
1 822 363 337 71 38 67 1
1 822 364 337 70 38 68 1
1 822 365 338 70 38 68 1
1 822 366 338 70 38 68 1
1 822 367 339 70 38 68 1
1 822 368 339 69 38 69 1
1 822 369 340 69 38 69 1
1 822 370 340 69 38 69 1
1 822 371 341 69 38 69 1
1 822 372 341 68 38 69 1
1 822 373 341 68 38 69 1
1 822 374 341 68 38 69 1
1 822 375 341 68 38 69 1
1 822 376 341 68 38 69 1
1 822 377 341 68 38 69 1
1 822 378 341 68 38 69 1
1 822 379 341 68 38 69 1
1 822 380 341 67 38 69 1
1 822 381 342 67 38 69 1
1 822 382 342 67 38 69 1
1 822 383 342 67 38 69 1
1 822 384 342 67 38 69 1
1 822 385 342 67 38 69 1
1 822 386 342 67 38 69 1
1 822 387 342 67 38 69 1
1 822 388 342 66 38 69 1
1 822 389 342 66 38 69 1
1 822 390 343 66 38 69 1
1 822 391 343 66 38 69 1
1 822 392 343 66 38 69 1
1 822 393 343 66 38 69 1
1 822 394 343 66 38 69 1
1 822 395 343 66 38 69 1
1 822 396 343 65 38 69 1
1 822 397 343 65 38 69 1
1 822 398 343 65 38 69 1
1 822 399 343 65 38 69 1
1 822 400 344 65 38 69 1
1 822 401 344 65 38 69 1
1 822 402 344 65 38 69 1
1 822 403 344 65 38 69 1
1 822 404 344 64 38 69 1
1 822 405 344 64 38 69 1
1 822 406 344 64 38 69 1
1 822 407 344 64 38 69 1
1 822 408 344 64 38 69 1
1 822 409 345 64 38 69 1
1 822 410 345 64 38 69 1
1 822 411 345 64 38 69 1
1 822 412 345 63 38 69 1
1 822 413 345 63 38 69 1
1 822 414 345 63 38 69 1
1 822 415 345 63 38 69 1
1 822 416 345 63 38 69 1
1 822 417 345 63 38 69 1
1 822 418 345 63 38 69 1
1 822 419 346 63 38 69 1
1 822 420 346 62 38 69 1
1 822 421 346 62 38 69 1
1 822 422 346 62 38 69 1
1 822 423 346 62 38 69 1
1 822 424 346 62 38 69 1
1 822 425 346 62 38 69 1
1 822 426 346 62 38 69 1
1 822 427 346 62 38 69 1
1 822 428 347 62 38 69 1
1 822 429 347 62 38 69 1
1 822 430 347 62 38 69 1
1 822 431 347 62 38 69 1
1 822 432 347 62 38 69 1
1 822 433 347 62 38 69 1
1 822 434 347 62 38 69 1
1 822 435 347 62 38 69 1
1 822 436 347 62 38 69 1
1 822 437 347 62 38 69 1
1 822 438 347 62 38 69 1
1 822 439 347 62 38 69 1
1 822 440 347 62 38 69 1
1 822 441 347 62 38 69 1
1 822 442 347 62 38 69 1
1 822 443 347 62 38 69 1
1 822 444 347 62 38 69 1
1 822 445 347 62 38 69 1
1 822 446 347 62 38 69 1
1 822 447 347 62 38 69 1
1 822 448 347 62 38 69 1
1 822 449 347 62 38 69 1
1 822 450 347 62 38 69 1
1 822 451 347 62 38 69 1
1 822 452 347 63 38 69 1
1 822 453 347 63 38 69 1
1 822 454 347 63 38 69 1
1 822 455 347 63 38 69 1
1 822 456 347 63 38 69 1
1 822 457 347 63 38 69 1
1 822 458 347 63 38 69 1
1 822 459 347 63 38 69 1
1 822 460 347 63 38 69 1
1 822 461 347 63 38 69 1
1 822 462 347 63 38 69 1
1 822 463 347 63 38 69 1
1 822 464 347 63 38 69 1
1 822 465 347 63 38 69 1
1 822 466 347 63 38 69 1
1 822 467 347 63 38 69 1
1 822 468 347 63 38 69 1
1 822 469 347 63 38 69 1
1 822 470 347 63 38 69 1
1 822 471 347 63 38 69 1
1 822 472 347 63 38 69 1
1 822 473 347 63 38 69 1
1 822 474 347 63 38 69 1
1 822 475 348 64 38 69 1
1 822 476 348 64 38 69 1
1 822 477 348 64 38 69 1
1 822 478 348 64 38 69 1
1 822 479 348 64 38 69 1
1 822 480 348 64 38 69 1
1 822 481 348 64 38 69 1
1 822 482 348 64 38 69 1
1 822 483 348 64 38 69 1
1 822 484 348 64 38 69 1
1 822 485 348 64 38 69 1
1 822 486 348 64 38 69 1
1 822 487 348 64 38 69 1
1 822 488 348 64 38 69 1
1 822 489 348 64 38 69 1
1 822 490 348 64 38 69 1
1 822 491 348 64 38 69 1
1 822 492 348 64 38 69 1
1 822 493 348 64 38 69 1
1 822 494 348 64 38 69 1
1 822 495 348 64 38 69 1
1 822 496 348 64 38 69 1
1 822 497 348 64 38 69 1
1 822 498 348 64 38 69 1
1 822 499 348 65 38 69 1
1 822 500 348 65 38 69 1
1 822 501 348 65 38 69 1
1 822 502 348 65 38 69 1
1 822 503 348 65 38 69 1
1 822 504 348 65 38 69 1
1 822 505 348 65 38 69 1
1 822 506 348 65 38 69 1
1 822 507 348 65 38 69 1
1 822 508 348 65 38 69 1
1 822 509 348 65 38 69 1
1 822 510 348 65 38 69 1
1 822 511 348 65 38 69 1
1 822 512 348 65 38 69 1
1 822 513 348 65 38 69 1
1 822 514 348 65 38 69 1
1 822 515 348 65 38 69 1
1 822 516 348 65 38 69 1
1 822 517 348 65 38 69 1
1 822 518 348 65 38 69 1
1 822 519 348 65 38 69 1
1 822 520 348 65 38 69 1
1 822 521 348 65 38 69 1
1 822 522 349 66 38 69 1
1 822 523 349 66 38 69 1
1 822 524 349 66 38 69 1
1 822 525 349 66 38 69 1
1 822 526 349 66 38 69 1
1 822 527 349 66 38 69 1
1 822 528 349 66 38 69 1
1 822 529 349 66 38 69 1
1 822 530 349 66 38 69 1
1 822 531 349 66 38 69 1
1 822 532 349 66 38 69 1
1 822 533 349 66 38 69 1
1 822 534 349 66 38 69 1
1 822 535 349 66 38 69 1
1 822 536 349 66 38 69 1
1 822 537 349 66 38 69 1
1 822 538 349 66 38 69 1
1 822 539 349 66 38 69 1
1 822 540 349 66 38 69 1
1 822 541 349 66 38 69 1
1 822 542 349 66 38 69 1
1 822 543 349 66 38 69 1
1 822 544 349 66 38 69 1
1 822 545 349 66 38 69 1
1 822 546 349 67 38 69 1
1 822 547 349 67 38 69 1
1 822 548 349 67 38 69 1
1 822 549 349 67 38 69 1
1 822 550 349 67 38 69 1
1 822 551 349 67 38 69 1
1 822 552 349 67 38 69 1
1 822 553 349 67 38 69 1
1 822 554 349 67 38 69 1
1 822 555 349 67 38 69 1
1 822 556 349 67 38 69 1
1 822 557 349 67 38 69 1
1 822 558 349 67 38 69 1
1 822 559 349 67 38 69 1
1 822 560 349 67 38 69 1
1 822 561 349 67 38 69 1
1 822 562 349 67 38 69 1
1 822 563 349 67 38 69 1
1 822 564 349 67 38 69 1
1 822 565 349 67 38 69 1
1 822 566 349 67 38 69 1
1 822 567 349 67 38 69 1
1 822 568 349 67 38 69 1
1 822 569 350 68 38 69 1
1 822 570 350 68 38 69 1
1 822 571 350 68 38 69 1
1 822 572 350 68 38 69 1
1 822 573 350 68 38 69 1
1 822 574 350 68 38 69 1
1 822 575 350 68 38 69 1
1 822 576 350 68 38 69 1
1 822 577 350 68 38 69 1
1 822 578 350 68 38 69 1
1 822 579 350 68 38 69 1
1 822 580 350 68 38 69 1
1 822 581 350 68 38 69 1
1 822 582 350 68 38 69 1
1 822 583 350 68 38 69 1
1 822 584 350 68 38 69 1
1 822 585 350 68 38 69 1
1 822 586 350 68 38 69 1
1 822 587 350 68 38 69 1
1 822 588 350 68 38 69 1
1 822 589 350 68 38 69 1
1 822 590 350 68 38 69 1
1 822 591 350 68 38 69 1
1 822 592 350 68 38 69 1
1 822 593 350 69 38 69 1
1 822 594 350 69 38 69 1
1 822 595 350 69 38 69 1
1 822 596 350 69 38 69 1
1 822 597 350 69 38 69 1
1 822 598 350 69 38 69 1
1 822 599 350 69 38 69 1
1 822 600 350 69 38 69 1
1 822 601 350 69 38 69 1
1 822 602 350 69 38 69 1
1 822 603 350 69 38 69 1
1 822 604 350 69 38 69 1
1 822 605 350 69 38 69 1
1 822 606 350 69 38 69 1
1 822 607 350 69 38 69 1
1 822 608 350 69 38 69 1
1 822 609 350 69 38 69 1
1 822 610 350 69 38 69 1
1 822 611 350 69 38 69 1
1 822 612 350 69 38 69 1
1 822 613 350 69 38 69 1
1 822 614 350 69 38 69 1
1 822 615 350 69 38 69 1
1 822 616 351 70 38 69 1
1 822 617 351 70 38 69 1
1 822 618 351 70 38 69 1
1 822 619 351 70 38 69 1
1 822 620 351 70 38 69 1
1 822 621 351 70 38 69 1
1 822 622 351 70 38 69 1
1 822 623 351 70 38 69 1
1 822 624 351 70 38 69 1
1 822 625 351 70 38 69 1
1 822 626 351 70 38 69 1
1 822 627 351 70 38 69 1
1 822 628 351 70 38 69 1
1 822 629 351 70 38 69 1
1 822 630 351 70 38 69 1
1 822 631 351 70 38 69 1
1 822 632 351 70 38 69 1
1 822 633 351 70 38 69 1
1 822 634 351 70 38 69 1
1 822 635 351 70 38 69 1
1 822 636 351 70 38 69 1
1 822 637 351 70 38 69 1
1 822 638 351 70 38 69 1
1 822 639 351 70 38 69 1
1 822 640 351 71 38 69 1
1 822 641 351 71 38 69 1
1 822 642 351 71 38 69 1
1 822 643 351 71 38 69 1
1 822 644 351 71 38 69 1
1 822 645 351 71 38 69 1
1 822 646 351 71 38 69 1
1 822 647 351 71 38 69 1
1 822 648 351 71 38 69 1
1 822 649 351 71 38 69 1
1 822 650 351 71 38 69 1
1 822 651 351 71 38 69 1
1 822 652 351 71 38 69 1
1 822 653 351 71 38 69 1
1 822 654 351 71 38 69 1
1 822 655 351 71 38 69 1
1 822 656 351 71 38 69 1
1 822 657 351 71 38 69 1
1 822 658 351 71 38 69 1
1 822 659 351 71 38 69 1
1 822 660 351 71 38 69 1
1 822 661 351 71 38 69 1
1 822 662 351 71 38 69 1
1 822 663 352 72 38 69 1
1 822 664 352 72 38 69 1
1 822 665 352 72 38 69 1
1 822 666 352 72 38 69 1
1 822 667 352 72 38 69 1
1 822 668 352 72 38 69 1
1 822 669 352 72 38 69 1
1 822 670 352 72 38 69 1
1 822 671 352 72 38 69 1
1 822 672 352 72 38 69 1
1 822 673 352 72 38 69 1
1 822 674 352 72 38 69 1
1 822 675 352 72 38 69 1
1 822 676 352 72 38 69 1
1 822 677 352 72 38 69 1
1 822 678 352 72 38 69 1
1 822 679 352 72 38 69 1
1 822 680 352 72 38 69 1
1 822 681 352 72 38 69 1
1 822 682 352 72 38 69 1
1 822 683 352 72 38 69 1
1 822 684 352 72 38 69 1
1 822 685 352 72 38 69 1
1 822 686 352 72 38 69 1
1 822 687 352 73 38 69 1
1 822 688 352 73 38 69 1
1 822 689 352 73 38 69 1
1 822 690 352 73 38 69 1
1 822 691 352 73 38 69 1
1 822 692 352 73 38 69 1
1 822 693 352 73 38 69 1
1 822 694 352 73 38 69 1
1 822 695 352 73 38 69 1
1 822 696 352 73 38 69 1
1 822 697 352 73 38 69 1
1 822 698 352 73 38 69 1
1 822 699 352 73 38 69 1
1 822 700 352 73 38 69 1
1 822 701 352 73 38 69 1
1 822 702 352 73 38 69 1
1 822 703 352 73 38 69 1
1 822 704 352 73 38 69 1
1 822 705 352 73 38 69 1
1 822 706 352 73 38 69 1
1 822 707 352 73 38 69 1
1 822 708 352 73 38 69 1
1 822 709 352 73 38 69 1
1 822 710 353 74 38 69 1
1 822 711 352 73 39 69 1
1 822 712 352 73 39 69 1
1 822 713 352 73 39 69 1
1 822 714 352 73 39 69 1
1 822 715 352 73 39 68 1
1 822 716 352 73 39 68 1
1 822 717 352 73 39 68 1
1 822 718 352 73 39 68 1
1 822 719 352 73 39 67 1
1 822 720 352 73 39 67 1
1 822 721 352 73 39 67 1
1 822 722 352 73 39 67 1
1 822 723 352 73 39 66 1
1 822 724 352 73 39 66 1
1 822 725 352 73 39 66 1
1 822 726 352 73 39 66 1
1 822 727 352 73 39 65 1
1 822 728 352 73 39 65 1
1 822 729 352 73 39 65 1
1 822 730 352 73 39 65 1
1 822 731 352 73 39 64 1
1 822 732 352 73 39 64 1
1 822 733 352 73 39 64 1
1 822 734 352 73 39 64 1
1 822 735 352 73 39 63 1
1 822 736 352 73 39 63 1
1 822 737 352 73 39 63 1
1 822 738 352 73 39 63 1
1 822 739 352 73 39 63 1
1 822 740 352 73 39 62 1
1 822 741 352 73 39 62 1
1 822 742 352 73 40 62 1
1 822 743 352 73 40 62 1
1 822 744 352 73 40 61 1
1 822 745 352 73 40 61 1
1 822 746 352 73 40 61 1
1 822 747 352 73 40 61 1
1 822 748 352 73 40 60 1
1 822 749 352 73 40 60 1
1 822 750 352 73 40 60 1
1 822 751 352 73 40 60 1
1 822 752 352 73 40 59 1
1 822 753 352 73 40 59 1
1 822 754 352 73 40 59 1
1 822 755 352 73 40 59 1
1 822 756 352 73 40 58 1
1 822 757 352 73 40 58 1
1 822 758 352 73 40 58 1
1 822 759 352 73 40 58 1
1 822 760 352 73 40 58 1
1 822 761 352 73 40 57 1
1 822 762 352 73 40 57 1
1 822 763 352 73 40 57 1
1 822 764 352 73 40 57 1
1 822 765 352 73 40 56 1
1 822 766 352 73 40 56 1
1 822 767 352 73 40 56 1
1 822 768 352 73 40 56 1
1 822 769 352 73 40 55 1
1 822 770 352 73 40 55 1
1 822 771 352 73 40 55 1
1 822 772 352 73 41 55 1
1 822 773 352 73 41 54 1
1 822 774 352 73 41 54 1
1 822 775 352 73 41 54 1
1 822 776 352 73 41 54 1
1 822 777 352 73 41 54 1
1 822 778 352 73 41 53 1
1 822 779 352 73 41 53 1
1 822 780 352 73 41 53 1
1 822 781 352 73 41 53 1
1 822 782 352 73 41 52 1
1 822 783 352 73 41 52 1
1 822 784 352 73 41 52 1
1 822 785 352 73 41 52 1
1 822 786 352 73 41 51 1
1 822 787 352 73 41 51 1
1 822 788 352 73 41 51 1
1 822 789 352 73 41 51 1
1 822 790 352 73 41 50 1
1 822 791 352 73 41 50 1
1 822 792 352 73 41 50 1
1 822 793 352 73 41 50 1
1 822 794 352 73 41 50 1
1 822 795 352 73 41 49 1
1 822 796 352 73 41 49 1
1 822 797 352 73 41 49 1
1 822 798 352 73 41 49 1
1 822 799 352 73 42 48 1
1 822 800 352 72 42 49 1
1 822 801 352 72 42 49 1
1 822 802 352 72 42 49 1
1 822 803 352 72 42 48 1
1 822 804 352 72 42 48 1
1 822 805 352 72 42 48 1
1 822 806 352 72 42 48 1
1 822 807 352 72 42 48 1
1 822 808 352 72 42 47 1
1 822 809 352 72 42 47 1
1 822 810 352 72 42 47 1
1 822 811 352 72 42 47 1
1 822 812 352 72 42 46 1
1 822 813 352 72 42 46 1
1 822 814 352 72 42 46 1
1 822 815 352 72 42 46 1
1 822 816 352 72 42 45 1
1 822 817 352 72 42 45 1
1 822 818 352 72 42 45 1
1 822 819 352 72 42 45 1
1 822 820 352 72 42 45 1
1 822 821 352 72 42 44 1
1 822 822 352 72 42 44 1
1 822 823 352 72 42 44 1
1 822 824 352 72 42 44 1
1 822 825 352 72 42 43 1
1 822 826 352 72 43 43 1
1 822 827 352 72 43 43 1
1 822 828 352 72 43 43 1
1 822 829 352 72 43 42 1
1 822 830 352 72 43 42 1
1 822 831 352 72 43 42 1
1 822 832 352 72 43 42 1
1 822 833 352 72 43 42 1
1 822 834 352 72 43 41 1
1 822 835 352 72 43 41 1
1 822 836 352 72 43 41 1
1 822 837 352 72 43 41 1
1 822 838 352 72 43 40 1
1 822 839 352 72 43 40 1
1 822 840 352 72 43 40 1
1 822 841 352 72 43 40 1
1 822 842 352 72 43 40 1
1 822 843 352 72 43 39 1
1 822 844 352 72 43 39 1
1 822 845 352 72 43 39 1
1 822 846 352 72 43 39 1
1 822 847 352 72 43 38 1
1 822 848 352 72 43 38 1
1 822 849 352 72 43 38 1
1 822 850 352 72 43 38 1
1 822 851 352 72 44 38 1
1 822 852 352 71 43 38 1
1 822 853 352 71 43 38 1
1 822 854 353 71 42 38 1
1 822 855 353 71 42 38 1
1 822 856 354 71 41 38 1
1 822 857 354 71 41 38 1
1 822 858 355 71 40 38 1
1 822 859 355 71 40 38 1
1 822 860 356 71 39 38 1
1 822 861 356 71 39 37 1
1 822 862 356 71 39 37 1
1 822 863 357 71 38 37 1
1 822 864 357 71 38 37 1
1 822 865 358 71 37 37 1
1 822 866 358 71 37 37 1
1 822 867 359 71 36 37 1
1 822 868 359 71 36 37 1
1 822 869 360 71 35 37 1
1 822 870 360 71 35 36 1
1 822 871 361 71 34 36 1
1 822 872 361 71 34 36 1
1 822 873 361 71 34 36 1
1 822 874 362 71 33 36 1
1 822 875 362 71 33 36 1
1 822 876 363 71 32 36 1
1 822 877 363 71 32 36 1
1 822 878 364 71 31 36 1
1 822 879 364 71 31 36 1
1 822 880 365 71 30 36 1
1 822 881 365 71 29 35 1
1 822 882 365 71 29 35 1
1 822 883 365 71 29 35 1
1 822 884 365 71 29 35 1
1 822 885 365 71 29 35 1
1 822 886 365 71 29 35 1
1 822 887 365 71 29 35 1
1 822 888 365 71 29 35 1
1 822 889 365 71 29 35 1
1 822 890 365 71 29 35 1
1 822 891 365 71 29 35 1
1 822 892 365 72 29 34 1
1 822 893 365 72 29 34 1
1 822 894 365 72 29 34 1
1 822 895 365 72 29 34 1
1 822 896 365 72 29 34 1
1 822 897 365 72 29 34 1
1 822 898 365 72 29 34 1
1 822 899 365 72 29 34 1
1 822 900 365 72 29 34 1
1 822 901 365 72 29 34 1
1 822 902 365 72 29 34 1
1 822 903 365 73 29 33 1
1 822 904 365 73 29 33 1
1 822 905 365 73 29 33 1
1 822 906 365 73 29 33 1
1 822 907 365 73 29 33 1
1 822 908 365 73 29 33 1
1 822 909 365 73 29 33 1
1 822 910 366 73 28 33 1
1 822 911 366 73 28 33 1
1 822 912 366 73 28 33 1
1 822 913 366 73 28 33 1
1 822 914 366 73 28 33 1
1 822 915 366 74 28 32 1
1 822 916 366 74 28 32 1
1 822 917 366 74 28 32 1
1 822 918 366 74 28 32 1
1 822 919 366 74 28 32 1
1 822 920 366 74 28 32 1
1 822 921 366 74 28 32 1
1 822 922 366 74 28 32 1
1 822 923 366 74 28 32 1
1 822 924 366 74 28 32 1
1 822 925 366 74 28 32 1
1 822 926 366 75 28 31 1
1 822 927 366 75 28 31 1
1 822 928 366 75 28 31 1
1 822 929 366 75 28 31 1
1 822 930 366 75 28 31 1
1 822 931 366 75 28 31 1
1 822 932 366 75 28 31 1
1 822 933 366 75 28 31 1
1 822 934 366 75 28 31 1
1 822 935 366 75 28 31 1
1 822 936 366 75 28 31 1
1 822 937 366 75 28 31 1
1 822 938 366 76 28 30 1
1 822 939 366 76 28 30 1
1 822 940 366 76 28 30 1
1 822 941 367 76 27 30 1
1 822 942 367 76 27 30 1
1 822 943 367 76 27 30 1
1 822 944 367 76 27 30 1
1 822 945 367 76 27 30 1
1 822 946 367 76 27 30 1
1 822 947 367 76 27 30 1
1 822 948 367 76 27 30 1
1 822 949 367 76 27 30 1
1 822 950 367 77 27 29 1
1 822 951 367 77 27 29 1
1 822 952 367 77 27 29 1
1 822 953 367 77 27 29 1
1 822 954 367 77 27 29 1
1 822 955 367 77 27 29 1
1 822 956 367 77 27 29 1
1 822 957 367 77 27 29 1
1 822 958 367 77 27 29 1
1 822 959 367 77 27 29 1
1 822 960 367 77 27 29 1
1 822 961 367 77 27 29 1
1 822 962 367 78 27 28 1
1 822 963 367 78 27 28 1
1 822 964 367 78 27 28 1
1 822 965 367 78 27 28 1
1 822 966 367 78 27 28 1
1 822 967 367 78 27 28 1
1 822 968 367 78 27 28 1
1 822 969 367 78 27 28 1
1 822 970 367 78 27 28 1
1 822 971 367 78 27 28 1
1 822 972 367 78 27 28 1
1 822 973 367 78 27 28 1
1 822 974 367 78 27 28 1
1 822 975 368 79 26 27 1
1 822 976 368 79 26 27 1
1 822 977 368 79 26 27 1
1 822 978 368 79 26 27 1
1 822 979 368 79 26 27 1
1 822 980 368 79 26 27 1
1 822 981 368 79 26 27 1
1 822 982 368 79 26 27 1
1 822 983 368 79 26 27 1
1 822 984 368 79 26 27 1
1 822 985 368 79 26 27 1
1 822 986 368 79 26 27 1
1 822 987 368 80 26 26 1
1 822 988 368 80 26 26 1
1 822 989 368 80 26 26 1
1 822 990 368 80 26 26 1
1 822 991 368 80 26 26 1
1 822 992 368 80 26 26 1
1 822 993 368 80 26 26 1
1 822 994 368 80 26 26 1
1 822 995 368 80 26 26 1
1 822 996 368 80 26 26 1
1 822 997 368 80 26 26 1
1 822 998 368 80 26 26 1
1 822 999 368 80 26 26 1
1 822 1000 368 81 26 25 1
1 822 1001 368 81 26 25 1
1 822 1002 368 81 26 25 1
1 822 1003 368 81 26 25 1
1 822 1004 368 81 26 25 1
1 822 1005 368 81 26 25 1
1 822 1006 368 81 26 25 1
1 822 1007 368 81 26 25 1
1 822 1008 368 81 26 25 1
1 822 1009 368 81 26 25 1
1 822 1010 368 81 26 25 1
1 822 1011 368 81 26 25 1
1 822 1012 369 82 25 24 1
1 822 1013 369 82 25 24 1
1 822 1014 369 82 25 24 1
1 822 1015 369 82 25 24 1
1 822 1016 369 82 25 24 1
1 822 1017 369 82 25 24 1
1 822 1018 369 82 25 24 1
1 822 1019 369 82 25 24 1
1 822 1020 369 82 25 24 1
1 822 1021 369 82 25 24 1
1 822 1022 369 82 25 24 1
1 822 1023 369 82 25 24 1
1 822 1024 369 82 25 24 1
1 822 1025 369 82 25 24 1
1 822 1026 369 82 25 24 1
1 822 1027 369 82 25 24 1
1 822 1028 369 82 25 24 1
1 822 1029 369 82 25 24 1
1 822 1030 369 82 25 24 1
1 822 1031 369 82 25 24 1
1 822 1032 369 82 25 24 1
1 822 1033 369 82 25 24 1
1 822 1034 369 82 25 24 1
1 822 1035 369 82 25 24 1
1 822 1036 369 82 25 24 1
1 822 1037 369 82 25 24 1
1 822 1038 369 82 25 24 1
1 822 1039 369 82 25 24 1
1 822 1040 369 82 25 24 1
1 822 1041 369 82 25 24 1
1 822 1042 369 82 25 24 1
1 822 1043 369 82 25 24 1
1 822 1044 369 82 25 24 1
1 822 1045 369 82 25 24 1
1 822 1046 369 82 25 24 1
1 822 1047 369 82 25 24 1
1 822 1048 369 82 25 24 1
1 822 1049 369 82 25 24 1
1 822 1050 369 82 25 24 1
1 822 1051 369 82 25 24 1
1 822 1052 369 82 25 24 1
1 822 1053 369 82 25 24 1
1 822 1054 369 82 25 24 1
1 822 1055 369 82 25 24 1
1 822 1056 369 82 25 24 1
1 822 1057 369 82 25 24 1
1 822 1058 369 82 25 24 1
1 822 1059 369 82 25 24 1
1 822 1060 369 82 25 24 1
1 822 1061 369 82 25 24 1
1 822 1062 369 82 25 24 1
1 822 1063 369 82 25 24 1
1 822 1064 369 82 25 24 1
1 822 1065 369 82 25 24 1
1 822 1066 369 82 25 24 1
1 822 1067 369 82 25 24 1
1 822 1068 369 82 25 24 1
1 822 1069 369 82 25 24 1
2 1920 0 370 76 70 88 2
2 1920 1 370 76 70 88 2
2 1920 2 370 76 70 88 2
2 1920 3 370 76 70 88 2
2 1920 4 370 76 70 88 2
2 1920 5 370 76 70 88 2
2 1920 6 370 76 70 88 2
2 1920 7 370 76 70 88 2
2 1920 8 370 76 70 88 2
2 1920 9 370 76 70 88 2
2 1920 10 370 76 70 88 2
2 1920 11 370 76 70 88 2
2 1920 12 370 76 70 88 2
2 1920 13 370 76 70 88 2
2 1920 14 370 76 70 88 2
2 1920 15 370 76 70 88 2
2 1920 16 370 76 70 88 2
2 1920 17 370 76 70 88 2
2 1920 18 370 76 70 88 2
2 1920 19 370 76 70 88 2
2 1920 20 370 76 70 88 2
2 1920 21 370 76 70 88 2
2 1920 22 370 76 70 88 2
2 1920 23 370 76 70 88 2
2 1920 24 370 76 70 88 2
2 1920 25 370 76 70 88 2
2 1920 26 370 76 70 88 2
2 1920 27 370 76 70 88 2
2 1920 28 370 76 70 88 2
2 1920 29 370 76 70 88 2
2 1920 30 370 76 70 88 2
2 1920 31 370 76 70 88 2
2 1920 32 370 76 70 88 2
2 1920 33 370 76 70 88 2
2 1920 34 370 76 70 88 2
2 1920 35 370 76 70 88 2
2 1920 36 370 76 70 88 2
2 1920 37 370 76 70 88 2
2 1920 38 370 76 70 88 2
2 1920 39 370 76 70 88 2
2 1920 40 370 76 70 88 2
2 1920 41 370 76 70 88 2
2 1920 42 370 76 70 88 2
2 1920 43 370 76 70 88 2
2 1920 44 370 76 70 88 2
2 1920 45 370 76 70 88 2
2 1920 46 370 76 70 88 2
2 1920 47 370 76 70 88 2
2 1920 48 370 76 70 88 2
2 1920 49 370 76 70 88 2
2 1920 50 370 76 70 88 2
2 1920 51 370 76 70 88 2
2 1920 52 370 76 70 88 2
2 1920 53 370 76 70 88 2
2 1920 54 370 76 70 88 2
2 1920 55 370 76 70 88 2
2 1920 56 370 76 70 88 2
2 1920 57 370 76 70 88 2
2 1920 58 370 76 70 88 2
2 1920 59 370 76 70 88 2
2 1920 60 370 76 70 88 2
2 1920 61 370 76 70 88 2
2 1920 62 370 76 70 88 2
2 1920 63 370 76 70 88 2
2 1920 64 370 76 70 88 2
2 1920 65 370 76 70 88 2
2 1920 66 370 76 70 88 2
2 1920 67 370 76 70 88 2
2 1920 68 370 76 70 88 2
2 1920 69 370 76 70 88 2
2 1920 70 370 76 70 88 2
2 1920 71 370 76 70 88 2
2 1920 72 370 76 70 88 2
2 1920 73 370 76 70 88 2
2 1920 74 370 76 70 88 2
2 1920 75 370 76 70 88 2
2 1920 76 370 76 70 88 2
2 1920 77 370 76 70 88 2
2 1920 78 370 76 70 88 2
2 1920 79 370 76 70 88 2
2 1920 80 370 76 70 88 2
2 1920 81 370 76 70 88 2
2 1920 82 370 76 70 88 2
2 1920 83 370 76 70 88 2
2 1920 84 370 76 70 88 2
2 1920 85 370 76 70 88 2
2 1920 86 370 76 70 88 2
2 1920 87 370 76 70 88 2
2 1920 88 370 76 70 88 2
2 1920 89 370 76 70 88 2
2 1920 90 370 76 70 88 2
2 1920 91 370 76 70 88 2
2 1920 92 370 76 70 88 2
2 1920 93 370 76 70 88 2
2 1920 94 370 76 70 88 2
2 1920 95 370 76 70 88 2
2 1920 96 370 76 70 88 2
2 1920 97 370 76 70 88 2
2 1920 98 370 76 70 88 2
2 1920 99 370 76 70 88 2
2 1920 100 370 76 70 88 2
2 1920 101 370 76 70 88 2
2 1920 102 370 76 70 88 2
2 1920 103 370 76 70 88 2
2 1920 104 370 76 70 88 2
2 1920 105 370 76 70 88 2
2 1920 106 370 76 70 88 2
2 1920 107 370 76 70 88 2
2 1920 108 370 76 70 88 2
2 1920 109 370 76 70 89 2
2 1920 110 370 76 70 89 2
2 1920 111 370 76 70 89 2
2 1920 112 370 76 70 89 2
2 1920 113 370 76 70 89 2
2 1920 114 370 76 70 89 2
2 1920 115 370 76 70 89 2
2 1920 116 370 76 70 89 2
2 1920 117 370 76 70 89 2
2 1920 118 370 77 70 88 2
2 1920 119 370 77 70 88 2
2 1920 120 370 77 70 88 2
2 1920 121 370 77 70 88 2
2 1920 122 370 77 70 88 2
2 1920 123 370 77 70 88 2
2 1920 124 370 77 70 88 2
2 1920 125 370 77 70 88 2
2 1920 126 370 77 70 88 2
2 1920 127 370 77 70 88 2
2 1920 128 370 77 70 88 2
2 1920 129 370 77 70 88 2
2 1920 130 370 77 70 88 2
2 1920 131 370 77 70 88 2
2 1920 132 370 77 70 88 2
2 1920 133 370 77 70 88 2
2 1920 134 370 77 70 88 2
2 1920 135 370 77 70 88 2
2 1920 136 370 77 70 88 2
2 1920 137 370 77 70 88 2
2 1920 138 370 77 70 88 2
2 1920 139 370 77 70 88 2
2 1920 140 370 77 70 88 2
2 1920 141 370 77 70 88 2
2 1920 142 370 77 70 88 2
2 1920 143 370 77 70 88 2
2 1920 144 370 77 70 88 2
2 1920 145 370 77 70 88 2
2 1920 146 370 77 70 88 2
2 1920 147 370 77 70 88 2
2 1920 148 370 77 70 88 2
2 1920 149 370 77 70 88 2
2 1920 150 370 77 70 88 2
2 1920 151 370 77 70 88 2
2 1920 152 370 77 70 88 2
2 1920 153 370 77 70 88 2
2 1920 154 370 77 70 88 2
2 1920 155 370 77 70 88 2
2 1920 156 370 77 70 88 2
2 1920 157 370 77 70 88 2
2 1920 158 370 77 70 88 2
2 1920 159 370 77 70 88 2
2 1920 160 370 77 70 88 2
2 1920 161 370 77 70 88 2
2 1920 162 370 77 70 88 2
2 1920 163 370 77 70 88 2
2 1920 164 370 77 70 88 2
2 1920 165 370 77 70 88 2
2 1920 166 370 77 70 88 2
2 1920 167 370 77 70 88 2
2 1920 168 370 77 70 88 2
2 1920 169 370 77 70 88 2
2 1920 170 370 77 70 88 2
2 1920 171 370 77 70 88 2
2 1920 172 370 77 70 88 2
2 1920 173 370 77 70 88 2
2 1920 174 370 77 70 88 2
2 1920 175 370 77 70 88 2
2 1920 176 370 77 70 88 2
2 1920 177 370 77 70 88 2
2 1920 178 370 77 70 88 2
2 1920 179 370 77 70 88 2
2 1920 180 370 77 70 88 2
2 1920 181 370 77 70 88 2
2 1920 182 370 77 70 88 2
2 1920 183 370 77 70 88 2
2 1920 184 370 77 70 88 2
2 1920 185 370 77 70 88 2
2 1920 186 370 77 70 88 2
2 1920 187 370 77 70 88 2
2 1920 188 370 77 70 88 2
2 1920 189 370 77 70 88 2
2 1920 190 370 77 70 88 2
2 1920 191 370 77 70 88 2
2 1920 192 370 77 70 88 2
2 1920 193 370 77 70 88 2
2 1920 194 370 77 70 88 2
2 1920 195 370 77 70 88 2
2 1920 196 370 77 70 88 2
2 1920 197 370 77 70 88 2
2 1920 198 370 77 70 88 2
2 1920 199 370 77 70 88 2
2 1920 200 370 77 70 88 2
2 1920 201 370 77 70 88 2
2 1920 202 370 77 70 88 2
2 1920 203 370 77 70 88 2
2 1920 204 370 77 70 88 2
2 1920 205 370 77 70 88 2
2 1920 206 370 77 70 88 2
2 1920 207 370 77 70 88 2
2 1920 208 370 77 70 88 2
2 1920 209 370 77 70 88 2
2 1920 210 370 77 70 88 2
2 1920 211 370 77 70 88 2
2 1920 212 370 77 70 88 2
2 1920 213 370 77 70 88 2
2 1920 214 370 77 70 88 2
2 1920 215 370 77 70 88 2
2 1920 216 370 77 70 88 2
2 1920 217 370 77 70 89 2
2 1920 218 370 77 70 89 2
2 1920 219 370 77 70 89 2
2 1920 220 370 77 70 89 2
2 1920 221 370 77 70 89 2
2 1920 222 370 77 70 89 2
2 1920 223 370 77 70 89 2
2 1920 224 370 77 70 89 2
2 1920 225 370 77 70 89 2
2 1920 226 370 77 70 89 2
2 1920 227 370 77 70 89 2
2 1920 228 370 77 70 89 2
2 1920 229 370 77 70 89 2
2 1920 230 370 77 70 89 2
2 1920 231 370 77 70 89 2
2 1920 232 370 77 70 89 2
2 1920 233 370 77 70 89 2
2 1920 234 370 77 70 89 2
2 1920 235 370 78 70 88 2
2 1920 236 370 78 70 88 2
2 1920 237 370 78 70 88 2
2 1920 238 370 78 70 88 2
2 1920 239 370 78 70 88 2
2 1920 240 370 78 70 88 2
2 1920 241 370 78 70 88 2
2 1920 242 370 78 70 88 2
2 1920 243 370 78 70 88 2
2 1920 244 370 78 70 88 2
2 1920 245 370 78 70 88 2
2 1920 246 370 78 70 88 2
2 1920 247 370 78 70 88 2
2 1920 248 370 78 70 88 2
2 1920 249 370 78 70 88 2
2 1920 250 370 78 70 88 2
2 1920 251 370 78 70 88 2
2 1920 252 370 78 70 88 2
2 1920 253 370 78 70 88 2
2 1920 254 370 78 70 88 2
2 1920 255 370 78 70 88 2
2 1920 256 370 78 70 88 2
2 1920 257 370 78 70 88 2
2 1920 258 370 78 70 88 2
2 1920 259 370 78 70 88 2
2 1920 260 370 78 70 88 2
2 1920 261 370 78 70 88 2
2 1920 262 370 78 70 88 2
2 1920 263 370 78 70 88 2
2 1920 264 370 78 70 88 2
2 1920 265 370 78 70 88 2
2 1920 266 370 78 70 88 2
2 1920 267 370 78 70 88 2
2 1920 268 370 78 70 88 2
2 1920 269 370 78 70 88 2
2 1920 270 370 78 70 88 2
2 1920 271 370 78 70 88 2
2 1920 272 370 78 70 88 2
2 1920 273 370 78 70 88 2
2 1920 274 370 78 70 88 2
2 1920 275 370 78 70 88 2
2 1920 276 370 78 70 88 2
2 1920 277 370 78 70 88 2
2 1920 278 370 78 70 88 2
2 1920 279 370 78 70 88 2
2 1920 280 370 78 70 88 2
2 1920 281 370 78 70 88 2
2 1920 282 370 78 70 88 2
2 1920 283 370 78 70 88 2
2 1920 284 370 78 70 88 2
2 1920 285 370 78 70 88 2
2 1920 286 370 78 70 88 2
2 1920 287 370 78 70 88 2
2 1920 288 370 78 70 88 2
2 1920 289 370 78 70 88 2
2 1920 290 370 78 70 88 2
2 1920 291 370 78 70 88 2
2 1920 292 370 78 70 88 2
2 1920 293 370 78 70 88 2
2 1920 294 370 78 70 88 2
2 1920 295 370 78 70 88 2
2 1920 296 370 78 70 88 2
2 1920 297 370 78 70 88 2
2 1920 298 370 78 70 88 2
2 1920 299 370 78 70 88 2
2 1920 300 370 78 70 88 2
2 1920 301 370 78 70 88 2
2 1920 302 370 78 70 88 2
2 1920 303 370 78 70 88 2
2 1920 304 370 78 70 88 2
2 1920 305 370 78 70 88 2
2 1920 306 370 78 70 88 2
2 1920 307 370 78 70 88 2
2 1920 308 370 78 70 88 2
2 1920 309 370 78 70 88 2
2 1920 310 370 78 70 88 2
2 1920 311 370 78 70 88 2
2 1920 312 370 78 70 88 2
2 1920 313 370 78 70 88 2
2 1920 314 370 78 70 88 2
2 1920 315 370 78 70 88 2
2 1920 316 370 78 70 88 2
2 1920 317 370 78 70 88 2
2 1920 318 370 78 70 88 2
2 1920 319 370 78 70 88 2
2 1920 320 370 78 70 88 2
2 1920 321 370 78 70 88 2
2 1920 322 370 78 70 88 2
2 1920 323 370 78 70 88 2
2 1920 324 370 78 70 88 2
2 1920 325 370 78 70 88 2
2 1920 326 370 78 70 89 2
2 1920 327 370 78 70 89 2
2 1920 328 370 78 70 89 2
2 1920 329 370 78 70 89 2
2 1920 330 370 78 70 89 2
2 1920 331 370 78 70 89 2
2 1920 332 370 78 70 89 2
2 1920 333 370 78 70 89 2
2 1920 334 370 78 70 89 2
2 1920 335 370 78 70 89 2
2 1920 336 370 78 70 89 2
2 1920 337 370 78 70 89 2
2 1920 338 370 78 70 89 2
2 1920 339 370 78 70 89 2
2 1920 340 370 78 70 89 2
2 1920 341 370 78 70 89 2
2 1920 342 370 78 70 89 2
2 1920 343 370 78 70 89 2
2 1920 344 370 78 70 89 2
2 1920 345 370 78 70 89 2
2 1920 346 370 78 70 89 2
2 1920 347 370 78 70 89 2
2 1920 348 370 78 70 89 2
2 1920 349 370 78 70 89 2
2 1920 350 370 78 70 89 2
2 1920 351 370 78 70 89 2
2 1920 352 370 78 70 89 2
2 1920 353 370 79 70 88 2
2 1920 354 370 79 70 88 2
2 1920 355 370 79 70 88 2
2 1920 356 370 79 70 88 2
2 1920 357 370 79 70 88 2
2 1920 358 370 79 70 88 2
2 1920 359 370 79 70 88 2
2 1920 360 370 79 70 88 2
2 1920 361 370 79 70 88 2
2 1920 362 370 79 70 88 2
2 1920 363 370 79 70 88 2
2 1920 364 370 79 70 88 2
2 1920 365 370 79 70 88 2
2 1920 366 370 79 70 88 2
2 1920 367 370 79 70 88 2
2 1920 368 370 79 70 88 2
2 1920 369 370 79 70 88 2
2 1920 370 370 79 70 88 2
2 1920 371 370 79 70 88 2
2 1920 372 370 79 70 88 2
2 1920 373 370 79 70 88 2
2 1920 374 370 79 70 88 2
2 1920 375 370 79 70 88 2
2 1920 376 370 79 70 88 2
2 1920 377 370 79 70 88 2
2 1920 378 370 79 70 88 2
2 1920 379 370 79 70 88 2
2 1920 380 370 79 70 88 2
2 1920 381 370 79 70 88 2
2 1920 382 370 79 70 88 2
2 1920 383 370 79 70 88 2
2 1920 384 370 79 70 88 2
2 1920 385 370 79 70 88 2
2 1920 386 370 79 70 88 2
2 1920 387 370 79 70 88 2
2 1920 388 370 79 70 88 2
2 1920 389 370 79 70 88 2
2 1920 390 370 79 70 88 2
2 1920 391 370 79 70 88 2
2 1920 392 370 79 70 88 2
2 1920 393 370 79 70 88 2
2 1920 394 370 79 70 88 2
2 1920 395 370 79 70 88 2
2 1920 396 370 79 70 88 2
2 1920 397 370 79 70 88 2
2 1920 398 370 79 70 88 2
2 1920 399 370 79 70 88 2
2 1920 400 370 79 70 88 2
2 1920 401 370 79 70 88 2
2 1920 402 370 79 70 88 2
2 1920 403 370 79 70 88 2
2 1920 404 370 79 70 88 2
2 1920 405 370 79 70 88 2
2 1920 406 370 79 70 88 2
2 1920 407 370 79 70 88 2
2 1920 408 370 79 70 88 2
2 1920 409 370 79 70 88 2
2 1920 410 370 79 70 88 2
2 1920 411 370 79 70 88 2
2 1920 412 370 79 70 88 2
2 1920 413 370 79 70 88 2
2 1920 414 370 79 70 88 2
2 1920 415 370 79 70 88 2
2 1920 416 370 79 70 88 2
2 1920 417 370 79 70 88 2
2 1920 418 370 79 70 88 2
2 1920 419 370 79 70 88 2
2 1920 420 370 79 70 88 2
2 1920 421 370 79 70 88 2
2 1920 422 370 79 70 88 2
2 1920 423 370 79 70 88 2
2 1920 424 370 79 70 88 2
2 1920 425 370 79 70 88 2
2 1920 426 370 79 70 88 2
2 1920 427 370 79 70 88 2
2 1920 428 370 79 70 88 2
2 1920 429 370 79 70 88 2
2 1920 430 370 79 70 88 2
2 1920 431 370 79 70 88 2
2 1920 432 370 79 70 88 2
2 1920 433 370 79 70 88 2
2 1920 434 370 79 70 89 2
2 1920 435 370 79 70 89 2
2 1920 436 370 79 70 89 2
2 1920 437 370 79 70 89 2
2 1920 438 370 79 70 89 2
2 1920 439 370 79 70 89 2
2 1920 440 370 79 70 89 2
2 1920 441 370 79 70 89 2
2 1920 442 370 79 70 89 2
2 1920 443 370 79 70 89 2
2 1920 444 370 79 70 89 2
2 1920 445 370 79 70 89 2
2 1920 446 370 79 70 89 2
2 1920 447 370 79 70 89 2
2 1920 448 370 79 70 89 2
2 1920 449 370 79 70 89 2
2 1920 450 370 79 70 89 2
2 1920 451 370 79 70 89 2
2 1920 452 370 79 70 89 2
2 1920 453 370 79 70 89 2
2 1920 454 370 79 70 89 2
2 1920 455 370 79 70 89 2
2 1920 456 370 79 70 89 2
2 1920 457 370 79 70 89 2
2 1920 458 370 79 70 89 2
2 1920 459 370 79 70 89 2
2 1920 460 370 79 70 89 2
2 1920 461 370 79 70 89 2
2 1920 462 370 79 70 89 2
2 1920 463 370 79 70 89 2
2 1920 464 370 79 70 89 2
2 1920 465 370 79 70 89 2
2 1920 466 370 79 70 89 2
2 1920 467 370 79 70 89 2
2 1920 468 370 79 70 89 2
2 1920 469 370 79 70 89 2
2 1920 470 370 80 70 88 2
2 1920 471 370 80 70 88 2
2 1920 472 370 80 70 88 2
2 1920 473 370 80 70 88 2
2 1920 474 370 80 70 88 2
2 1920 475 370 80 70 88 2
2 1920 476 370 80 70 88 2
2 1920 477 370 80 70 88 2
2 1920 478 370 80 70 88 2
2 1920 479 370 80 70 88 2
2 1920 480 370 80 70 88 2
2 1920 481 370 80 70 88 2
2 1920 482 370 80 70 88 2
2 1920 483 370 80 70 88 2
2 1920 484 370 80 70 88 2
2 1920 485 370 80 70 88 2
2 1920 486 370 80 70 88 2
2 1920 487 370 80 70 88 2
2 1920 488 370 80 70 88 2
2 1920 489 370 80 70 88 2
2 1920 490 370 80 70 88 2
2 1920 491 370 80 70 88 2
2 1920 492 370 80 70 88 2
2 1920 493 370 80 70 88 2
2 1920 494 370 80 70 88 2
2 1920 495 370 80 70 88 2
2 1920 496 370 80 70 88 2
2 1920 497 370 80 70 88 2
2 1920 498 370 80 70 88 2
2 1920 499 370 80 70 88 2
2 1920 500 370 80 70 88 2
2 1920 501 370 80 70 88 2
2 1920 502 370 80 70 88 2
2 1920 503 370 80 70 88 2
2 1920 504 370 80 70 88 2
2 1920 505 370 80 70 88 2
2 1920 506 370 80 70 88 2
2 1920 507 370 80 70 88 2
2 1920 508 370 80 70 88 2
2 1920 509 370 80 70 88 2
2 1920 510 370 80 70 88 2
2 1920 511 370 80 70 88 2
2 1920 512 370 80 70 88 2
2 1920 513 370 80 70 88 2
2 1920 514 370 80 70 88 2
2 1920 515 370 80 70 88 2
2 1920 516 370 80 70 88 2
2 1920 517 370 80 70 88 2
2 1920 518 370 80 70 88 2
2 1920 519 370 80 70 88 2
2 1920 520 370 80 70 88 2
2 1920 521 370 80 70 88 2
2 1920 522 370 80 70 88 2
2 1920 523 370 80 70 88 2
2 1920 524 370 80 70 88 2
2 1920 525 370 80 70 88 2
2 1920 526 370 80 70 88 2
2 1920 527 370 80 70 88 2
2 1920 528 370 80 70 88 2
2 1920 529 370 80 70 88 2
2 1920 530 370 80 70 88 2
2 1920 531 370 80 70 88 2
2 1920 532 370 80 70 88 2
2 1920 533 370 80 70 88 2
2 1920 534 370 80 70 88 2
2 1920 535 370 80 70 88 2
2 1920 536 370 80 70 88 2
2 1920 537 370 80 70 88 2
2 1920 538 370 80 70 88 2
2 1920 539 370 80 70 88 2
2 1920 540 370 80 70 88 2
2 1920 541 370 80 70 88 2
2 1920 542 370 80 70 89 2
2 1920 543 370 80 70 89 2
2 1920 544 370 80 70 89 2
2 1920 545 370 80 70 89 2
2 1920 546 370 80 70 89 2
2 1920 547 370 80 70 89 2
2 1920 548 370 80 70 89 2
2 1920 549 370 80 70 89 2
2 1920 550 370 80 70 89 2
2 1920 551 370 80 70 89 2
2 1920 552 370 80 70 89 2
2 1920 553 370 80 70 89 2
2 1920 554 370 80 70 89 2
2 1920 555 370 80 70 89 2
2 1920 556 370 80 70 89 2
2 1920 557 370 80 70 89 2
2 1920 558 370 80 70 89 2
2 1920 559 370 80 70 89 2
2 1920 560 370 80 70 89 2
2 1920 561 370 80 70 89 2
2 1920 562 370 80 70 89 2
2 1920 563 370 80 70 89 2
2 1920 564 370 80 70 89 2
2 1920 565 370 80 70 89 2
2 1920 566 370 80 70 89 2
2 1920 567 370 80 70 89 2
2 1920 568 370 80 70 89 2
2 1920 569 370 80 70 89 2
2 1920 570 370 80 70 89 2
2 1920 571 370 80 70 89 2
2 1920 572 370 80 70 89 2
2 1920 573 370 80 70 89 2
2 1920 574 370 80 70 89 2
2 1920 575 370 80 70 89 2
2 1920 576 370 80 70 89 2
2 1920 577 370 80 70 89 2
2 1920 578 370 80 70 89 2
2 1920 579 370 80 70 89 2
2 1920 580 370 80 70 89 2
2 1920 581 370 80 70 89 2
2 1920 582 370 80 70 89 2
2 1920 583 370 80 70 89 2
2 1920 584 370 80 70 89 2
2 1920 585 370 80 70 89 2
2 1920 586 370 80 70 89 2
2 1920 587 370 81 70 88 2
2 1920 588 370 81 70 88 2
2 1920 589 370 81 70 88 2
2 1920 590 370 81 70 88 2
2 1920 591 370 81 70 88 2
2 1920 592 370 81 70 88 2
2 1920 593 370 81 70 88 2
2 1920 594 370 81 70 88 2
2 1920 595 370 81 70 88 2
2 1920 596 370 81 70 88 2
2 1920 597 370 81 70 88 2
2 1920 598 370 81 70 88 2
2 1920 599 370 81 70 88 2
2 1920 600 370 81 70 88 2
2 1920 601 370 81 70 88 2
2 1920 602 370 81 70 88 2
2 1920 603 370 81 70 88 2
2 1920 604 370 81 70 88 2
2 1920 605 370 81 70 88 2
2 1920 606 370 81 70 88 2
2 1920 607 370 81 70 88 2
2 1920 608 370 81 70 88 2
2 1920 609 370 81 70 88 2
2 1920 610 370 81 70 88 2
2 1920 611 370 81 70 88 2
2 1920 612 370 81 70 88 2
2 1920 613 370 81 70 88 2
2 1920 614 370 81 70 88 2
2 1920 615 370 81 70 88 2
2 1920 616 370 81 70 88 2
2 1920 617 370 81 70 88 2
2 1920 618 370 81 70 88 2
2 1920 619 370 81 70 88 2
2 1920 620 370 81 70 88 2
2 1920 621 370 81 70 88 2
2 1920 622 370 81 70 88 2
2 1920 623 370 81 70 88 2
2 1920 624 370 81 70 88 2
2 1920 625 370 81 70 88 2
2 1920 626 370 81 70 88 2
2 1920 627 370 81 70 88 2
2 1920 628 370 81 70 88 2
2 1920 629 370 81 70 88 2
2 1920 630 370 81 70 88 2
2 1920 631 370 81 70 88 2
2 1920 632 370 81 70 88 2
2 1920 633 370 81 70 88 2
2 1920 634 370 81 70 88 2
2 1920 635 370 81 70 88 2
2 1920 636 370 81 70 88 2
2 1920 637 370 81 70 88 2
2 1920 638 370 81 70 88 2
2 1920 639 370 81 70 88 2
2 1920 640 370 81 70 88 2
2 1920 641 370 81 70 88 2
2 1920 642 370 81 70 88 2
2 1920 643 370 81 70 88 2
2 1920 644 370 81 70 88 2
2 1920 645 370 81 70 88 2
2 1920 646 370 81 70 88 2
2 1920 647 370 81 70 88 2
2 1920 648 370 81 70 88 2
2 1920 649 370 81 70 88 2
2 1920 650 370 81 70 88 2
2 1920 651 370 81 70 89 2
2 1920 652 370 81 70 89 2
2 1920 653 370 81 70 89 2
2 1920 654 370 81 70 89 2
2 1920 655 370 81 70 89 2
2 1920 656 370 81 70 89 2
2 1920 657 370 81 70 89 2
2 1920 658 370 81 70 89 2
2 1920 659 370 81 70 89 2
2 1920 660 370 81 70 89 2
2 1920 661 370 81 70 89 2
2 1920 662 370 81 70 89 2
2 1920 663 370 81 70 89 2
2 1920 664 370 81 70 89 2
2 1920 665 370 81 70 89 2
2 1920 666 370 81 70 89 2
2 1920 667 370 81 70 89 2
2 1920 668 370 81 70 89 2
2 1920 669 370 81 70 89 2
2 1920 670 370 81 70 89 2
2 1920 671 370 81 70 89 2
2 1920 672 370 81 70 89 2
2 1920 673 370 81 70 89 2
2 1920 674 370 81 70 89 2
2 1920 675 370 81 70 89 2
2 1920 676 370 81 70 89 2
2 1920 677 370 81 70 89 2
2 1920 678 370 81 70 89 2
2 1920 679 370 81 70 89 2
2 1920 680 370 81 70 89 2
2 1920 681 370 81 70 89 2
2 1920 682 370 81 70 89 2
2 1920 683 370 81 70 89 2
2 1920 684 370 81 70 89 2
2 1920 685 370 81 70 89 2
2 1920 686 370 81 70 89 2
2 1920 687 370 81 70 89 2
2 1920 688 370 81 70 89 2
2 1920 689 370 81 70 89 2
2 1920 690 370 81 70 89 2
2 1920 691 370 81 70 89 2
2 1920 692 370 81 70 89 2
2 1920 693 370 81 70 89 2
2 1920 694 370 81 70 89 2
2 1920 695 370 81 70 89 2
2 1920 696 370 81 70 89 2
2 1920 697 370 81 70 89 2
2 1920 698 370 81 70 89 2
2 1920 699 370 81 70 89 2
2 1920 700 370 81 70 89 2
2 1920 701 370 81 70 89 2
2 1920 702 370 81 70 89 2
2 1920 703 370 81 70 89 2
2 1920 704 370 81 70 89 2
2 1920 705 370 82 70 88 2
2 1920 706 370 82 70 88 2
2 1920 707 370 82 70 88 2
2 1920 708 370 82 70 88 2
2 1920 709 370 82 70 88 2
2 1920 710 370 82 70 88 2
2 1920 711 370 82 70 88 2
2 1920 712 370 82 70 88 2
2 1920 713 370 82 70 88 2
2 1920 714 370 82 70 88 2
2 1920 715 370 82 70 88 2
2 1920 716 370 82 70 88 2
2 1920 717 370 82 70 88 2
2 1920 718 370 82 70 88 2
2 1920 719 370 82 70 88 2
2 1920 720 370 82 70 88 2
2 1920 721 370 82 70 88 2
2 1920 722 370 82 70 88 2
2 1920 723 370 82 70 88 2
2 1920 724 370 82 70 88 2
2 1920 725 370 82 70 88 2
2 1920 726 370 82 70 88 2
2 1920 727 370 82 70 88 2
2 1920 728 370 82 70 88 2
2 1920 729 370 82 70 88 2
2 1920 730 370 82 70 88 2
2 1920 731 370 82 70 88 2
2 1920 732 370 82 70 88 2
2 1920 733 370 82 70 88 2
2 1920 734 370 82 70 88 2
2 1920 735 370 82 70 88 2
2 1920 736 370 82 70 88 2
2 1920 737 370 82 70 88 2
2 1920 738 370 82 70 88 2
2 1920 739 370 82 70 88 2
2 1920 740 370 82 70 88 2
2 1920 741 370 82 70 88 2
2 1920 742 370 82 70 88 2
2 1920 743 370 82 70 88 2
2 1920 744 370 82 70 88 2
2 1920 745 370 82 70 88 2
2 1920 746 370 82 70 88 2
2 1920 747 370 82 70 88 2
2 1920 748 370 82 70 88 2
2 1920 749 370 82 70 88 2
2 1920 750 370 82 70 88 2
2 1920 751 370 82 70 88 2
2 1920 752 370 82 70 88 2
2 1920 753 370 82 70 88 2
2 1920 754 370 82 70 88 2
2 1920 755 370 82 70 88 2
2 1920 756 370 82 70 88 2
2 1920 757 370 82 70 88 2
2 1920 758 370 82 70 88 2
2 1920 759 370 82 70 89 2
2 1920 760 370 82 70 89 2
2 1920 761 370 82 70 89 2
2 1920 762 370 82 70 89 2
2 1920 763 370 82 70 89 2
2 1920 764 370 82 70 89 2
2 1920 765 370 82 70 89 2
2 1920 766 370 82 70 89 2
2 1920 767 370 82 70 89 2
2 1920 768 370 82 70 89 2
2 1920 769 370 82 70 89 2
2 1920 770 370 82 70 89 2
2 1920 771 370 82 70 89 2
2 1920 772 370 82 70 89 2
2 1920 773 370 82 70 89 2
2 1920 774 370 82 70 89 2
2 1920 775 370 82 70 89 2
2 1920 776 370 82 70 89 2
2 1920 777 370 82 70 89 2
2 1920 778 370 82 70 89 2
2 1920 779 370 82 70 89 2
2 1920 780 370 82 70 89 2
2 1920 781 370 82 70 89 2
2 1920 782 370 82 70 89 2
2 1920 783 370 82 70 89 2
2 1920 784 370 82 70 89 2
2 1920 785 370 82 70 89 2
2 1920 786 370 82 70 89 2
2 1920 787 370 82 70 89 2
2 1920 788 370 82 70 89 2
2 1920 789 370 82 70 89 2
2 1920 790 370 82 70 89 2
2 1920 791 370 82 70 89 2
2 1920 792 370 82 70 89 2
2 1920 793 370 82 70 89 2
2 1920 794 370 82 70 89 2
2 1920 795 370 82 70 89 2
2 1920 796 370 82 70 89 2
2 1920 797 370 82 70 89 2
2 1920 798 370 82 70 89 2
2 1920 799 370 82 70 89 2
2 1920 800 370 82 70 89 2
2 1920 801 370 82 70 89 2
2 1920 802 370 82 70 89 2
2 1920 803 370 82 70 89 2
2 1920 804 370 82 70 89 2
2 1920 805 370 82 70 89 2
2 1920 806 370 82 70 89 2
2 1920 807 370 82 70 89 2
2 1920 808 370 82 70 89 2
2 1920 809 370 82 70 89 2
2 1920 810 370 82 70 89 2
2 1920 811 370 82 70 89 2
2 1920 812 370 82 70 89 2
2 1920 813 370 82 70 89 2
2 1920 814 370 82 70 89 2
2 1920 815 370 82 70 89 2
2 1920 816 370 82 70 89 2
2 1920 817 370 82 70 89 2
2 1920 818 370 82 70 89 2
2 1920 819 370 82 70 89 2
2 1920 820 370 82 70 89 2
2 1920 821 370 82 70 89 2
2 1920 822 370 83 70 88 2
2 1920 823 370 83 70 88 2
2 1920 824 370 83 70 88 2
2 1920 825 370 83 70 88 2
2 1920 826 370 83 70 88 2
2 1920 827 370 83 70 88 2
2 1920 828 370 83 70 88 2
2 1920 829 370 83 70 88 2
2 1920 830 370 83 70 88 2
2 1920 831 370 83 70 88 2
2 1920 832 370 83 70 88 2
2 1920 833 370 83 70 88 2
2 1920 834 370 83 70 88 2
2 1920 835 370 83 70 88 2
2 1920 836 370 83 70 88 2
2 1920 837 370 83 70 88 2
2 1920 838 370 83 70 88 2
2 1920 839 370 83 70 88 2
2 1920 840 370 83 70 88 2
2 1920 841 370 83 70 88 2
2 1920 842 370 83 70 88 2
2 1920 843 370 83 70 88 2
2 1920 844 370 83 70 88 2
2 1920 845 370 83 70 88 2
2 1920 846 370 83 70 88 2
2 1920 847 370 83 70 88 2
2 1920 848 370 83 70 88 2
2 1920 849 370 83 70 88 2
2 1920 850 370 83 70 88 2
2 1920 851 370 83 70 88 2
2 1920 852 370 83 70 88 2
2 1920 853 370 83 70 88 2
2 1920 854 370 83 70 88 2
2 1920 855 370 83 70 88 2
2 1920 856 370 83 70 88 2
2 1920 857 370 83 70 88 2
2 1920 858 370 83 70 88 2
2 1920 859 370 83 70 88 2
2 1920 860 370 83 70 88 2
2 1920 861 370 83 70 88 2
2 1920 862 370 83 70 88 2
2 1920 863 370 83 70 88 2
2 1920 864 370 83 70 88 2
2 1920 865 370 83 70 88 2
2 1920 866 370 83 70 88 2
2 1920 867 370 83 70 89 2
2 1920 868 370 83 70 89 2
2 1920 869 370 83 70 89 2
2 1920 870 370 83 70 89 2
2 1920 871 370 83 70 89 2
2 1920 872 370 83 70 89 2
2 1920 873 370 83 70 89 2
2 1920 874 370 83 70 89 2
2 1920 875 370 83 70 89 2
2 1920 876 370 83 70 89 2
2 1920 877 370 83 70 89 2
2 1920 878 370 83 70 89 2
2 1920 879 370 83 70 89 2
2 1920 880 370 83 70 89 2
2 1920 881 370 83 70 89 2
2 1920 882 370 83 70 89 2
2 1920 883 370 83 70 89 2
2 1920 884 370 83 70 89 2
2 1920 885 370 83 70 89 2
2 1920 886 370 83 70 89 2
2 1920 887 370 83 70 89 2
2 1920 888 370 83 70 89 2
2 1920 889 370 83 70 89 2
2 1920 890 370 83 70 89 2
2 1920 891 370 83 70 89 2
2 1920 892 370 83 70 89 2
2 1920 893 370 83 70 89 2
2 1920 894 370 83 70 89 2
2 1920 895 370 83 70 89 2
2 1920 896 370 83 70 89 2
2 1920 897 370 83 70 89 2
2 1920 898 370 83 70 89 2
2 1920 899 370 83 70 89 2
2 1920 900 370 83 70 89 2
2 1920 901 370 83 70 89 2
2 1920 902 370 83 70 89 2
2 1920 903 370 83 70 89 2
2 1920 904 370 83 70 89 2
2 1920 905 370 83 70 89 2
2 1920 906 370 83 70 89 2
2 1920 907 370 83 70 89 2
2 1920 908 370 83 70 89 2
2 1920 909 370 83 70 89 2
2 1920 910 370 83 70 89 2
2 1920 911 370 83 70 89 2
2 1920 912 370 83 70 89 2
2 1920 913 370 83 70 89 2
2 1920 914 370 83 70 89 2
2 1920 915 370 83 70 89 2
2 1920 916 370 83 70 89 2
2 1920 917 370 83 70 89 2
2 1920 918 370 83 70 89 2
2 1920 919 370 83 70 89 2
2 1920 920 370 83 70 89 2
2 1920 921 370 83 70 89 2
2 1920 922 370 83 70 89 2
2 1920 923 370 83 70 89 2
2 1920 924 370 83 70 89 2
2 1920 925 370 83 70 89 2
2 1920 926 370 83 70 89 2
2 1920 927 370 83 70 89 2
2 1920 928 370 83 70 89 2
2 1920 929 370 83 70 89 2
2 1920 930 370 83 70 89 2
2 1920 931 370 83 70 89 2
2 1920 932 370 83 70 89 2
2 1920 933 370 83 70 89 2
2 1920 934 370 83 70 89 2
2 1920 935 370 83 70 89 2
2 1920 936 370 83 70 89 2
2 1920 937 370 83 70 89 2
2 1920 938 370 83 70 89 2
2 1920 939 370 84 70 88 2
2 1920 940 370 84 70 88 2
2 1920 941 370 84 70 88 2
2 1920 942 370 84 70 88 2
2 1920 943 370 84 70 88 2
2 1920 944 370 84 70 88 2
2 1920 945 370 84 70 88 2
2 1920 946 370 84 70 88 2
2 1920 947 370 84 70 88 2
2 1920 948 370 84 70 88 2
2 1920 949 370 84 70 88 2
2 1920 950 370 84 70 88 2
2 1920 951 370 84 70 88 2
2 1920 952 370 84 70 88 2
2 1920 953 370 84 70 88 2
2 1920 954 370 84 70 88 2
2 1920 955 370 84 70 88 2
2 1920 956 370 84 70 88 2
2 1920 957 370 84 70 88 2
2 1920 958 370 84 70 88 2
2 1920 959 370 84 70 88 2
2 1920 960 370 84 70 88 2
2 1920 961 370 84 70 88 2
2 1920 962 370 84 70 88 2
2 1920 963 370 84 70 88 2
2 1920 964 370 84 70 88 2
2 1920 965 370 84 70 88 2
2 1920 966 370 84 70 88 2
2 1920 967 370 84 70 88 2
2 1920 968 370 84 70 88 2
2 1920 969 370 84 70 88 2
2 1920 970 370 84 70 88 2
2 1920 971 370 84 70 88 2
2 1920 972 370 84 70 88 2
2 1920 973 370 84 70 88 2
2 1920 974 370 84 70 88 2
2 1920 975 370 84 70 88 2
2 1920 976 370 84 70 89 2
2 1920 977 370 84 70 89 2
2 1920 978 370 84 70 89 2
2 1920 979 370 84 70 89 2
2 1920 980 370 84 70 89 2
2 1920 981 370 84 70 89 2
2 1920 982 370 84 70 89 2
2 1920 983 370 84 70 89 2
2 1920 984 370 84 70 89 2
2 1920 985 370 84 70 89 2
2 1920 986 370 84 70 89 2
2 1920 987 370 84 70 89 2
2 1920 988 370 84 70 89 2
2 1920 989 370 84 70 89 2
2 1920 990 370 84 70 89 2
2 1920 991 370 84 70 89 2
2 1920 992 370 84 70 89 2
2 1920 993 370 84 70 89 2
2 1920 994 370 84 70 89 2
2 1920 995 370 84 70 89 2
2 1920 996 370 84 70 89 2
2 1920 997 370 84 70 89 2
2 1920 998 370 84 70 89 2
2 1920 999 370 84 70 89 2
2 1920 1000 370 84 70 89 2
2 1920 1001 370 84 70 89 2
2 1920 1002 370 84 70 89 2
2 1920 1003 370 84 70 89 2
2 1920 1004 370 84 70 89 2
2 1920 1005 370 84 70 89 2
2 1920 1006 370 84 70 89 2
2 1920 1007 370 84 70 89 2
2 1920 1008 370 84 70 89 2
2 1920 1009 370 84 70 89 2
2 1920 1010 370 84 70 89 2
2 1920 1011 370 84 70 89 2
2 1920 1012 370 84 70 89 2
2 1920 1013 370 84 70 89 2
2 1920 1014 370 84 70 89 2
2 1920 1015 370 84 70 89 2
2 1920 1016 370 84 70 89 2
2 1920 1017 370 84 70 89 2
2 1920 1018 370 84 70 89 2
2 1920 1019 370 84 70 89 2
2 1920 1020 370 84 70 89 2
2 1920 1021 370 84 70 89 2
2 1920 1022 370 84 70 89 2
2 1920 1023 370 84 70 89 2
2 1920 1024 370 84 70 89 2
2 1920 1025 370 84 70 89 2
2 1920 1026 370 84 70 89 2
2 1920 1027 370 84 70 89 2
2 1920 1028 370 84 70 89 2
2 1920 1029 370 84 70 89 2
2 1920 1030 370 84 70 89 2
2 1920 1031 370 84 70 89 2
2 1920 1032 370 84 70 89 2
2 1920 1033 370 84 70 89 2
2 1920 1034 370 84 70 89 2
2 1920 1035 370 84 70 89 2
2 1920 1036 370 84 70 89 2
2 1920 1037 370 84 70 89 2
2 1920 1038 370 84 70 89 2
2 1920 1039 370 84 70 89 2
2 1920 1040 370 84 70 89 2
2 1920 1041 370 84 70 89 2
2 1920 1042 370 84 70 89 2
2 1920 1043 370 84 70 89 2
2 1920 1044 370 84 70 89 2
2 1920 1045 370 84 70 89 2
2 1920 1046 370 84 70 89 2
2 1920 1047 370 84 70 89 2
2 1920 1048 370 84 70 89 2
2 1920 1049 370 84 70 89 2
2 1920 1050 370 84 70 89 2
2 1920 1051 370 84 70 89 2
2 1920 1052 370 84 70 89 2
2 1920 1053 370 84 70 89 2
2 1920 1054 370 84 70 89 2
2 1920 1055 370 84 70 89 2
2 1920 1056 370 84 70 89 2
2 1920 1057 370 85 70 88 2
2 1920 1058 370 85 70 88 2
2 1920 1059 370 85 70 88 2
2 1920 1060 370 85 70 88 2
2 1920 1061 370 85 70 88 2
2 1920 1062 370 85 70 88 2
2 1920 1063 370 85 70 88 2
2 1920 1064 370 85 70 88 2
2 1920 1065 370 85 70 88 2
2 1920 1066 370 85 70 88 2
2 1920 1067 370 85 70 88 2
2 1920 1068 370 85 70 88 2
2 1920 1069 370 85 70 88 2
2 1920 1070 370 85 70 88 2
2 1920 1071 370 85 70 88 2
2 1920 1072 370 85 70 88 2
2 1920 1073 370 85 70 88 2
2 1920 1074 370 85 70 88 2
2 1920 1075 370 85 70 88 2
2 1920 1076 370 85 70 88 2
2 1920 1077 370 85 70 88 2
2 1920 1078 370 85 70 88 2
2 1920 1079 370 85 70 88 2
2 1920 1080 370 85 70 88 2
2 1920 1081 370 85 70 88 2
2 1920 1082 370 85 70 88 2
2 1920 1083 370 85 70 88 2
2 1920 1084 370 85 70 89 2
2 1920 1085 370 85 70 89 2
2 1920 1086 370 85 70 89 2
2 1920 1087 370 85 70 89 2
2 1920 1088 370 85 70 89 2
2 1920 1089 370 85 70 89 2
2 1920 1090 370 85 70 89 2
2 1920 1091 370 85 70 89 2
2 1920 1092 370 85 70 89 2
2 1920 1093 370 85 70 89 2
2 1920 1094 370 85 70 89 2
2 1920 1095 370 85 70 89 2
2 1920 1096 370 85 70 89 2
2 1920 1097 370 85 70 89 2
2 1920 1098 370 85 70 89 2
2 1920 1099 370 85 70 89 2
2 1920 1100 370 85 70 89 2
2 1920 1101 370 85 70 89 2
2 1920 1102 370 85 70 89 2
2 1920 1103 370 85 70 89 2
2 1920 1104 370 85 70 89 2
2 1920 1105 370 85 70 89 2
2 1920 1106 370 85 70 89 2
2 1920 1107 370 85 70 89 2
2 1920 1108 370 85 70 89 2
2 1920 1109 370 85 70 89 2
2 1920 1110 370 85 70 89 2
2 1920 1111 370 85 70 89 2
2 1920 1112 370 85 70 89 2
2 1920 1113 370 85 70 89 2
2 1920 1114 370 85 70 89 2
2 1920 1115 370 85 70 89 2
2 1920 1116 370 85 70 89 2
2 1920 1117 370 85 70 89 2
2 1920 1118 370 85 70 89 2
2 1920 1119 370 85 70 89 2
2 1920 1120 370 85 70 89 2
2 1920 1121 370 85 70 89 2
2 1920 1122 370 85 70 89 2
2 1920 1123 370 85 70 89 2
2 1920 1124 370 85 70 89 2
2 1920 1125 370 85 70 89 2
2 1920 1126 370 85 70 89 2
2 1920 1127 370 85 70 89 2
2 1920 1128 370 85 70 89 2
2 1920 1129 370 85 70 89 2
2 1920 1130 370 85 70 89 2
2 1920 1131 370 85 70 89 2
2 1920 1132 370 85 70 89 2
2 1920 1133 370 85 70 89 2
2 1920 1134 370 85 70 89 2
2 1920 1135 370 85 70 89 2
2 1920 1136 370 85 70 89 2
2 1920 1137 370 85 70 89 2
2 1920 1138 370 85 70 89 2
2 1920 1139 370 85 70 89 2
2 1920 1140 370 85 70 89 2
2 1920 1141 370 85 70 89 2
2 1920 1142 370 85 70 89 2
2 1920 1143 370 85 70 89 2
2 1920 1144 370 85 70 89 2
2 1920 1145 370 85 70 89 2
2 1920 1146 370 85 70 89 2
2 1920 1147 370 85 70 89 2
2 1920 1148 370 85 70 89 2
2 1920 1149 370 85 70 89 2
2 1920 1150 370 85 70 89 2
2 1920 1151 370 85 70 89 2
2 1920 1152 370 85 70 89 2
2 1920 1153 370 85 70 89 2
2 1920 1154 370 85 70 89 2
2 1920 1155 370 85 70 89 2
2 1920 1156 370 85 70 89 2
2 1920 1157 370 85 70 89 2
2 1920 1158 370 85 70 89 2
2 1920 1159 370 85 70 89 2
2 1920 1160 370 85 70 89 2
2 1920 1161 370 85 70 89 2
2 1920 1162 370 85 70 89 2
2 1920 1163 370 85 70 89 2
2 1920 1164 370 85 70 89 2
2 1920 1165 370 85 70 89 2
2 1920 1166 370 85 70 89 2
2 1920 1167 370 85 70 89 2
2 1920 1168 370 85 70 89 2
2 1920 1169 370 85 70 89 2
2 1920 1170 370 85 70 89 2
2 1920 1171 370 85 70 89 2
2 1920 1172 370 85 70 89 2
2 1920 1173 370 85 70 89 2
2 1920 1174 370 86 70 88 2
2 1920 1175 370 86 70 88 2
2 1920 1176 370 86 70 88 2
2 1920 1177 370 86 70 88 2
2 1920 1178 370 86 70 88 2
2 1920 1179 370 86 70 88 2
2 1920 1180 370 86 70 88 2
2 1920 1181 370 86 70 88 2
2 1920 1182 370 86 70 88 2
2 1920 1183 370 86 70 88 2
2 1920 1184 370 86 70 88 2
2 1920 1185 370 86 70 88 2
2 1920 1186 370 86 70 88 2
2 1920 1187 370 86 70 88 2
2 1920 1188 370 86 70 88 2
2 1920 1189 370 86 70 88 2
2 1920 1190 370 86 70 88 2
2 1920 1191 370 86 70 88 2
2 1920 1192 370 86 70 89 2
2 1920 1193 370 86 70 89 2
2 1920 1194 370 86 70 89 2
2 1920 1195 370 86 70 89 2
2 1920 1196 370 86 70 89 2
2 1920 1197 370 86 70 89 2
2 1920 1198 370 86 70 89 2
2 1920 1199 370 86 70 89 2
2 1920 1200 370 86 70 89 2
2 1920 1201 370 86 70 89 2
2 1920 1202 370 86 70 89 2
2 1920 1203 370 86 70 89 2
2 1920 1204 370 86 70 89 2
2 1920 1205 370 86 70 89 2
2 1920 1206 370 86 70 89 2
2 1920 1207 370 86 70 89 2
2 1920 1208 370 86 70 89 2
2 1920 1209 370 86 70 89 2
2 1920 1210 370 86 70 89 2
2 1920 1211 370 86 70 89 2
2 1920 1212 370 86 70 89 2
2 1920 1213 370 86 70 89 2
2 1920 1214 370 86 70 89 2
2 1920 1215 370 86 70 89 2
2 1920 1216 370 86 70 89 2
2 1920 1217 370 86 70 89 2
2 1920 1218 370 86 70 89 2
2 1920 1219 370 86 70 89 2
2 1920 1220 370 86 70 89 2
2 1920 1221 370 86 70 89 2
2 1920 1222 370 86 70 89 2
2 1920 1223 370 86 70 89 2
2 1920 1224 370 86 70 89 2
2 1920 1225 370 86 70 89 2
2 1920 1226 370 86 70 89 2
2 1920 1227 370 86 70 89 2
2 1920 1228 370 86 70 89 2
2 1920 1229 370 86 70 89 2
2 1920 1230 370 86 70 89 2
2 1920 1231 370 86 70 89 2
2 1920 1232 370 86 70 89 2
2 1920 1233 370 86 70 89 2
2 1920 1234 370 86 70 89 2
2 1920 1235 370 86 70 89 2
2 1920 1236 370 86 70 89 2
2 1920 1237 370 86 70 89 2
2 1920 1238 370 86 70 89 2
2 1920 1239 370 86 70 89 2
2 1920 1240 370 86 70 89 2
2 1920 1241 370 86 70 89 2
2 1920 1242 370 86 70 89 2
2 1920 1243 370 86 70 89 2
2 1920 1244 370 86 70 89 2
2 1920 1245 370 86 70 89 2
2 1920 1246 370 86 70 89 2
2 1920 1247 370 86 70 89 2
2 1920 1248 370 86 70 89 2
2 1920 1249 370 86 70 89 2
2 1920 1250 370 86 70 89 2
2 1920 1251 370 86 70 89 2
2 1920 1252 370 86 70 89 2
2 1920 1253 370 86 70 89 2
2 1920 1254 370 86 70 89 2
2 1920 1255 370 86 70 89 2
2 1920 1256 370 86 70 89 2
2 1920 1257 370 86 70 89 2
2 1920 1258 370 86 70 89 2
2 1920 1259 370 86 70 89 2
2 1920 1260 370 86 70 89 2
2 1920 1261 370 86 70 89 2
2 1920 1262 370 86 70 89 2
2 1920 1263 370 86 70 89 2
2 1920 1264 370 86 70 89 2
2 1920 1265 370 86 70 89 2
2 1920 1266 370 86 70 89 2
2 1920 1267 370 86 70 89 2
2 1920 1268 370 86 70 89 2
2 1920 1269 370 86 70 89 2
2 1920 1270 370 86 70 89 2
2 1920 1271 370 86 70 89 2
2 1920 1272 370 86 70 89 2
2 1920 1273 370 86 70 89 2
2 1920 1274 370 86 70 89 2
2 1920 1275 370 86 70 89 2
2 1920 1276 370 86 70 89 2
2 1920 1277 370 86 70 89 2
2 1920 1278 370 86 70 89 2
2 1920 1279 370 86 70 89 2
2 1920 1280 370 86 70 89 2
2 1920 1281 370 86 70 89 2
2 1920 1282 370 86 70 89 2
2 1920 1283 370 86 70 89 2
2 1920 1284 370 86 70 89 2
2 1920 1285 370 86 70 89 2
2 1920 1286 370 86 70 89 2
2 1920 1287 370 86 70 89 2
2 1920 1288 370 86 70 89 2
2 1920 1289 370 86 70 89 2
2 1920 1290 370 86 70 89 2
2 1920 1291 370 86 70 89 2
2 1920 1292 370 87 70 88 2
2 1920 1293 370 87 70 88 2
2 1920 1294 370 87 70 88 2
2 1920 1295 370 87 70 88 2
2 1920 1296 370 87 70 88 2
2 1920 1297 370 87 70 88 2
2 1920 1298 370 87 70 88 2
2 1920 1299 370 87 70 88 2
2 1920 1300 370 87 70 88 2
2 1920 1301 370 87 70 89 2
2 1920 1302 370 87 70 89 2
2 1920 1303 370 87 70 89 2
2 1920 1304 370 87 70 89 2
2 1920 1305 370 87 70 89 2
2 1920 1306 370 87 70 89 2
2 1920 1307 370 87 70 89 2
2 1920 1308 370 87 70 89 2
2 1920 1309 370 87 70 89 2
2 1920 1310 370 87 70 89 2
2 1920 1311 370 87 70 89 2
2 1920 1312 370 87 70 89 2
2 1920 1313 370 87 70 89 2
2 1920 1314 370 87 70 89 2
2 1920 1315 370 87 70 89 2
2 1920 1316 370 87 70 89 2
2 1920 1317 370 87 70 89 2
2 1920 1318 370 87 70 89 2
2 1920 1319 370 87 70 89 2
2 1920 1320 370 87 70 89 2
2 1920 1321 370 87 70 89 2
2 1920 1322 370 87 70 89 2
2 1920 1323 370 87 70 89 2
2 1920 1324 370 87 70 89 2
2 1920 1325 370 87 70 89 2
2 1920 1326 370 87 70 89 2
2 1920 1327 370 87 70 89 2
2 1920 1328 370 87 70 89 2
2 1920 1329 370 87 70 89 2
2 1920 1330 370 87 70 89 2
2 1920 1331 370 87 70 89 2
2 1920 1332 370 87 70 89 2
2 1920 1333 370 87 70 89 2
2 1920 1334 370 87 70 89 2
2 1920 1335 370 87 70 89 2
2 1920 1336 370 87 70 89 2
2 1920 1337 370 87 70 89 2
2 1920 1338 370 87 70 89 2
2 1920 1339 370 87 70 89 2
2 1920 1340 370 87 70 89 2
2 1920 1341 370 87 70 89 2
2 1920 1342 370 87 70 89 2
2 1920 1343 370 87 70 89 2
2 1920 1344 370 87 70 89 2
2 1920 1345 370 87 70 89 2
2 1920 1346 370 87 70 89 2
2 1920 1347 370 87 70 89 2
2 1920 1348 370 87 70 89 2
2 1920 1349 370 87 70 89 2
2 1920 1350 370 87 70 89 2
2 1920 1351 370 87 70 89 2
2 1920 1352 370 87 70 89 2
2 1920 1353 370 87 70 89 2
2 1920 1354 370 87 70 89 2
2 1920 1355 370 87 70 89 2
2 1920 1356 370 87 70 89 2
2 1920 1357 370 87 70 89 2
2 1920 1358 370 87 70 89 2
2 1920 1359 370 87 70 89 2
2 1920 1360 370 87 70 89 2
2 1920 1361 370 87 70 89 2
2 1920 1362 370 87 70 89 2
2 1920 1363 370 87 70 89 2
2 1920 1364 370 87 70 89 2
2 1920 1365 370 87 70 89 2
2 1920 1366 370 87 70 89 2
2 1920 1367 370 87 70 89 2
2 1920 1368 370 87 70 89 2
2 1920 1369 370 87 70 89 2
2 1920 1370 370 87 70 89 2
2 1920 1371 370 87 70 89 2
2 1920 1372 370 87 70 89 2
2 1920 1373 370 87 70 89 2
2 1920 1374 370 87 70 89 2
2 1920 1375 370 87 70 89 2
2 1920 1376 370 87 70 89 2
2 1920 1377 370 87 70 89 2
2 1920 1378 370 87 70 89 2
2 1920 1379 370 87 70 89 2
2 1920 1380 370 87 70 89 2
2 1920 1381 370 87 70 89 2
2 1920 1382 370 87 70 89 2
2 1920 1383 370 87 70 89 2
2 1920 1384 370 87 70 89 2
2 1920 1385 370 87 70 89 2
2 1920 1386 370 87 70 89 2
2 1920 1387 370 87 70 89 2
2 1920 1388 370 87 70 89 2
2 1920 1389 370 87 70 89 2
2 1920 1390 370 87 70 89 2
2 1920 1391 370 87 70 89 2
2 1920 1392 370 87 70 89 2
2 1920 1393 370 87 70 89 2
2 1920 1394 370 87 70 89 2
2 1920 1395 370 87 70 89 2
2 1920 1396 370 87 70 89 2
2 1920 1397 370 87 70 89 2
2 1920 1398 370 87 70 89 2
2 1920 1399 370 87 70 89 2
2 1920 1400 370 87 70 89 2
2 1920 1401 370 87 70 89 2
2 1920 1402 370 87 70 89 2
2 1920 1403 370 87 70 89 2
2 1920 1404 370 87 70 89 2
2 1920 1405 370 87 70 89 2
2 1920 1406 370 87 70 89 2
2 1920 1407 370 87 70 89 2
2 1920 1408 371 88 70 89 2
2 1920 1409 370 88 71 89 2
2 1920 1410 370 88 71 89 2
2 1920 1411 370 88 71 89 2
2 1920 1412 370 88 71 90 2
2 1920 1413 370 88 71 90 2
2 1920 1414 370 88 71 90 2
2 1920 1415 370 89 71 90 2
2 1920 1416 370 89 71 90 2
2 1920 1417 370 89 71 90 2
2 1920 1418 370 89 71 90 2
2 1920 1419 370 89 71 91 2
2 1920 1420 370 89 71 91 2
2 1920 1421 370 90 71 90 2
2 1920 1422 370 90 71 91 2
2 1920 1423 370 90 71 91 2
2 1920 1424 370 90 71 91 2
2 1920 1425 370 90 71 91 2
2 1920 1426 370 90 71 92 2
2 1920 1427 370 91 71 91 2
2 1920 1428 370 91 71 91 2
2 1920 1429 370 91 71 92 2
2 1920 1430 370 91 71 92 2
2 1920 1431 370 91 71 92 2
2 1920 1432 370 91 71 92 2
2 1920 1433 370 91 71 93 2
2 1920 1434 370 92 71 92 2
2 1920 1435 370 92 71 92 2
2 1920 1436 370 92 71 93 2
2 1920 1437 370 92 71 93 2
2 1920 1438 370 92 71 93 2
2 1920 1439 370 92 71 94 2
2 1920 1440 370 93 71 93 2
2 1920 1441 370 93 71 93 2
2 1920 1442 370 93 71 93 2
2 1920 1443 370 93 71 94 2
2 1920 1444 370 93 71 94 2
2 1920 1445 370 93 71 94 2
2 1920 1446 370 94 71 94 2
2 1920 1447 370 94 71 94 2
2 1920 1448 370 94 71 94 2
2 1920 1449 370 94 71 94 2
2 1920 1450 370 94 71 95 2
2 1920 1451 370 94 71 95 2
2 1920 1452 370 94 71 95 2
2 1920 1453 370 95 71 95 2
2 1920 1454 370 95 71 95 2
2 1920 1455 370 95 71 95 2
2 1920 1456 370 95 71 96 2
2 1920 1457 370 95 71 96 2
2 1920 1458 370 95 71 96 2
2 1920 1459 370 96 71 95 2
2 1920 1460 370 96 71 96 2
2 1920 1461 370 96 71 96 2
2 1920 1462 370 96 71 96 2
2 1920 1463 370 96 71 97 2
2 1920 1464 370 96 71 97 2
2 1920 1465 370 96 71 97 2
2 1920 1466 370 97 71 96 2
2 1920 1467 369 97 73 97 2
2 1920 1468 369 97 73 97 2
2 1920 1469 369 97 73 97 2
2 1920 1470 369 97 73 98 2
2 1920 1471 369 97 73 98 2
2 1920 1472 369 98 73 97 2
2 1920 1473 369 98 73 97 2
2 1920 1474 369 98 73 98 2
2 1920 1475 369 98 73 98 2
2 1920 1476 369 98 73 98 2
2 1920 1477 369 98 73 99 2
2 1920 1478 369 99 73 98 2
2 1920 1479 369 99 73 98 2
2 1920 1480 369 99 73 99 2
2 1920 1481 369 99 73 99 2
2 1920 1482 369 99 73 99 2
2 1920 1483 369 99 73 99 2
2 1920 1484 369 99 73 100 2
2 1920 1485 369 100 73 99 2
2 1920 1486 369 100 73 99 2
2 1920 1487 369 100 73 100 2
2 1920 1488 369 100 73 100 2
2 1920 1489 369 100 73 100 2
2 1920 1490 369 100 73 101 2
2 1920 1491 369 101 73 100 2
2 1920 1492 369 101 73 100 2
2 1920 1493 369 101 73 100 2
2 1920 1494 369 101 73 101 2
2 1920 1495 369 101 73 101 2
2 1920 1496 369 101 73 101 2
2 1920 1497 369 101 73 102 2
2 1920 1498 369 102 73 101 2
2 1920 1499 369 102 73 101 2
2 1920 1500 369 102 73 101 2
2 1920 1501 369 102 73 102 2
2 1920 1502 369 102 73 102 2
2 1920 1503 369 102 73 102 2
2 1920 1504 369 103 73 102 2
2 1920 1505 369 103 73 102 2
2 1920 1506 369 103 73 102 2
2 1920 1507 369 103 73 103 2
2 1920 1508 369 103 73 103 2
2 1920 1509 369 103 73 103 2
2 1920 1510 369 103 73 103 2
2 1920 1511 369 104 73 103 2
2 1920 1512 369 104 73 103 2
2 1920 1513 369 104 73 103 2
2 1920 1514 369 104 73 104 2
2 1920 1515 369 104 73 104 2
2 1920 1516 369 104 73 104 2
2 1920 1517 369 105 74 104 2
2 1920 1518 369 105 74 104 2
2 1920 1519 369 106 74 104 2
2 1920 1520 369 107 74 104 2
2 1920 1521 369 108 74 104 2
2 1920 1522 370 109 74 104 2
2 1920 1523 370 110 74 104 2
2 1920 1524 370 110 74 104 2
2 1920 1525 370 111 74 104 2
2 1920 1526 370 112 74 104 2
2 1920 1527 371 113 74 104 2
2 1920 1528 371 114 74 104 2
2 1920 1529 371 115 74 104 2
2 1920 1530 371 115 74 104 2
2 1920 1531 371 116 74 104 2
2 1920 1532 372 117 74 104 2
2 1920 1533 372 118 74 104 2
2 1920 1534 372 119 74 104 2
2 1920 1535 372 120 74 104 2
2 1920 1536 372 120 74 104 2
2 1920 1537 373 121 74 104 2
2 1920 1538 373 122 74 104 2
2 1920 1539 373 123 74 104 2
2 1920 1540 373 124 74 104 2
2 1920 1541 373 125 74 104 2
2 1920 1542 374 126 74 104 2
2 1920 1543 374 126 74 104 2
2 1920 1544 374 127 74 104 2
2 1920 1545 374 128 74 104 2
2 1920 1546 374 129 74 104 2
2 1920 1547 375 130 74 104 2
2 1920 1548 375 131 74 104 2
2 1920 1549 375 131 74 104 2
2 1920 1550 375 132 74 104 2
2 1920 1551 375 133 74 104 2
2 1920 1552 376 134 74 104 2
2 1920 1553 376 135 74 104 2
2 1920 1554 376 136 74 104 2
2 1920 1555 376 136 74 104 2
2 1920 1556 376 137 74 104 2
2 1920 1557 377 138 74 104 2
2 1920 1558 377 139 74 104 2
2 1920 1559 377 140 74 104 2
2 1920 1560 377 141 74 104 2
2 1920 1561 377 141 74 104 2
2 1920 1562 378 142 74 104 2
2 1920 1563 378 143 74 104 2
2 1920 1564 378 144 74 104 2
2 1920 1565 378 145 74 104 2
2 1920 1566 378 146 74 104 2
2 1920 1567 379 147 74 104 2
2 1920 1568 379 148 74 104 2
2 1920 1569 379 149 75 104 2
2 1920 1570 379 150 75 104 2
2 1920 1571 379 151 76 105 2
2 1920 1572 379 153 76 104 2
2 1920 1573 379 154 77 104 2
2 1920 1574 380 155 77 104 2
2 1920 1575 380 156 77 105 2
2 1920 1576 380 157 78 105 2
2 1920 1577 380 159 78 104 2
2 1920 1578 380 160 79 104 2
2 1920 1579 380 161 80 105 2
2 1920 1580 381 162 79 105 2
2 1920 1581 381 163 80 105 2
2 1920 1582 381 164 80 105 2
2 1920 1583 381 166 81 105 2
2 1920 1584 381 167 81 105 2
2 1920 1585 381 168 82 105 2
2 1920 1586 381 169 83 105 2
2 1920 1587 382 170 82 106 2
2 1920 1588 382 172 83 105 2
2 1920 1589 382 173 83 105 2
2 1920 1590 382 174 84 105 2
2 1920 1591 382 175 85 106 2
2 1920 1592 382 176 85 106 2
2 1920 1593 383 178 85 105 2
2 1920 1594 383 179 85 105 2
2 1920 1595 383 180 86 106 2
2 1920 1596 383 181 86 106 2
2 1920 1597 383 182 87 106 2
2 1920 1598 383 184 88 106 2
2 1920 1599 383 185 88 106 2
2 1920 1600 384 186 88 106 2
2 1920 1601 384 187 88 106 2
2 1920 1602 384 188 89 107 2
2 1920 1603 384 190 90 106 2
2 1920 1604 384 191 90 106 2
2 1920 1605 384 192 91 106 2
2 1920 1606 384 193 91 107 2
2 1920 1607 385 194 91 107 2
2 1920 1608 385 196 92 106 2
2 1920 1609 385 197 92 106 2
2 1920 1610 385 198 93 107 2
2 1920 1611 385 199 93 107 2
2 1920 1612 385 200 94 107 2
2 1920 1613 386 202 94 107 2
2 1920 1614 386 203 94 107 2
2 1920 1615 386 204 94 107 2
2 1920 1616 386 205 94 107 2
2 1920 1617 386 206 94 107 2
2 1920 1618 386 207 94 107 2
2 1920 1619 386 208 94 107 2
2 1920 1620 386 209 94 107 2
2 1920 1621 386 210 94 107 2
2 1920 1622 386 211 94 107 2
2 1920 1623 386 212 94 107 2
2 1920 1624 386 213 94 107 2
2 1920 1625 386 214 94 107 2
2 1920 1626 386 215 94 107 2
2 1920 1627 386 216 94 107 2
2 1920 1628 386 217 94 107 2
2 1920 1629 386 218 94 107 2
2 1920 1630 386 219 94 107 2
2 1920 1631 386 220 94 107 2
2 1920 1632 386 221 94 107 2
2 1920 1633 386 222 94 107 2
2 1920 1634 386 223 94 107 2
2 1920 1635 386 224 94 107 2
2 1920 1636 386 225 94 107 2
2 1920 1637 386 226 94 107 2
2 1920 1638 386 227 94 107 2
2 1920 1639 386 228 94 107 2
2 1920 1640 386 229 94 107 2
2 1920 1641 386 230 94 107 2
2 1920 1642 386 231 94 107 2
2 1920 1643 386 232 94 107 2
2 1920 1644 386 233 94 107 2
2 1920 1645 386 234 94 107 2
2 1920 1646 386 235 94 107 2
2 1920 1647 386 236 94 107 2
2 1920 1648 386 237 94 107 2
2 1920 1649 386 238 94 107 2
2 1920 1650 386 239 94 107 2
2 1920 1651 387 240 94 107 2
2 1920 1652 387 241 94 107 2
2 1920 1653 387 242 94 108 2
2 1920 1654 387 244 94 108 2
2 1920 1655 387 245 94 109 2
2 1920 1656 387 246 94 110 2
2 1920 1657 387 248 95 110 2
2 1920 1658 388 249 94 110 2
2 1920 1659 388 250 94 111 2
2 1920 1660 388 252 94 111 2
2 1920 1661 388 253 94 112 2
2 1920 1662 388 254 95 113 2
2 1920 1663 388 256 95 113 2
2 1920 1664 388 257 95 114 2
2 1920 1665 389 259 94 113 2
2 1920 1666 389 260 94 114 2
2 1920 1667 389 261 94 115 2
2 1920 1668 389 263 95 115 2
2 1920 1669 389 264 95 116 2
2 1920 1670 389 265 95 117 2
2 1920 1671 389 267 95 117 2
2 1920 1672 389 268 95 117 2
2 1920 1673 390 269 95 118 2
2 1920 1674 390 271 95 118 2
2 1920 1675 390 272 95 119 2
2 1920 1676 390 273 95 120 2
2 1920 1677 390 275 95 120 2
2 1920 1678 390 276 96 121 2
2 1920 1679 390 277 96 122 2
2 1920 1680 391 279 95 121 2
2 1920 1681 391 280 95 122 2
2 1920 1682 391 281 95 123 2
2 1920 1683 391 283 96 123 2
2 1920 1684 391 284 96 124 2
2 1920 1685 391 286 96 124 2
2 1920 1686 391 287 96 125 2
2 1920 1687 391 288 96 126 2
2 1920 1688 392 290 96 125 2
2 1920 1689 392 291 96 126 2
2 1920 1690 392 292 96 127 2
2 1920 1691 392 294 96 127 2
2 1920 1692 392 295 96 128 2
2 1920 1693 392 296 97 129 2
2 1920 1694 392 298 97 129 2
2 1920 1695 392 299 97 129 2
2 1920 1696 393 300 96 130 2
2 1920 1697 393 302 96 130 2
2 1920 1698 393 303 97 131 2
2 1920 1699 393 304 97 132 2
2 1920 1700 393 306 97 132 2
2 1920 1701 393 307 97 133 2
2 1920 1702 393 308 97 134 2
2 1920 1703 393 310 98 134 2
2 1920 1704 394 311 97 134 2
2 1920 1705 394 312 97 135 2
2 1920 1706 394 314 97 135 2
2 1920 1707 394 315 97 136 2
2 1920 1708 394 316 98 137 2
2 1920 1709 394 318 98 137 2
2 1920 1710 394 319 98 138 2
2 1920 1711 394 320 98 139 2
2 1920 1712 394 322 99 138 2
2 1920 1713 395 323 98 139 2
2 1920 1714 395 324 98 140 2
2 1920 1715 395 326 98 140 2
2 1920 1716 395 327 98 141 2
2 1920 1717 395 328 99 142 2
2 1920 1718 395 330 99 142 2
2 1920 1719 395 331 99 143 2
2 1920 1720 395 332 99 144 2
2 1920 1721 396 334 99 144 2
2 1920 1722 396 335 99 145 2
2 1920 1723 396 337 99 145 2
2 1920 1724 396 339 100 146 2
2 1920 1725 396 340 100 147 2
2 1920 1726 396 342 101 148 2
2 1920 1727 396 344 101 148 2
2 1920 1728 396 346 102 148 2
2 1920 1729 396 348 102 149 2
2 1920 1730 396 350 103 149 2
2 1920 1731 396 351 103 151 2
2 1920 1732 396 353 104 152 2
2 1920 1733 396 355 104 152 2
2 1920 1734 396 357 105 153 2
2 1920 1735 396 359 105 153 2
2 1920 1736 396 361 106 154 2
2 1920 1737 396 363 106 155 2
2 1920 1738 396 365 107 155 2
2 1920 1739 396 367 107 156 2
2 1920 1740 397 369 107 157 2
2 1920 1741 397 371 107 157 2
2 1920 1742 397 373 108 158 2
2 1920 1743 397 375 108 159 2
2 1920 1744 397 377 109 160 2
2 1920 1745 397 379 110 161 2
2 1920 1746 397 381 110 161 2
2 1920 1747 397 383 111 162 2
2 1920 1748 397 386 111 162 2
2 1920 1749 397 388 112 163 2
2 1920 1750 397 390 112 164 2
2 1920 1751 397 392 113 165 2
2 1920 1752 397 394 113 166 2
2 1920 1753 398 397 113 166 2
2 1920 1754 398 399 114 167 2
2 1920 1755 398 401 114 168 2
2 1920 1756 398 403 115 169 2
2 1920 1757 398 406 115 169 2
2 1920 1758 398 408 116 170 2
2 1920 1759 398 410 116 171 2
2 1920 1760 398 413 117 171 2
2 1920 1761 398 415 118 173 2
2 1920 1762 398 418 118 173 2
2 1920 1763 398 420 119 174 2
2 1920 1764 399 423 118 174 2
2 1920 1765 399 425 119 176 2
2 1920 1766 399 428 120 176 2
2 1920 1767 399 430 120 177 2
2 1920 1768 399 433 121 178 2
2 1920 1769 399 436 122 178 2
2 1920 1770 399 438 122 180 2
2 1920 1771 399 441 123 180 2
2 1920 1772 400 444 123 181 2
2 1920 1773 400 446 123 181 2
2 1920 1774 400 449 123 181 2
2 1920 1775 400 452 123 181 2
2 1920 1776 400 454 123 181 2
2 1920 1777 400 457 123 181 2
2 1920 1778 401 460 123 181 2
2 1920 1779 401 462 123 181 2
2 1920 1780 401 465 123 181 2
2 1920 1781 401 468 123 181 2
2 1920 1782 401 470 123 181 2
2 1920 1783 401 473 123 181 2
2 1920 1784 402 476 123 181 2
2 1920 1785 402 478 123 181 2
2 1920 1786 402 481 123 181 2
2 1920 1787 402 484 123 181 2
2 1920 1788 402 486 123 181 2
2 1920 1789 403 489 123 181 2
2 1920 1790 403 492 123 181 2
2 1920 1791 403 494 123 181 2
2 1920 1792 403 497 123 181 2
2 1920 1793 403 500 123 181 2
2 1920 1794 403 502 123 181 2
2 1920 1795 404 505 123 181 2
2 1920 1796 404 508 123 181 2
2 1920 1797 404 510 123 181 2
2 1920 1798 404 513 123 181 2
2 1920 1799 404 516 123 181 2
2 1920 1800 405 518 123 181 2
2 1920 1801 405 521 123 181 2
2 1920 1802 405 524 123 181 2
2 1920 1803 405 526 123 181 2
2 1920 1804 405 529 123 181 2
2 1920 1805 405 532 123 181 2
2 1920 1806 406 534 123 181 2
2 1920 1807 406 537 123 181 2
2 1920 1808 406 540 123 181 2
2 1920 1809 406 542 123 181 2
2 1920 1810 406 545 123 181 2
2 1920 1811 407 548 123 181 2
2 1920 1812 407 551 123 181 2
2 1920 1813 407 554 123 181 2
2 1920 1814 407 557 123 181 2
2 1920 1815 408 560 123 181 2
2 1920 1816 408 563 123 181 2
2 1920 1817 408 567 123 181 2
2 1920 1818 409 570 123 181 2
2 1920 1819 409 573 123 181 2
2 1920 1820 409 576 123 181 2
2 1920 1821 410 579 123 181 2
2 1920 1822 410 583 123 181 2
2 1920 1823 410 586 123 181 2
2 1920 1824 410 589 123 181 2
2 1920 1825 411 592 123 181 2
2 1920 1826 411 595 123 181 2
2 1920 1827 411 598 123 181 2
2 1920 1828 412 602 123 181 2
2 1920 1829 412 605 123 181 2
2 1920 1830 412 608 123 181 2
2 1920 1831 413 611 123 181 2
2 1920 1832 413 614 123 181 2
2 1920 1833 413 618 123 181 2
2 1920 1834 413 621 123 181 2
2 1920 1835 414 624 123 181 2
2 1920 1836 414 627 123 181 2
2 1920 1837 414 630 123 181 2
2 1920 1838 415 633 123 181 2
2 1920 1839 415 637 123 181 2
2 1920 1840 415 640 123 181 2
2 1920 1841 416 643 123 181 2
2 1920 1842 416 646 123 181 2
2 1920 1843 416 649 123 181 2
2 1920 1844 417 653 123 181 2
2 1920 1845 416 656 124 182 2
2 1920 1846 416 659 124 184 2
2 1920 1847 416 662 124 186 2
2 1920 1848 416 665 124 188 2
2 1920 1849 416 668 124 190 2
2 1920 1850 415 672 125 191 2
2 1920 1851 415 675 126 193 2
2 1920 1852 415 678 126 195 2
2 1920 1853 415 681 126 197 2
2 1920 1854 415 684 126 199 2
2 1920 1855 414 687 127 201 2
2 1920 1856 414 691 127 202 2
2 1920 1857 414 694 128 203 2
2 1920 1858 414 697 128 205 2
2 1920 1859 414 700 128 207 2
2 1920 1860 413 703 129 209 2
2 1920 1861 413 706 129 211 2
2 1920 1862 413 709 130 213 2
2 1920 1863 413 713 130 214 2
2 1920 1864 412 716 131 216 2
2 1920 1865 412 719 131 218 2
2 1920 1866 412 722 131 220 2
2 1920 1867 412 725 132 222 2
2 1920 1868 411 728 133 224 2
2 1920 1869 411 731 133 226 2
2 1920 1870 411 734 133 228 2
2 1920 1871 411 737 134 230 2
2 1920 1872 410 740 135 232 2
2 1920 1873 410 743 135 234 2
2 1920 1874 410 746 135 236 2
2 1920 1875 410 750 136 238 2
2 1920 1876 409 754 136 238 2
2 1920 1877 409 759 136 238 2
2 1920 1878 409 764 136 238 2
2 1920 1879 409 768 136 238 2
2 1920 1880 409 773 136 238 2
2 1920 1881 409 778 136 238 2
2 1920 1882 409 782 136 238 2
2 1920 1883 409 787 136 238 2
2 1920 1884 409 792 136 238 2
2 1920 1885 409 797 136 238 2
2 1920 1886 409 801 136 238 2
2 1920 1887 409 806 136 238 2
2 1920 1888 409 811 136 238 2
2 1920 1889 408 815 136 238 2
2 1920 1890 408 820 136 238 2
2 1920 1891 408 825 136 238 2
2 1920 1892 408 829 136 238 2
2 1920 1893 408 834 136 238 2
2 1920 1894 408 839 136 238 2
2 1920 1895 408 844 136 235 2
2 1920 1896 408 848 136 231 2
2 1920 1897 408 853 136 226 2
2 1920 1898 408 858 136 221 2
2 1920 1899 408 862 136 217 2
2 1920 1900 408 867 136 212 2
2 1920 1901 408 872 136 207 2
2 1920 1902 408 877 136 202 2
2 1920 1903 408 882 134 197 2
2 1920 1904 408 887 133 192 2
2 1920 1905 408 893 132 186 2
2 1920 1906 408 898 131 181 2
2 1920 1907 409 903 129 176 2
2 1920 1908 409 908 128 171 2
2 1920 1909 409 913 127 166 2
2 1920 1910 409 919 126 160 2
2 1920 1911 409 924 125 155 2
2 1920 1912 409 929 124 150 2
2 1920 1913 409 934 123 145 2
2 1920 1914 409 938 122 141 2
2 1920 1915 409 943 122 136 2
2 1920 1916 409 948 121 131 2
2 1920 1917 409 953 120 126 2
2 1920 1918 409 958 119 121 2
2 1920 1919 409 962 118 117 2
