0 6 90 656 745 656 529 58 114 59 
0 6 90 656 745 657 529 58 114 59 
0 6 90 656 745 658 529 58 114 59 
0 6 90 656 745 659 529 58 114 59 
0 6 90 656 745 660 529 58 114 59 
0 6 90 656 745 661 529 58 114 59 
0 6 90 656 745 662 529 58 114 59 
0 6 90 656 745 663 529 58 114 59 
0 6 90 656 745 664 529 58 114 59 
0 6 90 656 745 665 529 58 114 59 
0 6 90 656 745 666 529 58 114 59 
0 6 90 656 745 667 529 58 114 59 
0 6 90 656 745 668 529 58 114 59 
0 6 90 656 745 669 529 58 114 59 
0 6 90 656 745 670 529 58 114 59 
0 6 90 656 745 671 529 58 114 59 
0 6 90 656 745 672 529 58 114 59 
0 6 90 656 745 673 529 58 114 59 
0 6 90 656 745 674 529 58 114 59 
0 6 90 656 745 675 529 58 114 59 
0 6 90 656 745 676 529 58 114 59 
0 6 90 656 745 677 529 58 114 59 
0 6 90 656 745 678 529 58 114 59 
0 6 90 656 745 679 529 58 114 59 
0 6 90 656 745 680 529 58 114 59 
0 6 90 656 745 681 529 58 114 59 
0 6 90 656 745 682 529 58 114 59 
0 6 90 656 745 683 529 58 114 59 
0 6 90 656 745 684 529 58 114 59 
0 6 90 656 745 685 529 58 114 59 
0 6 90 656 745 686 529 58 114 59 
0 6 90 656 745 687 529 58 114 59 
0 6 90 656 745 688 529 58 114 59 
0 6 90 656 745 689 529 58 114 59 
0 6 90 656 745 690 529 58 114 59 
0 6 90 656 745 691 529 58 114 59 
0 6 90 656 745 692 529 58 114 59 
0 6 90 656 745 693 529 58 114 59 
0 6 90 656 745 694 529 58 114 59 
0 6 90 656 745 695 529 58 114 59 
0 6 90 656 745 696 529 58 114 59 
0 6 90 656 745 697 529 58 114 59 
0 6 90 656 745 698 529 58 114 59 
0 6 90 656 745 699 529 58 114 59 
0 6 90 656 745 700 529 58 114 59 
0 6 90 656 745 701 529 58 114 59 
0 6 90 656 745 702 529 58 114 59 
0 6 90 656 745 703 529 58 114 59 
0 6 90 656 745 704 529 58 114 59 
0 6 90 656 745 705 529 58 114 59 
0 6 90 656 745 706 529 58 114 59 
0 6 90 656 745 707 529 58 114 59 
0 6 90 656 745 708 529 58 114 59 
0 6 90 656 745 709 529 58 114 59 
0 6 90 656 745 710 529 58 114 59 
0 6 90 656 745 711 529 58 114 59 
0 6 90 656 745 712 529 58 114 59 
0 6 90 656 745 713 529 58 114 59 
0 6 90 656 745 714 529 58 114 59 
0 6 90 656 745 715 529 58 114 59 
0 6 90 656 745 716 529 58 114 59 
0 6 90 656 745 717 529 58 114 59 
0 6 90 656 745 718 529 58 114 59 
0 6 90 656 745 719 529 58 114 59 
0 6 90 656 745 720 529 58 114 59 
0 6 90 656 745 721 529 58 114 59 
0 6 90 656 745 722 529 58 114 59 
0 6 90 656 745 723 529 58 114 59 
0 6 90 656 745 724 529 58 114 59 
0 6 90 656 745 725 529 58 114 59 
0 6 90 656 745 726 529 58 114 59 
0 6 90 656 745 727 529 58 114 59 
0 6 90 656 745 728 529 58 114 59 
0 6 90 656 745 729 529 58 114 59 
0 6 90 656 745 730 529 58 114 59 
0 6 90 656 745 731 529 58 114 59 
0 6 90 656 745 732 529 58 114 59 
0 6 90 656 745 733 529 58 114 59 
0 6 90 656 745 734 529 58 114 59 
0 6 90 656 745 735 529 58 114 59 
0 6 90 656 745 736 529 58 114 59 
0 6 90 656 745 737 529 58 114 59 
0 6 90 656 745 738 529 58 114 59 
0 6 90 656 745 739 529 58 114 59 
0 6 90 656 745 740 529 58 114 59 
0 6 90 656 745 741 529 58 114 59 
0 6 90 656 745 742 529 58 114 59 
0 6 90 656 745 743 529 58 114 59 
0 6 90 656 745 744 529 58 114 59 
0 6 90 656 745 745 529 58 114 59 
1 6 59 1067 1125 1067 454 84 129 70 
1 6 59 1067 1125 1068 454 84 129 70 
1 6 59 1067 1125 1069 454 84 129 70 
1 6 59 1067 1125 1070 454 84 129 70 
1 6 59 1067 1125 1071 454 84 129 70 
1 6 59 1067 1125 1072 454 84 129 70 
1 6 59 1067 1125 1073 454 84 129 70 
1 6 59 1067 1125 1074 454 84 129 70 
1 6 59 1067 1125 1075 454 84 129 70 
1 6 59 1067 1125 1076 454 84 129 70 
1 6 59 1067 1125 1077 454 84 129 70 
1 6 59 1067 1125 1078 454 84 129 70 
1 6 59 1067 1125 1079 454 84 129 70 
1 6 59 1067 1125 1080 454 84 129 70 
1 6 59 1067 1125 1081 454 84 129 70 
1 6 59 1067 1125 1082 454 84 129 70 
1 6 59 1067 1125 1083 454 84 129 70 
1 6 59 1067 1125 1084 454 84 129 70 
1 6 59 1067 1125 1085 454 84 129 70 
1 6 59 1067 1125 1086 454 84 129 70 
1 6 59 1067 1125 1087 454 84 129 70 
1 6 59 1067 1125 1088 454 84 129 70 
1 6 59 1067 1125 1089 454 84 129 70 
1 6 59 1067 1125 1090 454 84 129 70 
1 6 59 1067 1125 1091 454 84 129 70 
1 6 59 1067 1125 1092 454 84 129 70 
1 6 59 1067 1125 1093 454 84 129 70 
1 6 59 1067 1125 1094 454 84 129 70 
1 6 59 1067 1125 1095 454 84 129 70 
1 6 59 1067 1125 1096 454 84 129 70 
1 6 59 1067 1125 1097 454 84 129 70 
1 6 59 1067 1125 1098 454 84 129 70 
1 6 59 1067 1125 1099 454 84 129 70 
1 6 59 1067 1125 1100 454 84 129 70 
1 6 59 1067 1125 1101 454 84 129 70 
1 6 59 1067 1125 1102 454 84 129 70 
1 6 59 1067 1125 1103 454 84 129 70 
1 6 59 1067 1125 1104 454 84 129 70 
1 6 59 1067 1125 1105 454 84 129 70 
1 6 59 1067 1125 1106 454 84 129 70 
1 6 59 1067 1125 1107 454 84 129 70 
1 6 59 1067 1125 1108 454 84 129 70 
1 6 59 1067 1125 1109 454 84 129 70 
1 6 59 1067 1125 1110 454 84 129 70 
1 6 59 1067 1125 1111 454 84 129 70 
1 6 59 1067 1125 1112 454 84 129 70 
1 6 59 1067 1125 1113 454 84 129 70 
1 6 59 1067 1125 1114 454 84 129 70 
1 6 59 1067 1125 1115 454 84 129 70 
1 6 59 1067 1125 1116 454 84 129 70 
1 6 59 1067 1125 1117 454 84 129 70 
1 6 59 1067 1125 1118 454 84 129 70 
1 6 59 1067 1125 1119 454 84 129 70 
1 6 59 1067 1125 1120 454 84 129 70 
1 6 59 1067 1125 1121 454 84 129 70 
1 6 59 1067 1125 1122 454 84 129 70 
1 6 59 1067 1125 1123 454 84 129 70 
1 6 59 1067 1125 1124 454 84 129 70 
1 6 59 1067 1125 1125 454 84 129 70 
2 9 372 858 1229 858 469 53 68 88 
2 9 372 858 1229 859 468 54 68 88 
2 9 372 858 1229 860 467 54 68 90 
2 9 372 858 1229 861 467 53 68 91 
2 9 372 858 1229 862 466 53 68 93 
2 9 372 858 1229 863 465 53 68 94 
2 9 372 858 1229 864 463 53 70 96 
2 9 372 858 1229 865 464 52 68 97 
2 9 372 858 1229 866 463 53 68 97 
2 9 372 858 1229 867 461 53 70 99 
2 9 372 858 1229 868 460 53 70 100 
2 9 372 858 1229 869 461 53 68 102 
2 9 372 858 1229 870 459 52 70 103 
2 9 372 858 1229 871 458 52 70 105 
2 9 372 858 1229 872 457 52 70 106 
2 9 372 858 1229 873 457 53 70 108 
2 9 372 858 1229 874 457 53 70 106 
2 9 372 858 1229 875 457 53 70 106 
2 9 372 858 1229 876 457 53 70 106 
2 9 372 858 1229 877 457 54 70 105 
2 9 372 858 1229 878 457 54 70 105 
2 9 372 858 1229 879 458 54 70 105 
2 9 372 858 1229 880 458 55 70 103 
2 9 372 858 1229 881 458 55 70 103 
2 9 372 858 1229 882 458 55 70 103 
2 9 372 858 1229 883 458 55 70 103 
2 9 372 858 1229 884 458 57 72 102 
2 9 372 858 1229 885 459 57 70 102 
2 9 372 858 1229 886 459 57 70 102 
2 9 372 858 1229 887 459 58 70 100 
2 9 372 858 1229 888 459 58 70 100 
2 9 372 858 1229 889 459 58 72 100 
2 9 372 858 1229 890 459 58 72 100 
2 9 372 858 1229 891 460 59 70 99 
2 9 372 858 1229 892 460 59 70 99 
2 9 372 858 1229 893 460 59 70 99 
2 9 372 858 1229 894 460 60 72 97 
2 9 372 858 1229 895 460 60 72 97 
2 9 372 858 1229 896 460 60 72 97 
2 9 372 858 1229 897 461 62 70 96 
2 9 372 858 1229 898 461 62 70 96 
2 9 372 858 1229 899 461 62 72 96 
2 9 372 858 1229 900 461 62 72 96 
2 9 372 858 1229 901 461 63 72 94 
2 9 372 858 1229 902 461 63 72 94 
2 9 372 858 1229 903 462 63 70 94 
2 9 372 858 1229 904 462 64 72 93 
2 9 372 858 1229 905 462 64 72 93 
2 9 372 858 1229 906 462 64 72 93 
2 9 372 858 1229 907 462 64 72 93 
2 9 372 858 1229 908 462 65 72 91 
2 9 372 858 1229 909 463 65 72 91 
2 9 372 858 1229 910 463 65 72 91 
2 9 372 858 1229 911 463 67 72 90 
2 9 372 858 1229 912 463 67 72 90 
2 9 372 858 1229 913 463 67 72 90 
2 9 372 858 1229 914 464 68 72 88 
2 9 372 858 1229 915 463 68 72 88 
2 9 372 858 1229 916 463 68 72 88 
2 9 372 858 1229 917 463 68 72 88 
2 9 372 858 1229 918 462 68 72 88 
2 9 372 858 1229 919 462 68 72 88 
2 9 372 858 1229 920 462 68 72 88 
2 9 372 858 1229 921 462 68 72 88 
2 9 372 858 1229 922 461 68 72 88 
2 9 372 858 1229 923 461 68 72 88 
2 9 372 858 1229 924 461 68 72 88 
2 9 372 858 1229 925 461 69 72 88 
2 9 372 858 1229 926 460 69 72 88 
2 9 372 858 1229 927 460 69 72 88 
2 9 372 858 1229 928 460 69 72 88 
2 9 372 858 1229 929 460 69 72 88 
2 9 372 858 1229 930 459 69 72 88 
2 9 372 858 1229 931 459 69 72 88 
2 9 372 858 1229 932 459 69 72 88 
2 9 372 858 1229 933 459 69 72 88 
2 9 372 858 1229 934 458 69 72 88 
2 9 372 858 1229 935 458 69 72 88 
2 9 372 858 1229 936 458 70 72 88 
2 9 372 858 1229 937 458 70 72 88 
2 9 372 858 1229 938 457 70 72 88 
2 9 372 858 1229 939 457 70 72 88 
2 9 372 858 1229 940 457 70 72 88 
2 9 372 858 1229 941 457 70 72 88 
2 9 372 858 1229 942 456 70 72 88 
2 9 372 858 1229 943 456 70 72 88 
2 9 372 858 1229 944 456 70 72 88 
2 9 372 858 1229 945 456 70 72 88 
2 9 372 858 1229 946 455 70 72 88 
2 9 372 858 1229 947 455 71 72 88 
2 9 372 858 1229 948 455 71 72 88 
2 9 372 858 1229 949 455 71 72 88 
2 9 372 858 1229 950 454 71 72 88 
2 9 372 858 1229 951 454 71 72 88 
2 9 372 858 1229 952 454 71 72 88 
2 9 372 858 1229 953 454 71 72 88 
2 9 372 858 1229 954 453 71 72 88 
2 9 372 858 1229 955 453 71 72 88 
2 9 372 858 1229 956 453 71 72 88 
2 9 372 858 1229 957 453 71 72 88 
2 9 372 858 1229 958 452 72 72 88 
2 9 372 858 1229 959 452 72 72 88 
2 9 372 858 1229 960 452 72 72 88 
2 9 372 858 1229 961 452 72 72 88 
2 9 372 858 1229 962 451 72 72 88 
2 9 372 858 1229 963 451 72 72 88 
2 9 372 858 1229 964 451 72 72 88 
2 9 372 858 1229 965 451 72 72 88 
2 9 372 858 1229 966 450 72 72 88 
2 9 372 858 1229 967 450 72 72 88 
2 9 372 858 1229 968 450 72 72 88 
2 9 372 858 1229 969 450 73 72 88 
2 9 372 858 1229 970 449 73 72 88 
2 9 372 858 1229 971 448 73 72 88 
2 9 372 858 1229 972 447 73 72 88 
2 9 372 858 1229 973 446 73 72 88 
2 9 372 858 1229 974 445 73 72 90 
2 9 372 858 1229 975 443 73 74 90 
2 9 372 858 1229 976 442 73 74 90 
2 9 372 858 1229 977 441 73 74 90 
2 9 372 858 1229 978 440 74 74 88 
2 9 372 858 1229 979 439 74 74 90 
2 9 372 858 1229 980 438 74 74 90 
2 9 372 858 1229 981 438 74 74 90 
2 9 372 858 1229 982 437 74 74 90 
2 9 372 858 1229 983 436 74 74 90 
2 9 372 858 1229 984 435 73 74 91 
2 9 372 858 1229 985 434 73 74 91 
2 9 372 858 1229 986 433 75 74 90 
2 9 372 858 1229 987 432 75 76 90 
2 9 372 858 1229 988 431 75 76 90 
2 9 372 858 1229 989 430 74 76 91 
2 9 372 858 1229 990 429 74 76 91 
2 9 372 858 1229 991 428 74 76 91 
2 9 372 858 1229 992 428 74 76 91 
2 9 372 858 1229 993 427 74 76 91 
2 9 372 858 1229 994 426 74 76 93 
2 9 372 858 1229 995 425 75 76 91 
2 9 372 858 1229 996 424 75 76 91 
2 9 372 858 1229 997 423 75 76 91 
2 9 372 858 1229 998 421 75 78 91 
2 9 372 858 1229 999 420 75 78 93 
2 9 372 858 1229 1000 419 75 78 93 
2 9 372 858 1229 1001 418 75 78 93 
2 9 372 858 1229 1002 417 75 78 93 
2 9 372 858 1229 1003 417 76 78 93 
2 9 372 858 1229 1004 415 76 78 93 
2 9 372 858 1229 1005 414 76 78 93 
2 9 372 858 1229 1006 413 76 78 93 
2 9 372 858 1229 1007 413 76 76 93 
2 9 372 858 1229 1008 412 76 76 93 
2 9 372 858 1229 1009 411 76 76 93 
2 9 372 858 1229 1010 408 76 78 93 
2 9 372 858 1229 1011 408 76 76 93 
2 9 372 858 1229 1012 407 76 76 93 
2 9 372 858 1229 1013 406 76 76 93 
2 9 372 858 1229 1014 405 76 76 93 
2 9 372 858 1229 1015 404 76 74 93 
2 9 372 858 1229 1016 402 76 76 93 
2 9 372 858 1229 1017 401 76 76 93 
2 9 372 858 1229 1018 400 76 76 93 
2 9 372 858 1229 1019 399 76 74 93 
2 9 372 858 1229 1020 398 76 74 93 
2 9 372 858 1229 1021 397 76 74 93 
2 9 372 858 1229 1022 395 76 76 93 
2 9 372 858 1229 1023 394 76 74 93 
2 9 372 858 1229 1024 393 76 74 93 
2 9 372 858 1229 1025 392 76 74 93 
2 9 372 858 1229 1026 391 76 74 93 
2 9 372 858 1229 1027 391 76 72 93 
2 9 372 858 1229 1028 390 76 72 93 
2 9 372 858 1229 1029 387 76 74 93 
2 9 372 858 1229 1030 387 76 72 93 
2 9 372 858 1229 1031 386 76 72 93 
2 9 372 858 1229 1032 385 76 72 93 
2 9 372 858 1229 1033 384 76 72 93 
2 9 372 858 1229 1034 383 76 70 93 
2 9 372 858 1229 1035 381 76 72 93 
2 9 372 858 1229 1036 380 76 72 93 
2 9 372 858 1229 1037 379 76 72 93 
2 9 372 858 1229 1038 378 76 70 93 
2 9 372 858 1229 1039 377 76 70 93 
2 9 372 858 1229 1040 376 76 70 93 
2 9 372 858 1229 1041 374 76 72 93 
2 9 372 858 1229 1042 373 76 70 93 
2 9 372 858 1229 1043 372 76 70 93 
2 9 372 858 1229 1044 371 76 70 93 
2 9 372 858 1229 1045 370 76 70 93 
2 9 372 858 1229 1046 370 76 68 93 
2 9 372 858 1229 1047 367 76 70 93 
2 9 372 858 1229 1048 366 76 70 93 
2 9 372 858 1229 1049 365 76 70 93 
2 9 372 858 1229 1050 365 76 68 93 
2 9 372 858 1229 1051 364 76 68 93 
2 9 372 858 1229 1052 363 76 68 93 
2 9 372 858 1229 1053 362 77 68 93 
2 9 372 858 1229 1054 360 76 68 93 
2 9 372 858 1229 1055 359 76 68 93 
2 9 372 858 1229 1056 357 76 68 93 
2 9 372 858 1229 1057 356 76 68 93 
2 9 372 858 1229 1058 355 76 68 93 
2 9 372 858 1229 1059 353 76 68 93 
2 9 372 858 1229 1060 352 76 68 93 
2 9 372 858 1229 1061 350 76 68 93 
2 9 372 858 1229 1062 349 75 68 93 
2 9 372 858 1229 1063 348 75 68 93 
2 9 372 858 1229 1064 346 75 68 93 
2 9 372 858 1229 1065 345 75 68 93 
2 9 372 858 1229 1066 343 75 68 93 
2 9 372 858 1229 1067 342 75 68 93 
2 9 372 858 1229 1068 341 75 68 93 
2 9 372 858 1229 1069 339 75 68 93 
2 9 372 858 1229 1070 338 74 68 93 
2 9 372 858 1229 1071 336 74 68 93 
2 9 372 858 1229 1072 335 74 68 93 
2 9 372 858 1229 1073 334 74 68 93 
2 9 372 858 1229 1074 332 74 68 93 
2 9 372 858 1229 1075 331 74 68 93 
2 9 372 858 1229 1076 329 74 68 93 
2 9 372 858 1229 1077 328 74 68 93 
2 9 372 858 1229 1078 327 73 68 93 
2 9 372 858 1229 1079 325 73 68 93 
2 9 372 858 1229 1080 324 73 68 93 
2 9 372 858 1229 1081 322 73 68 93 
2 9 372 858 1229 1082 321 73 68 93 
2 9 372 858 1229 1083 320 73 68 93 
2 9 372 858 1229 1084 318 73 68 93 
2 9 372 858 1229 1085 317 73 68 93 
2 9 372 858 1229 1086 316 73 68 93 
2 9 372 858 1229 1087 315 73 68 93 
2 9 372 858 1229 1088 314 73 68 93 
2 9 372 858 1229 1089 313 73 68 93 
2 9 372 858 1229 1090 313 73 68 93 
2 9 372 858 1229 1091 312 73 68 93 
2 9 372 858 1229 1092 311 73 68 93 
2 9 372 858 1229 1093 310 73 68 93 
2 9 372 858 1229 1094 310 73 68 93 
2 9 372 858 1229 1095 309 73 68 93 
2 9 372 858 1229 1096 308 73 68 93 
2 9 372 858 1229 1097 308 74 68 93 
2 9 372 858 1229 1098 307 74 68 93 
2 9 372 858 1229 1099 306 74 68 93 
2 9 372 858 1229 1100 305 74 68 93 
2 9 372 858 1229 1101 305 74 68 93 
2 9 372 858 1229 1102 304 74 68 93 
2 9 372 858 1229 1103 303 74 68 93 
2 9 372 858 1229 1104 303 74 68 93 
2 9 372 858 1229 1105 302 74 68 93 
2 9 372 858 1229 1106 301 74 68 93 
2 9 372 858 1229 1107 300 74 68 93 
2 9 372 858 1229 1108 300 75 68 93 
2 9 372 858 1229 1109 299 75 68 93 
2 9 372 858 1229 1110 298 75 68 93 
2 9 372 858 1229 1111 298 75 68 93 
2 9 372 858 1229 1112 297 75 68 93 
2 9 372 858 1229 1113 296 75 68 93 
2 9 372 858 1229 1114 295 75 68 93 
2 9 372 858 1229 1115 295 75 68 93 
2 9 372 858 1229 1116 294 75 68 93 
2 9 372 858 1229 1117 293 75 68 93 
2 9 372 858 1229 1118 293 76 68 93 
2 9 372 858 1229 1119 293 76 68 93 
2 9 372 858 1229 1120 293 76 68 93 
2 9 372 858 1229 1121 293 76 68 93 
2 9 372 858 1229 1122 293 76 68 93 
2 9 372 858 1229 1123 293 76 68 93 
2 9 372 858 1229 1124 293 76 68 93 
2 9 372 858 1229 1125 293 76 68 93 
2 9 372 858 1229 1126 293 76 68 93 
2 9 372 858 1229 1127 293 76 68 93 
2 9 372 858 1229 1128 293 76 68 93 
2 9 372 858 1229 1129 293 76 68 93 
2 9 372 858 1229 1130 293 76 68 93 
2 9 372 858 1229 1131 293 76 68 93 
2 9 372 858 1229 1132 293 76 68 93 
2 9 372 858 1229 1133 293 76 68 93 
2 9 372 858 1229 1134 293 76 68 93 
2 9 372 858 1229 1135 293 76 68 93 
2 9 372 858 1229 1136 293 76 68 93 
2 9 372 858 1229 1137 293 76 68 93 
2 9 372 858 1229 1138 293 76 68 93 
2 9 372 858 1229 1139 293 76 68 93 
2 9 372 858 1229 1140 293 76 68 93 
2 9 372 858 1229 1141 293 76 68 93 
2 9 372 858 1229 1142 293 76 68 93 
2 9 372 858 1229 1143 293 76 68 93 
2 9 372 858 1229 1144 293 76 68 93 
2 9 372 858 1229 1145 293 76 68 93 
2 9 372 858 1229 1146 293 76 68 93 
2 9 372 858 1229 1147 293 76 68 93 
2 9 372 858 1229 1148 293 76 68 93 
2 9 372 858 1229 1149 293 76 68 93 
2 9 372 858 1229 1150 293 76 68 93 
2 9 372 858 1229 1151 293 76 68 93 
2 9 372 858 1229 1152 293 76 68 93 
2 9 372 858 1229 1153 293 76 68 93 
2 9 372 858 1229 1154 293 76 68 93 
2 9 372 858 1229 1155 293 76 68 93 
2 9 372 858 1229 1156 293 76 68 93 
2 9 372 858 1229 1157 292 76 68 93 
2 9 372 858 1229 1158 291 76 68 93 
2 9 372 858 1229 1159 290 76 68 93 
2 9 372 858 1229 1160 290 76 68 93 
2 9 372 858 1229 1161 289 76 68 93 
2 9 372 858 1229 1162 288 76 68 93 
2 9 372 858 1229 1163 287 76 68 93 
2 9 372 858 1229 1164 287 76 68 93 
2 9 372 858 1229 1165 286 76 68 93 
2 9 372 858 1229 1166 285 76 68 93 
2 9 372 858 1229 1167 284 76 68 93 
2 9 372 858 1229 1168 284 77 68 93 
2 9 372 858 1229 1169 283 77 68 93 
2 9 372 858 1229 1170 282 77 68 93 
2 9 372 858 1229 1171 281 77 68 93 
2 9 372 858 1229 1172 281 77 68 93 
2 9 372 858 1229 1173 280 77 68 93 
2 9 372 858 1229 1174 279 77 68 93 
2 9 372 858 1229 1175 279 77 68 93 
2 9 372 858 1229 1176 278 77 68 93 
2 9 372 858 1229 1177 277 77 68 93 
2 9 372 858 1229 1178 276 77 68 93 
2 9 372 858 1229 1179 276 78 68 93 
2 9 372 858 1229 1180 275 78 68 93 
2 9 372 858 1229 1181 274 78 68 93 
2 9 372 858 1229 1182 273 78 68 93 
2 9 372 858 1229 1183 273 78 68 93 
2 9 372 858 1229 1184 272 78 68 93 
2 9 372 858 1229 1185 271 78 68 93 
2 9 372 858 1229 1186 270 78 68 93 
2 9 372 858 1229 1187 270 78 68 93 
2 9 372 858 1229 1188 269 78 68 93 
2 9 372 858 1229 1189 268 78 68 93 
2 9 372 858 1229 1190 268 79 68 93 
2 9 372 858 1229 1191 266 78 68 93 
2 9 372 858 1229 1192 265 78 68 93 
2 9 372 858 1229 1193 264 78 68 93 
2 9 372 858 1229 1194 263 78 68 93 
2 9 372 858 1229 1195 262 78 68 93 
2 9 372 858 1229 1196 261 78 68 93 
2 9 372 858 1229 1197 260 77 68 93 
2 9 372 858 1229 1198 259 77 68 93 
2 9 372 858 1229 1199 258 77 68 93 
2 9 372 858 1229 1200 257 77 68 93 
2 9 372 858 1229 1201 256 77 68 93 
2 9 372 858 1229 1202 255 77 68 93 
2 9 372 858 1229 1203 254 76 68 93 
2 9 372 858 1229 1204 253 76 68 93 
2 9 372 858 1229 1205 252 76 68 93 
2 9 372 858 1229 1206 251 76 68 93 
2 9 372 858 1229 1207 250 76 68 93 
2 9 372 858 1229 1208 249 76 68 93 
2 9 372 858 1229 1209 248 75 68 93 
2 9 372 858 1229 1210 247 75 68 93 
2 9 372 858 1229 1211 246 75 68 93 
2 9 372 858 1229 1212 245 75 68 93 
2 9 372 858 1229 1213 244 75 68 93 
2 9 372 858 1229 1214 243 75 68 93 
2 9 372 858 1229 1215 242 74 68 93 
2 9 372 858 1229 1216 241 74 68 93 
2 9 372 858 1229 1217 240 74 68 93 
2 9 372 858 1229 1218 239 74 68 93 
2 9 372 858 1229 1219 238 74 68 93 
2 9 372 858 1229 1220 237 74 68 93 
2 9 372 858 1229 1221 236 73 68 93 
2 9 372 858 1229 1222 235 73 68 93 
2 9 372 858 1229 1223 234 73 68 93 
2 9 372 858 1229 1224 233 73 68 93 
2 9 372 858 1229 1225 232 73 68 93 
2 9 372 858 1229 1226 231 73 68 93 
2 9 372 858 1229 1227 230 73 68 93 
2 9 372 858 1229 1228 227 73 66 90 
2 9 372 858 1229 1229 224 73 66 87 
3 9 151 1142 1292 1142 452 83 74 85 
3 9 151 1142 1292 1143 451 83 74 85 
3 9 151 1142 1292 1144 450 83 74 87 
3 9 151 1142 1292 1145 449 83 74 88 
3 9 151 1142 1292 1146 448 83 74 90 
3 9 151 1142 1292 1147 447 83 74 90 
3 9 151 1142 1292 1148 446 82 74 91 
3 9 151 1142 1292 1149 445 82 74 93 
3 9 151 1142 1292 1150 444 82 74 93 
3 9 151 1142 1292 1151 443 82 74 94 
3 9 151 1142 1292 1152 442 82 74 96 
3 9 151 1142 1292 1153 441 83 74 96 
3 9 151 1142 1292 1154 439 83 74 96 
3 9 151 1142 1292 1155 437 83 74 96 
3 9 151 1142 1292 1156 436 83 74 96 
3 9 151 1142 1292 1157 434 83 74 96 
3 9 151 1142 1292 1158 433 83 74 96 
3 9 151 1142 1292 1159 431 83 74 96 
3 9 151 1142 1292 1160 429 83 76 96 
3 9 151 1142 1292 1161 428 83 74 96 
3 9 151 1142 1292 1162 426 83 74 96 
3 9 151 1142 1292 1163 425 83 74 96 
3 9 151 1142 1292 1164 423 83 74 96 
3 9 151 1142 1292 1165 421 83 76 96 
3 9 151 1142 1292 1166 420 83 74 96 
3 9 151 1142 1292 1167 418 83 76 96 
3 9 151 1142 1292 1168 417 83 74 96 
3 9 151 1142 1292 1169 415 84 74 94 
3 9 151 1142 1292 1170 414 84 74 94 
3 9 151 1142 1292 1171 412 84 74 94 
3 9 151 1142 1292 1172 410 84 76 94 
3 9 151 1142 1292 1173 409 84 74 94 
3 9 151 1142 1292 1174 407 84 76 94 
3 9 151 1142 1292 1175 406 84 74 94 
3 9 151 1142 1292 1176 404 84 74 94 
3 9 151 1142 1292 1177 402 84 76 96 
3 9 151 1142 1292 1178 401 84 74 96 
3 9 151 1142 1292 1179 399 84 76 96 
3 9 151 1142 1292 1180 398 84 74 96 
3 9 151 1142 1292 1181 396 84 76 96 
3 9 151 1142 1292 1182 394 84 76 96 
3 9 151 1142 1292 1183 393 84 76 96 
3 9 151 1142 1292 1184 391 85 76 94 
3 9 151 1142 1292 1185 390 85 74 94 
3 9 151 1142 1292 1186 388 85 76 94 
3 9 151 1142 1292 1187 387 85 74 94 
3 9 151 1142 1292 1188 385 85 76 94 
3 9 151 1142 1292 1189 383 85 76 94 
3 9 151 1142 1292 1190 382 85 76 94 
3 9 151 1142 1292 1191 380 85 76 94 
3 9 151 1142 1292 1192 379 85 74 94 
3 9 151 1142 1292 1193 377 85 76 94 
3 9 151 1142 1292 1194 375 85 76 94 
3 9 151 1142 1292 1195 374 85 76 94 
3 9 151 1142 1292 1196 372 85 76 94 
3 9 151 1142 1292 1197 371 85 76 94 
3 9 151 1142 1292 1198 369 85 76 94 
3 9 151 1142 1292 1199 368 86 76 94 
3 9 151 1142 1292 1200 366 86 76 94 
3 9 151 1142 1292 1201 365 86 76 94 
3 9 151 1142 1292 1202 363 86 76 94 
3 9 151 1142 1292 1203 362 86 76 94 
3 9 151 1142 1292 1204 360 86 76 94 
3 9 151 1142 1292 1205 359 86 76 94 
3 9 151 1142 1292 1206 357 86 76 94 
3 9 151 1142 1292 1207 356 86 76 94 
3 9 151 1142 1292 1208 354 86 76 94 
3 9 151 1142 1292 1209 353 86 76 94 
3 9 151 1142 1292 1210 351 86 76 94 
3 9 151 1142 1292 1211 350 86 76 94 
3 9 151 1142 1292 1212 348 86 76 94 
3 9 151 1142 1292 1213 347 86 76 94 
3 9 151 1142 1292 1214 345 86 76 94 
3 9 151 1142 1292 1215 344 86 76 94 
3 9 151 1142 1292 1216 342 86 76 94 
3 9 151 1142 1292 1217 341 86 76 94 
3 9 151 1142 1292 1218 339 86 76 94 
3 9 151 1142 1292 1219 338 86 76 94 
3 9 151 1142 1292 1220 336 86 76 94 
3 9 151 1142 1292 1221 335 86 76 94 
3 9 151 1142 1292 1222 333 86 76 94 
3 9 151 1142 1292 1223 332 86 76 94 
3 9 151 1142 1292 1224 330 86 76 94 
3 9 151 1142 1292 1225 329 86 76 94 
3 9 151 1142 1292 1226 327 86 76 94 
3 9 151 1142 1292 1227 326 86 76 94 
3 9 151 1142 1292 1228 324 86 76 94 
3 9 151 1142 1292 1229 323 86 76 94 
3 9 151 1142 1292 1230 321 86 76 94 
3 9 151 1142 1292 1231 320 86 76 94 
3 9 151 1142 1292 1232 318 86 76 94 
3 9 151 1142 1292 1233 317 87 76 94 
3 9 151 1142 1292 1234 315 86 76 94 
3 9 151 1142 1292 1235 313 86 76 94 
3 9 151 1142 1292 1236 311 86 76 94 
3 9 151 1142 1292 1237 310 86 76 94 
3 9 151 1142 1292 1238 308 86 76 94 
3 9 151 1142 1292 1239 306 86 76 94 
3 9 151 1142 1292 1240 304 86 76 94 
3 9 151 1142 1292 1241 303 86 76 94 
3 9 151 1142 1292 1242 301 86 76 94 
3 9 151 1142 1292 1243 299 86 76 94 
3 9 151 1142 1292 1244 297 86 76 94 
3 9 151 1142 1292 1245 296 86 76 94 
3 9 151 1142 1292 1246 294 85 76 94 
3 9 151 1142 1292 1247 292 85 76 94 
3 9 151 1142 1292 1248 290 85 76 94 
3 9 151 1142 1292 1249 289 85 76 94 
3 9 151 1142 1292 1250 287 85 76 94 
3 9 151 1142 1292 1251 285 85 76 94 
3 9 151 1142 1292 1252 283 85 76 94 
3 9 151 1142 1292 1253 282 85 76 94 
3 9 151 1142 1292 1254 280 85 76 94 
3 9 151 1142 1292 1255 278 85 76 94 
3 9 151 1142 1292 1256 276 85 76 94 
3 9 151 1142 1292 1257 275 85 76 94 
3 9 151 1142 1292 1258 273 85 76 94 
3 9 151 1142 1292 1259 272 85 76 94 
3 9 151 1142 1292 1260 270 85 76 94 
3 9 151 1142 1292 1261 269 85 76 94 
3 9 151 1142 1292 1262 267 85 76 94 
3 9 151 1142 1292 1263 266 85 76 94 
3 9 151 1142 1292 1264 264 85 76 94 
3 9 151 1142 1292 1265 263 86 76 94 
3 9 151 1142 1292 1266 261 86 76 94 
3 9 151 1142 1292 1267 260 86 76 94 
3 9 151 1142 1292 1268 258 86 76 94 
3 9 151 1142 1292 1269 257 86 76 94 
3 9 151 1142 1292 1270 255 86 76 94 
3 9 151 1142 1292 1271 254 86 76 94 
3 9 151 1142 1292 1272 252 86 76 94 
3 9 151 1142 1292 1273 251 87 76 94 
3 9 151 1142 1292 1274 249 87 76 94 
3 9 151 1142 1292 1275 248 87 76 94 
3 9 151 1142 1292 1276 246 87 76 94 
3 9 151 1142 1292 1277 245 87 76 94 
3 9 151 1142 1292 1278 243 87 76 94 
3 9 151 1142 1292 1279 242 87 76 94 
3 9 151 1142 1292 1280 241 88 76 94 
3 9 151 1142 1292 1281 239 87 76 93 
3 9 151 1142 1292 1282 237 88 76 90 
3 9 151 1142 1292 1283 235 87 76 90 
3 9 151 1142 1292 1284 232 87 78 87 
3 9 151 1142 1292 1285 232 86 76 87 
3 9 151 1142 1292 1286 230 87 76 84 
3 9 151 1142 1292 1287 227 86 78 84 
3 9 151 1142 1292 1288 225 86 78 81 
3 9 151 1142 1292 1289 223 85 78 81 
3 9 151 1142 1292 1290 222 86 78 78 
3 9 151 1142 1292 1291 220 85 78 78 
3 9 151 1142 1292 1292 218 85 78 75 
4 9 42 2227 2268 2227 0 818 134 184 
4 9 42 2227 2268 2228 0 817 136 184 
4 9 42 2227 2268 2229 0 817 139 184 
4 9 42 2227 2268 2230 0 817 142 184 
4 9 42 2227 2268 2231 0 817 145 184 
4 9 42 2227 2268 2232 2 817 146 184 
4 9 42 2227 2268 2233 5 817 146 184 
4 9 42 2227 2268 2234 8 816 146 184 
4 9 42 2227 2268 2235 11 816 146 184 
4 9 42 2227 2268 2236 13 816 148 184 
4 9 42 2227 2268 2237 16 816 148 184 
4 9 42 2227 2268 2238 19 816 146 184 
4 9 42 2227 2268 2239 22 816 146 184 
4 9 42 2227 2268 2240 25 816 146 184 
4 9 42 2227 2268 2241 28 815 146 184 
4 9 42 2227 2268 2242 31 815 146 184 
4 9 42 2227 2268 2243 34 815 146 184 
4 9 42 2227 2268 2244 36 815 148 184 
4 9 42 2227 2268 2245 39 815 148 184 
4 9 42 2227 2268 2246 42 815 148 184 
4 9 42 2227 2268 2247 45 815 148 184 
4 9 42 2227 2268 2248 48 814 146 184 
4 9 42 2227 2268 2249 51 814 146 184 
4 9 42 2227 2268 2250 54 814 146 184 
4 9 42 2227 2268 2251 57 814 146 184 
4 9 42 2227 2268 2252 59 814 148 184 
4 9 42 2227 2268 2253 62 814 148 184 
4 9 42 2227 2268 2254 65 814 148 184 
4 9 42 2227 2268 2255 68 813 148 184 
4 9 42 2227 2268 2256 71 813 148 184 
4 9 42 2227 2268 2257 74 813 148 184 
4 9 42 2227 2268 2258 77 813 146 184 
4 9 42 2227 2268 2259 80 813 146 184 
4 9 42 2227 2268 2260 82 813 148 184 
4 9 42 2227 2268 2261 85 813 148 184 
4 9 42 2227 2268 2262 88 812 148 184 
4 9 42 2227 2268 2263 91 812 148 184 
4 9 42 2227 2268 2264 94 812 148 184 
4 9 42 2227 2268 2265 97 812 148 184 
4 9 42 2227 2268 2266 100 812 148 184 
4 9 42 2227 2268 2267 103 812 148 184 
4 9 42 2227 2268 2268 105 811 148 184 
