0 9 183 61 243 61 1116 531 82 93 
0 9 183 61 243 62 1116 531 80 93 
0 9 183 61 243 63 1113 531 82 93 
0 9 183 61 243 64 1113 531 82 93 
0 9 183 61 243 65 1111 534 82 90 
0 9 183 61 243 66 1111 533 82 93 
0 9 183 61 243 67 1109 533 82 93 
0 9 183 61 243 68 1107 533 82 93 
0 9 183 61 243 69 1107 536 82 90 
0 9 183 61 243 70 1106 536 82 90 
0 9 183 61 243 71 1106 535 82 93 
0 9 183 61 243 72 1104 535 82 93 
0 9 183 61 243 73 1102 536 82 91 
0 9 183 61 243 74 1102 536 82 91 
0 9 183 61 243 75 1100 536 82 91 
0 9 183 61 243 76 1100 538 82 91 
0 9 183 61 243 77 1100 538 80 93 
0 9 183 61 243 78 1100 538 80 96 
0 9 183 61 243 79 1097 540 82 96 
0 9 183 61 243 80 1097 539 82 99 
0 9 183 61 243 81 1095 541 82 100 
0 9 183 61 243 82 1095 540 82 103 
0 9 183 61 243 83 1093 540 82 106 
0 9 183 61 243 84 1093 542 82 106 
0 9 183 61 243 85 1091 542 82 108 
0 9 183 61 243 86 1091 542 82 112 
0 9 183 61 243 87 1090 542 82 112 
0 9 183 61 243 88 1090 541 82 115 
0 9 183 61 243 89 1088 544 82 112 
0 9 183 61 243 90 1088 543 82 115 
0 9 183 61 243 91 1086 546 82 112 
0 9 183 61 243 92 1086 546 82 114 
0 9 183 61 243 93 1084 546 82 114 
0 9 183 61 243 94 1084 548 82 114 
0 9 183 61 243 95 1084 548 80 114 
0 9 183 61 243 96 1084 548 80 115 
0 9 183 61 243 97 1081 548 82 115 
0 9 183 61 243 98 1081 548 82 118 
0 9 183 61 243 99 1079 550 82 115 
0 9 183 61 243 100 1079 550 82 117 
0 9 183 61 243 101 1077 553 82 114 
0 9 183 61 243 102 1077 552 82 117 
0 9 183 61 243 103 1075 552 82 117 
0 9 183 61 243 104 1075 554 82 117 
0 9 183 61 243 105 1074 554 82 117 
0 9 183 61 243 106 1074 556 82 117 
0 9 183 61 243 107 1072 556 82 117 
0 9 183 61 243 108 1072 557 82 118 
0 9 183 61 243 109 1070 557 82 118 
0 9 183 61 243 110 1070 559 82 117 
0 9 183 61 243 111 1068 559 82 117 
0 9 183 61 243 112 1068 561 82 117 
0 9 183 61 243 113 1068 561 80 117 
0 9 183 61 243 114 1068 563 80 117 
0 9 183 61 243 115 1065 563 82 117 
0 9 183 61 243 116 1065 564 82 118 
0 9 183 61 243 117 1063 564 82 118 
0 9 183 61 243 118 1063 564 82 120 
0 9 183 61 243 119 1061 566 82 117 
0 9 183 61 243 120 1061 566 82 120 
0 9 183 61 243 121 1059 568 82 117 
0 9 183 61 243 122 1059 568 82 120 
0 9 183 61 243 123 1058 570 82 117 
0 9 183 61 243 124 1058 570 82 120 
0 9 183 61 243 125 1058 572 82 117 
0 9 183 61 243 126 1056 572 82 120 
0 9 183 61 243 127 1056 573 82 118 
0 9 183 61 243 128 1054 573 82 120 
0 9 183 61 243 129 1054 575 82 117 
0 9 183 61 243 130 1052 575 82 120 
0 9 183 61 243 131 1052 577 82 117 
0 9 183 61 243 132 1052 577 82 120 
0 9 183 61 243 133 1052 577 80 120 
0 9 183 61 243 134 1052 579 80 120 
0 9 183 61 243 135 1049 579 82 120 
0 9 183 61 243 136 1049 580 82 120 
0 9 183 61 243 137 1047 580 82 120 
0 9 183 61 243 138 1047 582 82 120 
0 9 183 61 243 139 1047 582 82 120 
0 9 183 61 243 140 1045 584 82 120 
0 9 183 61 243 141 1045 584 82 120 
0 9 183 61 243 142 1043 586 82 120 
0 9 183 61 243 143 1043 586 82 120 
0 9 183 61 243 144 1042 588 82 120 
0 9 183 61 243 145 1042 588 82 120 
0 9 183 61 243 146 1042 589 82 120 
0 9 183 61 243 147 1040 588 82 123 
0 9 183 61 243 148 1040 588 82 123 
0 9 183 61 243 149 1038 590 82 123 
0 9 183 61 243 150 1038 590 82 123 
0 9 183 61 243 151 1036 592 82 123 
0 9 183 61 243 152 1036 592 82 123 
0 9 183 61 243 153 1036 594 80 121 
0 9 183 61 243 154 1036 594 80 121 
0 9 183 61 243 155 1036 595 80 123 
0 9 183 61 243 156 1033 595 82 123 
0 9 183 61 243 157 1033 597 82 121 
0 9 183 61 243 158 1031 597 82 121 
0 9 183 61 243 159 1031 599 82 119 
0 9 183 61 243 160 1029 599 82 119 
0 9 183 61 243 161 1029 601 82 117 
0 9 183 61 243 162 1029 601 82 117 
0 9 183 61 243 163 1027 601 82 117 
0 9 183 61 243 164 1027 603 82 115 
0 9 183 61 243 165 1026 603 82 115 
0 9 183 61 243 166 1026 604 82 114 
0 9 183 61 243 167 1024 604 82 115 
0 9 183 61 243 168 1024 606 82 112 
0 9 183 61 243 169 1024 606 82 113 
0 9 183 61 243 170 1022 608 82 110 
0 9 183 61 243 171 1022 608 82 110 
0 9 183 61 243 172 1020 610 82 108 
0 9 183 61 243 173 1020 610 82 108 
0 9 183 61 243 174 1020 611 80 107 
0 9 183 61 243 175 1020 611 80 108 
0 9 183 61 243 176 1020 613 80 106 
0 9 183 61 243 177 1017 613 82 106 
0 9 183 61 243 178 1015 613 82 106 
0 9 183 61 243 179 1015 615 82 103 
0 9 183 61 243 180 1013 615 82 103 
0 9 183 61 243 181 1013 618 82 101 
0 9 183 61 243 182 1011 618 82 101 
0 9 183 61 243 183 1010 618 82 101 
0 9 183 61 243 184 1010 620 82 98 
0 9 183 61 243 185 1008 620 82 98 
0 9 183 61 243 186 1008 621 82 97 
0 9 183 61 243 187 1006 621 82 97 
0 9 183 61 243 188 1006 624 82 94 
0 9 183 61 243 189 1004 624 82 94 
0 9 183 61 243 190 1004 626 82 92 
0 9 183 61 243 191 1004 626 82 92 
0 9 183 61 243 192 1004 629 80 89 
0 9 183 61 243 193 1004 629 80 89 
0 9 183 61 243 194 1004 630 80 88 
0 9 183 61 243 195 1001 630 82 88 
0 9 183 61 243 196 1001 633 82 86 
0 9 183 61 243 197 999 633 82 86 
0 9 183 61 243 198 999 635 82 83 
0 9 183 61 243 199 999 635 82 83 
0 9 183 61 243 200 997 638 82 81 
0 9 183 61 243 201 997 638 82 81 
0 9 183 61 243 202 997 640 82 78 
0 9 183 61 243 203 995 640 82 78 
0 9 183 61 243 204 995 641 82 77 
0 9 183 61 243 205 995 641 82 77 
0 9 183 61 243 206 994 644 82 74 
0 9 183 61 243 207 994 644 82 74 
0 9 183 61 243 208 992 646 82 72 
0 9 183 61 243 209 992 646 82 72 
0 9 183 61 243 210 992 649 82 69 
0 9 183 61 243 211 990 649 82 69 
0 9 183 61 243 212 990 650 82 68 
0 9 183 61 243 213 990 650 82 68 
0 9 183 61 243 214 988 653 82 66 
0 9 183 61 243 215 988 653 82 66 
0 9 183 61 243 216 988 655 82 63 
0 9 183 61 243 217 988 655 80 63 
0 9 183 61 243 218 988 658 80 61 
0 9 183 61 243 219 988 660 80 58 
0 9 183 61 243 220 985 661 82 57 
0 9 183 61 243 221 985 664 82 54 
0 9 183 61 243 222 985 666 82 52 
0 9 183 61 243 223 983 666 82 52 
0 9 183 61 243 224 983 669 82 49 
0 9 183 61 243 225 983 670 82 48 
0 9 183 61 243 226 983 673 82 46 
0 9 183 61 243 227 981 675 82 43 
0 9 183 61 243 228 981 678 82 41 
0 9 183 61 243 229 981 680 82 38 
0 9 183 61 243 230 979 680 82 38 
0 9 183 61 243 231 979 681 82 37 
0 9 183 61 243 232 979 684 82 34 
0 9 183 61 243 233 978 686 82 32 
0 9 183 61 243 234 978 689 82 29 
0 9 183 61 243 235 978 690 82 28 
0 9 183 61 243 236 978 693 82 26 
0 9 183 61 243 237 977 693 78 26 
0 9 183 61 243 238 978 693 74 26 
0 9 183 61 243 239 979 695 70 23 
0 9 183 61 243 240 980 695 68 23 
0 9 183 61 243 241 981 698 64 21 
0 9 183 61 243 242 979 698 64 21 
0 9 183 61 243 243 980 698 60 21 
