21 9 608 0 607 0 84 427 86 103 
21 9 608 0 607 1 84 427 86 103 
21 9 608 0 607 2 84 427 86 103 
21 9 608 0 607 3 84 427 86 103 
21 9 608 0 607 4 87 427 86 103 
21 9 608 0 607 5 87 427 86 103 
21 9 608 0 607 6 87 427 86 103 
21 9 608 0 607 7 91 427 84 103 
21 9 608 0 607 8 91 427 84 103 
21 9 608 0 607 9 91 427 84 103 
21 9 608 0 607 10 91 427 84 103 
21 9 608 0 607 11 92 430 86 103 
21 9 608 0 607 12 92 430 86 103 
21 9 608 0 607 13 92 430 86 103 
21 9 608 0 607 14 95 430 86 103 
21 9 608 0 607 15 95 430 86 103 
21 9 608 0 607 16 95 430 86 103 
21 9 608 0 607 17 99 430 84 103 
21 9 608 0 607 18 99 430 84 103 
21 9 608 0 607 19 99 430 84 103 
21 9 608 0 607 20 99 430 84 103 
21 9 608 0 607 21 100 432 86 105 
21 9 608 0 607 22 100 432 86 105 
21 9 608 0 607 23 100 432 86 105 
21 9 608 0 607 24 103 432 86 105 
21 9 608 0 607 25 103 432 86 105 
21 9 608 0 607 26 103 432 86 105 
21 9 608 0 607 27 107 432 84 105 
21 9 608 0 607 28 107 432 84 105 
21 9 608 0 607 29 107 432 84 105 
21 9 608 0 607 30 107 432 84 105 
21 9 608 0 607 31 108 432 86 105 
21 9 608 0 607 32 108 435 86 103 
21 9 608 0 607 33 108 435 86 103 
21 9 608 0 607 34 111 435 86 103 
21 9 608 0 607 35 111 435 86 103 
21 9 608 0 607 36 111 435 86 103 
21 9 608 0 607 37 115 435 84 103 
21 9 608 0 607 38 115 435 84 103 
21 9 608 0 607 39 115 435 84 103 
21 9 608 0 607 40 115 435 84 103 
21 9 608 0 607 41 116 435 86 103 
21 9 608 0 607 42 116 438 86 103 
21 9 608 0 607 43 116 438 86 103 
21 9 608 0 607 44 119 438 86 103 
21 9 608 0 607 45 119 438 86 103 
21 9 608 0 607 46 119 438 86 103 
21 9 608 0 607 47 123 438 84 103 
21 9 608 0 607 48 123 438 84 103 
21 9 608 0 607 49 123 438 84 103 
21 9 608 0 607 50 123 438 84 103 
21 9 608 0 607 51 124 438 86 103 
21 9 608 0 607 52 124 440 86 105 
21 9 608 0 607 53 124 440 86 105 
21 9 608 0 607 54 127 440 86 105 
21 9 608 0 607 55 127 440 86 105 
21 9 608 0 607 56 127 440 86 105 
21 9 608 0 607 57 131 440 84 105 
21 9 608 0 607 58 131 440 84 105 
21 9 608 0 607 59 131 440 84 105 
21 9 608 0 607 60 131 440 84 105 
21 9 608 0 607 61 132 440 86 105 
21 9 608 0 607 62 132 440 86 105 
21 9 608 0 607 63 132 443 86 103 
21 9 608 0 607 64 135 443 86 103 
21 9 608 0 607 65 135 443 86 103 
21 9 608 0 607 66 135 443 86 103 
21 9 608 0 607 67 135 443 86 103 
21 9 608 0 607 68 139 443 84 103 
21 9 608 0 607 69 139 443 84 103 
21 9 608 0 607 70 139 443 84 103 
21 9 608 0 607 71 140 443 86 103 
21 9 608 0 607 72 140 443 86 103 
21 9 608 0 607 73 140 446 86 103 
21 9 608 0 607 74 143 446 86 103 
21 9 608 0 607 75 143 446 86 103 
21 9 608 0 607 76 143 446 86 103 
21 9 608 0 607 77 143 446 86 103 
21 9 608 0 607 78 147 446 84 103 
21 9 608 0 607 79 147 446 84 103 
21 9 608 0 607 80 147 446 84 103 
21 9 608 0 607 81 148 446 86 103 
21 9 608 0 607 82 148 446 86 103 
21 9 608 0 607 83 148 448 86 105 
21 9 608 0 607 84 151 448 86 105 
21 9 608 0 607 85 151 448 86 105 
21 9 608 0 607 86 151 448 86 105 
21 9 608 0 607 87 151 448 86 105 
21 9 608 0 607 88 155 448 84 105 
21 9 608 0 607 89 155 448 84 105 
21 9 608 0 607 90 155 448 84 105 
21 9 608 0 607 91 156 448 86 105 
21 9 608 0 607 92 156 448 86 105 
21 9 608 0 607 93 156 448 86 105 
21 9 608 0 607 94 159 451 86 103 
21 9 608 0 607 95 159 451 86 103 
21 9 608 0 607 96 159 451 86 103 
21 9 608 0 607 97 159 451 86 103 
21 9 608 0 607 98 163 451 84 103 
21 9 608 0 607 99 163 451 84 103 
21 9 608 0 607 100 163 451 84 103 
21 9 608 0 607 101 164 451 86 103 
21 9 608 0 607 102 164 451 86 103 
21 9 608 0 607 103 164 451 86 103 
21 9 608 0 607 104 167 454 86 103 
21 9 608 0 607 105 167 454 86 103 
21 9 608 0 607 106 167 454 86 103 
21 9 608 0 607 107 167 454 86 103 
21 9 608 0 607 108 171 454 84 103 
21 9 608 0 607 109 171 454 84 103 
21 9 608 0 607 110 171 454 84 103 
21 9 608 0 607 111 172 454 86 103 
21 9 608 0 607 112 172 454 86 103 
21 9 608 0 607 113 172 454 86 103 
21 9 608 0 607 114 175 456 86 105 
21 9 608 0 607 115 175 456 86 105 
21 9 608 0 607 116 175 456 86 105 
21 9 608 0 607 117 175 456 86 105 
21 9 608 0 607 118 179 456 84 105 
21 9 608 0 607 119 179 456 84 105 
21 9 608 0 607 120 179 456 84 105 
21 9 608 0 607 121 180 456 86 105 
21 9 608 0 607 122 180 456 86 105 
21 9 608 0 607 123 180 459 86 103 
21 9 608 0 607 124 180 459 86 103 
21 9 608 0 607 125 183 459 86 103 
21 9 608 0 607 126 183 459 86 103 
21 9 608 0 607 127 183 459 86 103 
21 9 608 0 607 128 187 459 84 103 
21 9 608 0 607 129 187 459 84 103 
21 9 608 0 607 130 187 459 84 103 
21 9 608 0 607 131 187 462 84 103 
21 9 608 0 607 132 188 462 86 103 
21 9 608 0 607 133 188 462 86 103 
21 9 608 0 607 134 188 462 86 103 
21 9 608 0 607 135 191 462 86 103 
21 9 608 0 607 136 191 462 86 103 
21 9 608 0 607 137 191 462 86 103 
21 9 608 0 607 138 191 462 86 103 
21 9 608 0 607 139 195 464 84 105 
21 9 608 0 607 140 195 464 84 105 
21 9 608 0 607 141 195 464 84 105 
21 9 608 0 607 142 196 464 86 105 
21 9 608 0 607 143 196 464 86 105 
21 9 608 0 607 144 196 464 86 105 
21 9 608 0 607 145 196 464 86 105 
21 9 608 0 607 146 199 464 86 105 
21 9 608 0 607 147 199 467 86 103 
21 9 608 0 607 148 199 467 86 103 
21 9 608 0 607 149 203 467 84 103 
21 9 608 0 607 150 203 467 84 103 
21 9 608 0 607 151 203 467 84 103 
21 9 608 0 607 152 204 467 86 103 
21 9 608 0 607 153 204 467 86 103 
21 9 608 0 607 154 204 467 86 103 
21 9 608 0 607 155 204 470 86 103 
21 9 608 0 607 156 207 470 86 103 
21 9 608 0 607 157 207 470 86 103 
21 9 608 0 607 158 207 470 86 103 
21 9 608 0 607 159 211 470 84 103 
21 9 608 0 607 160 211 470 84 103 
21 9 608 0 607 161 211 470 84 103 
21 9 608 0 607 162 211 470 84 103 
21 9 608 0 607 163 212 472 86 105 
21 9 608 0 607 164 212 472 86 105 
21 9 608 0 607 165 212 472 86 105 
21 9 608 0 607 166 215 472 86 105 
21 9 608 0 607 167 215 472 86 105 
21 9 608 0 607 168 215 472 86 105 
21 9 608 0 607 169 215 472 86 105 
21 9 608 0 607 170 219 472 84 105 
21 9 608 0 607 171 219 475 84 103 
21 9 608 0 607 172 219 475 84 103 
21 9 608 0 607 173 220 475 86 103 
21 9 608 0 607 174 220 475 86 103 
21 9 608 0 607 175 220 475 86 103 
21 9 608 0 607 176 220 475 86 103 
21 9 608 0 607 177 223 475 86 103 
21 9 608 0 607 178 223 475 86 103 
21 9 608 0 607 179 223 478 86 103 
21 9 608 0 607 180 227 478 84 103 
21 9 608 0 607 181 227 478 84 103 
21 9 608 0 607 182 227 478 84 103 
21 9 608 0 607 183 227 478 84 103 
21 9 608 0 607 184 228 478 86 103 
21 9 608 0 607 185 228 478 86 103 
21 9 608 0 607 186 228 478 86 103 
21 9 608 0 607 187 231 480 86 105 
21 9 608 0 607 188 231 480 86 105 
21 9 608 0 607 189 231 480 86 105 
21 9 608 0 607 190 235 480 84 105 
21 9 608 0 607 191 235 480 84 105 
21 9 608 0 607 192 235 480 84 105 
21 9 608 0 607 193 235 480 84 105 
21 9 608 0 607 194 236 480 86 105 
21 9 608 0 607 195 236 483 86 103 
21 9 608 0 607 196 236 483 86 103 
21 9 608 0 607 197 239 483 86 103 
21 9 608 0 607 198 239 483 86 103 
21 9 608 0 607 199 239 483 86 103 
21 9 608 0 607 200 239 483 86 103 
21 9 608 0 607 201 243 483 84 103 
21 9 608 0 607 202 243 483 84 103 
21 9 608 0 607 203 243 486 84 103 
21 9 608 0 607 204 244 486 86 103 
21 9 608 0 607 205 244 486 86 103 
21 9 608 0 607 206 244 486 86 103 
21 9 608 0 607 207 244 486 86 103 
21 9 608 0 607 208 247 486 86 103 
21 9 608 0 607 209 247 486 86 103 
21 9 608 0 607 210 247 486 86 103 
21 9 608 0 607 211 251 488 84 105 
21 9 608 0 607 212 251 488 84 105 
21 9 608 0 607 213 251 488 84 105 
21 9 608 0 607 214 251 488 84 105 
21 9 608 0 607 215 252 488 86 105 
21 9 608 0 607 216 252 488 86 105 
21 9 608 0 607 217 252 488 86 105 
21 9 608 0 607 218 255 488 86 105 
21 9 608 0 607 219 255 491 86 103 
21 9 608 0 607 220 255 491 86 103 
21 9 608 0 607 221 255 491 86 103 
21 9 608 0 607 222 259 491 84 103 
21 9 608 0 607 223 259 491 84 103 
21 9 608 0 607 224 259 491 84 103 
21 9 608 0 607 225 260 491 86 103 
21 9 608 0 607 226 260 491 86 103 
21 9 608 0 607 227 260 494 86 103 
21 9 608 0 607 228 263 494 86 103 
21 9 608 0 607 229 263 494 86 103 
21 9 608 0 607 230 263 494 86 103 
21 9 608 0 607 231 263 494 86 103 
21 9 608 0 607 232 267 494 84 103 
21 9 608 0 607 233 267 494 84 103 
21 9 608 0 607 234 267 494 84 103 
21 9 608 0 607 235 268 496 86 105 
21 9 608 0 607 236 268 496 86 105 
21 9 608 0 607 237 268 496 86 105 
21 9 608 0 607 238 268 496 86 105 
21 9 608 0 607 239 271 496 86 105 
21 9 608 0 607 240 271 496 86 105 
21 9 608 0 607 241 271 496 86 105 
21 9 608 0 607 242 275 496 84 105 
21 9 608 0 607 243 275 499 84 103 
21 9 608 0 607 244 275 499 84 103 
21 9 608 0 607 245 275 499 84 103 
21 9 608 0 607 246 276 499 86 103 
21 9 608 0 607 247 276 499 86 103 
21 9 608 0 607 248 276 499 86 103 
21 9 608 0 607 249 279 499 86 103 
21 9 608 0 607 250 279 499 86 103 
21 9 608 0 607 251 279 502 86 103 
21 9 608 0 607 252 279 502 86 103 
21 9 608 0 607 253 283 502 84 103 
21 9 608 0 607 254 283 502 84 103 
21 9 608 0 607 255 283 502 84 103 
21 9 608 0 607 256 284 502 86 103 
21 9 608 0 607 257 284 502 86 103 
21 9 608 0 607 258 284 502 86 103 
21 9 608 0 607 259 287 504 86 105 
21 9 608 0 607 260 287 504 86 105 
21 9 608 0 607 261 287 504 86 105 
21 9 608 0 607 262 291 504 84 105 
21 9 608 0 607 263 291 504 84 105 
21 9 608 0 607 264 291 504 84 105 
21 9 608 0 607 265 292 504 86 105 
21 9 608 0 607 266 292 504 86 105 
21 9 608 0 607 267 292 504 86 105 
21 9 608 0 607 268 295 504 86 105 
21 9 608 0 607 269 295 504 86 105 
21 9 608 0 607 270 295 504 86 105 
21 9 608 0 607 271 299 504 84 105 
21 9 608 0 607 272 299 504 84 105 
21 9 608 0 607 273 299 507 84 103 
21 9 608 0 607 274 300 507 86 103 
21 9 608 0 607 275 300 507 86 103 
21 9 608 0 607 276 300 507 86 103 
21 9 608 0 607 277 303 507 86 103 
21 9 608 0 607 278 303 507 86 103 
21 9 608 0 607 279 303 507 86 103 
21 9 608 0 607 280 307 507 84 103 
21 9 608 0 607 281 307 507 84 103 
21 9 608 0 607 282 307 507 84 103 
21 9 608 0 607 283 308 507 86 103 
21 9 608 0 607 284 308 507 86 103 
21 9 608 0 607 285 308 507 86 103 
21 9 608 0 607 286 311 507 86 103 
21 9 608 0 607 287 311 510 86 103 
21 9 608 0 607 288 311 510 86 103 
21 9 608 0 607 289 315 510 84 103 
21 9 608 0 607 290 315 510 84 103 
21 9 608 0 607 291 315 510 84 103 
21 9 608 0 607 292 316 510 86 103 
21 9 608 0 607 293 316 510 86 103 
21 9 608 0 607 294 316 510 86 103 
21 9 608 0 607 295 319 510 86 103 
21 9 608 0 607 296 319 510 86 103 
21 9 608 0 607 297 319 510 86 103 
21 9 608 0 607 298 323 510 84 103 
21 9 608 0 607 299 323 510 84 103 
21 9 608 0 607 300 324 512 86 105 
21 9 608 0 607 301 324 512 86 105 
21 9 608 0 607 302 324 512 86 105 
21 9 608 0 607 303 324 512 86 105 
21 9 608 0 607 304 327 512 86 105 
21 9 608 0 607 305 327 512 86 105 
21 9 608 0 607 306 327 512 86 105 
21 9 608 0 607 307 331 512 84 105 
21 9 608 0 607 308 331 515 84 103 
21 9 608 0 607 309 331 515 84 103 
21 9 608 0 607 310 332 515 86 103 
21 9 608 0 607 311 332 515 86 103 
21 9 608 0 607 312 332 515 86 103 
21 9 608 0 607 313 335 515 86 103 
21 9 608 0 607 314 335 515 86 103 
21 9 608 0 607 315 335 518 86 103 
21 9 608 0 607 316 340 518 80 103 
21 9 608 0 607 317 339 518 84 103 
21 9 608 0 607 318 339 518 84 103 
21 9 608 0 607 319 342 518 80 103 
21 9 608 0 607 320 340 518 86 103 
21 9 608 0 607 321 340 518 86 103 
21 9 608 0 607 322 340 518 86 108 
21 9 608 0 607 323 343 520 86 105 
21 9 608 0 607 324 343 520 86 105 
21 9 608 0 607 325 343 520 86 105 
21 9 608 0 607 326 347 520 84 105 
21 9 608 0 607 327 347 520 84 105 
21 9 608 0 607 328 347 520 84 105 
21 9 608 0 607 329 350 520 80 108 
21 9 608 0 607 330 348 523 86 103 
21 9 608 0 607 331 348 523 86 103 
21 9 608 0 607 332 353 523 80 103 
21 9 608 0 607 333 351 523 86 103 
21 9 608 0 607 334 351 523 86 103 
21 9 608 0 607 335 356 523 80 103 
21 9 608 0 607 336 355 523 84 108 
21 9 608 0 607 337 355 523 84 108 
21 9 608 0 607 338 358 526 80 103 
21 9 608 0 607 339 356 526 86 103 
21 9 608 0 607 340 356 526 86 103 
21 9 608 0 607 341 356 526 86 103 
21 9 608 0 607 342 359 526 86 103 
21 9 608 0 607 343 359 526 86 108 
21 9 608 0 607 344 359 526 86 108 
21 9 608 0 607 345 364 528 80 105 
21 9 608 0 607 346 363 528 84 105 
21 9 608 0 607 347 363 528 84 105 
21 9 608 0 607 348 366 528 80 105 
21 9 608 0 607 349 364 528 86 105 
21 9 608 0 607 350 364 528 86 108 
21 9 608 0 607 351 369 528 80 108 
21 9 608 0 607 352 367 528 86 108 
21 9 608 0 607 353 367 531 86 103 
21 9 608 0 607 354 372 531 80 103 
21 9 608 0 607 355 371 531 84 103 
21 9 608 0 607 356 371 531 84 103 
21 9 608 0 607 357 374 531 80 108 
21 9 608 0 607 358 374 531 80 108 
21 9 608 0 607 359 372 531 86 108 
21 9 608 0 607 360 372 534 86 103 
21 9 608 0 607 361 377 534 80 103 
21 9 608 0 607 362 375 534 86 103 
21 9 608 0 607 363 375 534 86 103 
21 9 608 0 607 364 380 534 80 103 
21 9 608 0 607 365 379 534 84 108 
21 9 608 0 607 366 379 534 84 108 
21 9 608 0 607 367 382 536 80 105 
21 9 608 0 607 368 380 536 86 105 
21 9 608 0 607 369 380 536 86 105 
21 9 608 0 607 370 385 536 80 105 
21 9 608 0 607 371 383 536 86 105 
21 9 608 0 607 372 383 536 86 108 
21 9 608 0 607 373 388 536 80 108 
21 9 608 0 607 374 388 536 80 108 
21 9 608 0 607 375 387 539 84 103 
21 9 608 0 607 376 390 539 80 103 
21 9 608 0 607 377 390 539 80 103 
21 9 608 0 607 378 388 539 86 103 
21 9 608 0 607 379 388 539 86 108 
21 9 608 0 607 380 393 539 80 108 
21 9 608 0 607 381 391 539 86 108 
21 9 608 0 607 382 391 542 86 103 
21 9 608 0 607 383 396 542 80 103 
21 9 608 0 607 384 395 542 84 103 
21 9 608 0 607 385 395 542 84 103 
21 9 608 0 607 386 398 542 80 108 
21 9 608 0 607 387 398 542 80 108 
21 9 608 0 607 388 396 542 86 108 
21 9 608 0 607 389 401 542 80 108 
21 9 608 0 607 390 401 544 80 105 
21 9 608 0 607 391 399 544 86 105 
21 9 608 0 607 392 404 544 80 105 
21 9 608 0 607 393 404 544 80 108 
21 9 608 0 607 394 403 544 84 108 
21 9 608 0 607 395 406 544 80 108 
21 9 608 0 607 396 406 544 80 108 
21 9 608 0 607 397 404 547 86 103 
21 9 608 0 607 398 404 547 86 103 
21 9 608 0 607 399 409 547 80 103 
21 9 608 0 607 400 409 547 80 108 
21 9 608 0 607 401 407 547 86 108 
21 9 608 0 607 402 412 547 80 108 
21 9 608 0 607 403 412 547 80 108 
21 9 608 0 607 404 411 547 84 108 
21 9 608 0 607 405 414 550 80 103 
21 9 608 0 607 406 414 550 80 103 
21 9 608 0 607 407 412 550 86 108 
21 9 608 0 607 408 417 550 80 108 
21 9 608 0 607 409 417 550 80 108 
21 9 608 0 607 410 415 550 86 108 
21 9 608 0 607 411 420 550 80 108 
21 9 608 0 607 412 420 552 80 105 
21 9 608 0 607 413 419 552 84 105 
21 9 608 0 607 414 422 552 80 108 
21 9 608 0 607 415 422 552 80 108 
21 9 608 0 607 416 422 552 80 108 
21 9 608 0 607 417 420 552 86 108 
21 9 608 0 607 418 425 552 80 108 
21 9 608 0 607 419 425 555 80 103 
21 9 608 0 607 420 423 555 86 103 
21 9 608 0 607 421 428 555 80 103 
21 9 608 0 607 422 428 555 80 108 
21 9 608 0 607 423 427 555 84 108 
21 9 608 0 607 424 430 555 80 108 
21 9 608 0 607 425 430 555 80 108 
21 9 608 0 607 426 428 555 86 108 
21 9 608 0 607 427 433 558 80 103 
21 9 608 0 607 428 433 558 80 103 
21 9 608 0 607 429 433 558 80 108 
21 9 608 0 607 430 436 558 80 108 
21 9 608 0 607 431 436 558 80 108 
21 9 608 0 607 432 436 558 80 108 
21 9 608 0 607 433 438 558 80 108 
21 9 608 0 607 434 438 560 80 105 
21 9 608 0 607 435 438 560 80 105 
21 9 608 0 607 436 436 560 86 108 
21 9 608 0 607 437 441 560 80 108 
21 9 608 0 607 438 441 560 80 108 
21 9 608 0 607 439 439 560 86 108 
21 9 608 0 607 440 444 560 80 108 
21 9 608 0 607 441 444 560 80 108 
21 9 608 0 607 442 443 563 84 103 
21 9 608 0 607 443 446 563 80 108 
21 9 608 0 607 444 446 563 80 108 
21 9 608 0 607 445 446 563 80 108 
21 9 608 0 607 446 449 563 80 108 
21 9 608 0 607 447 449 563 80 108 
21 9 608 0 607 448 449 563 80 108 
21 9 608 0 607 449 452 566 80 103 
21 9 608 0 607 450 452 566 80 108 
21 9 608 0 607 451 452 566 80 108 
21 9 608 0 607 452 454 566 80 108 
21 9 608 0 607 453 454 566 80 108 
21 9 608 0 607 454 454 566 80 108 
21 9 608 0 607 455 452 566 86 108 
21 9 608 0 607 456 457 566 80 108 
21 9 608 0 607 457 457 568 80 108 
21 9 608 0 607 458 457 568 80 108 
21 9 608 0 607 459 460 568 80 108 
21 9 608 0 607 460 460 568 80 108 
21 9 608 0 607 461 460 568 80 108 
21 9 608 0 607 462 462 568 80 108 
21 9 608 0 607 463 462 568 80 108 
21 9 608 0 607 464 462 571 80 108 
21 9 608 0 607 465 465 571 80 108 
21 9 608 0 607 466 465 571 80 108 
21 9 608 0 607 467 465 571 80 108 
21 9 608 0 607 468 468 571 80 108 
21 9 608 0 607 469 468 571 80 108 
21 9 608 0 607 470 468 571 80 108 
21 9 608 0 607 471 470 574 80 108 
21 9 608 0 607 472 470 574 80 108 
21 9 608 0 607 473 470 574 80 108 
21 9 608 0 607 474 473 574 80 108 
21 9 608 0 607 475 473 574 80 108 
21 9 608 0 607 476 476 574 80 108 
21 9 608 0 607 477 476 574 80 108 
21 9 608 0 607 478 478 574 80 108 
21 9 608 0 607 479 478 576 80 108 
21 9 608 0 607 480 481 576 80 108 
21 9 608 0 607 481 481 576 80 108 
21 9 608 0 607 482 481 576 80 108 
21 9 608 0 607 483 484 576 80 108 
21 9 608 0 607 484 484 576 80 108 
21 9 608 0 607 485 486 576 80 108 
21 9 608 0 607 486 486 579 80 108 
21 9 608 0 607 487 489 579 80 108 
21 9 608 0 607 488 489 579 80 108 
21 9 608 0 607 489 492 579 80 108 
21 9 608 0 607 490 492 579 80 108 
21 9 608 0 607 491 492 579 80 108 
21 9 608 0 607 492 494 579 80 108 
21 9 608 0 607 493 494 582 80 108 
21 9 608 0 607 494 497 582 80 108 
21 9 608 0 607 495 497 582 80 108 
21 9 608 0 607 496 500 582 80 108 
21 9 608 0 607 497 500 582 80 108 
21 9 608 0 607 498 502 582 80 108 
21 9 608 0 607 499 502 582 80 108 
21 9 608 0 607 500 505 584 80 108 
21 9 608 0 607 501 505 584 80 108 
21 9 608 0 607 502 505 584 80 108 
21 9 608 0 607 503 508 584 80 108 
21 9 608 0 607 504 508 584 80 108 
21 9 608 0 607 505 510 584 80 108 
21 9 608 0 607 506 510 584 80 108 
21 9 608 0 607 507 513 587 80 108 
21 9 608 0 607 508 513 587 80 108 
21 9 608 0 607 509 516 587 80 108 
21 9 608 0 607 510 516 587 80 108 
21 9 608 0 607 511 516 587 80 108 
21 9 608 0 607 512 518 587 80 108 
21 9 608 0 607 513 518 587 80 108 
21 9 608 0 607 514 521 590 80 108 
21 9 608 0 607 515 521 590 80 108 
21 9 608 0 607 516 524 590 80 108 
21 9 608 0 607 517 524 590 80 108 
21 9 608 0 607 518 526 590 80 108 
21 9 608 0 607 519 526 590 80 108 
21 9 608 0 607 520 529 590 80 108 
21 9 608 0 607 521 529 590 80 108 
21 9 608 0 607 522 529 592 80 108 
21 9 608 0 607 523 532 592 80 108 
21 9 608 0 607 524 532 592 80 108 
21 9 608 0 607 525 534 592 80 108 
21 9 608 0 607 526 534 592 80 108 
21 9 608 0 607 527 537 592 80 108 
21 9 608 0 607 528 537 592 80 108 
21 9 608 0 607 529 540 595 80 108 
21 9 608 0 607 530 540 595 80 108 
21 9 608 0 607 531 540 595 80 108 
21 9 608 0 607 532 542 595 80 108 
21 9 608 0 607 533 542 595 80 108 
21 9 608 0 607 534 545 595 80 108 
21 9 608 0 607 535 545 595 80 108 
21 9 608 0 607 536 548 598 80 108 
21 9 608 0 607 537 548 598 80 108 
21 9 608 0 607 538 550 598 80 108 
21 9 608 0 607 539 550 598 80 108 
21 9 608 0 607 540 553 598 80 108 
21 9 608 0 607 541 553 598 80 108 
21 9 608 0 607 542 553 598 80 108 
21 9 608 0 607 543 556 600 80 108 
21 9 608 0 607 544 556 600 80 108 
21 9 608 0 607 545 558 600 80 108 
21 9 608 0 607 546 558 600 80 108 
21 9 608 0 607 547 561 600 80 108 
21 9 608 0 607 548 561 600 80 108 
21 9 608 0 607 549 564 600 80 108 
21 9 608 0 607 550 564 603 80 108 
21 9 608 0 607 551 564 603 80 108 
21 9 608 0 607 552 566 603 80 108 
21 9 608 0 607 553 566 603 80 108 
21 9 608 0 607 554 569 603 80 108 
21 9 608 0 607 555 569 603 80 108 
21 9 608 0 607 556 572 603 80 108 
21 9 608 0 607 557 572 606 80 108 
21 9 608 0 607 558 574 606 80 108 
21 9 608 0 607 559 574 606 80 108 
21 9 608 0 607 560 577 606 80 108 
21 9 608 0 607 561 577 606 80 108 
21 9 608 0 607 562 577 606 80 108 
21 9 608 0 607 563 580 606 80 108 
21 9 608 0 607 564 580 606 80 108 
21 9 608 0 607 565 582 608 80 108 
21 9 608 0 607 566 582 608 80 108 
21 9 608 0 607 567 585 608 80 108 
21 9 608 0 607 568 585 608 80 108 
21 9 608 0 607 569 588 608 80 108 
21 9 608 0 607 570 588 608 80 108 
21 9 608 0 607 571 588 608 80 108 
21 9 608 0 607 572 590 611 80 108 
21 9 608 0 607 573 590 611 80 108 
21 9 608 0 607 574 593 611 80 108 
21 9 608 0 607 575 593 611 80 108 
21 9 608 0 607 576 596 611 80 108 
21 9 608 0 607 577 596 611 80 108 
21 9 608 0 607 578 598 611 80 108 
21 9 608 0 607 579 598 614 80 108 
21 9 608 0 607 580 601 614 80 108 
21 9 608 0 607 581 601 614 80 108 
21 9 608 0 607 582 601 614 80 108 
21 9 608 0 607 583 604 614 80 108 
21 9 608 0 607 584 604 614 80 108 
21 9 608 0 607 585 606 614 80 108 
21 9 608 0 607 586 606 616 80 108 
21 9 608 0 607 587 609 616 80 108 
21 9 608 0 607 588 609 616 80 108 
21 9 608 0 607 589 612 616 80 108 
21 9 608 0 607 590 612 616 80 108 
21 9 608 0 607 591 612 616 80 108 
21 9 608 0 607 592 614 616 80 108 
21 9 608 0 607 593 614 619 80 108 
21 9 608 0 607 594 617 619 80 108 
21 9 608 0 607 595 617 619 80 108 
21 9 608 0 607 596 620 619 80 108 
21 9 608 0 607 597 620 619 80 108 
21 9 608 0 607 598 622 619 80 108 
21 9 608 0 607 599 622 619 80 108 
21 9 608 0 607 600 625 622 80 108 
21 9 608 0 607 601 625 619 80 108 
21 9 608 0 607 602 628 619 80 108 
21 9 608 0 607 603 627 619 84 108 
21 9 608 0 607 604 630 619 80 103 
21 9 608 0 607 605 633 619 80 103 
21 9 608 0 607 606 631 619 86 103 
21 9 608 0 607 607 635 619 84 103 
22 5 164 984 1147 984 618 672 296 109 
22 5 164 984 1147 985 618 672 296 109 
22 5 164 984 1147 986 618 672 296 109 
22 5 164 984 1147 987 618 672 296 109 
22 5 164 984 1147 988 618 672 296 109 
22 5 164 984 1147 989 618 672 296 109 
22 5 164 984 1147 990 618 672 296 109 
22 5 164 984 1147 991 618 672 296 109 
22 5 164 984 1147 992 618 672 296 109 
22 5 164 984 1147 993 618 672 296 109 
22 5 164 984 1147 994 618 672 296 109 
22 5 164 984 1147 995 618 672 296 109 
22 5 164 984 1147 996 618 672 296 109 
22 5 164 984 1147 997 618 672 296 109 
22 5 164 984 1147 998 618 672 296 109 
22 5 164 984 1147 999 618 672 296 109 
22 5 164 984 1147 1000 618 672 296 109 
22 5 164 984 1147 1001 618 672 296 109 
22 5 164 984 1147 1002 618 672 296 109 
22 5 164 984 1147 1003 618 672 296 109 
22 5 164 984 1147 1004 618 672 296 109 
22 5 164 984 1147 1005 618 672 296 109 
22 5 164 984 1147 1006 618 672 296 109 
22 5 164 984 1147 1007 618 672 296 109 
22 5 164 984 1147 1008 618 672 296 109 
22 5 164 984 1147 1009 618 672 296 109 
22 5 164 984 1147 1010 618 672 296 109 
22 5 164 984 1147 1011 618 672 296 109 
22 5 164 984 1147 1012 618 672 296 109 
22 5 164 984 1147 1013 618 672 296 109 
22 5 164 984 1147 1014 618 672 296 109 
22 5 164 984 1147 1015 618 672 296 109 
22 5 164 984 1147 1016 618 672 296 109 
22 5 164 984 1147 1017 618 672 296 109 
22 5 164 984 1147 1018 618 672 296 109 
22 5 164 984 1147 1019 618 672 296 109 
22 5 164 984 1147 1020 618 672 296 109 
22 5 164 984 1147 1021 618 672 296 109 
22 5 164 984 1147 1022 618 672 296 109 
22 5 164 984 1147 1023 618 672 296 109 
22 5 164 984 1147 1024 618 672 296 109 
22 5 164 984 1147 1025 618 672 296 109 
22 5 164 984 1147 1026 618 672 296 109 
22 5 164 984 1147 1027 618 672 296 109 
22 5 164 984 1147 1028 618 672 296 109 
22 5 164 984 1147 1029 618 672 296 109 
22 5 164 984 1147 1030 618 672 296 109 
22 5 164 984 1147 1031 618 672 296 109 
22 5 164 984 1147 1032 618 672 296 109 
22 5 164 984 1147 1033 618 672 296 109 
22 5 164 984 1147 1034 618 672 296 109 
22 5 164 984 1147 1035 618 672 296 109 
22 5 164 984 1147 1036 618 672 296 109 
22 5 164 984 1147 1037 618 672 296 109 
22 5 164 984 1147 1038 618 672 296 109 
22 5 164 984 1147 1039 618 672 296 109 
22 5 164 984 1147 1040 618 672 296 109 
22 5 164 984 1147 1041 618 672 296 109 
22 5 164 984 1147 1042 618 672 296 109 
22 5 164 984 1147 1043 618 672 296 109 
22 5 164 984 1147 1044 618 672 296 109 
22 5 164 984 1147 1045 618 672 296 109 
22 5 164 984 1147 1046 618 672 296 109 
22 5 164 984 1147 1047 618 672 296 109 
22 5 164 984 1147 1048 618 672 296 109 
22 5 164 984 1147 1049 618 672 296 109 
22 5 164 984 1147 1050 618 672 296 109 
22 5 164 984 1147 1051 618 672 296 109 
22 5 164 984 1147 1052 618 672 296 109 
22 5 164 984 1147 1053 618 672 296 109 
22 5 164 984 1147 1054 618 672 296 109 
22 5 164 984 1147 1055 618 672 296 109 
22 5 164 984 1147 1056 618 672 296 109 
22 5 164 984 1147 1057 618 672 296 109 
22 5 164 984 1147 1058 618 672 296 109 
22 5 164 984 1147 1059 618 672 296 109 
22 5 164 984 1147 1060 618 672 296 109 
22 5 164 984 1147 1061 618 672 296 109 
22 5 164 984 1147 1062 618 672 296 109 
22 5 164 984 1147 1063 618 672 296 109 
22 5 164 984 1147 1064 618 672 296 109 
22 5 164 984 1147 1065 618 672 296 109 
22 5 164 984 1147 1066 618 672 296 109 
22 5 164 984 1147 1067 618 672 296 109 
22 5 164 984 1147 1068 618 672 296 109 
22 5 164 984 1147 1069 618 672 296 109 
22 5 164 984 1147 1070 618 672 296 109 
22 5 164 984 1147 1071 618 672 296 109 
22 5 164 984 1147 1072 618 672 296 109 
22 5 164 984 1147 1073 618 672 296 109 
22 5 164 984 1147 1074 618 672 296 109 
22 5 164 984 1147 1075 618 672 296 109 
22 5 164 984 1147 1076 618 672 296 109 
22 5 164 984 1147 1077 618 672 296 109 
22 5 164 984 1147 1078 618 672 296 109 
22 5 164 984 1147 1079 618 672 296 109 
22 5 164 984 1147 1080 618 672 296 109 
22 5 164 984 1147 1081 618 672 296 109 
22 5 164 984 1147 1082 618 672 296 109 
22 5 164 984 1147 1083 618 672 296 109 
22 5 164 984 1147 1084 618 672 296 109 
22 5 164 984 1147 1085 618 672 296 109 
22 5 164 984 1147 1086 618 672 296 109 
22 5 164 984 1147 1087 618 672 296 109 
22 5 164 984 1147 1088 618 672 296 109 
22 5 164 984 1147 1089 618 672 296 109 
22 5 164 984 1147 1090 618 672 296 109 
22 5 164 984 1147 1091 618 672 296 109 
22 5 164 984 1147 1092 618 672 296 109 
22 5 164 984 1147 1093 618 672 296 109 
22 5 164 984 1147 1094 618 672 296 109 
22 5 164 984 1147 1095 618 672 296 109 
22 5 164 984 1147 1096 618 672 296 109 
22 5 164 984 1147 1097 618 672 296 109 
22 5 164 984 1147 1098 618 672 296 109 
22 5 164 984 1147 1099 618 672 296 109 
22 5 164 984 1147 1100 618 672 296 109 
22 5 164 984 1147 1101 618 672 296 109 
22 5 164 984 1147 1102 618 672 296 109 
22 5 164 984 1147 1103 618 672 296 109 
22 5 164 984 1147 1104 618 672 296 109 
22 5 164 984 1147 1105 618 672 296 109 
22 5 164 984 1147 1106 618 672 296 109 
22 5 164 984 1147 1107 618 672 296 109 
22 5 164 984 1147 1108 618 672 296 109 
22 5 164 984 1147 1109 618 672 296 109 
22 5 164 984 1147 1110 618 672 296 109 
22 5 164 984 1147 1111 618 672 296 109 
22 5 164 984 1147 1112 618 672 296 109 
22 5 164 984 1147 1113 618 672 296 109 
22 5 164 984 1147 1114 618 672 296 109 
22 5 164 984 1147 1115 618 672 296 109 
22 5 164 984 1147 1116 618 672 296 109 
22 5 164 984 1147 1117 618 672 296 109 
22 5 164 984 1147 1118 618 672 296 109 
22 5 164 984 1147 1119 618 672 296 109 
22 5 164 984 1147 1120 618 672 296 109 
22 5 164 984 1147 1121 618 672 296 109 
22 5 164 984 1147 1122 618 672 296 109 
22 5 164 984 1147 1123 618 672 296 109 
22 5 164 984 1147 1124 618 672 296 109 
22 5 164 984 1147 1125 618 672 296 109 
22 5 164 984 1147 1126 618 672 296 109 
22 5 164 984 1147 1127 618 672 296 109 
22 5 164 984 1147 1128 618 672 296 109 
22 5 164 984 1147 1129 618 672 296 109 
22 5 164 984 1147 1130 618 672 296 109 
22 5 164 984 1147 1131 618 672 296 109 
22 5 164 984 1147 1132 618 672 296 109 
22 5 164 984 1147 1133 618 672 296 109 
22 5 164 984 1147 1134 618 672 296 109 
22 5 164 984 1147 1135 618 672 296 109 
22 5 164 984 1147 1136 618 672 296 109 
22 5 164 984 1147 1137 618 672 296 109 
22 5 164 984 1147 1138 618 672 296 109 
22 5 164 984 1147 1139 618 672 296 109 
22 5 164 984 1147 1140 618 672 296 109 
22 5 164 984 1147 1141 618 672 296 109 
22 5 164 984 1147 1142 618 672 296 109 
22 5 164 984 1147 1143 618 672 296 109 
22 5 164 984 1147 1144 618 672 296 109 
22 5 164 984 1147 1145 618 672 296 109 
22 5 164 984 1147 1146 618 672 296 109 
22 5 164 984 1147 1147 618 672 296 109 
