20 9 198 214 411 214 969 662 84 56 
20 9 198 214 411 215 968 661 88 58 
20 9 198 214 411 216 970 661 88 58 
20 9 198 214 411 217 970 658 88 60 
20 9 198 214 411 218 969 656 92 63 
20 9 198 214 411 219 970 656 90 63 
20 9 198 214 411 220 969 653 94 65 
20 9 198 214 411 221 972 651 90 68 
20 9 198 214 411 222 972 651 92 68 
20 9 198 214 411 223 972 649 92 69 
20 9 198 214 411 224 974 647 92 71 
20 9 198 214 411 225 973 647 96 71 
20 9 198 214 411 226 976 644 92 74 
20 9 198 214 411 227 975 642 96 76 
20 9 198 214 411 228 975 642 96 76 
20 9 198 214 411 229 976 641 96 78 
20 9 198 214 411 230 976 641 96 78 
20 9 198 214 411 231 978 638 96 80 
20 9 198 214 411 232 978 636 96 83 
20 9 198 214 411 233 977 636 100 83 
20 9 198 214 411 234 979 633 100 85 
20 9 198 214 411 235 979 631 100 88 
20 9 198 214 411 236 981 631 100 88 
20 9 198 214 411 237 981 629 100 89 
20 9 198 214 411 238 980 627 102 91 
20 9 198 214 411 239 983 627 98 91 
20 9 198 214 411 240 982 624 102 94 
20 9 198 214 411 241 983 624 104 94 
20 9 198 214 411 242 986 622 100 96 
20 9 198 214 411 243 988 621 100 98 
20 9 198 214 411 244 991 621 96 98 
20 9 198 214 411 245 992 618 96 100 
20 9 198 214 411 246 995 618 92 100 
20 9 198 214 411 247 997 616 92 103 
20 9 198 214 411 248 1000 613 88 105 
20 9 198 214 411 249 1002 613 88 105 
20 9 198 214 411 250 1003 611 86 108 
20 9 198 214 411 251 1005 611 86 108 
20 9 198 214 411 252 1005 610 86 108 
20 9 198 214 411 253 1007 610 86 108 
20 9 198 214 411 254 1007 607 86 111 
20 9 198 214 411 255 1010 607 84 111 
20 9 198 214 411 256 1010 605 84 113 
20 9 198 214 411 257 1010 605 86 113 
20 9 198 214 411 258 1010 603 86 115 
20 9 198 214 411 259 1012 603 86 115 
20 9 198 214 411 260 1012 602 86 116 
20 9 198 214 411 261 1014 602 86 116 
20 9 198 214 411 262 1014 602 88 116 
20 9 198 214 411 263 1017 599 84 119 
20 9 198 214 411 264 1016 600 88 118 
20 9 198 214 411 265 1019 597 84 121 
20 9 198 214 411 266 1018 597 88 121 
20 9 198 214 411 267 1019 595 86 123 
20 9 198 214 411 268 1018 595 90 123 
20 9 198 214 411 269 1021 593 86 125 
20 9 198 214 411 270 1020 593 90 125 
20 9 198 214 411 271 1023 593 88 125 
20 9 198 214 411 272 1023 592 88 126 
20 9 198 214 411 273 1025 592 88 126 
20 9 198 214 411 274 1024 590 92 128 
20 9 198 214 411 275 1025 590 90 128 
20 9 198 214 411 276 1027 591 90 127 
20 9 198 214 411 277 1027 589 92 129 
20 9 198 214 411 278 1030 589 88 127 
20 9 198 214 411 279 1032 587 88 130 
20 9 198 214 411 280 1031 587 92 129 
20 9 198 214 411 281 1033 588 92 126 
20 9 198 214 411 282 1034 587 90 124 
20 9 198 214 411 283 1033 587 94 124 
20 9 198 214 411 284 1036 585 92 124 
20 9 198 214 411 285 1039 585 88 123 
20 9 198 214 411 286 1038 586 92 120 
20 9 198 214 411 287 1040 583 92 123 
20 9 198 214 411 288 1041 584 90 120 
20 9 198 214 411 289 1040 582 94 120 
20 9 198 214 411 290 1043 582 92 117 
20 9 198 214 411 291 1045 582 92 117 
20 9 198 214 411 292 1045 580 92 118 
20 9 198 214 411 293 1047 579 92 120 
20 9 198 214 411 294 1047 579 92 117 
20 9 198 214 411 295 1049 577 92 120 
20 9 198 214 411 296 1049 577 92 117 
20 9 198 214 411 297 1049 575 94 120 
20 9 198 214 411 298 1049 575 94 117 
20 9 198 214 411 299 1052 573 92 120 
20 9 198 214 411 300 1054 573 92 120 
20 9 198 214 411 301 1054 572 92 120 
20 9 198 214 411 302 1053 572 96 120 
20 9 198 214 411 303 1055 569 96 123 
20 9 198 214 411 304 1055 569 96 123 
20 9 198 214 411 305 1054 567 98 126 
20 9 198 214 411 306 1055 567 100 126 
20 9 198 214 411 307 1055 564 100 129 
20 9 198 214 411 308 1057 564 100 129 
20 9 198 214 411 309 1056 562 104 132 
20 9 198 214 411 310 1056 562 104 132 
20 9 198 214 411 311 1058 560 104 133 
20 9 198 214 411 312 1057 560 106 133 
20 9 198 214 411 313 1057 558 106 136 
20 9 198 214 411 314 1059 558 106 136 
20 9 198 214 411 315 1058 555 110 139 
20 9 198 214 411 316 1061 555 106 139 
20 9 198 214 411 317 1060 553 110 142 
20 9 198 214 411 318 1060 553 112 142 
20 9 198 214 411 319 1061 552 110 144 
20 9 198 214 411 320 1060 552 114 144 
20 9 198 214 411 321 1062 552 114 144 
20 9 198 214 411 322 1062 550 114 144 
20 9 198 214 411 323 1064 550 114 144 
20 9 198 214 411 324 1066 548 114 144 
20 9 198 214 411 325 1066 548 114 144 
20 9 198 214 411 326 1067 548 114 144 
20 9 198 214 411 327 1069 546 114 144 
20 9 198 214 411 328 1071 546 114 144 
20 9 198 214 411 329 1071 544 114 144 
20 9 198 214 411 330 1073 544 114 144 
20 9 198 214 411 331 1076 544 112 144 
20 9 198 214 411 332 1076 543 114 144 
20 9 198 214 411 333 1076 543 114 144 
20 9 198 214 411 334 1078 541 114 144 
20 9 198 214 411 335 1080 541 114 144 
20 9 198 214 411 336 1082 541 114 144 
20 9 198 214 411 337 1082 539 114 144 
20 9 198 214 411 338 1083 539 114 144 
20 9 198 214 411 339 1085 537 114 144 
20 9 198 214 411 340 1085 537 114 144 
20 9 198 214 411 341 1087 537 114 144 
20 9 198 214 411 342 1089 536 114 144 
20 9 198 214 411 343 1092 536 112 144 
20 9 198 214 411 344 1092 534 112 144 
20 9 198 214 411 345 1092 534 114 144 
20 9 198 214 411 346 1094 534 114 144 
20 9 198 214 411 347 1096 532 114 144 
20 9 198 214 411 348 1096 532 114 144 
20 9 198 214 411 349 1098 530 114 144 
20 9 198 214 411 350 1099 530 114 144 
20 9 198 214 411 351 1101 530 114 144 
20 9 198 214 411 352 1101 528 114 144 
20 9 198 214 411 353 1101 528 114 144 
20 9 198 214 411 354 1104 527 110 144 
20 9 198 214 411 355 1104 527 110 144 
20 9 198 214 411 356 1106 527 110 144 
20 9 198 214 411 357 1106 525 110 144 
20 9 198 214 411 358 1109 525 106 144 
20 9 198 214 411 359 1109 525 106 144 
20 9 198 214 411 360 1110 523 108 144 
20 9 198 214 411 361 1110 523 108 144 
20 9 198 214 411 362 1113 523 104 144 
20 9 198 214 411 363 1113 521 104 144 
20 9 198 214 411 364 1115 521 102 144 
20 9 198 214 411 365 1115 521 102 144 
20 9 198 214 411 366 1118 520 98 144 
20 9 198 214 411 367 1118 520 98 144 
20 9 198 214 411 368 1119 518 100 144 
20 9 198 214 411 369 1119 518 100 144 
20 9 198 214 411 370 1122 518 96 144 
20 9 198 214 411 371 1122 516 96 144 
20 9 198 214 411 372 1124 516 96 144 
20 9 198 214 411 373 1124 516 96 144 
20 9 198 214 411 374 1124 514 96 144 
20 9 198 214 411 375 1127 514 92 144 
20 9 198 214 411 376 1127 514 92 144 
20 9 198 214 411 377 1129 512 92 144 
20 9 198 214 411 378 1129 512 92 144 
20 9 198 214 411 379 1130 512 90 144 
20 9 198 214 411 380 1130 511 90 144 
20 9 198 214 411 381 1132 511 90 144 
20 9 198 214 411 382 1132 509 90 144 
20 9 198 214 411 383 1135 509 86 144 
20 9 198 214 411 384 1135 509 86 144 
20 9 198 214 411 385 1138 507 84 144 
20 9 198 214 411 386 1138 507 84 144 
20 9 198 214 411 387 1139 507 82 144 
20 9 198 214 411 388 1139 505 82 144 
20 9 198 214 411 389 1141 505 82 144 
20 9 198 214 411 390 1141 505 82 144 
20 9 198 214 411 391 1144 504 78 144 
20 9 198 214 411 392 1144 504 78 144 
20 9 198 214 411 393 1146 504 78 144 
20 9 198 214 411 394 1146 502 78 144 
20 9 198 214 411 395 1146 502 78 144 
20 9 198 214 411 396 1146 502 78 144 
20 9 198 214 411 397 1148 500 78 144 
20 9 198 214 411 398 1148 500 78 144 
20 9 198 214 411 399 1148 500 78 144 
20 9 198 214 411 400 1148 500 78 144 
20 9 198 214 411 401 1149 498 78 144 
20 9 198 214 411 402 1149 498 78 144 
20 9 198 214 411 403 1149 498 78 144 
20 9 198 214 411 404 1151 498 78 144 
20 9 198 214 411 405 1151 496 78 144 
20 9 198 214 411 406 1151 496 78 144 
20 9 198 214 411 407 1151 496 78 144 
20 9 198 214 411 408 1153 495 78 144 
20 9 198 214 411 409 1153 495 78 144 
20 9 198 214 411 410 1153 495 78 144 
20 9 198 214 411 411 1153 495 78 144 
