0 6 63 684 746 684 549 128 116 67 
0 6 63 684 746 685 549 128 116 67 
0 6 63 684 746 686 549 128 116 67 
0 6 63 684 746 687 549 128 116 67 
0 6 63 684 746 688 549 128 116 67 
0 6 63 684 746 689 549 128 116 67 
0 6 63 684 746 690 549 128 116 67 
0 6 63 684 746 691 549 128 116 67 
0 6 63 684 746 692 549 128 116 67 
0 6 63 684 746 693 549 128 116 67 
0 6 63 684 746 694 549 128 116 67 
0 6 63 684 746 695 549 128 116 67 
0 6 63 684 746 696 549 128 116 67 
0 6 63 684 746 697 549 128 116 67 
0 6 63 684 746 698 549 128 116 67 
0 6 63 684 746 699 549 128 116 67 
0 6 63 684 746 700 549 128 116 67 
0 6 63 684 746 701 549 128 116 67 
0 6 63 684 746 702 549 128 116 67 
0 6 63 684 746 703 549 128 116 67 
0 6 63 684 746 704 549 128 116 67 
0 6 63 684 746 705 549 128 116 67 
0 6 63 684 746 706 549 128 116 67 
0 6 63 684 746 707 549 128 116 67 
0 6 63 684 746 708 549 128 116 67 
0 6 63 684 746 709 549 128 116 67 
0 6 63 684 746 710 549 128 116 67 
0 6 63 684 746 711 549 128 116 67 
0 6 63 684 746 712 549 128 116 67 
0 6 63 684 746 713 549 128 116 67 
0 6 63 684 746 714 549 128 116 67 
0 6 63 684 746 715 549 128 116 67 
0 6 63 684 746 716 549 128 116 67 
0 6 63 684 746 717 549 128 116 67 
0 6 63 684 746 718 549 128 116 67 
0 6 63 684 746 719 549 128 116 67 
0 6 63 684 746 720 549 128 116 67 
0 6 63 684 746 721 549 128 116 67 
0 6 63 684 746 722 549 128 116 67 
0 6 63 684 746 723 549 128 116 67 
0 6 63 684 746 724 549 128 116 67 
0 6 63 684 746 725 549 128 116 67 
0 6 63 684 746 726 549 128 116 67 
0 6 63 684 746 727 549 128 116 67 
0 6 63 684 746 728 549 128 116 67 
0 6 63 684 746 729 549 128 116 67 
0 6 63 684 746 730 549 128 116 67 
0 6 63 684 746 731 549 128 116 67 
0 6 63 684 746 732 549 128 116 67 
0 6 63 684 746 733 549 128 116 67 
0 6 63 684 746 734 549 128 116 67 
0 6 63 684 746 735 549 128 116 67 
0 6 63 684 746 736 549 128 116 67 
0 6 63 684 746 737 549 128 116 67 
0 6 63 684 746 738 549 128 116 67 
0 6 63 684 746 739 549 128 116 67 
0 6 63 684 746 740 549 128 116 67 
0 6 63 684 746 741 549 128 116 67 
0 6 63 684 746 742 549 128 116 67 
0 6 63 684 746 743 549 128 116 67 
0 6 63 684 746 744 549 128 116 67 
0 6 63 684 746 745 549 128 116 67 
0 6 63 684 746 746 549 128 116 67 
