0 1073 85 220 1 65 55 2
0 1073 86 220 1 65 55 2
0 1073 87 220 1 65 55 2
0 1073 88 220 1 65 55 2
0 1073 89 220 1 65 55 2
0 1073 90 220 1 65 55 2
0 1073 91 220 1 65 55 2
0 1073 92 220 1 65 55 2
0 1073 93 220 1 65 55 2
0 1073 94 220 1 65 55 2
0 1073 95 220 1 65 55 2
0 1073 96 220 1 65 55 2
0 1073 97 220 1 65 55 2
0 1073 98 220 1 65 55 2
0 1073 99 220 1 65 55 2
0 1073 100 220 1 65 55 2
0 1073 101 220 1 65 55 2
0 1073 102 220 1 65 55 2
0 1073 103 220 1 65 55 2
0 1073 104 220 1 65 55 2
0 1073 105 220 1 65 55 2
0 1073 106 220 1 65 55 2
0 1073 107 220 1 65 55 2
0 1073 108 220 1 65 55 2
0 1073 109 220 1 65 55 2
0 1073 110 220 1 65 55 2
0 1073 111 220 1 65 55 2
0 1073 112 220 1 65 55 2
0 1073 113 220 1 65 55 2
0 1073 114 220 1 65 55 2
0 1073 115 220 1 65 55 2
0 1073 116 220 1 65 55 2
0 1073 117 220 1 65 55 2
0 1073 118 220 1 65 55 2
0 1073 119 220 1 65 55 2
0 1073 120 220 1 65 55 2
0 1073 121 220 1 65 55 2
0 1073 122 220 1 65 55 2
0 1073 123 220 1 65 55 2
0 1073 124 220 1 65 55 2
0 1073 125 220 1 65 55 2
0 1073 126 220 1 65 55 2
0 1073 127 220 1 65 55 2
0 1073 128 220 1 65 55 2
0 1073 129 220 1 65 55 2
0 1073 130 220 1 65 55 2
0 1073 131 220 1 65 55 2
0 1073 132 220 1 65 55 2
0 1073 133 220 1 65 55 2
0 1073 134 220 1 65 55 2
0 1073 135 220 1 65 55 2
0 1073 136 220 1 65 55 2
0 1073 137 220 1 65 55 2
0 1073 138 220 1 65 55 2
0 1073 139 220 1 65 55 2
0 1073 140 220 1 65 55 2
0 1073 141 220 1 65 55 2
0 1073 142 220 1 65 55 2
0 1073 143 220 1 65 55 2
0 1073 144 220 1 65 55 2
0 1073 145 220 1 65 55 2
0 1073 146 220 1 65 55 2
0 1073 147 220 1 65 55 2
0 1073 148 220 1 65 55 2
0 1073 149 220 1 65 55 2
0 1073 150 220 1 65 55 2
0 1073 151 220 1 65 55 2
0 1073 152 220 1 65 55 2
0 1073 153 220 1 65 55 2
0 1073 154 220 1 65 55 2
0 1073 155 220 1 65 55 2
0 1073 156 220 1 65 55 2
0 1073 157 220 1 65 55 2
0 1073 158 220 1 65 55 2
0 1073 159 220 1 65 55 2
0 1073 160 220 1 65 55 2
0 1073 161 220 1 65 55 2
0 1073 162 220 1 65 55 2
0 1073 163 220 1 65 55 2
0 1073 164 220 1 65 55 2
0 1073 165 220 1 65 55 2
0 1073 166 220 1 65 55 2
0 1073 167 220 1 65 55 2
0 1073 168 220 1 65 55 2
0 1073 169 220 1 65 55 2
0 1073 170 220 1 65 55 2
0 1073 171 220 1 65 55 2
0 1073 172 220 1 65 55 2
0 1073 173 220 1 65 55 2
0 1073 174 220 1 65 55 2
0 1073 175 220 1 65 55 2
0 1073 176 220 1 65 55 2
0 1073 177 220 1 65 55 2
0 1073 178 220 1 65 55 2
0 1073 179 220 1 65 55 2
0 1073 180 220 1 65 55 2
0 1073 181 220 1 65 55 2
0 1073 182 220 1 65 55 2
0 1073 183 220 1 65 55 2
0 1073 184 220 1 65 55 2
0 1073 185 220 1 65 55 2
0 1073 186 221 1 65 55 2
0 1073 187 223 1 65 55 2
0 1073 188 225 1 65 55 2
0 1073 189 227 1 65 55 2
0 1073 190 229 1 65 55 2
0 1073 191 231 1 65 55 2
0 1073 192 234 2 65 55 2
0 1073 193 233 2 65 55 2
0 1073 194 233 2 65 55 2
0 1073 195 233 2 65 55 2
0 1073 196 233 2 65 55 2
0 1073 197 233 2 65 55 2
0 1073 198 233 2 65 55 2
0 1073 199 233 2 65 55 2
0 1073 200 233 2 65 55 2
0 1073 201 233 2 65 55 2
0 1073 202 233 2 65 55 2
0 1073 203 233 2 65 55 2
0 1073 204 233 2 65 55 2
0 1073 205 233 2 65 55 2
0 1073 206 233 2 65 55 2
0 1073 207 233 2 65 55 2
0 1073 208 233 2 65 55 2
0 1073 209 233 2 65 55 2
0 1073 210 233 2 65 55 2
0 1073 211 233 2 65 55 2
0 1073 212 233 2 65 55 2
0 1073 213 233 2 65 55 2
0 1073 214 233 2 65 55 2
0 1073 215 233 2 65 55 2
0 1073 216 233 2 65 55 2
0 1073 217 233 2 65 55 2
0 1073 218 233 2 65 55 2
0 1073 219 233 2 65 55 2
0 1073 220 233 2 65 55 2
0 1073 221 233 2 65 55 2
0 1073 222 233 2 65 55 2
0 1073 223 233 2 65 55 2
0 1073 224 233 2 65 55 2
0 1073 225 233 2 65 55 2
0 1073 226 233 2 65 55 2
0 1073 227 233 2 65 55 2
0 1073 228 233 2 65 55 2
0 1073 229 233 2 65 55 2
0 1073 230 233 2 65 55 2
0 1073 231 233 2 65 55 2
0 1073 232 233 2 65 55 2
0 1073 233 233 2 65 55 2
0 1073 234 233 2 65 55 2
0 1073 235 233 2 65 55 2
0 1073 236 233 2 65 55 2
0 1073 237 233 2 65 55 2
0 1073 238 233 2 65 55 2
0 1073 239 233 2 65 55 2
0 1073 240 232 2 65 55 2
0 1073 241 232 2 65 55 2
0 1073 242 232 2 65 55 2
0 1073 243 232 2 65 55 2
0 1073 244 232 2 65 55 2
0 1073 245 232 2 65 55 2
0 1073 246 232 2 65 55 2
0 1073 247 232 2 65 55 2
0 1073 248 232 2 65 55 2
0 1073 249 232 2 65 55 2
0 1073 250 232 2 65 55 2
0 1073 251 232 2 65 55 2
0 1073 252 232 2 65 55 2
0 1073 253 232 2 65 55 2
0 1073 254 232 2 65 55 2
0 1073 255 232 2 65 55 2
0 1073 256 232 2 65 55 2
0 1073 257 232 2 65 55 2
0 1073 258 232 2 65 55 2
0 1073 259 232 2 65 55 2
0 1073 260 232 2 65 55 2
0 1073 261 232 2 65 55 2
0 1073 262 232 2 65 55 2
0 1073 263 232 2 65 55 2
0 1073 264 232 2 65 55 2
0 1073 265 232 2 65 55 2
0 1073 266 232 2 65 55 2
0 1073 267 232 2 65 55 2
0 1073 268 232 2 65 55 2
0 1073 269 232 2 65 55 2
0 1073 270 232 2 65 55 2
0 1073 271 232 2 65 55 2
0 1073 272 232 2 65 55 2
0 1073 273 232 2 65 55 2
0 1073 274 232 2 65 55 2
0 1073 275 232 2 65 55 2
0 1073 276 232 2 65 55 2
0 1073 277 232 2 65 55 2
0 1073 278 232 2 65 55 2
0 1073 279 232 2 65 55 2
0 1073 280 232 2 65 55 2
0 1073 281 232 2 65 55 2
0 1073 282 232 2 65 55 2
0 1073 283 232 2 65 55 2
0 1073 284 232 2 65 55 2
0 1073 285 232 2 65 55 2
0 1073 286 232 2 65 55 2
0 1073 287 232 2 65 55 2
0 1073 288 231 2 65 55 2
0 1073 289 230 2 65 55 2
0 1073 290 229 2 65 55 2
0 1073 291 229 2 65 55 2
0 1073 292 229 2 65 55 2
0 1073 293 228 2 65 55 2
0 1073 294 228 2 65 55 2
0 1073 295 228 2 65 55 2
0 1073 296 228 2 65 55 2
0 1073 297 227 2 65 55 2
0 1073 298 227 2 65 55 2
0 1073 299 227 2 65 55 2
0 1073 300 226 2 65 55 2
0 1073 301 226 2 65 55 2
0 1073 302 226 2 65 55 2
0 1073 303 226 2 65 55 2
0 1073 304 225 2 65 55 2
0 1073 305 225 2 65 55 2
0 1073 306 225 2 65 55 2
0 1073 307 224 2 65 55 2
0 1073 308 224 2 65 55 2
0 1073 309 224 2 65 55 2
0 1073 310 224 2 65 55 2
0 1073 311 223 2 65 55 2
0 1073 312 223 2 65 55 2
0 1073 313 222 2 65 55 2
0 1073 314 222 2 65 55 2
0 1073 315 222 2 65 55 2
0 1073 316 221 2 65 55 2
0 1073 317 221 2 65 55 2
0 1073 318 220 2 65 55 2
0 1073 319 220 2 65 55 2
0 1073 320 220 2 65 55 2
0 1073 321 219 2 65 55 2
0 1073 322 218 2 65 55 2
0 1073 323 217 2 65 55 2
0 1073 324 217 2 65 55 2
0 1073 325 216 2 65 55 2
0 1073 326 215 2 65 55 2
0 1073 327 214 2 65 55 2
0 1073 328 214 3 65 55 2
0 1073 329 214 3 65 55 2
0 1073 330 215 3 65 55 2
0 1073 331 215 3 65 55 2
0 1073 332 216 3 65 55 2
0 1073 333 216 3 65 55 2
0 1073 334 217 3 65 55 2
0 1073 335 217 3 65 55 2
0 1073 336 218 3 65 55 2
0 1073 337 218 3 65 55 2
0 1073 338 219 3 65 55 2
0 1073 339 219 3 65 55 2
0 1073 340 220 3 65 55 2
0 1073 341 221 3 65 55 2
0 1073 342 221 3 65 55 2
0 1073 343 222 3 65 55 2
0 1073 344 223 3 65 55 2
0 1073 345 223 3 65 55 2
0 1073 346 224 3 65 55 2
0 1073 347 225 3 65 55 2
0 1073 348 226 3 65 55 2
0 1073 349 225 3 65 55 2
0 1073 350 225 3 65 55 2
0 1073 351 225 3 65 55 2
0 1073 352 225 3 65 55 2
0 1073 353 225 3 65 55 2
0 1073 354 225 3 65 55 2
0 1073 355 225 3 65 55 2
0 1073 356 224 3 65 55 2
0 1073 357 224 3 65 55 2
0 1073 358 224 3 65 55 2
0 1073 359 224 3 65 55 2
0 1073 360 224 3 65 55 2
0 1073 361 224 3 65 55 2
0 1073 362 224 3 65 55 2
0 1073 363 224 3 65 55 2
0 1073 364 223 3 65 55 2
0 1073 365 223 3 65 55 2
0 1073 366 223 3 65 55 2
0 1073 367 223 3 65 55 2
0 1073 368 223 3 65 55 2
0 1073 369 223 3 65 55 2
0 1073 370 223 3 65 55 2
0 1073 371 223 3 65 55 2
0 1073 372 222 3 65 55 2
0 1073 373 222 3 65 55 2
0 1073 374 222 3 65 55 2
0 1073 375 222 3 65 55 2
0 1073 376 222 3 65 55 2
0 1073 377 222 3 65 55 2
0 1073 378 222 3 65 55 2
0 1073 379 221 3 65 55 2
0 1073 380 221 3 65 55 2
0 1073 381 221 3 65 55 2
0 1073 382 221 3 65 55 2
0 1073 383 221 3 65 55 2
0 1073 384 221 3 65 55 2
0 1073 385 221 3 65 55 2
0 1073 386 221 3 65 55 2
0 1073 387 220 3 65 55 2
0 1073 388 220 3 65 55 2
0 1073 389 220 3 65 55 2
0 1073 390 220 3 65 55 2
0 1073 391 220 3 65 55 2
0 1073 392 220 3 65 55 2
0 1073 393 220 3 65 55 2
0 1073 394 220 3 65 55 2
0 1073 395 219 3 65 55 2
0 1073 396 218 3 65 55 2
0 1073 397 217 3 65 55 2
0 1073 398 217 3 65 55 2
0 1073 399 216 3 65 55 2
0 1073 400 215 3 65 55 2
0 1073 401 214 3 65 55 2
0 1073 402 214 3 65 55 2
0 1073 403 213 3 65 55 2
0 1073 404 212 3 65 55 2
0 1073 405 212 3 65 55 2
0 1073 406 213 3 65 55 2
0 1073 407 214 3 65 55 2
0 1073 408 215 3 65 55 2
0 1073 409 216 3 65 55 2
0 1073 410 217 3 65 55 2
0 1073 411 218 3 65 55 2
0 1073 412 219 3 65 55 2
0 1073 413 221 3 65 55 2
0 1073 414 220 2 65 55 2
0 1073 415 220 2 65 55 2
0 1073 416 220 2 65 55 2
0 1073 417 220 2 65 55 2
0 1073 418 220 2 65 55 2
0 1073 419 220 2 65 55 2
0 1073 420 219 2 65 55 2
0 1073 421 219 2 65 55 2
0 1073 422 219 2 65 55 2
0 1073 423 219 2 65 55 2
0 1073 424 219 2 65 55 2
0 1073 425 219 2 65 55 2
0 1073 426 219 2 65 55 2
0 1073 427 218 1 65 55 2
0 1073 428 218 1 65 55 2
0 1073 429 218 1 65 55 2
0 1073 430 218 1 65 55 2
0 1073 431 218 1 65 55 2
0 1073 432 218 1 65 55 2
0 1073 433 217 1 65 55 2
0 1073 434 217 1 65 55 2
0 1073 435 217 1 65 55 2
0 1073 436 217 1 65 55 2
0 1073 437 217 1 65 55 2
0 1073 438 217 1 65 55 2
0 1073 439 217 1 65 55 2
0 1073 440 217 1 65 55 2
0 1073 441 217 1 65 55 2
0 1073 442 217 1 65 55 2
0 1073 443 217 1 65 55 2
0 1073 444 217 1 65 55 2
0 1073 445 217 1 65 55 2
0 1073 446 217 1 65 55 2
0 1073 447 217 1 65 55 2
0 1073 448 217 1 65 55 2
0 1073 449 217 1 65 55 2
0 1073 450 217 1 65 55 2
0 1073 451 217 1 65 55 2
0 1073 452 217 1 65 55 2
0 1073 453 217 1 65 55 2
0 1073 454 217 1 65 55 2
0 1073 455 217 1 65 55 2
0 1073 456 217 1 65 55 2
0 1073 457 217 1 65 55 2
0 1073 458 217 1 65 55 2
0 1073 459 217 1 65 55 2
0 1073 460 217 1 65 55 2
0 1073 461 217 1 65 55 2
0 1073 462 218 1 65 55 2
0 1073 463 218 1 65 55 2
0 1073 464 218 1 65 55 2
0 1073 465 218 1 65 55 2
0 1073 466 218 1 65 55 2
0 1073 467 218 1 65 55 2
0 1073 468 218 1 65 55 2
0 1073 469 218 1 65 55 2
0 1073 470 218 1 65 55 2
0 1073 471 218 1 65 55 2
0 1073 472 218 1 65 55 2
0 1073 473 218 1 65 55 2
0 1073 474 218 1 65 55 2
0 1073 475 218 1 65 55 2
0 1073 476 218 1 65 55 2
0 1073 477 218 1 65 55 2
0 1073 478 218 1 65 55 2
0 1073 479 218 1 65 55 2
0 1073 480 218 1 65 55 2
0 1073 481 218 1 65 55 2
0 1073 482 218 1 65 55 2
0 1073 483 218 1 65 55 2
0 1073 484 218 1 65 55 2
0 1073 485 219 1 65 55 2
0 1073 486 219 1 65 55 2
0 1073 487 219 1 65 55 2
0 1073 488 219 1 65 55 2
0 1073 489 219 1 65 55 2
0 1073 490 219 1 65 55 2
0 1073 491 219 1 65 55 2
0 1073 492 219 1 65 55 2
0 1073 493 219 1 65 55 2
0 1073 494 219 1 65 55 2
0 1073 495 219 1 65 55 2
0 1073 496 219 1 65 55 2
0 1073 497 219 1 65 55 2
0 1073 498 219 1 65 55 2
0 1073 499 219 1 65 55 2
0 1073 500 219 1 65 55 2
0 1073 501 219 1 65 55 2
0 1073 502 219 1 65 55 2
0 1073 503 219 1 65 55 2
0 1073 504 219 1 65 55 2
0 1073 505 219 1 65 55 2
0 1073 506 219 1 65 55 2
0 1073 507 220 1 65 55 2
0 1073 508 219 1 65 55 2
0 1073 509 219 1 65 55 2
0 1073 510 219 1 65 55 2
0 1073 511 219 1 65 55 2
0 1073 512 219 1 65 55 2
0 1073 513 219 1 65 55 2
0 1073 514 219 1 65 55 2
0 1073 515 219 1 65 55 2
0 1073 516 219 1 65 55 2
0 1073 517 219 1 65 55 2
0 1073 518 219 1 65 55 2
0 1073 519 219 1 65 55 2
0 1073 520 219 1 65 55 2
0 1073 521 219 1 65 55 2
0 1073 522 219 1 65 55 2
0 1073 523 219 1 65 55 2
0 1073 524 219 1 65 55 2
0 1073 525 219 1 65 55 2
0 1073 526 219 1 65 55 2
0 1073 527 219 1 65 55 2
0 1073 528 219 1 65 55 2
0 1073 529 219 1 65 55 2
0 1073 530 219 1 65 55 2
0 1073 531 219 1 65 55 2
0 1073 532 219 1 65 55 2
0 1073 533 219 1 65 55 2
0 1073 534 219 1 65 55 2
0 1073 535 219 1 65 55 2
0 1073 536 219 1 65 55 2
0 1073 537 219 1 65 55 2
0 1073 538 219 1 65 55 2
0 1073 539 219 1 65 55 2
0 1073 540 219 1 65 55 2
0 1073 541 218 1 65 55 2
0 1073 542 218 1 65 55 2
0 1073 543 218 1 65 55 2
0 1073 544 218 1 65 55 2
0 1073 545 218 1 65 55 2
0 1073 546 218 1 65 55 2
0 1073 547 218 1 65 55 2
0 1073 548 218 1 65 55 2
0 1073 549 218 1 65 55 2
0 1073 550 218 1 65 55 2
0 1073 551 218 1 65 55 2
0 1073 552 218 1 65 55 2
0 1073 553 218 1 65 55 2
0 1073 554 218 1 65 55 2
0 1073 555 218 1 65 55 2
0 1073 556 218 1 65 55 2
0 1073 557 218 1 65 55 2
0 1073 558 218 1 65 55 2
0 1073 559 218 1 65 55 2
0 1073 560 218 1 65 55 2
0 1073 561 218 1 65 55 2
0 1073 562 218 1 65 55 2
0 1073 563 218 1 65 55 2
0 1073 564 218 1 65 55 2
0 1073 565 218 1 65 55 2
0 1073 566 218 1 65 55 2
0 1073 567 218 1 65 55 2
0 1073 568 218 1 65 55 2
0 1073 569 218 1 65 55 2
0 1073 570 218 1 65 55 2
0 1073 571 218 1 65 55 2
0 1073 572 218 1 65 55 2
0 1073 573 218 1 65 55 2
0 1073 574 218 1 65 55 2
0 1073 575 218 1 65 55 2
0 1073 576 218 1 65 55 2
0 1073 577 218 1 65 55 2
0 1073 578 218 1 65 55 2
0 1073 579 218 1 65 55 2
0 1073 580 218 1 65 55 2
0 1073 581 218 1 65 55 2
0 1073 582 218 1 65 55 2
0 1073 583 218 1 65 55 2
0 1073 584 218 1 65 55 2
0 1073 585 218 1 65 55 2
0 1073 586 218 1 65 55 2
0 1073 587 218 1 65 55 2
0 1073 588 218 1 65 55 2
0 1073 589 218 1 65 55 2
0 1073 590 219 1 65 55 2
0 1073 591 219 1 65 55 2
0 1073 592 219 1 65 55 2
0 1073 593 219 1 65 55 2
0 1073 594 219 1 65 55 2
0 1073 595 219 1 65 55 2
0 1073 596 219 1 65 55 2
0 1073 597 219 1 65 55 2
0 1073 598 219 1 65 55 2
0 1073 599 219 1 65 55 2
0 1073 600 219 1 65 55 2
0 1073 601 219 1 65 55 2
0 1073 602 219 1 65 55 2
0 1073 603 219 1 65 55 2
0 1073 604 219 1 65 55 2
0 1073 605 219 1 65 55 2
0 1073 606 220 1 65 55 2
0 1073 607 220 1 65 55 2
0 1073 608 220 1 65 55 2
0 1073 609 220 1 65 55 2
0 1073 610 220 1 65 55 2
0 1073 611 220 1 65 55 2
0 1073 612 220 1 65 55 2
0 1073 613 220 1 65 55 2
0 1073 614 220 1 65 55 2
0 1073 615 220 1 65 55 2
0 1073 616 220 1 65 55 2
0 1073 617 220 1 65 55 2
0 1073 618 220 1 65 55 2
0 1073 619 220 1 65 55 2
0 1073 620 220 1 65 55 2
0 1073 621 220 1 65 55 2
0 1073 622 221 2 65 55 2
0 1073 623 221 1 65 56 2
0 1073 624 221 1 65 56 2
0 1073 625 221 1 65 56 2
0 1073 626 221 1 65 56 2
0 1073 627 221 1 65 57 2
0 1073 628 221 1 65 57 2
0 1073 629 221 1 65 57 2
0 1073 630 221 1 65 57 2
0 1073 631 221 1 65 58 2
0 1073 632 221 1 65 58 2
0 1073 633 221 1 65 58 2
0 1073 634 222 1 64 58 2
0 1073 635 222 1 65 58 2
0 1073 636 222 1 65 59 2
0 1073 637 222 1 65 59 2
0 1073 638 222 1 65 59 2
0 1073 639 222 1 65 59 2
0 1073 640 222 1 65 60 2
0 1073 641 222 1 65 60 2
0 1073 642 222 1 65 60 2
0 1073 643 222 1 65 60 2
0 1073 644 222 1 65 60 2
0 1073 645 223 1 64 61 2
0 1073 646 223 1 65 61 2
0 1073 647 223 1 65 61 2
0 1073 648 223 1 65 61 2
0 1073 649 223 1 65 62 2
0 1073 650 223 1 65 62 2
0 1073 651 223 1 65 62 2
0 1073 652 223 1 65 62 2
0 1073 653 223 1 65 63 2
0 1073 654 223 1 65 63 2
0 1073 655 223 1 65 63 2
0 1073 656 223 1 65 63 2
0 1073 657 224 1 65 64 2
0 1073 658 224 0 65 65 2
0 1073 659 224 0 65 65 2
0 1073 660 224 0 65 65 2
0 1073 661 224 0 65 65 2
0 1073 662 224 0 65 65 2
0 1073 663 224 0 66 65 2
0 1073 664 224 0 66 65 2
0 1073 665 224 0 66 65 2
0 1073 666 225 0 65 65 2
0 1073 667 225 0 65 65 2
0 1073 668 225 0 66 65 2
0 1073 669 225 0 66 65 2
0 1073 670 225 0 66 65 2
0 1073 671 225 0 66 65 2
0 1073 672 225 0 66 66 2
0 1073 673 225 0 67 66 2
0 1073 674 226 0 66 66 2
0 1073 675 226 0 66 66 2
0 1073 676 226 0 66 66 2
0 1073 677 226 0 66 66 2
0 1073 678 226 0 66 66 2
0 1073 679 226 0 67 66 2
0 1073 680 226 0 67 66 2
0 1073 681 226 0 67 66 2
0 1073 682 226 0 67 66 2
0 1073 683 227 0 66 66 2
0 1073 684 227 0 67 66 2
0 1073 685 227 0 67 66 2
0 1073 686 227 0 67 67 2
0 1073 687 227 0 67 67 2
0 1073 688 227 0 67 67 2
0 1073 689 227 0 68 67 2
0 1073 690 227 0 68 67 2
0 1073 691 228 0 67 67 2
0 1073 692 228 0 67 67 2
0 1073 693 228 0 67 67 2
0 1073 694 228 0 68 67 2
0 1073 695 228 0 68 67 2
0 1073 696 228 0 68 67 2
0 1073 697 228 0 68 67 2
0 1073 698 228 0 68 67 2
0 1073 699 229 0 68 68 2
0 1073 700 228 0 69 68 2
0 1073 701 228 0 69 68 2
0 1073 702 228 0 69 68 2
0 1073 703 228 0 70 68 2
0 1073 704 228 0 70 68 2
0 1073 705 228 0 70 68 2
0 1073 706 228 0 70 68 2
0 1073 707 228 0 71 68 2
0 1073 708 228 0 71 68 2
0 1073 709 228 0 71 68 2
0 1073 710 228 0 72 68 2
0 1073 711 228 0 72 68 2
0 1073 712 228 0 72 68 2
0 1073 713 228 0 72 68 2
0 1073 714 228 0 73 68 2
0 1073 715 228 0 73 68 2
0 1073 716 228 0 73 68 2
0 1073 717 228 0 74 68 2
0 1073 718 228 0 74 68 2
0 1073 719 228 0 74 68 2
0 1073 720 228 0 74 68 2
0 1073 721 227 0 76 68 2
0 1073 722 227 0 76 68 2
0 1073 723 227 0 76 68 2
0 1073 724 227 0 76 68 2
0 1073 725 227 0 77 68 2
0 1073 726 227 0 77 68 2
0 1073 727 227 0 77 68 2
0 1073 728 227 0 78 68 2
0 1073 729 227 0 78 68 2
0 1073 730 227 0 78 68 2
0 1073 731 227 0 78 68 2
0 1073 732 227 0 79 68 2
0 1073 733 227 0 79 68 2
0 1073 734 227 0 79 68 2
0 1073 735 227 0 80 68 2
0 1073 736 227 0 80 68 2
0 1073 737 227 0 80 68 2
0 1073 738 227 0 80 68 2
0 1073 739 227 0 81 68 2
0 1073 740 227 0 81 68 2
0 1073 741 227 0 81 68 2
0 1073 742 227 1 82 68 2
0 1073 743 227 0 82 69 2
0 1073 744 227 0 82 69 2
0 1073 745 227 0 82 69 2
0 1073 746 227 0 83 69 2
0 1073 747 227 0 83 70 2
0 1073 748 227 0 83 70 2
0 1073 749 227 0 84 70 2
0 1073 750 227 0 84 70 2
0 1073 751 227 0 84 70 2
0 1073 752 227 0 85 71 2
0 1073 753 227 0 85 71 2
0 1073 754 227 0 85 71 2
0 1073 755 227 0 86 71 2
0 1073 756 227 0 86 71 2
0 1073 757 227 0 86 72 2
0 1073 758 227 0 87 72 2
0 1073 759 227 0 87 72 2
0 1073 760 228 0 86 72 2
0 1073 761 228 0 87 73 2
0 1073 762 228 0 87 73 2
0 1073 763 228 0 87 73 2
0 1073 764 228 0 88 73 2
0 1073 765 228 0 88 73 2
0 1073 766 228 0 88 74 2
0 1073 767 228 0 89 74 2
0 1073 768 228 0 89 74 2
0 1073 769 228 0 89 74 2
0 1073 770 228 0 90 75 2
0 1073 771 228 0 90 75 2
0 1073 772 228 0 90 75 2
0 1073 773 228 0 91 75 2
0 1073 774 228 0 91 75 2
0 1073 775 228 0 91 76 2
0 1073 776 228 0 92 76 2
0 1073 777 228 0 92 76 2
0 1073 778 228 0 92 76 2
0 1073 779 229 0 92 77 2
0 1073 780 229 0 92 77 2
0 1073 781 229 0 93 77 2
0 1073 782 230 0 93 77 2
0 1073 783 230 0 94 77 2
0 1073 784 231 0 93 78 2
0 1073 785 231 0 94 78 2
0 1073 786 232 0 94 78 2
0 1073 787 232 0 95 78 2
0 1073 788 232 0 95 79 2
0 1073 789 233 0 95 79 2
0 1073 790 233 0 96 79 2
0 1073 791 234 0 96 79 2
0 1073 792 234 0 97 80 2
0 1073 793 235 0 96 80 2
0 1073 794 235 0 97 80 2
0 1073 795 236 0 97 80 2
0 1073 796 236 0 98 81 2
0 1073 797 236 0 98 81 2
0 1073 798 237 0 98 81 2
0 1073 799 237 0 99 81 2
0 1073 800 238 0 99 82 2
0 1073 801 238 0 100 82 2
0 1073 802 239 0 99 82 2
0 1073 803 239 0 100 82 2
0 1073 804 239 0 101 83 2
0 1073 805 240 0 101 83 2
0 1073 806 240 0 102 83 2
0 1073 807 241 0 101 83 2
0 1073 808 241 0 102 84 2
0 1073 809 242 0 102 84 2
0 1073 810 242 0 103 84 2
0 1073 811 243 0 103 85 2
0 1073 812 243 0 104 85 2
0 1073 813 244 0 104 85 2
0 1073 814 244 1 105 85 2
0 1073 815 245 1 105 85 2
0 1073 816 246 2 105 84 2
0 1073 817 246 2 106 85 2
0 1073 818 247 2 107 85 2
0 1073 819 247 3 108 84 2
0 1073 820 248 3 108 85 2
0 1073 821 249 4 108 84 2
0 1073 822 249 4 109 85 2
0 1073 823 250 4 109 85 2
0 1073 824 250 5 111 84 2
0 1073 825 251 5 111 85 2
0 1073 826 252 6 111 84 2
0 1073 827 252 6 112 84 2
0 1073 828 253 6 112 85 2
0 1073 829 253 7 113 84 2
0 1073 830 254 7 114 84 2
0 1073 831 255 8 114 84 2
0 1073 832 255 8 115 84 2
0 1073 833 256 8 115 85 2
0 1073 834 256 9 116 84 2
0 1073 835 257 9 116 84 2
0 1073 836 258 10 117 84 2
0 1073 837 258 10 118 84 2
0 1073 838 259 10 118 84 2
0 1073 839 259 11 119 84 2
0 1073 840 260 11 119 84 2
0 1073 841 261 12 120 84 2
0 1073 842 262 12 120 84 2
0 1073 843 263 12 120 85 2
0 1073 844 264 13 120 85 2
0 1073 845 265 13 120 85 2
0 1073 846 266 14 120 85 2
0 1073 847 267 14 121 86 2
0 1073 848 268 15 121 85 2
0 1073 849 269 15 121 86 2
0 1073 850 270 15 121 87 2
0 1073 851 272 16 120 87 2
0 1073 852 273 16 120 87 2
0 1073 853 274 17 121 87 2
0 1073 854 275 17 121 88 2
0 1073 855 276 18 121 87 2
0 1073 856 277 18 121 88 2
0 1073 857 278 18 121 89 2
0 1073 858 279 19 122 89 2
0 1073 859 280 19 122 89 2
0 1073 860 282 20 121 89 2
0 1073 861 283 20 121 90 2
0 1073 862 284 21 121 89 2
0 1073 863 285 21 121 90 2
0 1073 864 286 21 122 91 2
0 1073 865 287 22 122 91 2
0 1073 866 288 22 122 91 2
0 1073 867 289 23 122 91 2
0 1073 868 290 23 122 92 2
0 1073 869 292 24 122 92 2
0 1073 870 293 24 122 92 2
0 1073 871 294 25 122 91 2
0 1073 872 296 25 121 92 2
0 1073 873 297 26 121 91 2
0 1073 874 298 26 121 92 2
0 1073 875 300 27 120 91 2
0 1073 876 301 27 120 91 2
0 1073 877 302 28 120 91 2
0 1073 878 304 28 119 91 2
0 1073 879 305 29 119 91 2
0 1073 880 306 29 119 91 2
0 1073 881 308 30 118 91 2
0 1073 882 309 31 118 90 2
0 1073 883 310 31 118 90 2
0 1073 884 312 32 117 90 2
0 1073 885 313 32 117 90 2
0 1073 886 314 33 117 90 2
0 1073 887 316 33 116 90 2
0 1073 888 317 34 116 90 2
0 1073 889 318 34 116 90 2
0 1073 890 320 35 115 89 2
0 1073 891 321 35 115 90 2
0 1073 892 322 36 115 89 2
0 1073 893 324 36 114 90 2
0 1073 894 325 37 114 89 2
0 1073 895 327 38 114 89 2
0 1073 896 328 38 113 90 2
0 1073 897 329 39 113 90 2
0 1073 898 330 40 112 90 2
0 1073 899 332 41 111 90 2
0 1073 900 333 42 110 90 2
0 1073 901 334 43 110 90 2
0 1073 902 335 43 109 91 2
0 1073 903 337 44 108 91 2
0 1073 904 338 45 108 91 2
0 1073 905 339 46 107 91 2
0 1073 906 340 47 107 91 2
0 1073 907 342 48 105 91 2
0 1073 908 343 48 105 92 2
0 1073 909 344 49 104 92 2
0 1073 910 346 50 103 92 2
0 1073 911 347 51 103 92 2
0 1073 912 348 52 102 92 2
0 1073 913 349 53 102 92 2
0 1073 914 351 53 100 93 2
0 1073 915 352 54 100 93 2
0 1073 916 353 55 99 93 2
0 1073 917 354 56 99 93 2
0 1073 918 356 57 98 93 2
0 1073 919 357 58 97 93 2
0 1073 920 358 58 97 94 2
0 1073 921 359 59 96 94 2
0 1073 922 361 60 95 94 2
0 1073 923 362 61 94 94 2
0 1073 924 363 62 94 94 2
0 1073 925 365 63 93 95 2
0 1073 926 365 64 93 95 2
0 1073 927 365 65 93 96 2
0 1073 928 366 67 92 95 2
0 1073 929 366 68 92 96 2
0 1073 930 367 70 91 95 2
0 1073 931 367 71 91 96 2
0 1073 932 368 73 90 95 2
0 1073 933 368 74 90 96 2
0 1073 934 369 76 89 95 2
0 1073 935 369 77 89 96 2
0 1073 936 370 79 88 95 2
0 1073 937 370 80 88 96 2
0 1073 938 371 81 87 96 2
0 1073 939 371 83 87 96 2
0 1073 940 372 84 86 96 2
0 1073 941 372 86 86 96 2
0 1073 942 373 87 85 96 2
0 1073 943 373 89 86 96 2
0 1073 944 374 90 85 96 2
0 1073 945 374 92 85 96 2
0 1073 946 375 93 84 96 2
0 1073 947 375 95 84 96 2
0 1073 948 376 96 83 96 2
0 1073 949 376 97 83 97 2
0 1073 950 377 99 82 96 2
0 1073 951 377 100 82 97 2
0 1073 952 378 102 81 96 2
0 1073 953 378 103 81 97 2
0 1073 954 379 105 80 96 2
0 1073 955 379 106 80 97 2
0 1073 956 380 108 79 96 2
0 1073 957 380 109 79 97 2
0 1073 958 381 111 78 96 2
0 1073 959 381 112 78 97 2
0 1073 960 382 114 78 97 2
0 1073 961 382 116 78 97 2
0 1073 962 382 118 78 97 2
0 1073 963 382 120 79 98 2
0 1073 964 382 123 79 97 2
0 1073 965 383 125 78 98 2
0 1073 966 383 127 79 98 2
0 1073 967 383 129 79 98 2
0 1073 968 383 132 79 98 2
0 1073 969 384 134 79 98 2
0 1073 970 384 136 79 99 2
0 1073 971 384 138 79 99 2
0 1073 972 384 141 80 98 2
0 1073 973 385 143 79 99 2
0 1073 974 385 145 79 99 2
0 1073 975 385 147 80 100 2
0 1073 976 385 150 80 99 2
0 1073 977 386 152 79 99 2
0 1073 978 386 154 80 100 2
0 1073 979 386 157 80 99 2
0 1073 980 386 159 81 100 2
0 1073 981 386 161 81 100 2
0 1073 982 387 163 80 101 2
0 1073 983 387 166 81 100 2
0 1073 984 387 168 81 100 2
0 1073 985 387 170 81 101 2
0 1073 986 388 172 81 101 2
0 1073 987 388 175 81 101 2
0 1073 988 388 177 81 101 2
0 1073 989 388 179 82 101 2
0 1073 990 389 181 81 102 2
0 1073 991 389 184 81 101 2
0 1073 992 389 186 82 102 2
0 1073 993 389 188 82 102 2
0 1073 994 390 191 82 102 2
0 1073 995 390 192 82 103 2
0 1073 996 390 194 82 104 2
0 1073 997 390 196 82 104 2
0 1073 998 390 198 82 105 2
0 1073 999 390 200 83 106 2
0 1073 1000 390 202 83 106 2
0 1073 1001 390 204 83 107 2
0 1073 1002 390 205 83 108 2
0 1073 1003 390 207 84 109 2
0 1073 1004 390 209 84 110 2
0 1073 1005 390 211 84 110 2
0 1073 1006 390 213 84 111 2
0 1073 1007 390 215 85 112 2
0 1073 1008 390 217 85 112 2
0 1073 1009 390 218 85 114 2
0 1073 1010 390 220 86 114 2
0 1073 1011 390 222 86 115 2
0 1073 1012 390 224 86 116 2
0 1073 1013 390 226 86 116 2
0 1073 1014 390 228 87 117 2
0 1073 1015 390 229 87 119 2
0 1073 1016 390 231 87 119 2
0 1073 1017 390 233 87 120 2
0 1073 1018 390 235 88 121 2
0 1073 1019 390 237 88 121 2
0 1073 1020 390 239 88 122 2
0 1073 1021 391 241 88 123 2
0 1073 1022 391 244 88 123 2
0 1073 1023 391 247 88 124 2
0 1073 1024 391 250 89 125 2
0 1073 1025 391 254 89 125 2
0 1073 1026 391 257 89 126 2
0 1073 1027 391 260 90 127 2
0 1073 1028 391 264 90 127 2
0 1073 1029 391 267 91 128 2
0 1073 1030 391 271 91 128 2
0 1073 1031 392 274 90 130 2
0 1073 1032 392 277 91 131 2
0 1073 1033 392 281 91 131 2
0 1073 1034 392 284 92 132 2
0 1073 1035 392 288 92 132 2
0 1073 1036 392 292 93 133 2
0 1073 1037 392 295 93 134 2
0 1073 1038 392 299 93 134 2
0 1073 1039 393 302 93 136 2
0 1073 1040 393 306 93 136 2
0 1073 1041 393 310 94 136 2
0 1073 1042 393 313 94 138 2
0 1073 1043 393 317 95 138 2
0 1073 1044 393 321 95 139 2
0 1073 1045 393 325 95 139 2
0 1073 1046 393 329 96 140 2
0 1073 1047 393 332 96 141 2
0 1073 1048 394 336 96 142 2
0 1073 1049 394 340 96 142 2
0 1073 1050 394 344 97 143 2
0 1073 1051 394 348 97 144 2
0 1073 1052 394 352 98 145 2
0 1073 1053 394 356 98 145 2
0 1073 1054 394 360 99 146 2
0 1073 1055 395 364 98 147 2
0 1073 1056 395 368 99 148 2
0 1073 1057 395 372 99 149 2
0 1073 1058 395 377 100 148 2
0 1073 1059 395 381 100 149 2
0 1073 1060 395 385 101 150 2
0 1073 1061 395 389 101 151 2
0 1073 1062 396 394 101 152 2
0 1073 1063 396 399 101 153 2
0 1073 1064 396 404 101 154 2
0 1073 1065 396 409 102 155 2
0 1073 1066 396 414 102 156 2
0 1073 1067 396 419 103 158 2
0 1073 1068 396 424 103 159 2
0 1073 1069 396 430 104 159 2
0 1073 1070 396 435 104 160 2
0 1073 1071 396 440 104 162 2
0 1073 1072 396 445 105 163 2
0 1073 1073 397 450 104 164 2
0 1073 1074 397 455 105 165 2
0 1073 1075 397 461 105 166 2
0 1073 1076 397 466 106 167 2
0 1073 1077 397 471 106 168 2
0 1073 1078 397 476 107 169 2
0 1073 1079 397 481 107 171 2
0 1073 1080 397 486 107 172 2
0 1073 1081 397 491 108 173 2
0 1073 1082 397 496 108 175 2
0 1073 1083 397 502 109 175 2
0 1073 1084 397 507 109 176 2
0 1073 1085 398 512 109 177 2
0 1073 1086 398 517 109 179 2
0 1073 1087 398 522 110 180 2
0 1073 1088 398 527 110 181 2
0 1073 1089 398 532 111 183 2
0 1073 1090 398 537 111 184 2
0 1073 1091 398 542 112 185 2
0 1073 1092 398 547 112 187 2
0 1073 1093 398 553 113 187 2
0 1073 1094 398 558 113 188 2
0 1073 1095 398 563 114 189 2
0 1073 1096 398 568 114 191 2
0 1073 1097 398 573 114 192 2
0 1073 1098 398 578 115 193 2
0 1073 1099 398 583 115 195 2
0 1073 1100 398 588 116 196 2
0 1073 1101 398 593 116 197 2
0 1073 1102 398 598 117 199 2
0 1073 1103 398 603 117 200 2
0 1073 1104 398 608 118 201 2
0 1073 1105 398 613 118 203 2
0 1073 1106 398 618 119 204 2
0 1073 1107 399 624 119 205 2
0 1073 1108 398 630 120 206 2
0 1073 1109 397 637 121 207 2
0 1073 1110 396 643 122 208 2
0 1073 1111 395 650 123 209 2
0 1073 1112 394 656 124 210 2
0 1073 1113 393 663 125 211 2
0 1073 1114 392 670 127 212 2
0 1073 1115 391 676 128 213 2
0 1073 1116 391 683 128 214 2
0 1073 1117 390 689 129 215 2
0 1073 1118 389 696 130 216 2
0 1073 1119 388 702 131 218 2
0 1073 1120 387 709 133 218 2
0 1073 1121 386 715 134 220 2
0 1073 1122 385 722 135 221 2
0 1073 1123 384 728 136 222 2
0 1073 1124 383 735 137 223 2
0 1073 1125 383 742 138 224 2
0 1073 1126 382 749 138 226 2
0 1073 1127 381 757 138 227 2
0 1073 1128 380 764 139 229 2
0 1073 1129 379 772 139 230 2
0 1073 1130 378 779 140 232 2
0 1073 1131 377 787 140 233 2
0 1073 1132 376 794 141 235 2
0 1073 1133 375 802 141 236 2
0 1073 1134 374 809 142 238 2
0 1073 1135 374 817 142 240 2
0 1073 1136 373 823 142 235 2
0 1073 1137 373 829 142 231 2
0 1073 1138 373 836 142 226 2
0 1073 1139 372 842 143 221 2
0 1073 1140 372 848 143 217 2
0 1073 1141 372 855 143 212 2
0 1073 1142 372 861 143 208 2
0 1073 1143 371 867 144 204 2
0 1073 1144 371 873 144 200 2
0 1073 1145 371 880 145 195 2
0 1073 1146 371 888 143 186 2
0 1073 1147 371 896 142 177 2
0 1073 1148 371 903 140 170 2
0 1073 1149 371 911 139 161 2
0 1073 1150 371 919 138 153 2
0 1073 1151 371 926 137 146 2
0 1073 1152 371 934 136 137 2
0 1073 1153 370 941 136 130 2
0 1073 1154 370 948 135 123 2
0 1073 1155 370 956 135 116 2
0 1073 1156 370 956 135 116 2
0 1073 1157 370 956 135 116 2
1 51 222 181 0 29 44 1
1 51 223 182 0 29 44 1
1 51 224 183 0 29 44 1
1 51 225 184 0 29 45 1
1 51 226 185 0 29 45 1
1 51 227 186 0 29 46 1
1 51 228 187 0 29 46 1
1 51 229 188 0 29 47 1
1 51 230 189 0 29 47 1
1 51 231 190 0 29 48 1
1 51 232 192 0 29 49 1
1 51 233 193 0 29 48 1
1 51 234 195 0 28 48 1
1 51 235 196 0 29 48 1
1 51 236 198 0 28 48 1
1 51 237 199 0 29 48 1
1 51 238 201 0 28 48 1
1 51 239 202 0 29 48 1
1 51 240 204 0 28 48 1
1 51 241 205 0 29 48 1
1 51 242 207 0 29 49 1
1 51 243 207 0 29 48 1
1 51 244 208 0 29 48 1
1 51 245 209 0 29 48 1
1 51 246 210 0 29 47 1
1 51 247 211 0 28 47 1
1 51 248 211 0 29 47 1
1 51 249 212 0 29 46 1
1 51 250 213 0 29 46 1
1 51 251 214 0 29 46 1
1 51 252 215 0 29 46 1
1 51 253 214 0 29 46 1
1 51 254 214 0 29 46 1
1 51 255 214 0 29 46 1
1 51 256 214 0 29 46 1
1 51 257 214 0 29 46 1
1 51 258 214 0 29 46 1
1 51 259 214 0 29 46 1
1 51 260 214 0 29 46 1
1 51 261 214 0 29 46 1
1 51 262 1 51 263 1 51 264 1 51 265 1 51 266 1 51 267 1 51 268 215 0 28 43 1
1 51 269 215 0 27 42 1
1 51 270 215 0 27 41 1
1 51 271 215 0 27 41 1
1 51 272 216 0 27 41 1
