0 11 108 972 1079 1  0 0 0 0 0 0 0 0 0 1 0 0 0 0 0 0 0 0
1 9 1167 864 2030 1  0 0 0 0 0 0 0 0 0 0 0 0 0 0 1 0 0 0
2 11 60 1855 1914 1  0 0 0 0 0 0 0 0 0 0 0 0 1 0 0 0 0 0
3 11 76 2029 2104 1  0 0 0 0 0 0 0 0 1 0 0 0 0 0 0 0 0 0
4 9 657 601 1257 1  0 0 0 0 0 0 0 0 0 0 0 0 0 1 0 0 0 0
5 9 999 43 1041 1  0 0 0 0 0 0 0 0 0 1 0 0 0 0 0 0 0 0
6 9 924 43 966 1  0 0 1 0 0 0 0 0 0 0 0 0 0 0 0 0 0 0
7 11 47 954 1000 1  0 0 1 0 0 0 0 0 0 0 0 0 0 0 0 0 0 0
8 12 47 827 873 1  0 0 0 0 0 0 0 0 0 0 0 0 1 0 0 0 0 0
9 9 31 891 921 1  0 0 0 1 0 0 0 0 0 0 0 0 0 0 0 0 0 0
10 9 528 1500 2027 1  0 0 0 0 0 0 1 0 0 0 0 0 0 0 0 0 0 0
11 9 622 900 1521 1  0 0 0 0 0 0 0 0 0 0 0 0 0 0 0 1 0 0
