87 9 80 709 788 709 0 308 60 85 
87 9 80 709 788 710 0 308 62 85 
87 9 80 709 788 711 0 308 64 85 
87 9 80 709 788 712 1 308 64 85 
87 9 80 709 788 713 3 308 64 85 
87 9 80 709 788 714 5 308 64 85 
87 9 80 709 788 715 7 308 64 85 
87 9 80 709 788 716 8 308 64 85 
87 9 80 709 788 717 12 306 64 88 
87 9 80 709 788 718 14 306 64 88 
87 9 80 709 788 719 16 306 64 88 
87 9 80 709 788 720 17 306 64 88 
87 9 80 709 788 721 19 306 64 88 
87 9 80 709 788 722 21 306 64 88 
87 9 80 709 788 723 23 306 64 88 
87 9 80 709 788 724 24 306 64 88 
87 9 80 709 788 725 28 305 64 90 
87 9 80 709 788 726 30 305 64 90 
87 9 80 709 788 727 32 305 64 90 
87 9 80 709 788 728 33 305 64 90 
87 9 80 709 788 729 35 305 64 90 
87 9 80 709 788 730 37 305 64 90 
87 9 80 709 788 731 39 305 64 90 
87 9 80 709 788 732 40 305 64 90 
87 9 80 709 788 733 44 305 64 90 
87 9 80 709 788 734 46 305 64 90 
87 9 80 709 788 735 48 305 64 90 
87 9 80 709 788 736 49 305 64 90 
87 9 80 709 788 737 51 305 64 90 
87 9 80 709 788 738 53 305 64 90 
87 9 80 709 788 739 54 305 66 90 
87 9 80 709 788 740 55 305 68 90 
87 9 80 709 788 741 57 305 68 90 
87 9 80 709 788 742 59 305 68 90 
87 9 80 709 788 743 61 305 68 90 
87 9 80 709 788 744 63 305 66 90 
87 9 80 709 788 745 63 305 72 90 
87 9 80 709 788 746 65 305 72 90 
87 9 80 709 788 747 67 305 70 90 
87 9 80 709 788 748 69 305 70 90 
87 9 80 709 788 749 70 305 72 90 
87 9 80 709 788 750 72 305 72 90 
87 9 80 709 788 751 73 305 74 90 
87 9 80 709 788 752 75 305 74 90 
87 9 80 709 788 753 77 305 74 90 
87 9 80 709 788 754 78 305 76 90 
87 9 80 709 788 755 80 305 74 90 
87 9 80 709 788 756 81 305 78 90 
87 9 80 709 788 757 83 303 78 90 
87 9 80 709 788 758 84 303 80 90 
87 9 80 709 788 759 86 303 78 90 
87 9 80 709 788 760 91 303 74 90 
87 9 80 709 788 761 93 303 74 90 
87 9 80 709 788 762 93 303 78 90 
87 9 80 709 788 763 95 303 78 90 
87 9 80 709 788 764 100 303 74 90 
87 9 80 709 788 765 101 301 76 90 
87 9 80 709 788 766 103 301 76 90 
87 9 80 709 788 767 104 301 78 90 
87 9 80 709 788 768 109 301 74 90 
87 9 80 709 788 769 110 301 76 90 
87 9 80 709 788 770 112 301 74 90 
87 9 80 709 788 771 114 301 74 90 
87 9 80 709 788 772 117 301 76 90 
87 9 80 709 788 773 119 298 76 91 
87 9 80 709 788 774 121 298 74 91 
87 9 80 709 788 775 123 298 74 91 
87 9 80 709 788 776 125 298 74 91 
87 9 80 709 788 777 126 298 76 91 
87 9 80 709 788 778 130 298 74 91 
87 9 80 709 788 779 132 298 74 91 
87 9 80 709 788 780 133 298 76 91 
87 9 80 709 788 781 135 298 76 91 
87 9 80 709 788 782 137 298 74 91 
87 9 80 709 788 783 141 298 74 91 
87 9 80 709 788 784 142 298 76 91 
87 9 80 709 788 785 144 298 74 91 
87 9 80 709 788 786 146 298 74 91 
87 9 80 709 788 787 148 298 74 91 
87 9 80 709 788 788 151 298 76 91 
