20 3 58 168 225 168 916 456 118 95 
20 3 58 168 225 169 916 456 118 95 
20 3 58 168 225 170 916 456 118 95 
20 3 58 168 225 171 916 456 118 95 
20 3 58 168 225 172 916 456 118 95 
20 3 58 168 225 173 916 456 118 95 
20 3 58 168 225 174 916 456 118 95 
20 3 58 168 225 175 916 456 118 95 
20 3 58 168 225 176 916 456 118 95 
20 3 58 168 225 177 916 456 118 95 
20 3 58 168 225 178 916 456 118 95 
20 3 58 168 225 179 916 456 118 95 
20 3 58 168 225 180 916 456 118 95 
20 3 58 168 225 181 916 456 118 95 
20 3 58 168 225 182 916 456 118 95 
20 3 58 168 225 183 916 456 118 95 
20 3 58 168 225 184 916 456 118 95 
20 3 58 168 225 185 916 456 118 95 
20 3 58 168 225 186 916 456 118 95 
20 3 58 168 225 187 916 456 118 95 
20 3 58 168 225 188 916 456 118 95 
20 3 58 168 225 189 916 456 118 95 
20 3 58 168 225 190 916 456 118 95 
20 3 58 168 225 191 916 456 118 95 
20 3 58 168 225 192 916 456 118 95 
20 3 58 168 225 193 916 456 118 95 
20 3 58 168 225 194 916 456 118 95 
20 3 58 168 225 195 916 456 118 95 
20 3 58 168 225 196 916 456 118 95 
20 3 58 168 225 197 916 456 118 95 
20 3 58 168 225 198 916 456 118 95 
20 3 58 168 225 199 916 456 118 95 
20 3 58 168 225 200 916 456 118 95 
20 3 58 168 225 201 916 456 118 95 
20 3 58 168 225 202 916 456 118 95 
20 3 58 168 225 203 916 456 118 95 
20 3 58 168 225 204 916 456 118 95 
20 3 58 168 225 205 916 456 118 95 
20 3 58 168 225 206 916 456 118 95 
20 3 58 168 225 207 916 456 118 95 
20 3 58 168 225 208 916 456 118 95 
20 3 58 168 225 209 916 456 118 95 
20 3 58 168 225 210 916 456 118 95 
20 3 58 168 225 211 916 456 118 95 
20 3 58 168 225 212 916 456 118 95 
20 3 58 168 225 213 916 456 118 95 
20 3 58 168 225 214 916 456 118 95 
20 3 58 168 225 215 916 456 118 95 
20 3 58 168 225 216 916 456 118 95 
20 3 58 168 225 217 916 456 118 95 
20 3 58 168 225 218 916 456 118 95 
20 3 58 168 225 219 916 456 118 95 
20 3 58 168 225 220 916 456 118 95 
20 3 58 168 225 221 916 456 118 95 
20 3 58 168 225 222 916 456 118 95 
20 3 58 168 225 223 916 456 118 95 
20 3 58 168 225 224 916 456 118 95 
20 3 58 168 225 225 916 456 118 95 
21 4 65 400 464 400 919 449 138 120 
21 4 65 400 464 401 919 449 138 120 
21 4 65 400 464 402 919 449 138 120 
21 4 65 400 464 403 919 449 138 120 
21 4 65 400 464 404 919 449 138 120 
21 4 65 400 464 405 919 449 138 120 
21 4 65 400 464 406 919 449 138 120 
21 4 65 400 464 407 919 449 138 120 
21 4 65 400 464 408 919 449 138 120 
21 4 65 400 464 409 919 449 138 120 
21 4 65 400 464 410 919 449 138 120 
21 4 65 400 464 411 919 449 138 120 
21 4 65 400 464 412 919 449 138 120 
21 4 65 400 464 413 919 449 138 120 
21 4 65 400 464 414 919 449 138 120 
21 4 65 400 464 415 919 449 138 120 
21 4 65 400 464 416 919 449 138 120 
21 4 65 400 464 417 919 449 138 120 
21 4 65 400 464 418 919 449 138 120 
21 4 65 400 464 419 919 449 138 120 
21 4 65 400 464 420 919 449 138 120 
21 4 65 400 464 421 919 449 138 120 
21 4 65 400 464 422 919 449 138 120 
21 4 65 400 464 423 919 449 138 120 
21 4 65 400 464 424 919 449 138 120 
21 4 65 400 464 425 919 449 138 120 
21 4 65 400 464 426 919 449 138 120 
21 4 65 400 464 427 919 449 138 120 
21 4 65 400 464 428 919 449 138 120 
21 4 65 400 464 429 919 449 138 120 
21 4 65 400 464 430 919 449 138 120 
21 4 65 400 464 431 919 449 138 120 
21 4 65 400 464 432 919 449 138 120 
21 4 65 400 464 433 919 449 138 120 
21 4 65 400 464 434 919 449 138 120 
21 4 65 400 464 435 919 449 138 120 
21 4 65 400 464 436 919 449 138 120 
21 4 65 400 464 437 919 449 138 120 
21 4 65 400 464 438 919 449 138 120 
21 4 65 400 464 439 919 449 138 120 
21 4 65 400 464 440 919 449 138 120 
21 4 65 400 464 441 919 449 138 120 
21 4 65 400 464 442 919 449 138 120 
21 4 65 400 464 443 919 449 138 120 
21 4 65 400 464 444 919 449 138 120 
21 4 65 400 464 445 919 449 138 120 
21 4 65 400 464 446 919 449 138 120 
21 4 65 400 464 447 919 449 138 120 
21 4 65 400 464 448 919 449 138 120 
21 4 65 400 464 449 919 449 138 120 
21 4 65 400 464 450 919 449 138 120 
21 4 65 400 464 451 919 449 138 120 
21 4 65 400 464 452 919 449 138 120 
21 4 65 400 464 453 919 449 138 120 
21 4 65 400 464 454 919 449 138 120 
21 4 65 400 464 455 919 449 138 120 
21 4 65 400 464 456 919 449 138 120 
21 4 65 400 464 457 919 449 138 120 
21 4 65 400 464 458 919 449 138 120 
21 4 65 400 464 459 919 449 138 120 
21 4 65 400 464 460 919 449 138 120 
21 4 65 400 464 461 919 449 138 120 
21 4 65 400 464 462 919 449 138 120 
21 4 65 400 464 463 919 449 138 120 
21 4 65 400 464 464 919 449 138 120 
22 5 224 536 759 536 999 461 145 127 
22 5 224 536 759 537 999 461 145 127 
22 5 224 536 759 538 999 461 145 127 
22 5 224 536 759 539 999 461 145 127 
22 5 224 536 759 540 999 461 145 127 
22 5 224 536 759 541 999 461 145 127 
22 5 224 536 759 542 999 461 145 127 
22 5 224 536 759 543 999 461 145 127 
22 5 224 536 759 544 999 461 145 127 
22 5 224 536 759 545 999 461 145 127 
22 5 224 536 759 546 999 461 145 127 
22 5 224 536 759 547 999 461 145 127 
22 5 224 536 759 548 999 461 145 127 
22 5 224 536 759 549 999 461 145 127 
22 5 224 536 759 550 999 461 145 127 
22 5 224 536 759 551 999 461 145 127 
22 5 224 536 759 552 999 461 145 127 
22 5 224 536 759 553 999 461 145 127 
22 5 224 536 759 554 999 461 145 127 
22 5 224 536 759 555 999 461 145 127 
22 5 224 536 759 556 999 461 145 127 
22 5 224 536 759 557 999 461 145 127 
22 5 224 536 759 558 999 461 145 127 
22 5 224 536 759 559 999 461 145 127 
22 5 224 536 759 560 999 461 145 127 
22 5 224 536 759 561 999 461 145 127 
22 5 224 536 759 562 999 461 145 127 
22 5 224 536 759 563 999 461 145 127 
22 5 224 536 759 564 999 461 145 127 
22 5 224 536 759 565 999 461 145 127 
22 5 224 536 759 566 999 461 145 127 
22 5 224 536 759 567 999 461 145 127 
22 5 224 536 759 568 999 461 145 127 
22 5 224 536 759 569 999 461 145 127 
22 5 224 536 759 570 999 461 145 127 
22 5 224 536 759 571 999 461 145 127 
22 5 224 536 759 572 999 461 145 127 
22 5 224 536 759 573 999 461 145 127 
22 5 224 536 759 574 999 461 145 127 
22 5 224 536 759 575 999 461 145 127 
22 5 224 536 759 576 999 461 145 127 
22 5 224 536 759 577 999 461 145 127 
22 5 224 536 759 578 999 461 145 127 
22 5 224 536 759 579 999 461 145 127 
22 5 224 536 759 580 999 461 145 127 
22 5 224 536 759 581 999 461 145 127 
22 5 224 536 759 582 999 461 145 127 
22 5 224 536 759 583 999 461 145 127 
22 5 224 536 759 584 999 461 145 127 
22 5 224 536 759 585 999 461 145 127 
22 5 224 536 759 586 999 461 145 127 
22 5 224 536 759 587 999 461 145 127 
22 5 224 536 759 588 999 461 145 127 
22 5 224 536 759 589 999 461 145 127 
22 5 224 536 759 590 999 461 145 127 
22 5 224 536 759 591 999 461 145 127 
22 5 224 536 759 592 999 461 145 127 
22 5 224 536 759 593 999 461 145 127 
22 5 224 536 759 594 999 461 145 127 
22 5 224 536 759 595 999 461 145 127 
22 5 224 536 759 596 999 461 145 127 
22 5 224 536 759 597 999 461 145 127 
22 5 224 536 759 598 999 461 145 127 
22 5 224 536 759 599 999 461 145 127 
22 5 224 536 759 600 999 461 145 127 
22 5 224 536 759 601 999 461 145 127 
22 5 224 536 759 602 999 461 145 127 
22 5 224 536 759 603 999 461 145 127 
22 5 224 536 759 604 999 461 145 127 
22 5 224 536 759 605 999 461 145 127 
22 5 224 536 759 606 999 461 145 127 
22 5 224 536 759 607 999 461 145 127 
22 5 224 536 759 608 999 461 145 127 
22 5 224 536 759 609 999 461 145 127 
22 5 224 536 759 610 999 461 145 127 
22 5 224 536 759 611 999 461 145 127 
22 5 224 536 759 612 999 461 145 127 
22 5 224 536 759 613 999 461 145 127 
22 5 224 536 759 614 999 461 145 127 
22 5 224 536 759 615 999 461 145 127 
22 5 224 536 759 616 999 461 145 127 
22 5 224 536 759 617 999 461 145 127 
22 5 224 536 759 618 999 461 145 127 
22 5 224 536 759 619 999 461 145 127 
22 5 224 536 759 620 999 461 145 127 
22 5 224 536 759 621 999 461 145 127 
22 5 224 536 759 622 999 461 145 127 
22 5 224 536 759 623 999 461 145 127 
22 5 224 536 759 624 999 461 145 127 
22 5 224 536 759 625 999 461 145 127 
22 5 224 536 759 626 999 461 145 127 
22 5 224 536 759 627 999 461 145 127 
22 5 224 536 759 628 999 461 145 127 
22 5 224 536 759 629 999 461 145 127 
22 5 224 536 759 630 999 461 145 127 
22 5 224 536 759 631 999 461 145 127 
22 5 224 536 759 632 999 461 145 127 
22 5 224 536 759 633 999 461 145 127 
22 5 224 536 759 634 999 461 145 127 
22 5 224 536 759 635 999 461 145 127 
22 5 224 536 759 636 999 461 145 127 
22 5 224 536 759 637 999 461 145 127 
22 5 224 536 759 638 999 461 145 127 
22 5 224 536 759 639 999 461 145 127 
22 5 224 536 759 640 999 461 145 127 
22 5 224 536 759 641 999 461 145 127 
22 5 224 536 759 642 999 461 145 127 
22 5 224 536 759 643 999 461 145 127 
22 5 224 536 759 644 999 461 145 127 
22 5 224 536 759 645 999 461 145 127 
22 5 224 536 759 646 999 461 145 127 
22 5 224 536 759 647 999 461 145 127 
22 5 224 536 759 648 999 461 145 127 
22 5 224 536 759 649 999 461 145 127 
22 5 224 536 759 650 999 461 145 127 
22 5 224 536 759 651 999 461 145 127 
22 5 224 536 759 652 999 461 145 127 
22 5 224 536 759 653 999 461 145 127 
22 5 224 536 759 654 999 461 145 127 
22 5 224 536 759 655 999 461 145 127 
22 5 224 536 759 656 999 461 145 127 
22 5 224 536 759 657 999 461 145 127 
22 5 224 536 759 658 999 461 145 127 
22 5 224 536 759 659 999 461 145 127 
22 5 224 536 759 660 999 461 145 127 
22 5 224 536 759 661 999 461 145 127 
22 5 224 536 759 662 999 461 145 127 
22 5 224 536 759 663 999 461 145 127 
22 5 224 536 759 664 999 461 145 127 
22 5 224 536 759 665 999 461 145 127 
22 5 224 536 759 666 999 461 145 127 
22 5 224 536 759 667 999 461 145 127 
22 5 224 536 759 668 999 461 145 127 
22 5 224 536 759 669 999 461 145 127 
22 5 224 536 759 670 999 461 145 127 
22 5 224 536 759 671 999 461 145 127 
22 5 224 536 759 672 999 461 145 127 
22 5 224 536 759 673 999 461 145 127 
22 5 224 536 759 674 999 461 145 127 
22 5 224 536 759 675 999 461 145 127 
22 5 224 536 759 676 999 461 145 127 
22 5 224 536 759 677 999 461 145 127 
22 5 224 536 759 678 999 461 145 127 
22 5 224 536 759 679 999 461 145 127 
22 5 224 536 759 680 999 461 145 127 
22 5 224 536 759 681 999 461 145 127 
22 5 224 536 759 682 999 461 145 127 
22 5 224 536 759 683 999 461 145 127 
22 5 224 536 759 684 999 461 145 127 
22 5 224 536 759 685 999 461 145 127 
22 5 224 536 759 686 999 461 145 127 
22 5 224 536 759 687 999 461 145 127 
22 5 224 536 759 688 999 461 145 127 
22 5 224 536 759 689 999 461 145 127 
22 5 224 536 759 690 999 461 145 127 
22 5 224 536 759 691 999 461 145 127 
22 5 224 536 759 692 999 461 145 127 
22 5 224 536 759 693 999 461 145 127 
22 5 224 536 759 694 999 461 145 127 
22 5 224 536 759 695 999 461 145 127 
22 5 224 536 759 696 999 461 145 127 
22 5 224 536 759 697 999 461 145 127 
22 5 224 536 759 698 999 461 145 127 
22 5 224 536 759 699 999 461 145 127 
22 5 224 536 759 700 999 461 145 127 
22 5 224 536 759 701 999 461 145 127 
22 5 224 536 759 702 999 461 145 127 
22 5 224 536 759 703 999 461 145 127 
22 5 224 536 759 704 999 461 145 127 
22 5 224 536 759 705 999 461 145 127 
22 5 224 536 759 706 999 461 145 127 
22 5 224 536 759 707 999 461 145 127 
22 5 224 536 759 708 999 461 145 127 
22 5 224 536 759 709 999 461 145 127 
22 5 224 536 759 710 999 461 145 127 
22 5 224 536 759 711 999 461 145 127 
22 5 224 536 759 712 999 461 145 127 
22 5 224 536 759 713 999 461 145 127 
22 5 224 536 759 714 999 461 145 127 
22 5 224 536 759 715 999 461 145 127 
22 5 224 536 759 716 999 461 145 127 
22 5 224 536 759 717 999 461 145 127 
22 5 224 536 759 718 999 461 145 127 
22 5 224 536 759 719 999 461 145 127 
22 5 224 536 759 720 999 461 145 127 
22 5 224 536 759 721 999 461 145 127 
22 5 224 536 759 722 999 461 145 127 
22 5 224 536 759 723 999 461 145 127 
22 5 224 536 759 724 999 461 145 127 
22 5 224 536 759 725 999 461 145 127 
22 5 224 536 759 726 999 461 145 127 
22 5 224 536 759 727 999 461 145 127 
22 5 224 536 759 728 999 461 145 127 
22 5 224 536 759 729 999 461 145 127 
22 5 224 536 759 730 999 461 145 127 
22 5 224 536 759 731 999 461 145 127 
22 5 224 536 759 732 999 461 145 127 
22 5 224 536 759 733 999 461 145 127 
22 5 224 536 759 734 999 461 145 127 
22 5 224 536 759 735 999 461 145 127 
22 5 224 536 759 736 999 461 145 127 
22 5 224 536 759 737 999 461 145 127 
22 5 224 536 759 738 999 461 145 127 
22 5 224 536 759 739 999 461 145 127 
22 5 224 536 759 740 999 461 145 127 
22 5 224 536 759 741 999 461 145 127 
22 5 224 536 759 742 999 461 145 127 
22 5 224 536 759 743 999 461 145 127 
22 5 224 536 759 744 999 461 145 127 
22 5 224 536 759 745 999 461 145 127 
22 5 224 536 759 746 999 461 145 127 
22 5 224 536 759 747 999 461 145 127 
22 5 224 536 759 748 999 461 145 127 
22 5 224 536 759 749 999 461 145 127 
22 5 224 536 759 750 999 461 145 127 
22 5 224 536 759 751 999 461 145 127 
22 5 224 536 759 752 999 461 145 127 
22 5 224 536 759 753 999 461 145 127 
22 5 224 536 759 754 999 461 145 127 
22 5 224 536 759 755 999 461 145 127 
22 5 224 536 759 756 999 461 145 127 
22 5 224 536 759 757 999 461 145 127 
22 5 224 536 759 758 999 461 145 127 
22 5 224 536 759 759 999 461 145 127 
