72 5 150 184 333 184 202 288 106 62 
72 5 150 184 333 185 202 288 106 62 
72 5 150 184 333 186 202 288 106 62 
72 5 150 184 333 187 202 288 106 62 
72 5 150 184 333 188 202 288 106 62 
72 5 150 184 333 189 202 288 106 62 
72 5 150 184 333 190 202 288 106 62 
72 5 150 184 333 191 202 288 106 62 
72 5 150 184 333 192 202 288 106 62 
72 5 150 184 333 193 202 288 106 62 
72 5 150 184 333 194 202 288 106 62 
72 5 150 184 333 195 202 288 106 62 
72 5 150 184 333 196 202 288 106 62 
72 5 150 184 333 197 202 288 106 62 
72 5 150 184 333 198 202 288 106 62 
72 5 150 184 333 199 202 288 106 62 
72 5 150 184 333 200 202 288 106 62 
72 5 150 184 333 201 202 288 106 62 
72 5 150 184 333 202 202 288 106 62 
72 5 150 184 333 203 202 288 106 62 
72 5 150 184 333 204 202 288 106 62 
72 5 150 184 333 205 202 288 106 62 
72 5 150 184 333 206 202 288 106 62 
72 5 150 184 333 207 202 288 106 62 
72 5 150 184 333 208 202 288 106 62 
72 5 150 184 333 209 202 288 106 62 
72 5 150 184 333 210 202 288 106 62 
72 5 150 184 333 211 202 288 106 62 
72 5 150 184 333 212 202 288 106 62 
72 5 150 184 333 213 202 288 106 62 
72 5 150 184 333 214 202 288 106 62 
72 5 150 184 333 215 202 288 106 62 
72 5 150 184 333 216 202 288 106 62 
72 5 150 184 333 217 202 288 106 62 
72 5 150 184 333 218 202 288 106 62 
72 5 150 184 333 219 202 288 106 62 
72 5 150 184 333 220 202 288 106 62 
72 5 150 184 333 221 202 288 106 62 
72 5 150 184 333 222 202 288 106 62 
72 5 150 184 333 223 202 288 106 62 
72 5 150 184 333 224 202 288 106 62 
72 5 150 184 333 225 202 288 106 62 
72 5 150 184 333 226 202 288 106 62 
72 5 150 184 333 227 202 288 106 62 
72 5 150 184 333 228 202 288 106 62 
72 5 150 184 333 229 202 288 106 62 
72 5 150 184 333 230 202 288 106 62 
72 5 150 184 333 231 202 288 106 62 
72 5 150 184 333 232 202 288 106 62 
72 5 150 184 333 233 202 288 106 62 
72 5 150 184 333 234 202 288 106 62 
72 5 150 184 333 235 202 288 106 62 
72 5 150 184 333 236 202 288 106 62 
72 5 150 184 333 237 202 288 106 62 
72 5 150 184 333 238 202 288 106 62 
72 5 150 184 333 239 202 288 106 62 
72 5 150 184 333 240 202 288 106 62 
72 5 150 184 333 241 202 288 106 62 
72 5 150 184 333 242 202 288 106 62 
72 5 150 184 333 243 202 288 106 62 
72 5 150 184 333 244 202 288 106 62 
72 5 150 184 333 245 202 288 106 62 
72 5 150 184 333 246 202 288 106 62 
72 5 150 184 333 247 202 288 106 62 
72 5 150 184 333 248 202 288 106 62 
72 5 150 184 333 249 202 288 106 62 
72 5 150 184 333 250 202 288 106 62 
72 5 150 184 333 251 202 288 106 62 
72 5 150 184 333 252 202 288 106 62 
72 5 150 184 333 253 202 288 106 62 
72 5 150 184 333 254 202 288 106 62 
72 5 150 184 333 255 202 288 106 62 
72 5 150 184 333 256 202 288 106 62 
72 5 150 184 333 257 202 288 106 62 
72 5 150 184 333 258 202 288 106 62 
72 5 150 184 333 259 202 288 106 62 
72 5 150 184 333 260 202 288 106 62 
72 5 150 184 333 261 202 288 106 62 
72 5 150 184 333 262 202 288 106 62 
72 5 150 184 333 263 202 288 106 62 
72 5 150 184 333 264 202 288 106 62 
72 5 150 184 333 265 202 288 106 62 
72 5 150 184 333 266 202 288 106 62 
72 5 150 184 333 267 202 288 106 62 
72 5 150 184 333 268 202 288 106 62 
72 5 150 184 333 269 202 288 106 62 
72 5 150 184 333 270 202 288 106 62 
72 5 150 184 333 271 202 288 106 62 
72 5 150 184 333 272 202 288 106 62 
72 5 150 184 333 273 202 288 106 62 
72 5 150 184 333 274 202 288 106 62 
72 5 150 184 333 275 202 288 106 62 
72 5 150 184 333 276 202 288 106 62 
72 5 150 184 333 277 202 288 106 62 
72 5 150 184 333 278 202 288 106 62 
72 5 150 184 333 279 202 288 106 62 
72 5 150 184 333 280 202 288 106 62 
72 5 150 184 333 281 202 288 106 62 
72 5 150 184 333 282 202 288 106 62 
72 5 150 184 333 283 202 288 106 62 
72 5 150 184 333 284 202 288 106 62 
72 5 150 184 333 285 202 288 106 62 
72 5 150 184 333 286 202 288 106 62 
72 5 150 184 333 287 202 288 106 62 
72 5 150 184 333 288 202 288 106 62 
72 5 150 184 333 289 202 288 106 62 
72 5 150 184 333 290 202 288 106 62 
72 5 150 184 333 291 202 288 106 62 
72 5 150 184 333 292 202 288 106 62 
72 5 150 184 333 293 202 288 106 62 
72 5 150 184 333 294 202 288 106 62 
72 5 150 184 333 295 202 288 106 62 
72 5 150 184 333 296 202 288 106 62 
72 5 150 184 333 297 202 288 106 62 
72 5 150 184 333 298 202 288 106 62 
72 5 150 184 333 299 202 288 106 62 
72 5 150 184 333 300 202 288 106 62 
72 5 150 184 333 301 202 288 106 62 
72 5 150 184 333 302 202 288 106 62 
72 5 150 184 333 303 202 288 106 62 
72 5 150 184 333 304 202 288 106 62 
72 5 150 184 333 305 202 288 106 62 
72 5 150 184 333 306 202 288 106 62 
72 5 150 184 333 307 202 288 106 62 
72 5 150 184 333 308 202 288 106 62 
72 5 150 184 333 309 202 288 106 62 
72 5 150 184 333 310 202 288 106 62 
72 5 150 184 333 311 202 288 106 62 
72 5 150 184 333 312 202 288 106 62 
72 5 150 184 333 313 202 288 106 62 
72 5 150 184 333 314 202 288 106 62 
72 5 150 184 333 315 202 288 106 62 
72 5 150 184 333 316 202 288 106 62 
72 5 150 184 333 317 202 288 106 62 
72 5 150 184 333 318 202 288 106 62 
72 5 150 184 333 319 202 288 106 62 
72 5 150 184 333 320 202 288 106 62 
72 5 150 184 333 321 202 288 106 62 
72 5 150 184 333 322 202 288 106 62 
72 5 150 184 333 323 202 288 106 62 
72 5 150 184 333 324 202 288 106 62 
72 5 150 184 333 325 202 288 106 62 
72 5 150 184 333 326 202 288 106 62 
72 5 150 184 333 327 202 288 106 62 
72 5 150 184 333 328 202 288 106 62 
72 5 150 184 333 329 202 288 106 62 
72 5 150 184 333 330 202 288 106 62 
72 5 150 184 333 331 202 288 106 62 
72 5 150 184 333 332 202 288 106 62 
72 5 150 184 333 333 202 288 106 62 
73 5 154 412 565 412 242 230 97 60 
73 5 154 412 565 413 242 230 97 60 
73 5 154 412 565 414 242 230 97 60 
73 5 154 412 565 415 242 230 97 60 
73 5 154 412 565 416 242 230 97 60 
73 5 154 412 565 417 242 230 97 60 
73 5 154 412 565 418 242 230 97 60 
73 5 154 412 565 419 242 230 97 60 
73 5 154 412 565 420 242 230 97 60 
73 5 154 412 565 421 242 230 97 60 
73 5 154 412 565 422 242 230 97 60 
73 5 154 412 565 423 242 230 97 60 
73 5 154 412 565 424 242 230 97 60 
73 5 154 412 565 425 242 230 97 60 
73 5 154 412 565 426 242 230 97 60 
73 5 154 412 565 427 242 230 97 60 
73 5 154 412 565 428 242 230 97 60 
73 5 154 412 565 429 242 230 97 60 
73 5 154 412 565 430 242 230 97 60 
73 5 154 412 565 431 242 230 97 60 
73 5 154 412 565 432 242 230 97 60 
73 5 154 412 565 433 242 230 97 60 
73 5 154 412 565 434 242 230 97 60 
73 5 154 412 565 435 242 230 97 60 
73 5 154 412 565 436 242 230 97 60 
73 5 154 412 565 437 242 230 97 60 
73 5 154 412 565 438 242 230 97 60 
73 5 154 412 565 439 242 230 97 60 
73 5 154 412 565 440 242 230 97 60 
73 5 154 412 565 441 242 230 97 60 
73 5 154 412 565 442 242 230 97 60 
73 5 154 412 565 443 242 230 97 60 
73 5 154 412 565 444 242 230 97 60 
73 5 154 412 565 445 242 230 97 60 
73 5 154 412 565 446 242 230 97 60 
73 5 154 412 565 447 242 230 97 60 
73 5 154 412 565 448 242 230 97 60 
73 5 154 412 565 449 242 230 97 60 
73 5 154 412 565 450 242 230 97 60 
73 5 154 412 565 451 242 230 97 60 
73 5 154 412 565 452 242 230 97 60 
73 5 154 412 565 453 242 230 97 60 
73 5 154 412 565 454 242 230 97 60 
73 5 154 412 565 455 242 230 97 60 
73 5 154 412 565 456 242 230 97 60 
73 5 154 412 565 457 242 230 97 60 
73 5 154 412 565 458 242 230 97 60 
73 5 154 412 565 459 242 230 97 60 
73 5 154 412 565 460 242 230 97 60 
73 5 154 412 565 461 242 230 97 60 
73 5 154 412 565 462 242 230 97 60 
73 5 154 412 565 463 242 230 97 60 
73 5 154 412 565 464 242 230 97 60 
73 5 154 412 565 465 242 230 97 60 
73 5 154 412 565 466 242 230 97 60 
73 5 154 412 565 467 242 230 97 60 
73 5 154 412 565 468 242 230 97 60 
73 5 154 412 565 469 242 230 97 60 
73 5 154 412 565 470 242 230 97 60 
73 5 154 412 565 471 242 230 97 60 
73 5 154 412 565 472 242 230 97 60 
73 5 154 412 565 473 242 230 97 60 
73 5 154 412 565 474 242 230 97 60 
73 5 154 412 565 475 242 230 97 60 
73 5 154 412 565 476 242 230 97 60 
73 5 154 412 565 477 242 230 97 60 
73 5 154 412 565 478 242 230 97 60 
73 5 154 412 565 479 242 230 97 60 
73 5 154 412 565 480 242 230 97 60 
73 5 154 412 565 481 242 230 97 60 
73 5 154 412 565 482 242 230 97 60 
73 5 154 412 565 483 242 230 97 60 
73 5 154 412 565 484 242 230 97 60 
73 5 154 412 565 485 242 230 97 60 
73 5 154 412 565 486 242 230 97 60 
73 5 154 412 565 487 242 230 97 60 
73 5 154 412 565 488 242 230 97 60 
73 5 154 412 565 489 242 230 97 60 
73 5 154 412 565 490 242 230 97 60 
73 5 154 412 565 491 242 230 97 60 
73 5 154 412 565 492 242 230 97 60 
73 5 154 412 565 493 242 230 97 60 
73 5 154 412 565 494 242 230 97 60 
73 5 154 412 565 495 242 230 97 60 
73 5 154 412 565 496 242 230 97 60 
73 5 154 412 565 497 242 230 97 60 
73 5 154 412 565 498 242 230 97 60 
73 5 154 412 565 499 242 230 97 60 
73 5 154 412 565 500 242 230 97 60 
73 5 154 412 565 501 242 230 97 60 
73 5 154 412 565 502 242 230 97 60 
73 5 154 412 565 503 242 230 97 60 
73 5 154 412 565 504 242 230 97 60 
73 5 154 412 565 505 242 230 97 60 
73 5 154 412 565 506 242 230 97 60 
73 5 154 412 565 507 242 230 97 60 
73 5 154 412 565 508 242 230 97 60 
73 5 154 412 565 509 242 230 97 60 
73 5 154 412 565 510 242 230 97 60 
73 5 154 412 565 511 242 230 97 60 
73 5 154 412 565 512 242 230 97 60 
73 5 154 412 565 513 242 230 97 60 
73 5 154 412 565 514 242 230 97 60 
73 5 154 412 565 515 242 230 97 60 
73 5 154 412 565 516 242 230 97 60 
73 5 154 412 565 517 242 230 97 60 
73 5 154 412 565 518 242 230 97 60 
73 5 154 412 565 519 242 230 97 60 
73 5 154 412 565 520 242 230 97 60 
73 5 154 412 565 521 242 230 97 60 
73 5 154 412 565 522 242 230 97 60 
73 5 154 412 565 523 242 230 97 60 
73 5 154 412 565 524 242 230 97 60 
73 5 154 412 565 525 242 230 97 60 
73 5 154 412 565 526 242 230 97 60 
73 5 154 412 565 527 242 230 97 60 
73 5 154 412 565 528 242 230 97 60 
73 5 154 412 565 529 242 230 97 60 
73 5 154 412 565 530 242 230 97 60 
73 5 154 412 565 531 242 230 97 60 
73 5 154 412 565 532 242 230 97 60 
73 5 154 412 565 533 242 230 97 60 
73 5 154 412 565 534 242 230 97 60 
73 5 154 412 565 535 242 230 97 60 
73 5 154 412 565 536 242 230 97 60 
73 5 154 412 565 537 242 230 97 60 
73 5 154 412 565 538 242 230 97 60 
73 5 154 412 565 539 242 230 97 60 
73 5 154 412 565 540 242 230 97 60 
73 5 154 412 565 541 242 230 97 60 
73 5 154 412 565 542 242 230 97 60 
73 5 154 412 565 543 242 230 97 60 
73 5 154 412 565 544 242 230 97 60 
73 5 154 412 565 545 242 230 97 60 
73 5 154 412 565 546 242 230 97 60 
73 5 154 412 565 547 242 230 97 60 
73 5 154 412 565 548 242 230 97 60 
73 5 154 412 565 549 242 230 97 60 
73 5 154 412 565 550 242 230 97 60 
73 5 154 412 565 551 242 230 97 60 
73 5 154 412 565 552 242 230 97 60 
73 5 154 412 565 553 242 230 97 60 
73 5 154 412 565 554 242 230 97 60 
73 5 154 412 565 555 242 230 97 60 
73 5 154 412 565 556 242 230 97 60 
73 5 154 412 565 557 242 230 97 60 
73 5 154 412 565 558 242 230 97 60 
73 5 154 412 565 559 242 230 97 60 
73 5 154 412 565 560 242 230 97 60 
73 5 154 412 565 561 242 230 97 60 
73 5 154 412 565 562 242 230 97 60 
73 5 154 412 565 563 242 230 97 60 
73 5 154 412 565 564 242 230 97 60 
73 5 154 412 565 565 242 230 97 60 
74 9 694 406 1099 406 978 383 68 115 
74 9 694 406 1099 407 976 383 68 115 
74 9 694 406 1099 408 976 383 68 115 
74 9 694 406 1099 409 975 383 66 115 
74 9 694 406 1099 410 973 383 68 115 
74 9 694 406 1099 411 971 383 68 115 
74 9 694 406 1099 412 969 383 68 115 
74 9 694 406 1099 413 969 386 68 112 
74 9 694 406 1099 414 967 386 68 112 
74 9 694 406 1099 415 966 386 66 112 
74 9 694 406 1099 416 964 386 68 112 
74 9 694 406 1099 417 962 386 68 112 
74 9 694 406 1099 418 962 386 68 112 
74 9 694 406 1099 419 960 386 68 112 
74 9 694 406 1099 420 959 386 66 112 
74 9 694 406 1099 421 957 386 68 112 
74 9 694 406 1099 422 955 386 68 112 
74 9 694 406 1099 423 955 388 68 109 
74 9 694 406 1099 424 953 388 68 109 
74 9 694 406 1099 425 951 388 68 109 
74 9 694 406 1099 426 950 388 66 109 
74 9 694 406 1099 427 948 388 68 109 
74 9 694 406 1099 428 948 388 68 109 
74 9 694 406 1099 429 946 388 68 109 
74 9 694 406 1099 430 944 388 68 109 
74 9 694 406 1099 431 943 388 66 109 
74 9 694 406 1099 432 941 388 68 109 
74 9 694 406 1099 433 941 390 68 108 
74 9 694 406 1099 434 939 390 68 108 
74 9 694 406 1099 435 937 390 68 108 
74 9 694 406 1099 436 935 390 68 108 
74 9 694 406 1099 437 934 390 66 108 
74 9 694 406 1099 438 934 390 66 108 
74 9 694 406 1099 439 932 390 68 108 
74 9 694 406 1099 440 930 390 68 108 
74 9 694 406 1099 441 928 390 68 108 
74 9 694 406 1099 442 928 392 68 105 
74 9 694 406 1099 443 927 392 66 105 
74 9 694 406 1099 444 925 392 68 105 
74 9 694 406 1099 445 923 392 68 105 
74 9 694 406 1099 446 921 392 68 105 
74 9 694 406 1099 447 921 392 68 105 
74 9 694 406 1099 448 919 392 68 105 
74 9 694 406 1099 449 918 392 66 105 
74 9 694 406 1099 450 916 392 68 105 
74 9 694 406 1099 451 916 392 68 105 
74 9 694 406 1099 452 914 392 68 105 
74 9 694 406 1099 453 912 392 68 105 
74 9 694 406 1099 454 911 394 66 103 
74 9 694 406 1099 455 909 394 68 103 
74 9 694 406 1099 456 909 394 68 103 
74 9 694 406 1099 457 907 394 68 103 
74 9 694 406 1099 458 905 394 68 103 
74 9 694 406 1099 459 903 394 68 103 
74 9 694 406 1099 460 903 394 68 103 
74 9 694 406 1099 461 902 394 66 103 
74 9 694 406 1099 462 900 394 68 103 
74 9 694 406 1099 463 898 394 68 103 
74 9 694 406 1099 464 898 394 68 103 
74 9 694 406 1099 465 896 394 68 103 
74 9 694 406 1099 466 895 396 66 103 
74 9 694 406 1099 467 893 396 68 103 
74 9 694 406 1099 468 891 396 68 103 
74 9 694 406 1099 469 891 396 68 103 
74 9 694 406 1099 470 889 396 68 103 
74 9 694 406 1099 471 887 396 68 103 
74 9 694 406 1099 472 886 396 66 103 
74 9 694 406 1099 473 886 396 66 103 
74 9 694 406 1099 474 884 396 68 103 
74 9 694 406 1099 475 882 396 68 103 
74 9 694 406 1099 476 880 396 68 103 
74 9 694 406 1099 477 880 396 68 103 
74 9 694 406 1099 478 879 398 66 103 
74 9 694 406 1099 479 877 398 68 103 
74 9 694 406 1099 480 875 398 68 103 
74 9 694 406 1099 481 873 398 68 103 
74 9 694 406 1099 482 873 398 68 103 
74 9 694 406 1099 483 871 398 68 103 
74 9 694 406 1099 484 870 398 66 103 
74 9 694 406 1099 485 868 398 68 103 
74 9 694 406 1099 486 868 398 68 103 
74 9 694 406 1099 487 866 398 68 103 
74 9 694 406 1099 488 864 398 68 103 
74 9 694 406 1099 489 863 398 66 103 
74 9 694 406 1099 490 863 399 66 105 
74 9 694 406 1099 491 861 399 68 105 
74 9 694 406 1099 492 859 399 68 105 
74 9 694 406 1099 493 857 399 68 105 
74 9 694 406 1099 494 857 399 68 105 
74 9 694 406 1099 495 855 399 68 105 
74 9 694 406 1099 496 854 399 66 105 
74 9 694 406 1099 497 854 399 66 105 
74 9 694 406 1099 498 852 399 68 105 
74 9 694 406 1099 499 850 399 68 105 
74 9 694 406 1099 500 848 399 68 105 
74 9 694 406 1099 501 848 399 68 105 
74 9 694 406 1099 502 847 399 66 105 
74 9 694 406 1099 503 845 401 68 103 
74 9 694 406 1099 504 845 401 68 103 
74 9 694 406 1099 505 843 401 68 103 
74 9 694 406 1099 506 841 401 68 103 
74 9 694 406 1099 507 841 401 68 103 
74 9 694 406 1099 508 839 401 68 103 
74 9 694 406 1099 509 838 401 66 103 
74 9 694 406 1099 510 836 401 68 103 
74 9 694 406 1099 511 836 401 68 103 
74 9 694 406 1099 512 834 401 68 103 
74 9 694 406 1099 513 832 401 68 103 
74 9 694 406 1099 514 832 401 68 103 
74 9 694 406 1099 515 831 403 66 103 
74 9 694 406 1099 516 829 403 68 103 
74 9 694 406 1099 517 827 403 68 103 
74 9 694 406 1099 518 827 403 68 103 
74 9 694 406 1099 519 825 403 68 103 
74 9 694 406 1099 520 823 403 68 103 
74 9 694 406 1099 521 823 403 68 103 
74 9 694 406 1099 522 822 403 66 103 
74 9 694 406 1099 523 820 403 68 103 
74 9 694 406 1099 524 820 403 68 103 
74 9 694 406 1099 525 818 403 68 103 
74 9 694 406 1099 526 816 403 68 103 
74 9 694 406 1099 527 815 405 66 103 
74 9 694 406 1099 528 815 405 66 103 
74 9 694 406 1099 529 813 405 68 103 
74 9 694 406 1099 530 811 405 68 103 
74 9 694 406 1099 531 811 405 68 103 
74 9 694 406 1099 532 809 405 68 103 
74 9 694 406 1099 533 807 405 68 103 
74 9 694 406 1099 534 806 405 66 103 
74 9 694 406 1099 535 806 405 66 103 
74 9 694 406 1099 536 804 405 68 103 
74 9 694 406 1099 537 802 405 68 103 
74 9 694 406 1099 538 802 405 68 103 
74 9 694 406 1099 539 800 406 68 105 
74 9 694 406 1099 540 799 406 66 105 
74 9 694 406 1099 541 799 406 66 105 
74 9 694 406 1099 542 797 406 68 105 
74 9 694 406 1099 543 795 406 68 105 
74 9 694 406 1099 544 793 406 68 105 
74 9 694 406 1099 545 793 406 68 105 
74 9 694 406 1099 546 791 406 68 105 
74 9 694 406 1099 547 790 406 66 105 
74 9 694 406 1099 548 790 406 66 105 
74 9 694 406 1099 549 788 406 68 105 
74 9 694 406 1099 550 786 406 68 105 
74 9 694 406 1099 551 786 408 68 105 
74 9 694 406 1099 552 784 408 68 105 
74 9 694 406 1099 553 783 408 66 105 
74 9 694 406 1099 554 783 408 66 105 
74 9 694 406 1099 555 781 408 68 105 
74 9 694 406 1099 556 779 408 68 105 
74 9 694 406 1099 557 779 410 68 103 
74 9 694 406 1099 558 777 410 68 103 
74 9 694 406 1099 559 777 410 68 103 
74 9 694 406 1099 560 775 410 68 103 
74 9 694 406 1099 561 774 410 66 103 
74 9 694 406 1099 562 774 410 66 103 
74 9 694 406 1099 563 772 412 68 103 
74 9 694 406 1099 564 770 412 68 103 
74 9 694 406 1099 565 770 412 68 103 
74 9 694 406 1099 566 768 412 68 103 
74 9 694 406 1099 567 768 412 68 103 
74 9 694 406 1099 568 767 412 66 103 
74 9 694 406 1099 569 765 414 68 103 
74 9 694 406 1099 570 765 414 68 103 
74 9 694 406 1099 571 763 414 68 103 
74 9 694 406 1099 572 761 414 68 103 
74 9 694 406 1099 573 761 414 68 103 
74 9 694 406 1099 574 759 415 68 105 
74 9 694 406 1099 575 759 415 68 105 
74 9 694 406 1099 576 758 415 66 105 
74 9 694 406 1099 577 756 415 68 105 
74 9 694 406 1099 578 756 415 68 105 
74 9 694 406 1099 579 754 415 68 105 
74 9 694 406 1099 580 752 417 68 103 
74 9 694 406 1099 581 752 417 68 103 
74 9 694 406 1099 582 751 417 66 103 
74 9 694 406 1099 583 751 417 66 103 
74 9 694 406 1099 584 749 417 68 103 
74 9 694 406 1099 585 747 417 68 103 
74 9 694 406 1099 586 747 419 68 103 
74 9 694 406 1099 587 745 419 68 103 
74 9 694 406 1099 588 743 419 68 103 
74 9 694 406 1099 589 743 419 68 103 
74 9 694 406 1099 590 742 419 66 103 
74 9 694 406 1099 591 742 421 66 103 
74 9 694 406 1099 592 740 421 68 103 
74 9 694 406 1099 593 738 421 68 103 
74 9 694 406 1099 594 738 421 68 103 
74 9 694 406 1099 595 736 421 68 103 
74 9 694 406 1099 596 736 421 68 103 
74 9 694 406 1099 597 735 421 66 103 
74 9 694 406 1099 598 735 421 66 103 
74 9 694 406 1099 599 733 421 68 103 
74 9 694 406 1099 600 733 422 68 105 
74 9 694 406 1099 601 731 422 68 105 
74 9 694 406 1099 602 731 422 68 105 
74 9 694 406 1099 603 729 422 68 105 
74 9 694 406 1099 604 729 425 68 102 
74 9 694 406 1099 605 727 425 68 102 
74 9 694 406 1099 606 727 425 68 102 
74 9 694 406 1099 607 728 424 64 105 
74 9 694 406 1099 608 726 427 66 102 
74 9 694 406 1099 609 727 427 64 102 
74 9 694 406 1099 610 724 427 68 102 
74 9 694 406 1099 611 725 427 64 102 
74 9 694 406 1099 612 725 429 64 99 
74 9 694 406 1099 613 723 429 64 99 
74 9 694 406 1099 614 723 429 64 100 
74 9 694 406 1099 615 721 429 64 100 
74 9 694 406 1099 616 721 431 64 97 
74 9 694 406 1099 617 721 431 64 97 
74 9 694 406 1099 618 720 431 64 97 
74 9 694 406 1099 619 720 431 64 97 
74 9 694 406 1099 620 718 433 64 96 
74 9 694 406 1099 621 718 432 64 99 
74 9 694 406 1099 622 719 432 60 99 
74 9 694 406 1099 623 716 432 64 99 
74 9 694 406 1099 624 717 435 60 96 
74 9 694 406 1099 625 714 435 64 96 
74 9 694 406 1099 626 715 435 60 96 
74 9 694 406 1099 627 715 434 60 99 
74 9 694 406 1099 628 712 437 62 96 
74 9 694 406 1099 629 712 437 62 96 
74 9 694 406 1099 630 712 437 60 96 
74 9 694 406 1099 631 712 437 60 96 
74 9 694 406 1099 632 712 439 60 93 
74 9 694 406 1099 633 710 439 60 93 
74 9 694 406 1099 634 710 439 60 96 
74 9 694 406 1099 635 708 439 60 96 
74 9 694 406 1099 636 708 440 60 94 
74 9 694 406 1099 637 708 440 58 94 
74 9 694 406 1099 638 705 440 62 94 
74 9 694 406 1099 639 706 440 58 94 
74 9 694 406 1099 640 705 442 60 91 
74 9 694 406 1099 641 706 442 56 93 
74 9 694 406 1099 642 706 442 56 93 
74 9 694 406 1099 643 704 442 56 93 
74 9 694 406 1099 644 704 445 56 90 
74 9 694 406 1099 645 702 445 56 90 
74 9 694 406 1099 646 702 445 56 90 
74 9 694 406 1099 647 702 447 56 90 
74 9 694 406 1099 648 699 447 58 90 
74 9 694 406 1099 649 697 447 58 90 
74 9 694 406 1099 650 697 447 58 90 
74 9 694 406 1099 651 697 447 56 90 
74 9 694 406 1099 652 697 449 56 90 
74 9 694 406 1099 653 695 449 56 90 
74 9 694 406 1099 654 695 449 56 90 
74 9 694 406 1099 655 692 449 58 90 
74 9 694 406 1099 656 692 449 58 91 
74 9 694 406 1099 657 690 449 58 91 
74 9 694 406 1099 658 690 449 58 91 
74 9 694 406 1099 659 690 449 56 91 
74 9 694 406 1099 660 688 451 56 91 
74 9 694 406 1099 661 688 451 56 91 
74 9 694 406 1099 662 686 451 56 91 
74 9 694 406 1099 663 686 451 56 91 
74 9 694 406 1099 664 683 454 58 90 
74 9 694 406 1099 665 683 454 58 90 
74 9 694 406 1099 666 681 454 58 90 
74 9 694 406 1099 667 681 454 58 90 
74 9 694 406 1099 668 681 456 56 90 
74 9 694 406 1099 669 681 456 56 90 
74 9 694 406 1099 670 679 456 56 90 
74 9 694 406 1099 671 676 456 58 90 
74 9 694 406 1099 672 676 456 58 90 
74 9 694 406 1099 673 674 456 58 91 
74 9 694 406 1099 674 674 456 58 91 
74 9 694 406 1099 675 674 456 56 91 
74 9 694 406 1099 676 674 456 56 91 
74 9 694 406 1099 677 672 458 56 91 
74 9 694 406 1099 678 672 458 56 91 
74 9 694 406 1099 679 670 458 56 91 
74 9 694 406 1099 680 670 458 56 91 
74 9 694 406 1099 681 667 461 58 90 
74 9 694 406 1099 682 665 461 58 90 
74 9 694 406 1099 683 665 461 58 90 
74 9 694 406 1099 684 665 461 56 90 
74 9 694 406 1099 685 665 463 56 90 
74 9 694 406 1099 686 663 463 56 90 
74 9 694 406 1099 687 663 463 56 90 
74 9 694 406 1099 688 660 463 58 90 
74 9 694 406 1099 689 660 465 58 90 
74 9 694 406 1099 690 658 465 58 90 
74 9 694 406 1099 691 658 465 58 90 
74 9 694 406 1099 692 658 465 56 90 
74 9 694 406 1099 693 658 465 56 91 
74 9 694 406 1099 694 656 465 56 91 
74 9 694 406 1099 695 654 465 56 91 
74 9 694 406 1099 696 654 465 56 91 
74 9 694 406 1099 697 651 467 58 91 
74 9 694 406 1099 698 651 467 58 91 
74 9 694 406 1099 699 649 467 58 91 
74 9 694 406 1099 700 649 467 58 91 
74 9 694 406 1099 701 649 470 56 90 
74 9 694 406 1099 702 649 470 56 90 
74 9 694 406 1099 703 647 470 56 90 
74 9 694 406 1099 704 647 470 56 90 
74 9 694 406 1099 705 644 472 58 90 
74 9 694 406 1099 706 642 472 58 90 
74 9 694 406 1099 707 642 472 58 90 
74 9 694 406 1099 708 642 472 56 90 
74 9 694 406 1099 709 642 472 56 91 
74 9 694 406 1099 710 640 472 56 91 
74 9 694 406 1099 711 640 472 56 91 
74 9 694 406 1099 712 638 474 56 91 
74 9 694 406 1099 713 638 474 56 91 
74 9 694 406 1099 714 635 474 58 91 
74 9 694 406 1099 715 635 474 58 91 
74 9 694 406 1099 716 633 477 58 90 
74 9 694 406 1099 717 633 477 56 90 
74 9 694 406 1099 718 633 477 56 90 
74 9 694 406 1099 719 631 477 56 90 
74 9 694 406 1099 720 631 479 56 90 
74 9 694 406 1099 721 628 479 58 90 
74 9 694 406 1099 722 628 479 58 90 
74 9 694 406 1099 723 626 479 58 90 
74 9 694 406 1099 724 626 481 58 90 
74 9 694 406 1099 725 626 481 56 90 
74 9 694 406 1099 726 626 481 56 90 
74 9 694 406 1099 727 624 481 56 91 
74 9 694 406 1099 728 624 481 56 91 
74 9 694 406 1099 729 622 481 56 91 
74 9 694 406 1099 730 619 481 58 91 
74 9 694 406 1099 731 619 483 58 91 
74 9 694 406 1099 732 617 483 58 91 
74 9 694 406 1099 733 617 483 58 91 
74 9 694 406 1099 734 617 483 56 91 
74 9 694 406 1099 735 617 486 56 90 
74 9 694 406 1099 736 615 486 56 90 
74 9 694 406 1099 737 615 486 56 90 
74 9 694 406 1099 738 612 486 58 90 
74 9 694 406 1099 739 612 488 58 90 
74 9 694 406 1099 740 610 488 58 90 
74 9 694 406 1099 741 610 488 56 90 
74 9 694 406 1099 742 610 488 56 90 
74 9 694 406 1099 743 608 488 56 91 
74 9 694 406 1099 744 608 488 56 91 
74 9 694 406 1099 745 606 488 56 91 
74 9 694 406 1099 746 606 490 56 91 
74 9 694 406 1099 747 603 490 58 91 
74 9 694 406 1099 748 603 490 58 91 
74 9 694 406 1099 749 601 490 58 91 
74 9 694 406 1099 750 601 493 58 90 
74 9 694 406 1099 751 601 493 56 90 
74 9 694 406 1099 752 601 493 56 90 
74 9 694 406 1099 753 599 493 56 90 
74 9 694 406 1099 754 596 495 58 90 
74 9 694 406 1099 755 596 495 58 90 
74 9 694 406 1099 756 594 495 58 90 
74 9 694 406 1099 757 594 495 58 90 
74 9 694 406 1099 758 594 497 56 90 
74 9 694 406 1099 759 594 497 56 90 
74 9 694 406 1099 760 592 497 56 90 
74 9 694 406 1099 761 592 497 56 91 
74 9 694 406 1099 762 590 497 56 91 
74 9 694 406 1099 763 590 497 56 91 
74 9 694 406 1099 764 587 497 58 91 
74 9 694 406 1099 765 585 499 58 91 
74 9 694 406 1099 766 585 499 58 91 
74 9 694 406 1099 767 585 499 56 91 
74 9 694 406 1099 768 585 499 56 91 
74 9 694 406 1099 769 583 502 56 90 
74 9 694 406 1099 770 583 502 56 90 
74 9 694 406 1099 771 580 502 58 90 
74 9 694 406 1099 772 580 502 58 90 
74 9 694 406 1099 773 578 504 58 90 
74 9 694 406 1099 774 578 504 58 90 
74 9 694 406 1099 775 578 504 56 90 
74 9 694 406 1099 776 578 504 56 91 
74 9 694 406 1099 777 576 504 56 91 
74 9 694 406 1099 778 574 504 56 91 
74 9 694 406 1099 779 571 504 58 91 
74 9 694 406 1099 780 569 504 58 91 
74 9 694 406 1099 781 569 504 56 91 
74 9 694 406 1099 782 567 504 56 91 
74 9 694 406 1099 783 564 506 58 91 
74 9 694 406 1099 784 562 506 58 91 
74 9 694 406 1099 785 562 506 56 91 
74 9 694 406 1099 786 560 506 56 91 
74 9 694 406 1099 787 558 506 56 91 
74 9 694 406 1099 788 555 506 58 91 
74 9 694 406 1099 789 553 506 58 91 
74 9 694 406 1099 790 553 509 56 90 
74 9 694 406 1099 791 551 509 56 90 
74 9 694 406 1099 792 548 509 58 90 
74 9 694 406 1099 793 546 509 58 90 
74 9 694 406 1099 794 546 509 56 90 
74 9 694 406 1099 795 544 509 56 90 
74 9 694 406 1099 796 542 511 56 90 
74 9 694 406 1099 797 539 511 58 90 
74 9 694 406 1099 798 537 511 58 90 
74 9 694 406 1099 799 537 511 56 90 
74 9 694 406 1099 800 537 511 56 90 
74 9 694 406 1099 801 535 511 56 90 
74 9 694 406 1099 802 532 511 58 90 
74 9 694 406 1099 803 530 513 58 90 
74 9 694 406 1099 804 530 513 56 90 
74 9 694 406 1099 805 528 513 56 90 
74 9 694 406 1099 806 526 513 56 90 
74 9 694 406 1099 807 523 513 58 90 
74 9 694 406 1099 808 521 513 58 90 
74 9 694 406 1099 809 521 513 56 90 
74 9 694 406 1099 810 519 513 56 91 
74 9 694 406 1099 811 516 513 58 91 
74 9 694 406 1099 812 514 513 58 91 
74 9 694 406 1099 813 514 513 56 91 
74 9 694 406 1099 814 512 513 56 91 
74 9 694 406 1099 815 510 513 56 91 
74 9 694 406 1099 816 507 515 58 91 
74 9 694 406 1099 817 505 515 58 91 
74 9 694 406 1099 818 505 515 56 91 
74 9 694 406 1099 819 503 515 56 91 
74 9 694 406 1099 820 500 515 58 91 
74 9 694 406 1099 821 498 515 58 91 
74 9 694 406 1099 822 498 515 56 91 
74 9 694 406 1099 823 498 518 56 90 
74 9 694 406 1099 824 496 518 56 90 
74 9 694 406 1099 825 494 518 56 90 
74 9 694 406 1099 826 491 518 58 90 
74 9 694 406 1099 827 489 518 58 90 
74 9 694 406 1099 828 489 518 56 90 
74 9 694 406 1099 829 487 518 56 90 
74 9 694 406 1099 830 484 520 58 90 
74 9 694 406 1099 831 482 520 58 90 
74 9 694 406 1099 832 482 520 56 90 
74 9 694 406 1099 833 480 520 56 90 
74 9 694 406 1099 834 478 520 56 90 
74 9 694 406 1099 835 475 520 58 90 
74 9 694 406 1099 836 473 520 58 91 
74 9 694 406 1099 837 473 520 56 91 
74 9 694 406 1099 838 471 520 56 91 
74 9 694 406 1099 839 468 520 58 91 
74 9 694 406 1099 840 466 520 58 91 
74 9 694 406 1099 841 466 520 56 91 
74 9 694 406 1099 842 464 520 56 91 
74 9 694 406 1099 843 462 522 56 91 
74 9 694 406 1099 844 459 522 58 91 
74 9 694 406 1099 845 457 522 58 91 
74 9 694 406 1099 846 457 522 58 91 
74 9 694 406 1099 847 457 522 56 91 
74 9 694 406 1099 848 455 522 56 91 
74 9 694 406 1099 849 452 522 58 91 
74 9 694 406 1099 850 450 525 58 90 
74 9 694 406 1099 851 450 525 56 90 
74 9 694 406 1099 852 448 525 56 90 
74 9 694 406 1099 853 446 525 56 90 
74 9 694 406 1099 854 443 525 58 90 
74 9 694 406 1099 855 441 525 58 90 
74 9 694 406 1099 856 441 527 56 90 
74 9 694 406 1099 857 439 527 56 90 
74 9 694 406 1099 858 436 527 58 90 
74 9 694 406 1099 859 434 527 58 90 
74 9 694 406 1099 860 434 527 56 90 
74 9 694 406 1099 861 432 527 56 90 
74 9 694 406 1099 862 430 527 56 90 
74 9 694 406 1099 863 427 529 58 90 
74 9 694 406 1099 864 425 529 58 90 
74 9 694 406 1099 865 425 529 56 90 
74 9 694 406 1099 866 423 529 56 90 
74 9 694 406 1099 867 420 529 58 90 
74 9 694 406 1099 868 418 529 58 90 
74 9 694 406 1099 869 418 529 58 91 
74 9 694 406 1099 870 416 529 56 91 
74 9 694 406 1099 871 414 529 56 91 
74 9 694 406 1099 872 411 529 58 91 
74 9 694 406 1099 873 409 529 58 91 
74 9 694 406 1099 874 409 529 56 91 
74 9 694 406 1099 875 407 529 56 91 
74 9 694 406 1099 876 404 529 58 91 
74 9 694 406 1099 877 402 529 58 94 
74 9 694 406 1099 878 402 529 56 94 
74 9 694 406 1099 879 400 529 56 94 
74 9 694 406 1099 880 395 531 58 91 
74 9 694 406 1099 881 393 531 58 91 
74 9 694 406 1099 882 393 531 56 91 
74 9 694 406 1099 883 391 531 56 91 
74 9 694 406 1099 884 388 531 58 91 
74 9 694 406 1099 885 386 531 58 93 
74 9 694 406 1099 886 386 531 56 93 
74 9 694 406 1099 887 384 531 56 93 
74 9 694 406 1099 888 382 531 56 93 
74 9 694 406 1099 889 379 531 58 93 
74 9 694 406 1099 890 377 534 56 90 
74 9 694 406 1099 891 375 534 56 90 
74 9 694 406 1099 892 372 534 58 90 
74 9 694 406 1099 893 370 533 58 93 
74 9 694 406 1099 894 370 533 56 93 
74 9 694 406 1099 895 368 533 56 93 
74 9 694 406 1099 896 366 533 56 93 
74 9 694 406 1099 897 363 533 58 93 
74 9 694 406 1099 898 361 533 58 93 
74 9 694 406 1099 899 361 533 56 93 
74 9 694 406 1099 900 359 535 56 93 
74 9 694 406 1099 901 354 535 58 93 
74 9 694 406 1099 902 354 535 56 93 
74 9 694 406 1099 903 352 535 56 93 
74 9 694 406 1099 904 350 535 56 93 
74 9 694 406 1099 905 347 535 58 93 
74 9 694 406 1099 906 345 535 58 93 
74 9 694 406 1099 907 345 535 56 96 
74 9 694 406 1099 908 343 535 56 96 
74 9 694 406 1099 909 337 535 62 96 
74 9 694 406 1099 910 337 536 60 94 
74 9 694 406 1099 911 336 536 56 94 
74 9 694 406 1099 912 334 536 56 94 
74 9 694 406 1099 913 331 536 58 96 
74 9 694 406 1099 914 329 536 58 96 
74 9 694 406 1099 915 329 536 56 96 
74 9 694 406 1099 916 327 536 56 96 
74 9 694 406 1099 917 321 536 62 96 
74 9 694 406 1099 918 321 536 60 96 
74 9 694 406 1099 919 319 538 60 96 
74 9 694 406 1099 920 317 538 60 96 
74 9 694 406 1099 921 315 538 58 96 
74 9 694 406 1099 922 313 538 58 96 
74 9 694 406 1099 923 313 538 56 96 
74 9 694 406 1099 924 311 538 56 96 
74 9 694 406 1099 925 305 538 62 96 
74 9 694 406 1099 926 305 537 60 99 
74 9 694 406 1099 927 303 537 60 99 
74 9 694 406 1099 928 301 540 60 96 
74 9 694 406 1099 929 299 540 60 96 
74 9 694 406 1099 930 296 540 62 96 
74 9 694 406 1099 931 297 540 56 96 
74 9 694 406 1099 932 295 539 56 99 
74 9 694 406 1099 933 289 539 62 99 
74 9 694 406 1099 934 289 539 60 99 
74 9 694 406 1099 935 287 539 60 99 
74 9 694 406 1099 936 285 539 60 99 
74 9 694 406 1099 937 283 542 60 96 
74 9 694 406 1099 938 280 541 62 99 
74 9 694 406 1099 939 280 541 60 99 
74 9 694 406 1099 940 278 541 60 99 
74 9 694 406 1099 941 273 541 62 99 
74 9 694 406 1099 942 273 541 60 99 
74 9 694 406 1099 943 271 541 60 99 
74 9 694 406 1099 944 269 541 60 99 
74 9 694 406 1099 945 267 541 60 100 
74 9 694 406 1099 946 264 541 62 100 
74 9 694 406 1099 947 264 543 60 97 
74 9 694 406 1099 948 262 543 60 97 
74 9 694 406 1099 949 257 543 64 97 
74 9 694 406 1099 950 256 543 64 97 
74 9 694 406 1099 951 255 543 60 100 
74 9 694 406 1099 952 253 543 60 100 
74 9 694 406 1099 953 251 543 60 100 
74 9 694 406 1099 954 248 543 62 100 
74 9 694 406 1099 955 248 543 60 100 
74 9 694 406 1099 956 246 544 60 99 
74 9 694 406 1099 957 241 544 64 102 
74 9 694 406 1099 958 240 544 64 102 
74 9 694 406 1099 959 238 544 64 102 
74 9 694 406 1099 960 236 544 64 102 
74 9 694 406 1099 961 235 544 60 102 
74 9 694 406 1099 962 232 544 62 102 
74 9 694 406 1099 963 232 544 60 102 
74 9 694 406 1099 964 230 543 60 105 
74 9 694 406 1099 965 225 546 64 102 
74 9 694 406 1099 966 224 546 64 102 
74 9 694 406 1099 967 222 546 64 102 
74 9 694 406 1099 968 220 546 64 102 
74 9 694 406 1099 969 218 546 64 102 
74 9 694 406 1099 970 216 545 64 103 
74 9 694 406 1099 971 216 545 60 103 
74 9 694 406 1099 972 214 545 60 103 
74 9 694 406 1099 973 209 545 64 103 
74 9 694 406 1099 974 208 548 64 100 
74 9 694 406 1099 975 206 548 64 100 
74 9 694 406 1099 976 204 547 64 103 
74 9 694 406 1099 977 202 547 64 103 
74 9 694 406 1099 978 200 547 64 103 
74 9 694 406 1099 979 199 547 64 103 
74 9 694 406 1099 980 197 547 64 103 
74 9 694 406 1099 981 193 547 64 103 
74 9 694 406 1099 982 192 547 64 103 
74 9 694 406 1099 983 190 547 64 106 
74 9 694 406 1099 984 188 549 64 103 
74 9 694 406 1099 985 186 549 64 103 
74 9 694 406 1099 986 184 549 64 103 
74 9 694 406 1099 987 183 549 64 103 
74 9 694 406 1099 988 181 549 64 103 
74 9 694 406 1099 989 176 549 68 106 
74 9 694 406 1099 990 176 549 64 106 
74 9 694 406 1099 991 174 549 64 106 
74 9 694 406 1099 992 172 549 64 106 
74 9 694 406 1099 993 170 550 64 105 
74 9 694 406 1099 994 168 550 64 105 
74 9 694 406 1099 995 167 550 64 108 
74 9 694 406 1099 996 165 550 64 108 
74 9 694 406 1099 997 160 550 68 108 
74 9 694 406 1099 998 159 550 66 108 
74 9 694 406 1099 999 157 550 68 108 
74 9 694 406 1099 1000 156 550 64 108 
74 9 694 406 1099 1001 154 550 64 108 
74 9 694 406 1099 1002 152 552 64 106 
74 9 694 406 1099 1003 151 552 64 106 
74 9 694 406 1099 1004 149 552 64 106 
74 9 694 406 1099 1005 144 552 68 106 
74 9 694 406 1099 1006 143 552 66 106 
74 9 694 406 1099 1007 141 552 68 106 
74 9 694 406 1099 1008 139 551 68 109 
74 9 694 406 1099 1009 137 551 68 109 
74 9 694 406 1099 1010 136 551 64 109 
74 9 694 406 1099 1011 135 554 64 106 
74 9 694 406 1099 1012 133 554 64 106 
74 9 694 406 1099 1013 128 554 68 106 
74 9 694 406 1099 1014 127 553 66 109 
74 9 694 406 1099 1015 125 553 68 109 
74 9 694 406 1099 1016 123 553 68 109 
74 9 694 406 1099 1017 121 553 68 109 
74 9 694 406 1099 1018 119 553 68 109 
74 9 694 406 1099 1019 118 553 66 109 
74 9 694 406 1099 1020 116 555 68 109 
74 9 694 406 1099 1021 112 555 68 109 
74 9 694 406 1099 1022 111 555 66 109 
74 9 694 406 1099 1023 109 555 68 109 
74 9 694 406 1099 1024 107 555 68 109 
74 9 694 406 1099 1025 105 555 68 109 
74 9 694 406 1099 1026 103 555 68 109 
74 9 694 406 1099 1027 103 555 64 109 
74 9 694 406 1099 1028 101 555 64 109 
74 9 694 406 1099 1029 99 555 64 109 
74 9 694 406 1099 1030 97 555 64 109 
74 9 694 406 1099 1031 96 555 64 109 
74 9 694 406 1099 1032 94 555 64 109 
74 9 694 406 1099 1033 93 555 60 109 
74 9 694 406 1099 1034 91 558 60 108 
74 9 694 406 1099 1035 87 558 64 108 
74 9 694 406 1099 1036 85 558 64 108 
74 9 694 406 1099 1037 83 558 64 108 
74 9 694 406 1099 1038 81 558 64 108 
74 9 694 406 1099 1039 80 558 64 108 
74 9 694 406 1099 1040 79 558 60 108 
74 9 694 406 1099 1041 77 558 60 108 
74 9 694 406 1099 1042 75 558 60 108 
74 9 694 406 1099 1043 72 558 62 108 
74 9 694 406 1099 1044 72 558 60 108 
74 9 694 406 1099 1045 70 558 60 108 
74 9 694 406 1099 1046 68 558 58 108 
74 9 694 406 1099 1047 66 558 58 108 
74 9 694 406 1099 1048 66 558 56 109 
74 9 694 406 1099 1049 61 558 60 109 
74 9 694 406 1099 1050 59 558 60 109 
74 9 694 406 1099 1051 56 558 62 109 
74 9 694 406 1099 1052 57 558 56 109 
74 9 694 406 1099 1053 55 558 56 109 
74 9 694 406 1099 1054 52 558 58 109 
74 9 694 406 1099 1055 50 558 58 109 
74 9 694 406 1099 1056 50 558 56 109 
74 9 694 406 1099 1057 48 558 56 109 
74 9 694 406 1099 1058 46 558 56 109 
74 9 694 406 1099 1059 44 558 54 109 
74 9 694 406 1099 1060 42 558 54 109 
74 9 694 406 1099 1061 42 558 52 109 
74 9 694 406 1099 1062 39 560 54 109 
74 9 694 406 1099 1063 34 560 58 109 
74 9 694 406 1099 1064 34 560 56 109 
74 9 694 406 1099 1065 33 560 52 109 
74 9 694 406 1099 1066 30 560 54 109 
74 9 694 406 1099 1067 28 560 54 109 
74 9 694 406 1099 1068 26 560 54 109 
74 9 694 406 1099 1069 26 560 52 109 
74 9 694 406 1099 1070 23 560 54 109 
74 9 694 406 1099 1071 22 560 50 109 
74 9 694 406 1099 1072 20 560 50 109 
74 9 694 406 1099 1073 20 560 48 109 
74 9 694 406 1099 1074 17 560 50 109 
74 9 694 406 1099 1075 15 560 50 109 
74 9 694 406 1099 1076 13 562 50 109 
74 9 694 406 1099 1077 10 562 52 109 
74 9 694 406 1099 1078 8 562 50 109 
74 9 694 406 1099 1079 6 562 50 109 
74 9 694 406 1099 1080 4 562 50 109 
74 9 694 406 1099 1081 4 562 48 109 
74 9 694 406 1099 1082 1 562 50 109 
74 9 694 406 1099 1083 0 562 49 109 
74 9 694 406 1099 1084 0 562 44 109 
74 9 694 406 1099 1085 0 562 44 109 
74 9 694 406 1099 1086 0 562 41 109 
74 9 694 406 1099 1087 0 562 39 109 
74 9 694 406 1099 1088 0 562 37 109 
74 9 694 406 1099 1089 0 562 35 109 
74 9 694 406 1099 1090 0 564 34 109 
74 9 694 406 1099 1091 0 564 34 109 
74 9 694 406 1099 1092 0 564 34 109 
74 9 694 406 1099 1093 0 564 34 109 
74 9 694 406 1099 1094 0 564 34 109 
74 9 694 406 1099 1095 0 564 34 109 
74 9 694 406 1099 1096 0 564 34 109 
74 9 694 406 1099 1097 0 564 34 109 
74 9 694 406 1099 1098 0 564 34 109 
74 9 694 406 1099 1099 0 564 34 109 
75 5 130 1986 2115 1986 699 369 118 93 
75 5 130 1986 2115 1987 699 369 118 93 
75 5 130 1986 2115 1988 699 369 118 93 
75 5 130 1986 2115 1989 699 369 118 93 
75 5 130 1986 2115 1990 699 369 118 93 
75 5 130 1986 2115 1991 699 369 118 93 
75 5 130 1986 2115 1992 699 369 118 93 
75 5 130 1986 2115 1993 699 369 118 93 
75 5 130 1986 2115 1994 699 369 118 93 
75 5 130 1986 2115 1995 699 369 118 93 
75 5 130 1986 2115 1996 699 369 118 93 
75 5 130 1986 2115 1997 699 369 118 93 
75 5 130 1986 2115 1998 699 369 118 93 
75 5 130 1986 2115 1999 699 369 118 93 
75 5 130 1986 2115 2000 699 369 118 93 
75 5 130 1986 2115 2001 699 369 118 93 
75 5 130 1986 2115 2002 699 369 118 93 
75 5 130 1986 2115 2003 699 369 118 93 
75 5 130 1986 2115 2004 699 369 118 93 
75 5 130 1986 2115 2005 699 369 118 93 
75 5 130 1986 2115 2006 699 369 118 93 
75 5 130 1986 2115 2007 699 369 118 93 
75 5 130 1986 2115 2008 699 369 118 93 
75 5 130 1986 2115 2009 699 369 118 93 
75 5 130 1986 2115 2010 699 369 118 93 
75 5 130 1986 2115 2011 699 369 118 93 
75 5 130 1986 2115 2012 699 369 118 93 
75 5 130 1986 2115 2013 699 369 118 93 
75 5 130 1986 2115 2014 699 369 118 93 
75 5 130 1986 2115 2015 699 369 118 93 
75 5 130 1986 2115 2016 699 369 118 93 
75 5 130 1986 2115 2017 699 369 118 93 
75 5 130 1986 2115 2018 699 369 118 93 
75 5 130 1986 2115 2019 699 369 118 93 
75 5 130 1986 2115 2020 699 369 118 93 
75 5 130 1986 2115 2021 699 369 118 93 
75 5 130 1986 2115 2022 699 369 118 93 
75 5 130 1986 2115 2023 699 369 118 93 
75 5 130 1986 2115 2024 699 369 118 93 
75 5 130 1986 2115 2025 699 369 118 93 
75 5 130 1986 2115 2026 699 369 118 93 
75 5 130 1986 2115 2027 699 369 118 93 
75 5 130 1986 2115 2028 699 369 118 93 
75 5 130 1986 2115 2029 699 369 118 93 
75 5 130 1986 2115 2030 699 369 118 93 
75 5 130 1986 2115 2031 699 369 118 93 
75 5 130 1986 2115 2032 699 369 118 93 
75 5 130 1986 2115 2033 699 369 118 93 
75 5 130 1986 2115 2034 699 369 118 93 
75 5 130 1986 2115 2035 699 369 118 93 
75 5 130 1986 2115 2036 699 369 118 93 
75 5 130 1986 2115 2037 699 369 118 93 
75 5 130 1986 2115 2038 699 369 118 93 
75 5 130 1986 2115 2039 699 369 118 93 
75 5 130 1986 2115 2040 699 369 118 93 
75 5 130 1986 2115 2041 699 369 118 93 
75 5 130 1986 2115 2042 699 369 118 93 
75 5 130 1986 2115 2043 699 369 118 93 
75 5 130 1986 2115 2044 699 369 118 93 
75 5 130 1986 2115 2045 699 369 118 93 
75 5 130 1986 2115 2046 699 369 118 93 
75 5 130 1986 2115 2047 699 369 118 93 
75 5 130 1986 2115 2048 699 369 118 93 
75 5 130 1986 2115 2049 699 369 118 93 
75 5 130 1986 2115 2050 699 369 118 93 
75 5 130 1986 2115 2051 699 369 118 93 
75 5 130 1986 2115 2052 699 369 118 93 
75 5 130 1986 2115 2053 699 369 118 93 
75 5 130 1986 2115 2054 699 369 118 93 
75 5 130 1986 2115 2055 699 369 118 93 
75 5 130 1986 2115 2056 699 369 118 93 
75 5 130 1986 2115 2057 699 369 118 93 
75 5 130 1986 2115 2058 699 369 118 93 
75 5 130 1986 2115 2059 699 369 118 93 
75 5 130 1986 2115 2060 699 369 118 93 
75 5 130 1986 2115 2061 699 369 118 93 
75 5 130 1986 2115 2062 699 369 118 93 
75 5 130 1986 2115 2063 699 369 118 93 
75 5 130 1986 2115 2064 699 369 118 93 
75 5 130 1986 2115 2065 699 369 118 93 
75 5 130 1986 2115 2066 699 369 118 93 
75 5 130 1986 2115 2067 699 369 118 93 
75 5 130 1986 2115 2068 699 369 118 93 
75 5 130 1986 2115 2069 699 369 118 93 
75 5 130 1986 2115 2070 699 369 118 93 
75 5 130 1986 2115 2071 699 369 118 93 
75 5 130 1986 2115 2072 699 369 118 93 
75 5 130 1986 2115 2073 699 369 118 93 
75 5 130 1986 2115 2074 699 369 118 93 
75 5 130 1986 2115 2075 699 369 118 93 
75 5 130 1986 2115 2076 699 369 118 93 
75 5 130 1986 2115 2077 699 369 118 93 
75 5 130 1986 2115 2078 699 369 118 93 
75 5 130 1986 2115 2079 699 369 118 93 
75 5 130 1986 2115 2080 699 369 118 93 
75 5 130 1986 2115 2081 699 369 118 93 
75 5 130 1986 2115 2082 699 369 118 93 
75 5 130 1986 2115 2083 699 369 118 93 
75 5 130 1986 2115 2084 699 369 118 93 
75 5 130 1986 2115 2085 699 369 118 93 
75 5 130 1986 2115 2086 699 369 118 93 
75 5 130 1986 2115 2087 699 369 118 93 
75 5 130 1986 2115 2088 699 369 118 93 
75 5 130 1986 2115 2089 699 369 118 93 
75 5 130 1986 2115 2090 699 369 118 93 
75 5 130 1986 2115 2091 699 369 118 93 
75 5 130 1986 2115 2092 699 369 118 93 
75 5 130 1986 2115 2093 699 369 118 93 
75 5 130 1986 2115 2094 699 369 118 93 
75 5 130 1986 2115 2095 699 369 118 93 
75 5 130 1986 2115 2096 699 369 118 93 
75 5 130 1986 2115 2097 699 369 118 93 
75 5 130 1986 2115 2098 699 369 118 93 
75 5 130 1986 2115 2099 699 369 118 93 
75 5 130 1986 2115 2100 699 369 118 93 
75 5 130 1986 2115 2101 699 369 118 93 
75 5 130 1986 2115 2102 699 369 118 93 
75 5 130 1986 2115 2103 699 369 118 93 
75 5 130 1986 2115 2104 699 369 118 93 
75 5 130 1986 2115 2105 699 369 118 93 
75 5 130 1986 2115 2106 699 369 118 93 
75 5 130 1986 2115 2107 699 369 118 93 
75 5 130 1986 2115 2108 699 369 118 93 
75 5 130 1986 2115 2109 699 369 118 93 
75 5 130 1986 2115 2110 699 369 118 93 
75 5 130 1986 2115 2111 699 369 118 93 
75 5 130 1986 2115 2112 699 369 118 93 
75 5 130 1986 2115 2113 699 369 118 93 
75 5 130 1986 2115 2114 699 369 118 93 
75 5 130 1986 2115 2115 699 369 118 93 
76 5 204 1973 2176 1973 499 184 73 61 
76 5 204 1973 2176 1974 499 184 73 61 
76 5 204 1973 2176 1975 499 184 73 61 
76 5 204 1973 2176 1976 499 184 73 61 
76 5 204 1973 2176 1977 499 184 73 61 
76 5 204 1973 2176 1978 499 184 73 61 
76 5 204 1973 2176 1979 499 184 73 61 
76 5 204 1973 2176 1980 499 184 73 61 
76 5 204 1973 2176 1981 499 184 73 61 
76 5 204 1973 2176 1982 499 184 73 61 
76 5 204 1973 2176 1983 499 184 73 61 
76 5 204 1973 2176 1984 499 184 73 61 
76 5 204 1973 2176 1985 499 184 73 61 
76 5 204 1973 2176 1986 499 184 73 61 
76 5 204 1973 2176 1987 499 184 73 61 
76 5 204 1973 2176 1988 499 184 73 61 
76 5 204 1973 2176 1989 499 184 73 61 
76 5 204 1973 2176 1990 499 184 73 61 
76 5 204 1973 2176 1991 499 184 73 61 
76 5 204 1973 2176 1992 499 184 73 61 
76 5 204 1973 2176 1993 499 184 73 61 
76 5 204 1973 2176 1994 499 184 73 61 
76 5 204 1973 2176 1995 499 184 73 61 
76 5 204 1973 2176 1996 499 184 73 61 
76 5 204 1973 2176 1997 499 184 73 61 
76 5 204 1973 2176 1998 499 184 73 61 
76 5 204 1973 2176 1999 499 184 73 61 
76 5 204 1973 2176 2000 499 184 73 61 
76 5 204 1973 2176 2001 499 184 73 61 
76 5 204 1973 2176 2002 499 184 73 61 
76 5 204 1973 2176 2003 499 184 73 61 
76 5 204 1973 2176 2004 499 184 73 61 
76 5 204 1973 2176 2005 499 184 73 61 
76 5 204 1973 2176 2006 499 184 73 61 
76 5 204 1973 2176 2007 499 184 73 61 
76 5 204 1973 2176 2008 499 184 73 61 
76 5 204 1973 2176 2009 499 184 73 61 
76 5 204 1973 2176 2010 499 184 73 61 
76 5 204 1973 2176 2011 499 184 73 61 
76 5 204 1973 2176 2012 499 184 73 61 
76 5 204 1973 2176 2013 499 184 73 61 
76 5 204 1973 2176 2014 499 184 73 61 
76 5 204 1973 2176 2015 499 184 73 61 
76 5 204 1973 2176 2016 499 184 73 61 
76 5 204 1973 2176 2017 499 184 73 61 
76 5 204 1973 2176 2018 499 184 73 61 
76 5 204 1973 2176 2019 499 184 73 61 
76 5 204 1973 2176 2020 499 184 73 61 
76 5 204 1973 2176 2021 499 184 73 61 
76 5 204 1973 2176 2022 499 184 73 61 
76 5 204 1973 2176 2023 499 184 73 61 
76 5 204 1973 2176 2024 499 184 73 61 
76 5 204 1973 2176 2025 499 184 73 61 
76 5 204 1973 2176 2026 499 184 73 61 
76 5 204 1973 2176 2027 499 184 73 61 
76 5 204 1973 2176 2028 499 184 73 61 
76 5 204 1973 2176 2029 499 184 73 61 
76 5 204 1973 2176 2030 499 184 73 61 
76 5 204 1973 2176 2031 499 184 73 61 
76 5 204 1973 2176 2032 499 184 73 61 
76 5 204 1973 2176 2033 499 184 73 61 
76 5 204 1973 2176 2034 499 184 73 61 
76 5 204 1973 2176 2035 499 184 73 61 
76 5 204 1973 2176 2036 499 184 73 61 
76 5 204 1973 2176 2037 499 184 73 61 
76 5 204 1973 2176 2038 499 184 73 61 
76 5 204 1973 2176 2039 499 184 73 61 
76 5 204 1973 2176 2040 499 184 73 61 
76 5 204 1973 2176 2041 499 184 73 61 
76 5 204 1973 2176 2042 499 184 73 61 
76 5 204 1973 2176 2043 499 184 73 61 
76 5 204 1973 2176 2044 499 184 73 61 
76 5 204 1973 2176 2045 499 184 73 61 
76 5 204 1973 2176 2046 499 184 73 61 
76 5 204 1973 2176 2047 499 184 73 61 
76 5 204 1973 2176 2048 499 184 73 61 
76 5 204 1973 2176 2049 499 184 73 61 
76 5 204 1973 2176 2050 499 184 73 61 
76 5 204 1973 2176 2051 499 184 73 61 
76 5 204 1973 2176 2052 499 184 73 61 
76 5 204 1973 2176 2053 499 184 73 61 
76 5 204 1973 2176 2054 499 184 73 61 
76 5 204 1973 2176 2055 499 184 73 61 
76 5 204 1973 2176 2056 499 184 73 61 
76 5 204 1973 2176 2057 499 184 73 61 
76 5 204 1973 2176 2058 499 184 73 61 
76 5 204 1973 2176 2059 499 184 73 61 
76 5 204 1973 2176 2060 499 184 73 61 
76 5 204 1973 2176 2061 499 184 73 61 
76 5 204 1973 2176 2062 499 184 73 61 
76 5 204 1973 2176 2063 499 184 73 61 
76 5 204 1973 2176 2064 499 184 73 61 
76 5 204 1973 2176 2065 499 184 73 61 
76 5 204 1973 2176 2066 499 184 73 61 
76 5 204 1973 2176 2067 499 184 73 61 
76 5 204 1973 2176 2068 499 184 73 61 
76 5 204 1973 2176 2069 499 184 73 61 
76 5 204 1973 2176 2070 499 184 73 61 
76 5 204 1973 2176 2071 499 184 73 61 
76 5 204 1973 2176 2072 499 184 73 61 
76 5 204 1973 2176 2073 499 184 73 61 
76 5 204 1973 2176 2074 499 184 73 61 
76 5 204 1973 2176 2075 499 184 73 61 
76 5 204 1973 2176 2076 499 184 73 61 
76 5 204 1973 2176 2077 499 184 73 61 
76 5 204 1973 2176 2078 499 184 73 61 
76 5 204 1973 2176 2079 499 184 73 61 
76 5 204 1973 2176 2080 499 184 73 61 
76 5 204 1973 2176 2081 499 184 73 61 
76 5 204 1973 2176 2082 499 184 73 61 
76 5 204 1973 2176 2083 499 184 73 61 
76 5 204 1973 2176 2084 499 184 73 61 
76 5 204 1973 2176 2085 499 184 73 61 
76 5 204 1973 2176 2086 499 184 73 61 
76 5 204 1973 2176 2087 499 184 73 61 
76 5 204 1973 2176 2088 499 184 73 61 
76 5 204 1973 2176 2089 499 184 73 61 
76 5 204 1973 2176 2090 499 184 73 61 
76 5 204 1973 2176 2091 499 184 73 61 
76 5 204 1973 2176 2092 499 184 73 61 
76 5 204 1973 2176 2093 499 184 73 61 
76 5 204 1973 2176 2094 499 184 73 61 
76 5 204 1973 2176 2095 499 184 73 61 
76 5 204 1973 2176 2096 499 184 73 61 
76 5 204 1973 2176 2097 499 184 73 61 
76 5 204 1973 2176 2098 499 184 73 61 
76 5 204 1973 2176 2099 499 184 73 61 
76 5 204 1973 2176 2100 499 184 73 61 
76 5 204 1973 2176 2101 499 184 73 61 
76 5 204 1973 2176 2102 499 184 73 61 
76 5 204 1973 2176 2103 499 184 73 61 
76 5 204 1973 2176 2104 499 184 73 61 
76 5 204 1973 2176 2105 499 184 73 61 
76 5 204 1973 2176 2106 499 184 73 61 
76 5 204 1973 2176 2107 499 184 73 61 
76 5 204 1973 2176 2108 499 184 73 61 
76 5 204 1973 2176 2109 499 184 73 61 
76 5 204 1973 2176 2110 499 184 73 61 
76 5 204 1973 2176 2111 499 184 73 61 
76 5 204 1973 2176 2112 499 184 73 61 
76 5 204 1973 2176 2113 499 184 73 61 
76 5 204 1973 2176 2114 499 184 73 61 
76 5 204 1973 2176 2115 499 184 73 61 
76 5 204 1973 2176 2116 499 184 73 61 
76 5 204 1973 2176 2117 499 184 73 61 
76 5 204 1973 2176 2118 499 184 73 61 
76 5 204 1973 2176 2119 499 184 73 61 
76 5 204 1973 2176 2120 499 184 73 61 
76 5 204 1973 2176 2121 499 184 73 61 
76 5 204 1973 2176 2122 499 184 73 61 
76 5 204 1973 2176 2123 499 184 73 61 
76 5 204 1973 2176 2124 499 184 73 61 
76 5 204 1973 2176 2125 499 184 73 61 
76 5 204 1973 2176 2126 499 184 73 61 
76 5 204 1973 2176 2127 499 184 73 61 
76 5 204 1973 2176 2128 499 184 73 61 
76 5 204 1973 2176 2129 499 184 73 61 
76 5 204 1973 2176 2130 499 184 73 61 
76 5 204 1973 2176 2131 499 184 73 61 
76 5 204 1973 2176 2132 499 184 73 61 
76 5 204 1973 2176 2133 499 184 73 61 
76 5 204 1973 2176 2134 499 184 73 61 
76 5 204 1973 2176 2135 499 184 73 61 
76 5 204 1973 2176 2136 499 184 73 61 
76 5 204 1973 2176 2137 499 184 73 61 
76 5 204 1973 2176 2138 499 184 73 61 
76 5 204 1973 2176 2139 499 184 73 61 
76 5 204 1973 2176 2140 499 184 73 61 
76 5 204 1973 2176 2141 499 184 73 61 
76 5 204 1973 2176 2142 499 184 73 61 
76 5 204 1973 2176 2143 499 184 73 61 
76 5 204 1973 2176 2144 499 184 73 61 
76 5 204 1973 2176 2145 499 184 73 61 
76 5 204 1973 2176 2146 499 184 73 61 
76 5 204 1973 2176 2147 499 184 73 61 
76 5 204 1973 2176 2148 499 184 73 61 
76 5 204 1973 2176 2149 499 184 73 61 
76 5 204 1973 2176 2150 499 184 73 61 
76 5 204 1973 2176 2151 499 184 73 61 
76 5 204 1973 2176 2152 499 184 73 61 
76 5 204 1973 2176 2153 499 184 73 61 
76 5 204 1973 2176 2154 499 184 73 61 
76 5 204 1973 2176 2155 499 184 73 61 
76 5 204 1973 2176 2156 499 184 73 61 
76 5 204 1973 2176 2157 499 184 73 61 
76 5 204 1973 2176 2158 499 184 73 61 
76 5 204 1973 2176 2159 499 184 73 61 
76 5 204 1973 2176 2160 499 184 73 61 
76 5 204 1973 2176 2161 499 184 73 61 
76 5 204 1973 2176 2162 499 184 73 61 
76 5 204 1973 2176 2163 499 184 73 61 
76 5 204 1973 2176 2164 499 184 73 61 
76 5 204 1973 2176 2165 499 184 73 61 
76 5 204 1973 2176 2166 499 184 73 61 
76 5 204 1973 2176 2167 499 184 73 61 
76 5 204 1973 2176 2168 499 184 73 61 
76 5 204 1973 2176 2169 499 184 73 61 
76 5 204 1973 2176 2170 499 184 73 61 
76 5 204 1973 2176 2171 499 184 73 61 
76 5 204 1973 2176 2172 499 184 73 61 
76 5 204 1973 2176 2173 499 184 73 61 
76 5 204 1973 2176 2174 499 184 73 61 
76 5 204 1973 2176 2175 499 184 73 61 
76 5 204 1973 2176 2176 499 184 73 61 
