0 5 208 3354 3561 3354 790 417 141 93 
0 5 208 3354 3561 3355 790 417 141 93 
0 5 208 3354 3561 3356 790 417 141 93 
0 5 208 3354 3561 3357 790 417 141 93 
0 5 208 3354 3561 3358 790 417 141 93 
0 5 208 3354 3561 3359 790 417 141 93 
0 5 208 3354 3561 3360 790 417 141 93 
0 5 208 3354 3561 3361 790 417 141 93 
0 5 208 3354 3561 3362 790 417 141 93 
0 5 208 3354 3561 3363 790 417 141 93 
0 5 208 3354 3561 3364 790 417 141 93 
0 5 208 3354 3561 3365 790 417 141 93 
0 5 208 3354 3561 3366 790 417 141 93 
0 5 208 3354 3561 3367 790 417 141 93 
0 5 208 3354 3561 3368 790 417 141 93 
0 5 208 3354 3561 3369 790 417 141 93 
0 5 208 3354 3561 3370 790 417 141 93 
0 5 208 3354 3561 3371 790 417 141 93 
0 5 208 3354 3561 3372 790 417 141 93 
0 5 208 3354 3561 3373 790 417 141 93 
0 5 208 3354 3561 3374 790 417 141 93 
0 5 208 3354 3561 3375 790 417 141 93 
0 5 208 3354 3561 3376 790 417 141 93 
0 5 208 3354 3561 3377 790 417 141 93 
0 5 208 3354 3561 3378 790 417 141 93 
0 5 208 3354 3561 3379 790 417 141 93 
0 5 208 3354 3561 3380 790 417 141 93 
0 5 208 3354 3561 3381 790 417 141 93 
0 5 208 3354 3561 3382 790 417 141 93 
0 5 208 3354 3561 3383 790 417 141 93 
0 5 208 3354 3561 3384 790 417 141 93 
0 5 208 3354 3561 3385 790 417 141 93 
0 5 208 3354 3561 3386 790 417 141 93 
0 5 208 3354 3561 3387 790 417 141 93 
0 5 208 3354 3561 3388 790 417 141 93 
0 5 208 3354 3561 3389 790 417 141 93 
0 5 208 3354 3561 3390 790 417 141 93 
0 5 208 3354 3561 3391 790 417 141 93 
0 5 208 3354 3561 3392 790 417 141 93 
0 5 208 3354 3561 3393 790 417 141 93 
0 5 208 3354 3561 3394 790 417 141 93 
0 5 208 3354 3561 3395 790 417 141 93 
0 5 208 3354 3561 3396 790 417 141 93 
0 5 208 3354 3561 3397 790 417 141 93 
0 5 208 3354 3561 3398 790 417 141 93 
0 5 208 3354 3561 3399 790 417 141 93 
0 5 208 3354 3561 3400 790 417 141 93 
0 5 208 3354 3561 3401 790 417 141 93 
0 5 208 3354 3561 3402 790 417 141 93 
0 5 208 3354 3561 3403 790 417 141 93 
0 5 208 3354 3561 3404 790 417 141 93 
0 5 208 3354 3561 3405 790 417 141 93 
0 5 208 3354 3561 3406 790 417 141 93 
0 5 208 3354 3561 3407 790 417 141 93 
0 5 208 3354 3561 3408 790 417 141 93 
0 5 208 3354 3561 3409 790 417 141 93 
0 5 208 3354 3561 3410 790 417 141 93 
0 5 208 3354 3561 3411 790 417 141 93 
0 5 208 3354 3561 3412 790 417 141 93 
0 5 208 3354 3561 3413 790 417 141 93 
0 5 208 3354 3561 3414 790 417 141 93 
0 5 208 3354 3561 3415 790 417 141 93 
0 5 208 3354 3561 3416 790 417 141 93 
0 5 208 3354 3561 3417 790 417 141 93 
0 5 208 3354 3561 3418 790 417 141 93 
0 5 208 3354 3561 3419 790 417 141 93 
0 5 208 3354 3561 3420 790 417 141 93 
0 5 208 3354 3561 3421 790 417 141 93 
0 5 208 3354 3561 3422 790 417 141 93 
0 5 208 3354 3561 3423 790 417 141 93 
0 5 208 3354 3561 3424 790 417 141 93 
0 5 208 3354 3561 3425 790 417 141 93 
0 5 208 3354 3561 3426 790 417 141 93 
0 5 208 3354 3561 3427 790 417 141 93 
0 5 208 3354 3561 3428 790 417 141 93 
0 5 208 3354 3561 3429 790 417 141 93 
0 5 208 3354 3561 3430 790 417 141 93 
0 5 208 3354 3561 3431 790 417 141 93 
0 5 208 3354 3561 3432 790 417 141 93 
0 5 208 3354 3561 3433 790 417 141 93 
0 5 208 3354 3561 3434 790 417 141 93 
0 5 208 3354 3561 3435 790 417 141 93 
0 5 208 3354 3561 3436 790 417 141 93 
0 5 208 3354 3561 3437 790 417 141 93 
0 5 208 3354 3561 3438 790 417 141 93 
0 5 208 3354 3561 3439 790 417 141 93 
0 5 208 3354 3561 3440 790 417 141 93 
0 5 208 3354 3561 3441 790 417 141 93 
0 5 208 3354 3561 3442 790 417 141 93 
0 5 208 3354 3561 3443 790 417 141 93 
0 5 208 3354 3561 3444 790 417 141 93 
0 5 208 3354 3561 3445 790 417 141 93 
0 5 208 3354 3561 3446 790 417 141 93 
0 5 208 3354 3561 3447 790 417 141 93 
0 5 208 3354 3561 3448 790 417 141 93 
0 5 208 3354 3561 3449 790 417 141 93 
0 5 208 3354 3561 3450 790 417 141 93 
0 5 208 3354 3561 3451 790 417 141 93 
0 5 208 3354 3561 3452 790 417 141 93 
0 5 208 3354 3561 3453 790 417 141 93 
0 5 208 3354 3561 3454 790 417 141 93 
0 5 208 3354 3561 3455 790 417 141 93 
0 5 208 3354 3561 3456 790 417 141 93 
0 5 208 3354 3561 3457 790 417 141 93 
0 5 208 3354 3561 3458 790 417 141 93 
0 5 208 3354 3561 3459 790 417 141 93 
0 5 208 3354 3561 3460 790 417 141 93 
0 5 208 3354 3561 3461 790 417 141 93 
0 5 208 3354 3561 3462 790 417 141 93 
0 5 208 3354 3561 3463 790 417 141 93 
0 5 208 3354 3561 3464 790 417 141 93 
0 5 208 3354 3561 3465 790 417 141 93 
0 5 208 3354 3561 3466 790 417 141 93 
0 5 208 3354 3561 3467 790 417 141 93 
0 5 208 3354 3561 3468 790 417 141 93 
0 5 208 3354 3561 3469 790 417 141 93 
0 5 208 3354 3561 3470 790 417 141 93 
0 5 208 3354 3561 3471 790 417 141 93 
0 5 208 3354 3561 3472 790 417 141 93 
0 5 208 3354 3561 3473 790 417 141 93 
0 5 208 3354 3561 3474 790 417 141 93 
0 5 208 3354 3561 3475 790 417 141 93 
0 5 208 3354 3561 3476 790 417 141 93 
0 5 208 3354 3561 3477 790 417 141 93 
0 5 208 3354 3561 3478 790 417 141 93 
0 5 208 3354 3561 3479 790 417 141 93 
0 5 208 3354 3561 3480 790 417 141 93 
0 5 208 3354 3561 3481 790 417 141 93 
0 5 208 3354 3561 3482 790 417 141 93 
0 5 208 3354 3561 3483 790 417 141 93 
0 5 208 3354 3561 3484 790 417 141 93 
0 5 208 3354 3561 3485 790 417 141 93 
0 5 208 3354 3561 3486 790 417 141 93 
0 5 208 3354 3561 3487 790 417 141 93 
0 5 208 3354 3561 3488 790 417 141 93 
0 5 208 3354 3561 3489 790 417 141 93 
0 5 208 3354 3561 3490 790 417 141 93 
0 5 208 3354 3561 3491 790 417 141 93 
0 5 208 3354 3561 3492 790 417 141 93 
0 5 208 3354 3561 3493 790 417 141 93 
0 5 208 3354 3561 3494 790 417 141 93 
0 5 208 3354 3561 3495 790 417 141 93 
0 5 208 3354 3561 3496 790 417 141 93 
0 5 208 3354 3561 3497 790 417 141 93 
0 5 208 3354 3561 3498 790 417 141 93 
0 5 208 3354 3561 3499 790 417 141 93 
0 5 208 3354 3561 3500 790 417 141 93 
0 5 208 3354 3561 3501 790 417 141 93 
0 5 208 3354 3561 3502 790 417 141 93 
0 5 208 3354 3561 3503 790 417 141 93 
0 5 208 3354 3561 3504 790 417 141 93 
0 5 208 3354 3561 3505 790 417 141 93 
0 5 208 3354 3561 3506 790 417 141 93 
0 5 208 3354 3561 3507 790 417 141 93 
0 5 208 3354 3561 3508 790 417 141 93 
0 5 208 3354 3561 3509 790 417 141 93 
0 5 208 3354 3561 3510 790 417 141 93 
0 5 208 3354 3561 3511 790 417 141 93 
0 5 208 3354 3561 3512 790 417 141 93 
0 5 208 3354 3561 3513 790 417 141 93 
0 5 208 3354 3561 3514 790 417 141 93 
0 5 208 3354 3561 3515 790 417 141 93 
0 5 208 3354 3561 3516 790 417 141 93 
0 5 208 3354 3561 3517 790 417 141 93 
0 5 208 3354 3561 3518 790 417 141 93 
0 5 208 3354 3561 3519 790 417 141 93 
0 5 208 3354 3561 3520 790 417 141 93 
0 5 208 3354 3561 3521 790 417 141 93 
0 5 208 3354 3561 3522 790 417 141 93 
0 5 208 3354 3561 3523 790 417 141 93 
0 5 208 3354 3561 3524 790 417 141 93 
0 5 208 3354 3561 3525 790 417 141 93 
0 5 208 3354 3561 3526 790 417 141 93 
0 5 208 3354 3561 3527 790 417 141 93 
0 5 208 3354 3561 3528 790 417 141 93 
0 5 208 3354 3561 3529 790 417 141 93 
0 5 208 3354 3561 3530 790 417 141 93 
0 5 208 3354 3561 3531 790 417 141 93 
0 5 208 3354 3561 3532 790 417 141 93 
0 5 208 3354 3561 3533 790 417 141 93 
0 5 208 3354 3561 3534 790 417 141 93 
0 5 208 3354 3561 3535 790 417 141 93 
0 5 208 3354 3561 3536 790 417 141 93 
0 5 208 3354 3561 3537 790 417 141 93 
0 5 208 3354 3561 3538 790 417 141 93 
0 5 208 3354 3561 3539 790 417 141 93 
0 5 208 3354 3561 3540 790 417 141 93 
0 5 208 3354 3561 3541 790 417 141 93 
0 5 208 3354 3561 3542 790 417 141 93 
0 5 208 3354 3561 3543 790 417 141 93 
0 5 208 3354 3561 3544 790 417 141 93 
0 5 208 3354 3561 3545 790 417 141 93 
0 5 208 3354 3561 3546 790 417 141 93 
0 5 208 3354 3561 3547 790 417 141 93 
0 5 208 3354 3561 3548 790 417 141 93 
0 5 208 3354 3561 3549 790 417 141 93 
0 5 208 3354 3561 3550 790 417 141 93 
0 5 208 3354 3561 3551 790 417 141 93 
0 5 208 3354 3561 3552 790 417 141 93 
0 5 208 3354 3561 3553 790 417 141 93 
0 5 208 3354 3561 3554 790 417 141 93 
0 5 208 3354 3561 3555 790 417 141 93 
0 5 208 3354 3561 3556 790 417 141 93 
0 5 208 3354 3561 3557 790 417 141 93 
0 5 208 3354 3561 3558 790 417 141 93 
0 5 208 3354 3561 3559 790 417 141 93 
0 5 208 3354 3561 3560 790 417 141 93 
0 5 208 3354 3561 3561 790 417 141 93 
