10 9 1099 146 1244 146 1253 221 26 55 
10 9 1099 146 1244 147 1253 223 26 54 
10 9 1099 146 1244 148 1250 223 29 54 
10 9 1099 146 1244 149 1250 223 29 54 
10 9 1099 146 1244 150 1250 223 29 54 
10 9 1099 146 1244 151 1247 223 32 51 
10 9 1099 146 1244 152 1247 223 32 51 
10 9 1099 146 1244 153 1247 223 32 51 
10 9 1099 146 1244 154 1245 223 33 51 
10 9 1099 146 1244 155 1245 223 33 51 
10 9 1099 146 1244 156 1245 223 33 51 
10 9 1099 146 1244 157 1242 224 36 48 
10 9 1099 146 1244 158 1242 224 36 48 
10 9 1099 146 1244 159 1242 224 36 48 
10 9 1099 146 1244 160 1239 224 39 48 
10 9 1099 146 1244 161 1239 224 39 48 
10 9 1099 146 1244 162 1239 224 39 48 
10 9 1099 146 1244 163 1239 226 39 45 
10 9 1099 146 1244 164 1237 226 41 45 
10 9 1099 146 1244 165 1237 226 41 45 
10 9 1099 146 1244 166 1237 226 41 45 
10 9 1099 146 1244 167 1236 226 42 45 
10 9 1099 146 1244 168 1236 226 42 45 
10 9 1099 146 1244 169 1236 226 42 45 
10 9 1099 146 1244 170 1236 226 42 45 
10 9 1099 146 1244 171 1234 226 44 45 
10 9 1099 146 1244 172 1234 226 44 45 
10 9 1099 146 1244 173 1234 226 44 45 
10 9 1099 146 1244 174 1234 226 44 45 
10 9 1099 146 1244 175 1232 226 46 45 
10 9 1099 146 1244 176 1232 226 46 45 
10 9 1099 146 1244 177 1232 226 46 45 
10 9 1099 146 1244 178 1232 226 46 45 
10 9 1099 146 1244 179 1230 226 46 45 
10 9 1099 146 1244 180 1230 226 46 45 
10 9 1099 146 1244 181 1230 226 46 45 
10 9 1099 146 1244 182 1228 226 48 45 
10 9 1099 146 1244 183 1228 226 48 45 
10 9 1099 146 1244 184 1228 226 48 45 
10 9 1099 146 1244 185 1228 226 48 45 
10 9 1099 146 1244 186 1227 226 46 45 
10 9 1099 146 1244 187 1227 226 46 45 
10 9 1099 146 1244 188 1227 226 46 45 
10 9 1099 146 1244 189 1225 226 46 45 
10 9 1099 146 1244 190 1225 226 46 45 
10 9 1099 146 1244 191 1225 226 46 45 
10 9 1099 146 1244 192 1225 228 46 45 
10 9 1099 146 1244 193 1223 228 46 45 
10 9 1099 146 1244 194 1223 228 46 45 
10 9 1099 146 1244 195 1223 228 46 45 
10 9 1099 146 1244 196 1221 228 46 45 
10 9 1099 146 1244 197 1221 228 46 45 
10 9 1099 146 1244 198 1221 228 46 45 
10 9 1099 146 1244 199 1221 228 46 45 
10 9 1099 146 1244 200 1220 228 46 45 
10 9 1099 146 1244 201 1220 228 46 45 
10 9 1099 146 1244 202 1220 228 46 45 
10 9 1099 146 1244 203 1220 230 46 45 
10 9 1099 146 1244 204 1218 230 46 45 
10 9 1099 146 1244 205 1218 230 46 45 
10 9 1099 146 1244 206 1218 230 46 45 
10 9 1099 146 1244 207 1216 230 46 45 
10 9 1099 146 1244 208 1216 230 46 45 
10 9 1099 146 1244 209 1216 230 46 45 
10 9 1099 146 1244 210 1214 230 46 45 
10 9 1099 146 1244 211 1214 230 46 45 
10 9 1099 146 1244 212 1214 230 46 45 
10 9 1099 146 1244 213 1212 230 48 45 
10 9 1099 146 1244 214 1212 230 48 45 
10 9 1099 146 1244 215 1212 230 48 45 
10 9 1099 146 1244 216 1211 230 46 45 
10 9 1099 146 1244 217 1211 230 46 45 
10 9 1099 146 1244 218 1211 230 46 45 
10 9 1099 146 1244 219 1209 230 46 45 
10 9 1099 146 1244 220 1209 230 46 45 
10 9 1099 146 1244 221 1209 232 46 45 
10 9 1099 146 1244 222 1207 232 46 45 
10 9 1099 146 1244 223 1207 232 46 45 
10 9 1099 146 1244 224 1205 232 46 45 
10 9 1099 146 1244 225 1205 232 46 45 
10 9 1099 146 1244 226 1204 232 46 45 
10 9 1099 146 1244 227 1204 232 46 45 
10 9 1099 146 1244 228 1204 232 46 45 
10 9 1099 146 1244 229 1202 232 46 45 
10 9 1099 146 1244 230 1202 232 46 45 
10 9 1099 146 1244 231 1202 232 46 45 
10 9 1099 146 1244 232 1200 232 46 45 
10 9 1099 146 1244 233 1200 232 46 45 
10 9 1099 146 1244 234 1200 232 46 45 
10 9 1099 146 1244 235 1198 232 46 45 
10 9 1099 146 1244 236 1198 232 46 45 
10 9 1099 146 1244 237 1198 232 46 45 
10 9 1099 146 1244 238 1196 232 48 45 
10 9 1099 146 1244 239 1196 232 48 45 
10 9 1099 146 1244 240 1196 232 48 45 
10 9 1099 146 1244 241 1195 232 46 45 
10 9 1099 146 1244 242 1195 232 46 45 
10 9 1099 146 1244 243 1195 232 46 45 
10 9 1099 146 1244 244 1193 232 46 45 
10 9 1099 146 1244 245 1193 232 46 45 
10 9 1099 146 1244 246 1193 232 46 45 
10 9 1099 146 1244 247 1191 232 46 45 
10 9 1099 146 1244 248 1191 232 46 45 
10 9 1099 146 1244 249 1191 232 46 45 
10 9 1099 146 1244 250 1189 232 46 45 
10 9 1099 146 1244 251 1189 232 46 45 
10 9 1099 146 1244 252 1189 233 46 46 
10 9 1099 146 1244 253 1188 233 46 46 
10 9 1099 146 1244 254 1186 233 46 46 
10 9 1099 146 1244 255 1186 233 46 46 
10 9 1099 146 1244 256 1184 233 46 46 
10 9 1099 146 1244 257 1184 233 46 46 
10 9 1099 146 1244 258 1182 233 46 46 
10 9 1099 146 1244 259 1180 233 48 46 
10 9 1099 146 1244 260 1180 233 48 46 
10 9 1099 146 1244 261 1179 233 46 46 
10 9 1099 146 1244 262 1179 233 46 46 
10 9 1099 146 1244 263 1177 233 46 46 
10 9 1099 146 1244 264 1175 233 46 46 
10 9 1099 146 1244 265 1175 233 46 46 
10 9 1099 146 1244 266 1173 233 46 46 
10 9 1099 146 1244 267 1173 235 46 45 
10 9 1099 146 1244 268 1172 235 46 45 
10 9 1099 146 1244 269 1172 235 46 45 
10 9 1099 146 1244 270 1172 235 46 45 
10 9 1099 146 1244 271 1172 235 46 45 
10 9 1099 146 1244 272 1170 235 46 45 
10 9 1099 146 1244 273 1170 235 46 45 
10 9 1099 146 1244 274 1170 237 46 45 
10 9 1099 146 1244 275 1170 237 46 45 
10 9 1099 146 1244 276 1170 237 46 45 
10 9 1099 146 1244 277 1168 237 46 45 
10 9 1099 146 1244 278 1168 237 46 45 
10 9 1099 146 1244 279 1168 237 46 45 
10 9 1099 146 1244 280 1168 237 46 45 
10 9 1099 146 1244 281 1168 239 46 45 
10 9 1099 146 1244 282 1166 239 46 45 
10 9 1099 146 1244 283 1164 239 48 45 
10 9 1099 146 1244 284 1164 239 48 45 
10 9 1099 146 1244 285 1163 239 46 45 
10 9 1099 146 1244 286 1163 239 46 45 
10 9 1099 146 1244 287 1161 239 46 45 
10 9 1099 146 1244 288 1161 239 46 45 
10 9 1099 146 1244 289 1159 239 46 45 
10 9 1099 146 1244 290 1159 239 46 45 
10 9 1099 146 1244 291 1157 239 46 45 
10 9 1099 146 1244 292 1157 239 46 45 
10 9 1099 146 1244 293 1156 239 46 45 
10 9 1099 146 1244 294 1156 239 46 45 
10 9 1099 146 1244 295 1154 239 46 45 
10 9 1099 146 1244 296 1154 239 46 45 
10 9 1099 146 1244 297 1152 239 46 45 
10 9 1099 146 1244 298 1152 239 46 45 
10 9 1099 146 1244 299 1150 239 46 45 
10 9 1099 146 1244 300 1150 239 46 45 
10 9 1099 146 1244 301 1148 237 48 48 
10 9 1099 146 1244 302 1149 237 44 48 
10 9 1099 146 1244 303 1147 237 46 48 
10 9 1099 146 1244 304 1148 237 42 48 
10 9 1099 146 1244 305 1145 237 46 48 
10 9 1099 146 1244 306 1146 237 42 48 
10 9 1099 146 1244 307 1143 234 46 54 
10 9 1099 146 1244 308 1144 234 42 54 
10 9 1099 146 1244 309 1141 234 46 54 
10 9 1099 146 1244 310 1142 234 44 54 
10 9 1099 146 1244 311 1141 234 42 54 
10 9 1099 146 1244 312 1141 234 42 54 
10 9 1099 146 1244 313 1139 234 42 54 
10 9 1099 146 1244 314 1139 231 42 58 
10 9 1099 146 1244 315 1137 231 42 58 
10 9 1099 146 1244 316 1137 231 42 58 
10 9 1099 146 1244 317 1135 231 44 58 
10 9 1099 146 1244 318 1135 231 44 58 
10 9 1099 146 1244 319 1133 231 44 58 
10 9 1099 146 1244 320 1134 231 40 58 
10 9 1099 146 1244 321 1132 229 42 63 
10 9 1099 146 1244 322 1133 229 38 63 
10 9 1099 146 1244 323 1130 229 42 63 
10 9 1099 146 1244 324 1131 229 38 63 
10 9 1099 146 1244 325 1128 229 42 63 
10 9 1099 146 1244 326 1129 229 40 63 
10 9 1099 146 1244 327 1129 229 40 66 
10 9 1099 146 1244 328 1127 229 40 66 
10 9 1099 146 1244 329 1126 229 38 66 
10 9 1099 146 1244 330 1126 229 38 66 
10 9 1099 146 1244 331 1124 229 38 66 
10 9 1099 146 1244 332 1124 229 38 66 
10 9 1099 146 1244 333 1122 229 40 66 
10 9 1099 146 1244 334 1122 229 40 66 
10 9 1099 146 1244 335 1120 229 40 66 
10 9 1099 146 1244 336 1120 229 40 66 
10 9 1099 146 1244 337 1118 229 40 66 
10 9 1099 146 1244 338 1117 229 38 66 
10 9 1099 146 1244 339 1117 229 38 66 
10 9 1099 146 1244 340 1115 229 38 66 
10 9 1099 146 1244 341 1115 229 38 66 
10 9 1099 146 1244 342 1113 229 40 66 
10 9 1099 146 1244 343 1113 229 40 66 
10 9 1099 146 1244 344 1111 229 40 66 
10 9 1099 146 1244 345 1111 229 40 66 
10 9 1099 146 1244 346 1110 229 38 66 
10 9 1099 146 1244 347 1110 229 38 66 
10 9 1099 146 1244 348 1108 229 38 66 
10 9 1099 146 1244 349 1108 229 38 66 
10 9 1099 146 1244 350 1106 229 40 66 
10 9 1099 146 1244 351 1106 229 40 66 
10 9 1099 146 1244 352 1104 229 40 66 
10 9 1099 146 1244 353 1104 229 40 66 
10 9 1099 146 1244 354 1102 229 40 66 
10 9 1099 146 1244 355 1102 229 40 66 
10 9 1099 146 1244 356 1101 229 38 66 
10 9 1099 146 1244 357 1101 229 38 66 
10 9 1099 146 1244 358 1101 229 38 66 
10 9 1099 146 1244 359 1099 229 38 66 
10 9 1099 146 1244 360 1099 229 38 66 
10 9 1099 146 1244 361 1097 229 40 66 
10 9 1099 146 1244 362 1097 229 40 66 
10 9 1099 146 1244 363 1095 229 40 66 
10 9 1099 146 1244 364 1095 229 40 66 
10 9 1099 146 1244 365 1094 229 38 66 
10 9 1099 146 1244 366 1094 229 38 66 
10 9 1099 146 1244 367 1092 229 38 66 
10 9 1099 146 1244 368 1092 229 38 66 
10 9 1099 146 1244 369 1092 229 38 67 
10 9 1099 146 1244 370 1090 229 40 66 
10 9 1099 146 1244 371 1090 229 40 66 
10 9 1099 146 1244 372 1088 229 40 66 
10 9 1099 146 1244 373 1088 229 40 66 
10 9 1099 146 1244 374 1086 229 40 66 
10 9 1099 146 1244 375 1086 229 40 66 
10 9 1099 146 1244 376 1085 229 38 66 
10 9 1099 146 1244 377 1085 229 38 66 
10 9 1099 146 1244 378 1083 229 38 66 
10 9 1099 146 1244 379 1083 229 38 66 
10 9 1099 146 1244 380 1081 229 40 66 
10 9 1099 146 1244 381 1081 229 40 66 
10 9 1099 146 1244 382 1079 229 40 66 
10 9 1099 146 1244 383 1079 229 40 66 
10 9 1099 146 1244 384 1078 229 38 66 
10 9 1099 146 1244 385 1078 229 38 66 
10 9 1099 146 1244 386 1076 229 38 66 
10 9 1099 146 1244 387 1076 229 38 66 
10 9 1099 146 1244 388 1074 229 40 66 
10 9 1099 146 1244 389 1074 229 40 66 
10 9 1099 146 1244 390 1072 229 40 66 
10 9 1099 146 1244 391 1072 229 40 66 
10 9 1099 146 1244 392 1070 229 40 66 
10 9 1099 146 1244 393 1070 229 40 66 
10 9 1099 146 1244 394 1069 229 38 66 
10 9 1099 146 1244 395 1069 229 38 66 
10 9 1099 146 1244 396 1067 229 38 66 
10 9 1099 146 1244 397 1067 229 38 66 
10 9 1099 146 1244 398 1065 229 40 66 
10 9 1099 146 1244 399 1065 229 40 66 
10 9 1099 146 1244 400 1065 229 40 66 
10 9 1099 146 1244 401 1063 229 40 66 
10 9 1099 146 1244 402 1063 229 40 66 
10 9 1099 146 1244 403 1062 229 38 66 
10 9 1099 146 1244 404 1062 229 38 66 
10 9 1099 146 1244 405 1060 229 38 66 
10 9 1099 146 1244 406 1060 229 38 66 
10 9 1099 146 1244 407 1060 229 38 66 
10 9 1099 146 1244 408 1058 229 40 66 
10 9 1099 146 1244 409 1058 229 40 66 
10 9 1099 146 1244 410 1056 229 40 66 
10 9 1099 146 1244 411 1056 229 40 66 
10 9 1099 146 1244 412 1054 229 40 66 
10 9 1099 146 1244 413 1054 229 40 66 
10 9 1099 146 1244 414 1054 229 40 67 
10 9 1099 146 1244 415 1053 230 38 64 
10 9 1099 146 1244 416 1053 230 38 61 
10 9 1099 146 1244 417 1051 231 38 58 
10 9 1099 146 1244 418 1051 231 38 57 
10 9 1099 146 1244 419 1051 232 38 54 
10 9 1099 146 1244 420 1049 232 40 51 
10 9 1099 146 1244 421 1049 232 40 51 
10 9 1099 146 1244 422 1047 233 40 48 
10 9 1099 146 1244 423 1047 233 40 46 
10 9 1099 146 1244 424 1047 233 40 43 
10 9 1099 146 1244 425 1046 234 38 40 
10 9 1099 146 1244 426 1046 234 38 37 
10 9 1099 146 1244 427 1046 234 38 37 
10 9 1099 146 1244 428 1044 234 38 36 
10 9 1099 146 1244 429 1044 234 38 36 
10 9 1099 146 1244 430 1042 234 40 36 
10 9 1099 146 1244 431 1042 234 40 36 
10 9 1099 146 1244 432 1040 234 40 36 
10 9 1099 146 1244 433 1040 234 40 36 
10 9 1099 146 1244 434 1038 234 40 36 
10 9 1099 146 1244 435 1038 234 40 36 
10 9 1099 146 1244 436 1037 234 38 36 
10 9 1099 146 1244 437 1037 234 38 36 
10 9 1099 146 1244 438 1037 234 38 36 
10 9 1099 146 1244 439 1033 234 40 36 
10 9 1099 146 1244 440 1030 234 38 36 
10 9 1099 146 1244 441 1026 234 40 36 
10 9 1099 146 1244 442 1024 234 40 36 
10 9 1099 146 1244 443 1024 234 40 36 
10 9 1099 146 1244 444 1022 234 40 36 
10 9 1099 146 1244 445 1022 234 40 36 
10 9 1099 146 1244 446 1022 234 40 36 
10 9 1099 146 1244 447 1021 234 38 36 
10 9 1099 146 1244 448 1021 234 38 36 
10 9 1099 146 1244 449 1021 234 38 36 
10 9 1099 146 1244 450 1019 234 38 36 
10 9 1099 146 1244 451 1019 234 38 36 
10 9 1099 146 1244 452 1019 234 38 36 
10 9 1099 146 1244 453 1017 234 40 36 
10 9 1099 146 1244 454 1017 234 40 36 
10 9 1099 146 1244 455 1015 234 40 36 
10 9 1099 146 1244 456 1015 234 40 36 
10 9 1099 146 1244 457 1015 234 40 36 
10 9 1099 146 1244 458 1014 234 38 36 
10 9 1099 146 1244 459 1014 234 38 36 
10 9 1099 146 1244 460 1014 234 38 36 
10 9 1099 146 1244 461 1012 234 38 36 
10 9 1099 146 1244 462 1012 234 38 36 
10 9 1099 146 1244 463 1012 234 38 36 
10 9 1099 146 1244 464 1010 234 40 36 
10 9 1099 146 1244 465 1010 234 40 36 
10 9 1099 146 1244 466 1010 235 40 34 
10 9 1099 146 1244 467 1008 235 40 34 
10 9 1099 146 1244 468 1008 235 40 34 
10 9 1099 146 1244 469 1008 235 40 34 
10 9 1099 146 1244 470 1006 235 40 34 
10 9 1099 146 1244 471 1006 235 40 34 
10 9 1099 146 1244 472 1006 235 40 34 
10 9 1099 146 1244 473 1005 235 38 34 
10 9 1099 146 1244 474 1005 235 38 34 
10 9 1099 146 1244 475 1005 235 38 34 
10 9 1099 146 1244 476 1003 235 38 34 
10 9 1099 146 1244 477 1003 235 38 34 
10 9 1099 146 1244 478 1003 235 38 34 
10 9 1099 146 1244 479 1001 235 40 34 
10 9 1099 146 1244 480 1001 235 40 34 
10 9 1099 146 1244 481 1001 235 40 34 
10 9 1099 146 1244 482 999 235 40 34 
10 9 1099 146 1244 483 999 235 40 34 
10 9 1099 146 1244 484 999 235 40 34 
10 9 1099 146 1244 485 998 235 38 34 
10 9 1099 146 1244 486 998 235 38 34 
10 9 1099 146 1244 487 998 235 38 34 
10 9 1099 146 1244 488 996 235 38 34 
10 9 1099 146 1244 489 996 235 38 34 
10 9 1099 146 1244 490 996 235 38 34 
10 9 1099 146 1244 491 994 235 40 34 
10 9 1099 146 1244 492 992 235 40 34 
10 9 1099 146 1244 493 992 235 40 34 
10 9 1099 146 1244 494 990 235 40 34 
10 9 1099 146 1244 495 990 235 40 34 
10 9 1099 146 1244 496 989 235 38 34 
10 9 1099 146 1244 497 987 235 38 34 
10 9 1099 146 1244 498 987 235 38 34 
10 9 1099 146 1244 499 985 235 40 34 
10 9 1099 146 1244 500 985 235 40 34 
10 9 1099 146 1244 501 983 235 40 34 
10 9 1099 146 1244 502 983 237 40 34 
10 9 1099 146 1244 503 982 237 38 34 
10 9 1099 146 1244 504 980 237 38 34 
10 9 1099 146 1244 505 980 237 38 34 
10 9 1099 146 1244 506 978 239 40 34 
10 9 1099 146 1244 507 978 239 40 34 
10 9 1099 146 1244 508 976 239 40 34 
10 9 1099 146 1244 509 976 239 40 34 
10 9 1099 146 1244 510 974 241 40 34 
10 9 1099 146 1244 511 973 241 38 34 
10 9 1099 146 1244 512 973 241 38 34 
10 9 1099 146 1244 513 971 241 38 34 
10 9 1099 146 1244 514 971 242 38 36 
10 9 1099 146 1244 515 969 242 40 36 
10 9 1099 146 1244 516 969 242 40 36 
10 9 1099 146 1244 517 967 242 40 36 
10 9 1099 146 1244 518 967 244 40 34 
10 9 1099 146 1244 519 966 244 38 34 
10 9 1099 146 1244 520 966 244 38 34 
10 9 1099 146 1244 521 966 244 38 34 
10 9 1099 146 1244 522 966 244 38 34 
10 9 1099 146 1244 523 964 244 38 34 
10 9 1099 146 1244 524 964 244 38 34 
10 9 1099 146 1244 525 964 244 38 34 
10 9 1099 146 1244 526 964 244 38 34 
10 9 1099 146 1244 527 962 244 40 34 
10 9 1099 146 1244 528 962 244 40 34 
10 9 1099 146 1244 529 962 244 40 34 
10 9 1099 146 1244 530 962 246 40 34 
10 9 1099 146 1244 531 960 246 40 34 
10 9 1099 146 1244 532 960 246 40 34 
10 9 1099 146 1244 533 958 246 40 34 
10 9 1099 146 1244 534 958 246 40 34 
10 9 1099 146 1244 535 957 246 38 34 
10 9 1099 146 1244 536 957 246 38 34 
10 9 1099 146 1244 537 955 246 38 34 
10 9 1099 146 1244 538 955 246 38 34 
10 9 1099 146 1244 539 953 246 40 34 
10 9 1099 146 1244 540 953 246 40 34 
10 9 1099 146 1244 541 951 246 40 34 
10 9 1099 146 1244 542 951 246 40 34 
10 9 1099 146 1244 543 951 248 40 34 
10 9 1099 146 1244 544 950 246 38 34 
10 9 1099 146 1244 545 950 246 38 34 
10 9 1099 146 1244 546 948 246 38 34 
10 9 1099 146 1244 547 948 246 38 34 
10 9 1099 146 1244 548 948 246 38 34 
10 9 1099 146 1244 549 946 246 40 34 
10 9 1099 146 1244 550 946 246 40 34 
10 9 1099 146 1244 551 946 246 40 34 
10 9 1099 146 1244 552 944 246 40 34 
10 9 1099 146 1244 553 944 246 40 34 
10 9 1099 146 1244 554 944 246 40 34 
10 9 1099 146 1244 555 942 246 40 34 
10 9 1099 146 1244 556 942 246 40 34 
10 9 1099 146 1244 557 942 246 40 34 
10 9 1099 146 1244 558 941 246 38 34 
10 9 1099 146 1244 559 941 246 38 34 
10 9 1099 146 1244 560 941 246 38 34 
10 9 1099 146 1244 561 939 246 38 34 
10 9 1099 146 1244 562 939 246 38 34 
10 9 1099 146 1244 563 937 246 40 34 
10 9 1099 146 1244 564 937 246 40 34 
10 9 1099 146 1244 565 935 246 40 34 
10 9 1099 146 1244 566 935 246 40 34 
10 9 1099 146 1244 567 934 246 38 34 
10 9 1099 146 1244 568 934 246 38 34 
10 9 1099 146 1244 569 932 246 38 34 
10 9 1099 146 1244 570 932 246 38 34 
10 9 1099 146 1244 571 932 246 38 34 
10 9 1099 146 1244 572 930 246 40 34 
10 9 1099 146 1244 573 930 246 40 34 
10 9 1099 146 1244 574 928 246 40 34 
10 9 1099 146 1244 575 928 246 40 34 
10 9 1099 146 1244 576 926 246 40 34 
10 9 1099 146 1244 577 926 246 40 34 
10 9 1099 146 1244 578 925 246 38 34 
10 9 1099 146 1244 579 925 246 38 34 
10 9 1099 146 1244 580 925 246 38 34 
10 9 1099 146 1244 581 923 246 38 34 
10 9 1099 146 1244 582 923 246 38 34 
10 9 1099 146 1244 583 921 246 40 34 
10 9 1099 146 1244 584 921 246 40 34 
10 9 1099 146 1244 585 919 246 40 34 
10 9 1099 146 1244 586 919 246 40 34 
10 9 1099 146 1244 587 918 246 38 34 
10 9 1099 146 1244 588 918 246 38 34 
10 9 1099 146 1244 589 916 246 38 34 
10 9 1099 146 1244 590 916 246 38 34 
10 9 1099 146 1244 591 914 246 40 34 
10 9 1099 146 1244 592 914 246 40 34 
10 9 1099 146 1244 593 912 246 40 34 
10 9 1099 146 1244 594 912 246 40 34 
10 9 1099 146 1244 595 912 248 40 34 
10 9 1099 146 1244 596 910 245 40 37 
10 9 1099 146 1244 597 910 245 40 40 
10 9 1099 146 1244 598 909 245 38 40 
10 9 1099 146 1244 599 909 245 38 42 
10 9 1099 146 1244 600 909 244 38 45 
10 9 1099 146 1244 601 907 244 38 45 
10 9 1099 146 1244 602 907 244 38 45 
10 9 1099 146 1244 603 904 244 42 45 
10 9 1099 146 1244 604 905 244 40 45 
10 9 1099 146 1244 605 905 244 40 45 
10 9 1099 146 1244 606 902 244 44 48 
10 9 1099 146 1244 607 903 244 40 48 
10 9 1099 146 1244 608 903 244 40 48 
10 9 1099 146 1244 609 901 244 42 48 
10 9 1099 146 1244 610 902 244 38 48 
10 9 1099 146 1244 611 902 244 38 48 
10 9 1099 146 1244 612 899 243 42 51 
10 9 1099 146 1244 613 900 243 38 51 
10 9 1099 146 1244 614 897 243 42 51 
10 9 1099 146 1244 615 897 243 42 51 
10 9 1099 146 1244 616 898 243 40 51 
10 9 1099 146 1244 617 895 243 44 54 
10 9 1099 146 1244 618 895 243 44 54 
10 9 1099 146 1244 619 896 243 40 54 
10 9 1099 146 1244 620 893 243 44 54 
10 9 1099 146 1244 621 893 243 44 54 
10 9 1099 146 1244 622 894 243 40 54 
10 9 1099 146 1244 623 892 242 42 55 
10 9 1099 146 1244 624 892 242 42 55 
10 9 1099 146 1244 625 892 245 42 52 
10 9 1099 146 1244 626 890 245 42 52 
10 9 1099 146 1244 627 890 245 42 52 
10 9 1099 146 1244 628 887 244 46 55 
10 9 1099 146 1244 629 888 244 42 55 
10 9 1099 146 1244 630 888 244 42 55 
10 9 1099 146 1244 631 885 244 46 55 
10 9 1099 146 1244 632 886 244 44 55 
10 9 1099 146 1244 633 886 244 44 55 
10 9 1099 146 1244 634 884 244 46 58 
10 9 1099 146 1244 635 885 244 42 58 
10 9 1099 146 1244 636 885 244 42 58 
10 9 1099 146 1244 637 882 244 46 58 
10 9 1099 146 1244 638 883 244 42 58 
10 9 1099 146 1244 639 880 243 46 61 
10 9 1099 146 1244 640 880 243 46 61 
10 9 1099 146 1244 641 881 243 42 61 
10 9 1099 146 1244 642 878 243 46 61 
10 9 1099 146 1244 643 878 243 46 61 
10 9 1099 146 1244 644 879 243 44 61 
10 9 1099 146 1244 645 876 243 48 63 
10 9 1099 146 1244 646 876 243 48 63 
10 9 1099 146 1244 647 877 243 44 63 
10 9 1099 146 1244 648 875 243 46 63 
10 9 1099 146 1244 649 875 243 46 63 
10 9 1099 146 1244 650 875 245 46 63 
10 9 1099 146 1244 651 873 245 46 63 
10 9 1099 146 1244 652 873 245 46 63 
10 9 1099 146 1244 653 871 245 46 63 
10 9 1099 146 1244 654 871 245 46 63 
10 9 1099 146 1244 655 871 245 46 63 
10 9 1099 146 1244 656 869 245 46 63 
10 9 1099 146 1244 657 869 245 46 63 
10 9 1099 146 1244 658 869 245 46 63 
10 9 1099 146 1244 659 868 245 46 63 
10 9 1099 146 1244 660 868 245 46 63 
10 9 1099 146 1244 661 866 245 46 63 
10 9 1099 146 1244 662 866 245 46 63 
10 9 1099 146 1244 663 866 245 46 63 
10 9 1099 146 1244 664 864 245 46 63 
10 9 1099 146 1244 665 864 245 46 63 
10 9 1099 146 1244 666 864 245 46 63 
10 9 1099 146 1244 667 862 245 46 63 
10 9 1099 146 1244 668 862 245 46 63 
10 9 1099 146 1244 669 862 245 46 63 
10 9 1099 146 1244 670 860 246 48 64 
10 9 1099 146 1244 671 860 246 48 64 
10 9 1099 146 1244 672 859 246 46 64 
10 9 1099 146 1244 673 859 246 46 64 
10 9 1099 146 1244 674 859 246 46 64 
10 9 1099 146 1244 675 857 246 46 64 
10 9 1099 146 1244 676 857 246 46 64 
10 9 1099 146 1244 677 857 246 46 64 
10 9 1099 146 1244 678 855 246 46 64 
10 9 1099 146 1244 679 855 246 46 64 
10 9 1099 146 1244 680 855 246 46 64 
10 9 1099 146 1244 681 853 246 46 64 
10 9 1099 146 1244 682 853 246 46 64 
10 9 1099 146 1244 683 852 246 46 64 
10 9 1099 146 1244 684 852 246 46 64 
10 9 1099 146 1244 685 852 246 46 64 
10 9 1099 146 1244 686 850 246 46 64 
10 9 1099 146 1244 687 850 246 46 64 
10 9 1099 146 1244 688 850 246 46 64 
10 9 1099 146 1244 689 848 248 46 64 
10 9 1099 146 1244 690 848 248 46 64 
10 9 1099 146 1244 691 848 248 46 64 
10 9 1099 146 1244 692 846 248 46 64 
10 9 1099 146 1244 693 846 248 46 64 
10 9 1099 146 1244 694 844 248 48 64 
10 9 1099 146 1244 695 844 248 48 64 
10 9 1099 146 1244 696 844 248 48 64 
10 9 1099 146 1244 697 843 248 46 64 
10 9 1099 146 1244 698 843 248 46 64 
10 9 1099 146 1244 699 843 248 46 64 
10 9 1099 146 1244 700 841 248 46 64 
10 9 1099 146 1244 701 841 248 46 64 
10 9 1099 146 1244 702 841 248 46 64 
10 9 1099 146 1244 703 839 248 46 64 
10 9 1099 146 1244 704 839 248 46 64 
10 9 1099 146 1244 705 837 248 46 64 
10 9 1099 146 1244 706 837 248 46 64 
10 9 1099 146 1244 707 837 248 46 64 
10 9 1099 146 1244 708 836 250 46 64 
10 9 1099 146 1244 709 836 250 46 64 
10 9 1099 146 1244 710 836 250 46 64 
10 9 1099 146 1244 711 834 250 46 64 
10 9 1099 146 1244 712 834 250 46 64 
10 9 1099 146 1244 713 834 250 46 64 
10 9 1099 146 1244 714 832 250 46 64 
10 9 1099 146 1244 715 832 250 46 64 
10 9 1099 146 1244 716 830 250 46 64 
10 9 1099 146 1244 717 830 250 46 64 
10 9 1099 146 1244 718 830 250 46 64 
10 9 1099 146 1244 719 828 250 48 64 
10 9 1099 146 1244 720 828 250 48 64 
10 9 1099 146 1244 721 828 250 48 64 
10 9 1099 146 1244 722 827 250 46 64 
10 9 1099 146 1244 723 827 250 46 64 
10 9 1099 146 1244 724 827 250 46 64 
10 9 1099 146 1244 725 825 250 46 64 
10 9 1099 146 1244 726 825 250 46 64 
10 9 1099 146 1244 727 823 252 46 63 
10 9 1099 146 1244 728 823 252 46 63 
10 9 1099 146 1244 729 823 252 46 63 
10 9 1099 146 1244 730 821 252 46 63 
10 9 1099 146 1244 731 821 252 46 63 
10 9 1099 146 1244 732 821 252 46 63 
10 9 1099 146 1244 733 820 252 46 63 
10 9 1099 146 1244 734 820 252 46 63 
10 9 1099 146 1244 735 820 252 46 63 
10 9 1099 146 1244 736 818 252 46 63 
10 9 1099 146 1244 737 818 252 46 63 
10 9 1099 146 1244 738 816 252 46 63 
10 9 1099 146 1244 739 816 252 46 63 
10 9 1099 146 1244 740 816 252 46 63 
10 9 1099 146 1244 741 814 252 46 63 
10 9 1099 146 1244 742 814 252 46 63 
10 9 1099 146 1244 743 814 252 46 63 
10 9 1099 146 1244 744 812 252 48 63 
10 9 1099 146 1244 745 812 252 48 63 
10 9 1099 146 1244 746 812 253 48 64 
10 9 1099 146 1244 747 811 253 46 64 
10 9 1099 146 1244 748 811 253 46 64 
10 9 1099 146 1244 749 809 253 46 64 
10 9 1099 146 1244 750 809 253 46 64 
10 9 1099 146 1244 751 809 253 46 64 
10 9 1099 146 1244 752 807 253 46 64 
10 9 1099 146 1244 753 807 253 46 64 
10 9 1099 146 1244 754 807 253 46 64 
10 9 1099 146 1244 755 805 253 46 64 
10 9 1099 146 1244 756 805 253 46 64 
10 9 1099 146 1244 757 804 253 46 64 
10 9 1099 146 1244 758 804 253 46 64 
10 9 1099 146 1244 759 804 253 46 64 
10 9 1099 146 1244 760 802 253 46 64 
10 9 1099 146 1244 761 802 253 46 64 
10 9 1099 146 1244 762 802 253 46 64 
10 9 1099 146 1244 763 800 253 46 64 
10 9 1099 146 1244 764 800 253 46 64 
10 9 1099 146 1244 765 798 253 46 64 
10 9 1099 146 1244 766 798 253 46 64 
10 9 1099 146 1244 767 798 253 46 64 
10 9 1099 146 1244 768 796 253 48 64 
10 9 1099 146 1244 769 796 253 48 64 
10 9 1099 146 1244 770 796 253 48 64 
10 9 1099 146 1244 771 795 253 46 64 
10 9 1099 146 1244 772 795 253 46 64 
10 9 1099 146 1244 773 793 253 46 64 
10 9 1099 146 1244 774 793 253 46 64 
10 9 1099 146 1244 775 793 253 46 64 
10 9 1099 146 1244 776 791 253 46 64 
10 9 1099 146 1244 777 791 253 46 64 
10 9 1099 146 1244 778 791 253 46 64 
10 9 1099 146 1244 779 789 253 46 64 
10 9 1099 146 1244 780 789 253 46 64 
10 9 1099 146 1244 781 788 253 46 64 
10 9 1099 146 1244 782 788 253 46 64 
10 9 1099 146 1244 783 788 253 46 64 
10 9 1099 146 1244 784 786 253 46 64 
10 9 1099 146 1244 785 786 253 46 64 
10 9 1099 146 1244 786 786 253 46 64 
10 9 1099 146 1244 787 784 253 46 64 
10 9 1099 146 1244 788 784 253 46 64 
10 9 1099 146 1244 789 782 253 46 64 
10 9 1099 146 1244 790 782 253 46 64 
10 9 1099 146 1244 791 782 253 46 64 
10 9 1099 146 1244 792 780 253 48 64 
10 9 1099 146 1244 793 780 253 48 64 
10 9 1099 146 1244 794 780 253 48 64 
10 9 1099 146 1244 795 779 253 46 64 
10 9 1099 146 1244 796 779 253 46 64 
10 9 1099 146 1244 797 779 253 46 64 
10 9 1099 146 1244 798 777 253 46 64 
10 9 1099 146 1244 799 777 253 46 64 
10 9 1099 146 1244 800 775 253 46 64 
10 9 1099 146 1244 801 775 253 46 64 
10 9 1099 146 1244 802 773 253 46 64 
10 9 1099 146 1244 803 773 253 46 64 
10 9 1099 146 1244 804 772 253 46 64 
10 9 1099 146 1244 805 772 253 46 64 
10 9 1099 146 1244 806 770 253 46 64 
10 9 1099 146 1244 807 770 253 46 64 
10 9 1099 146 1244 808 768 253 46 64 
10 9 1099 146 1244 809 768 253 46 64 
10 9 1099 146 1244 810 766 253 46 64 
10 9 1099 146 1244 811 766 253 46 64 
10 9 1099 146 1244 812 764 253 48 64 
10 9 1099 146 1244 813 764 253 48 64 
10 9 1099 146 1244 814 764 255 48 64 
10 9 1099 146 1244 815 763 255 46 64 
10 9 1099 146 1244 816 763 255 46 64 
10 9 1099 146 1244 817 761 255 46 64 
10 9 1099 146 1244 818 761 255 46 64 
10 9 1099 146 1244 819 759 255 46 64 
10 9 1099 146 1244 820 759 255 46 64 
10 9 1099 146 1244 821 757 255 46 64 
10 9 1099 146 1244 822 757 255 46 64 
10 9 1099 146 1244 823 756 255 46 64 
10 9 1099 146 1244 824 756 255 46 64 
10 9 1099 146 1244 825 754 255 46 64 
10 9 1099 146 1244 826 754 255 46 64 
10 9 1099 146 1244 827 752 255 46 64 
10 9 1099 146 1244 828 752 255 46 64 
10 9 1099 146 1244 829 750 255 46 64 
10 9 1099 146 1244 830 750 255 46 64 
10 9 1099 146 1244 831 750 257 46 64 
10 9 1099 146 1244 832 748 257 48 64 
10 9 1099 146 1244 833 748 257 48 64 
10 9 1099 146 1244 834 747 257 46 64 
10 9 1099 146 1244 835 747 257 46 64 
10 9 1099 146 1244 836 745 257 46 64 
10 9 1099 146 1244 837 745 257 46 64 
10 9 1099 146 1244 838 743 257 46 64 
10 9 1099 146 1244 839 743 257 46 64 
10 9 1099 146 1244 840 741 257 46 64 
10 9 1099 146 1244 841 741 257 46 64 
10 9 1099 146 1244 842 740 257 46 64 
10 9 1099 146 1244 843 740 257 46 64 
10 9 1099 146 1244 844 738 257 46 64 
10 9 1099 146 1244 845 738 257 46 64 
10 9 1099 146 1244 846 736 257 46 64 
10 9 1099 146 1244 847 736 257 46 64 
10 9 1099 146 1244 848 736 259 46 63 
10 9 1099 146 1244 849 734 259 46 63 
10 9 1099 146 1244 850 734 259 46 63 
10 9 1099 146 1244 851 732 259 48 63 
10 9 1099 146 1244 852 732 259 48 63 
10 9 1099 146 1244 853 731 259 46 63 
10 9 1099 146 1244 854 731 259 46 63 
10 9 1099 146 1244 855 729 259 46 63 
10 9 1099 146 1244 856 729 259 46 63 
10 9 1099 146 1244 857 727 259 46 63 
10 9 1099 146 1244 858 727 259 46 63 
10 9 1099 146 1244 859 725 259 46 63 
10 9 1099 146 1244 860 725 259 46 63 
10 9 1099 146 1244 861 724 259 46 63 
10 9 1099 146 1244 862 724 259 46 63 
10 9 1099 146 1244 863 722 259 46 63 
10 9 1099 146 1244 864 722 259 46 63 
10 9 1099 146 1244 865 722 261 46 63 
10 9 1099 146 1244 866 720 261 46 63 
10 9 1099 146 1244 867 720 261 46 63 
10 9 1099 146 1244 868 718 261 46 63 
10 9 1099 146 1244 869 718 261 46 63 
10 9 1099 146 1244 870 718 261 46 63 
10 9 1099 146 1244 871 716 261 48 63 
10 9 1099 146 1244 872 716 261 48 63 
10 9 1099 146 1244 873 716 261 48 63 
10 9 1099 146 1244 874 715 261 46 63 
10 9 1099 146 1244 875 715 261 46 63 
10 9 1099 146 1244 876 715 261 46 63 
10 9 1099 146 1244 877 713 261 46 63 
10 9 1099 146 1244 878 713 261 46 63 
10 9 1099 146 1244 879 713 261 46 63 
10 9 1099 146 1244 880 711 261 46 63 
10 9 1099 146 1244 881 711 261 46 63 
10 9 1099 146 1244 882 711 261 46 63 
10 9 1099 146 1244 883 709 261 46 63 
10 9 1099 146 1244 884 709 261 46 63 
10 9 1099 146 1244 885 709 261 46 63 
10 9 1099 146 1244 886 708 261 46 63 
10 9 1099 146 1244 887 708 261 46 63 
10 9 1099 146 1244 888 708 261 46 63 
10 9 1099 146 1244 889 706 261 46 63 
10 9 1099 146 1244 890 706 261 46 63 
10 9 1099 146 1244 891 706 261 46 63 
10 9 1099 146 1244 892 704 261 46 63 
10 9 1099 146 1244 893 704 261 46 63 
10 9 1099 146 1244 894 704 261 46 63 
10 9 1099 146 1244 895 702 261 46 63 
10 9 1099 146 1244 896 702 261 46 63 
10 9 1099 146 1244 897 702 261 46 63 
10 9 1099 146 1244 898 700 261 48 63 
10 9 1099 146 1244 899 700 261 48 63 
10 9 1099 146 1244 900 700 261 48 63 
10 9 1099 146 1244 901 699 261 46 63 
10 9 1099 146 1244 902 699 261 46 63 
10 9 1099 146 1244 903 696 261 50 63 
10 9 1099 146 1244 904 697 261 46 63 
10 9 1099 146 1244 905 697 261 46 63 
10 9 1099 146 1244 906 694 261 50 63 
10 9 1099 146 1244 907 695 261 46 66 
10 9 1099 146 1244 908 692 261 50 66 
10 9 1099 146 1244 909 692 261 50 66 
10 9 1099 146 1244 910 692 261 50 66 
10 9 1099 146 1244 911 692 261 48 66 
10 9 1099 146 1244 912 692 261 48 66 
10 9 1099 146 1244 913 689 261 52 66 
10 9 1099 146 1244 914 689 260 50 69 
10 9 1099 146 1244 915 689 260 50 69 
10 9 1099 146 1244 916 686 260 54 69 
10 9 1099 146 1244 917 687 260 50 69 
10 9 1099 146 1244 918 684 260 54 69 
10 9 1099 146 1244 919 684 260 54 69 
10 9 1099 146 1244 920 684 261 54 70 
10 9 1099 146 1244 921 682 261 54 70 
10 9 1099 146 1244 922 682 261 54 70 
10 9 1099 146 1244 923 681 261 56 70 
10 9 1099 146 1244 924 682 261 52 70 
10 9 1099 146 1244 925 682 261 52 70 
10 9 1099 146 1244 926 679 261 56 70 
10 9 1099 146 1244 927 679 261 54 72 
10 9 1099 146 1244 928 676 261 58 72 
10 9 1099 146 1244 929 676 261 58 72 
10 9 1099 146 1244 930 676 261 58 72 
10 9 1099 146 1244 931 674 261 58 72 
10 9 1099 146 1244 932 674 261 58 72 
10 9 1099 146 1244 933 673 261 60 72 
10 9 1099 146 1244 934 674 260 56 75 
10 9 1099 146 1244 935 674 260 56 75 
10 9 1099 146 1244 936 671 260 60 75 
10 9 1099 146 1244 937 672 260 56 75 
10 9 1099 146 1244 938 669 260 60 75 
10 9 1099 146 1244 939 669 260 60 75 
10 9 1099 146 1244 940 669 262 60 75 
10 9 1099 146 1244 941 667 262 60 75 
10 9 1099 146 1244 942 667 262 60 75 
10 9 1099 146 1244 943 664 262 62 75 
10 9 1099 146 1244 944 664 262 62 75 
10 9 1099 146 1244 945 664 262 60 75 
10 9 1099 146 1244 946 664 262 60 75 
10 9 1099 146 1244 947 662 262 60 75 
10 9 1099 146 1244 948 662 262 60 75 
10 9 1099 146 1244 949 662 262 60 75 
10 9 1099 146 1244 950 660 262 60 75 
10 9 1099 146 1244 951 660 262 60 75 
10 9 1099 146 1244 952 657 262 62 75 
10 9 1099 146 1244 953 657 262 62 75 
10 9 1099 146 1244 954 657 262 60 75 
10 9 1099 146 1244 955 657 262 60 75 
10 9 1099 146 1244 956 655 262 60 75 
10 9 1099 146 1244 957 655 262 60 75 
10 9 1099 146 1244 958 655 262 60 75 
10 9 1099 146 1244 959 653 262 60 75 
10 9 1099 146 1244 960 653 262 60 75 
10 9 1099 146 1244 961 651 262 60 75 
10 9 1099 146 1244 962 651 262 60 75 
10 9 1099 146 1244 963 648 262 62 75 
10 9 1099 146 1244 964 648 262 62 75 
10 9 1099 146 1244 965 648 264 62 75 
10 9 1099 146 1244 966 648 264 60 75 
10 9 1099 146 1244 967 648 264 60 75 
10 9 1099 146 1244 968 646 264 60 75 
10 9 1099 146 1244 969 646 264 60 75 
10 9 1099 146 1244 970 644 264 60 75 
10 9 1099 146 1244 971 644 264 60 75 
10 9 1099 146 1244 972 641 264 62 75 
10 9 1099 146 1244 973 641 264 62 75 
10 9 1099 146 1244 974 641 264 62 75 
10 9 1099 146 1244 975 641 264 60 75 
10 9 1099 146 1244 976 641 264 60 75 
10 9 1099 146 1244 977 639 264 60 75 
10 9 1099 146 1244 978 639 264 60 75 
10 9 1099 146 1244 979 637 264 60 75 
10 9 1099 146 1244 980 637 264 60 75 
10 9 1099 146 1244 981 635 264 60 75 
10 9 1099 146 1244 982 635 264 60 75 
10 9 1099 146 1244 983 635 264 60 75 
10 9 1099 146 1244 984 632 264 62 75 
10 9 1099 146 1244 985 632 264 62 75 
10 9 1099 146 1244 986 632 264 60 75 
10 9 1099 146 1244 987 632 264 60 75 
10 9 1099 146 1244 988 630 264 60 75 
10 9 1099 146 1244 989 630 264 60 75 
10 9 1099 146 1244 990 630 266 60 73 
10 9 1099 146 1244 991 628 266 60 73 
10 9 1099 146 1244 992 625 266 62 73 
10 9 1099 146 1244 993 625 266 62 73 
10 9 1099 146 1244 994 625 266 60 73 
10 9 1099 146 1244 995 625 266 60 73 
10 9 1099 146 1244 996 623 266 60 73 
10 9 1099 146 1244 997 621 266 60 73 
10 9 1099 146 1244 998 621 266 60 73 
10 9 1099 146 1244 999 619 266 60 73 
10 9 1099 146 1244 1000 619 266 60 73 
10 9 1099 146 1244 1001 616 266 62 73 
10 9 1099 146 1244 1002 616 266 62 73 
10 9 1099 146 1244 1003 616 266 60 73 
10 9 1099 146 1244 1004 614 266 60 73 
10 9 1099 146 1244 1005 614 266 60 73 
10 9 1099 146 1244 1006 612 266 60 73 
10 9 1099 146 1244 1007 612 267 60 75 
10 9 1099 146 1244 1008 609 267 62 75 
10 9 1099 146 1244 1009 609 267 60 75 
10 9 1099 146 1244 1010 609 267 60 75 
10 9 1099 146 1244 1011 607 267 60 75 
10 9 1099 146 1244 1012 607 267 60 75 
10 9 1099 146 1244 1013 605 267 60 75 
10 9 1099 146 1244 1014 605 267 60 75 
10 9 1099 146 1244 1015 603 267 60 75 
10 9 1099 146 1244 1016 600 267 62 75 
10 9 1099 146 1244 1017 600 267 62 75 
10 9 1099 146 1244 1018 600 267 60 75 
10 9 1099 146 1244 1019 600 267 60 75 
10 9 1099 146 1244 1020 598 267 60 75 
10 9 1099 146 1244 1021 598 267 60 75 
10 9 1099 146 1244 1022 596 267 60 75 
10 9 1099 146 1244 1023 593 267 62 75 
10 9 1099 146 1244 1024 593 269 62 75 
10 9 1099 146 1244 1025 593 269 60 75 
10 9 1099 146 1244 1026 593 269 60 75 
10 9 1099 146 1244 1027 591 269 60 75 
10 9 1099 146 1244 1028 589 269 60 75 
10 9 1099 146 1244 1029 589 269 60 75 
10 9 1099 146 1244 1030 587 269 60 75 
10 9 1099 146 1244 1031 587 269 60 75 
10 9 1099 146 1244 1032 584 269 62 75 
10 9 1099 146 1244 1033 584 269 62 75 
10 9 1099 146 1244 1034 584 269 60 75 
10 9 1099 146 1244 1035 582 269 60 75 
10 9 1099 146 1244 1036 582 269 60 75 
10 9 1099 146 1244 1037 580 269 60 75 
10 9 1099 146 1244 1038 580 269 60 75 
10 9 1099 146 1244 1039 577 269 62 75 
10 9 1099 146 1244 1040 577 271 62 75 
10 9 1099 146 1244 1041 577 271 60 75 
10 9 1099 146 1244 1042 575 271 60 75 
10 9 1099 146 1244 1043 575 271 60 75 
10 9 1099 146 1244 1044 573 271 60 75 
10 9 1099 146 1244 1045 573 271 60 75 
10 9 1099 146 1244 1046 571 271 60 75 
10 9 1099 146 1244 1047 568 271 62 75 
10 9 1099 146 1244 1048 568 271 62 75 
10 9 1099 146 1244 1049 568 271 60 75 
10 9 1099 146 1244 1050 568 271 60 75 
10 9 1099 146 1244 1051 566 271 60 75 
10 9 1099 146 1244 1052 566 271 60 75 
10 9 1099 146 1244 1053 564 271 60 75 
10 9 1099 146 1244 1054 561 271 62 75 
10 9 1099 146 1244 1055 561 271 62 75 
10 9 1099 146 1244 1056 561 271 60 75 
10 9 1099 146 1244 1057 561 271 60 75 
10 9 1099 146 1244 1058 559 271 60 75 
10 9 1099 146 1244 1059 557 271 60 75 
10 9 1099 146 1244 1060 557 271 60 75 
10 9 1099 146 1244 1061 555 271 60 75 
10 9 1099 146 1244 1062 555 271 60 75 
10 9 1099 146 1244 1063 552 271 62 75 
10 9 1099 146 1244 1064 552 271 62 75 
10 9 1099 146 1244 1065 552 271 60 75 
10 9 1099 146 1244 1066 550 271 60 75 
10 9 1099 146 1244 1067 550 271 60 75 
10 9 1099 146 1244 1068 548 271 60 75 
10 9 1099 146 1244 1069 548 271 60 75 
10 9 1099 146 1244 1070 545 271 62 75 
10 9 1099 146 1244 1071 545 271 62 75 
10 9 1099 146 1244 1072 545 271 60 75 
10 9 1099 146 1244 1073 543 271 60 75 
10 9 1099 146 1244 1074 543 271 60 75 
10 9 1099 146 1244 1075 541 271 60 75 
10 9 1099 146 1244 1076 541 271 60 75 
10 9 1099 146 1244 1077 539 271 60 75 
10 9 1099 146 1244 1078 536 271 62 75 
10 9 1099 146 1244 1079 536 271 62 75 
10 9 1099 146 1244 1080 536 271 60 75 
10 9 1099 146 1244 1081 536 271 60 75 
10 9 1099 146 1244 1082 534 271 60 75 
10 9 1099 146 1244 1083 534 271 60 75 
10 9 1099 146 1244 1084 532 271 60 75 
10 9 1099 146 1244 1085 529 271 62 75 
10 9 1099 146 1244 1086 529 271 62 75 
10 9 1099 146 1244 1087 529 271 60 75 
10 9 1099 146 1244 1088 529 271 60 75 
10 9 1099 146 1244 1089 527 271 60 75 
10 9 1099 146 1244 1090 527 271 60 75 
10 9 1099 146 1244 1091 525 271 60 75 
10 9 1099 146 1244 1092 523 271 60 75 
10 9 1099 146 1244 1093 523 271 60 75 
10 9 1099 146 1244 1094 520 271 62 75 
10 9 1099 146 1244 1095 520 271 60 75 
10 9 1099 146 1244 1096 520 273 60 75 
10 9 1099 146 1244 1097 518 273 60 75 
10 9 1099 146 1244 1098 516 273 60 75 
10 9 1099 146 1244 1099 516 273 60 75 
10 9 1099 146 1244 1100 513 273 62 75 
10 9 1099 146 1244 1101 513 273 62 75 
10 9 1099 146 1244 1102 513 275 60 73 
10 9 1099 146 1244 1103 511 275 60 73 
10 9 1099 146 1244 1104 511 275 60 73 
10 9 1099 146 1244 1105 509 275 60 73 
10 9 1099 146 1244 1106 507 275 60 73 
10 9 1099 146 1244 1107 507 275 60 73 
10 9 1099 146 1244 1108 504 276 62 75 
10 9 1099 146 1244 1109 504 276 60 75 
10 9 1099 146 1244 1110 504 276 60 75 
10 9 1099 146 1244 1111 502 276 60 75 
10 9 1099 146 1244 1112 502 276 60 75 
10 9 1099 146 1244 1113 500 276 60 75 
10 9 1099 146 1244 1114 497 278 62 75 
10 9 1099 146 1244 1115 497 278 62 75 
10 9 1099 146 1244 1116 497 278 60 75 
10 9 1099 146 1244 1117 495 278 60 75 
10 9 1099 146 1244 1118 495 278 60 75 
10 9 1099 146 1244 1119 493 278 60 75 
10 9 1099 146 1244 1120 493 280 60 75 
10 9 1099 146 1244 1121 491 280 60 75 
10 9 1099 146 1244 1122 488 280 62 75 
10 9 1099 146 1244 1123 488 280 62 75 
10 9 1099 146 1244 1124 488 280 60 75 
10 9 1099 146 1244 1125 488 280 60 75 
10 9 1099 146 1244 1126 486 280 60 75 
10 9 1099 146 1244 1127 486 280 60 75 
10 9 1099 146 1244 1128 484 280 60 75 
10 9 1099 146 1244 1129 484 280 60 75 
10 9 1099 146 1244 1130 481 280 62 75 
10 9 1099 146 1244 1131 481 280 62 75 
10 9 1099 146 1244 1132 481 280 60 75 
10 9 1099 146 1244 1133 481 280 60 75 
10 9 1099 146 1244 1134 479 280 60 75 
10 9 1099 146 1244 1135 479 280 60 75 
10 9 1099 146 1244 1136 477 280 60 75 
10 9 1099 146 1244 1137 477 280 60 75 
10 9 1099 146 1244 1138 475 280 60 75 
10 9 1099 146 1244 1139 475 280 60 75 
10 9 1099 146 1244 1140 472 280 62 75 
10 9 1099 146 1244 1141 472 280 62 75 
10 9 1099 146 1244 1142 472 280 60 75 
10 9 1099 146 1244 1143 472 280 60 75 
10 9 1099 146 1244 1144 470 280 60 75 
10 9 1099 146 1244 1145 470 282 60 73 
10 9 1099 146 1244 1146 468 282 60 73 
10 9 1099 146 1244 1147 465 282 62 73 
10 9 1099 146 1244 1148 465 282 62 73 
10 9 1099 146 1244 1149 465 282 60 73 
10 9 1099 146 1244 1150 465 282 60 73 
10 9 1099 146 1244 1151 463 282 60 73 
10 9 1099 146 1244 1152 463 282 60 73 
10 9 1099 146 1244 1153 461 282 60 73 
10 9 1099 146 1244 1154 461 282 60 73 
10 9 1099 146 1244 1155 459 282 60 73 
10 9 1099 146 1244 1156 459 282 60 73 
10 9 1099 146 1244 1157 456 282 62 73 
10 9 1099 146 1244 1158 456 282 62 73 
10 9 1099 146 1244 1159 456 282 60 73 
10 9 1099 146 1244 1160 456 282 60 73 
10 9 1099 146 1244 1161 454 282 60 73 
10 9 1099 146 1244 1162 454 282 60 73 
10 9 1099 146 1244 1163 452 282 60 73 
10 9 1099 146 1244 1164 452 282 60 73 
10 9 1099 146 1244 1165 449 282 62 73 
10 9 1099 146 1244 1166 449 282 62 73 
10 9 1099 146 1244 1167 449 282 60 73 
10 9 1099 146 1244 1168 449 282 60 73 
10 9 1099 146 1244 1169 447 282 60 73 
10 9 1099 146 1244 1170 447 283 60 75 
10 9 1099 146 1244 1171 445 283 60 75 
10 9 1099 146 1244 1172 443 283 60 75 
10 9 1099 146 1244 1173 443 283 60 75 
10 9 1099 146 1244 1174 440 283 62 75 
10 9 1099 146 1244 1175 440 283 62 75 
10 9 1099 146 1244 1176 440 283 60 75 
10 9 1099 146 1244 1177 440 283 60 75 
10 9 1099 146 1244 1178 438 283 60 75 
10 9 1099 146 1244 1179 436 283 60 75 
10 9 1099 146 1244 1180 436 285 60 75 
10 9 1099 146 1244 1181 433 285 62 75 
10 9 1099 146 1244 1182 433 285 62 75 
10 9 1099 146 1244 1183 433 285 60 75 
10 9 1099 146 1244 1184 433 285 60 75 
10 9 1099 146 1244 1185 431 285 60 75 
10 9 1099 146 1244 1186 429 285 60 75 
10 9 1099 146 1244 1187 429 285 60 75 
10 9 1099 146 1244 1188 427 285 60 75 
10 9 1099 146 1244 1189 427 285 60 75 
10 9 1099 146 1244 1190 424 287 62 75 
10 9 1099 146 1244 1191 424 287 62 75 
10 9 1099 146 1244 1192 424 287 60 75 
10 9 1099 146 1244 1193 422 287 60 75 
10 9 1099 146 1244 1194 422 287 60 75 
10 9 1099 146 1244 1195 420 287 60 75 
10 9 1099 146 1244 1196 420 287 60 75 
10 9 1099 146 1244 1197 417 287 62 75 
10 9 1099 146 1244 1198 417 287 62 75 
10 9 1099 146 1244 1199 417 287 60 75 
10 9 1099 146 1244 1200 417 289 60 75 
10 9 1099 146 1244 1201 415 287 60 75 
10 9 1099 146 1244 1202 415 287 60 75 
10 9 1099 146 1244 1203 416 287 56 75 
10 9 1099 146 1244 1204 416 285 56 78 
10 9 1099 146 1244 1205 416 285 56 78 
10 9 1099 146 1244 1206 414 285 56 78 
10 9 1099 146 1244 1207 414 282 56 81 
10 9 1099 146 1244 1208 414 282 54 81 
10 9 1099 146 1244 1209 414 282 54 81 
10 9 1099 146 1244 1210 414 282 54 81 
10 9 1099 146 1244 1211 412 282 54 81 
10 9 1099 146 1244 1212 410 282 54 81 
10 9 1099 146 1244 1213 410 282 52 81 
10 9 1099 146 1244 1214 410 282 52 81 
10 9 1099 146 1244 1215 407 284 54 81 
10 9 1099 146 1244 1216 405 284 54 81 
10 9 1099 146 1244 1217 405 284 54 81 
10 9 1099 146 1244 1218 403 284 54 81 
10 9 1099 146 1244 1219 403 284 52 81 
10 9 1099 146 1244 1220 403 286 52 79 
10 9 1099 146 1244 1221 401 286 52 79 
10 9 1099 146 1244 1222 398 286 54 79 
10 9 1099 146 1244 1223 396 286 54 79 
10 9 1099 146 1244 1224 396 286 54 79 
10 9 1099 146 1244 1225 394 286 54 79 
10 9 1099 146 1244 1226 394 286 52 79 
10 9 1099 146 1244 1227 394 286 52 79 
10 9 1099 146 1244 1228 391 286 54 79 
10 9 1099 146 1244 1229 389 286 54 79 
10 9 1099 146 1244 1230 389 286 54 79 
10 9 1099 146 1244 1231 387 284 54 81 
10 9 1099 146 1244 1232 387 284 52 81 
10 9 1099 146 1244 1233 387 284 52 81 
10 9 1099 146 1244 1234 385 284 52 81 
10 9 1099 146 1244 1235 385 284 52 81 
10 9 1099 146 1244 1236 382 284 54 81 
10 9 1099 146 1244 1237 380 284 54 81 
10 9 1099 146 1244 1238 380 284 54 81 
10 9 1099 146 1244 1239 378 284 54 81 
10 9 1099 146 1244 1240 378 284 54 81 
10 9 1099 146 1244 1241 378 284 52 81 
10 9 1099 146 1244 1242 375 284 54 81 
10 9 1099 146 1244 1243 373 284 54 81 
10 9 1099 146 1244 1244 371 284 54 81 
11 9 1071 174 1244 174 1239 269 39 34 
11 9 1071 174 1244 175 1239 269 39 34 
11 9 1071 174 1244 176 1239 269 39 34 
11 9 1071 174 1244 177 1237 266 41 37 
11 9 1071 174 1244 178 1237 266 41 37 
11 9 1071 174 1244 179 1237 266 41 37 
11 9 1071 174 1244 180 1237 266 41 37 
11 9 1071 174 1244 181 1237 265 41 39 
11 9 1071 174 1244 182 1237 265 41 39 
11 9 1071 174 1244 183 1237 265 41 39 
11 9 1071 174 1244 184 1237 265 41 42 
11 9 1071 174 1244 185 1236 265 42 42 
11 9 1071 174 1244 186 1236 265 42 42 
11 9 1071 174 1244 187 1236 265 42 42 
11 9 1071 174 1244 188 1236 265 42 42 
11 9 1071 174 1244 189 1236 265 42 42 
11 9 1071 174 1244 190 1236 265 42 42 
11 9 1071 174 1244 191 1234 265 44 42 
11 9 1071 174 1244 192 1234 265 44 42 
11 9 1071 174 1244 193 1234 265 44 42 
11 9 1071 174 1244 194 1234 265 44 42 
11 9 1071 174 1244 195 1234 265 44 42 
11 9 1071 174 1244 196 1234 265 44 42 
11 9 1071 174 1244 197 1232 265 46 42 
11 9 1071 174 1244 198 1232 265 46 42 
11 9 1071 174 1244 199 1232 265 46 42 
11 9 1071 174 1244 200 1232 265 46 42 
11 9 1071 174 1244 201 1230 265 46 42 
11 9 1071 174 1244 202 1230 265 46 42 
11 9 1071 174 1244 203 1230 265 46 42 
11 9 1071 174 1244 204 1230 265 46 42 
11 9 1071 174 1244 205 1230 265 46 42 
11 9 1071 174 1244 206 1228 265 48 42 
11 9 1071 174 1244 207 1228 265 48 42 
11 9 1071 174 1244 208 1228 265 48 42 
11 9 1071 174 1244 209 1228 265 48 42 
11 9 1071 174 1244 210 1228 265 48 42 
11 9 1071 174 1244 211 1227 265 46 42 
11 9 1071 174 1244 212 1227 265 46 42 
11 9 1071 174 1244 213 1225 265 46 42 
11 9 1071 174 1244 214 1225 265 46 42 
11 9 1071 174 1244 215 1223 265 46 43 
11 9 1071 174 1244 216 1223 265 46 43 
11 9 1071 174 1244 217 1221 265 46 43 
11 9 1071 174 1244 218 1221 265 46 43 
11 9 1071 174 1244 219 1220 267 46 43 
11 9 1071 174 1244 220 1220 267 46 43 
11 9 1071 174 1244 221 1218 267 46 43 
11 9 1071 174 1244 222 1218 267 46 43 
11 9 1071 174 1244 223 1218 270 46 42 
11 9 1071 174 1244 224 1216 270 46 42 
11 9 1071 174 1244 225 1216 270 46 42 
11 9 1071 174 1244 226 1216 270 46 42 
11 9 1071 174 1244 227 1216 270 46 42 
11 9 1071 174 1244 228 1216 270 46 42 
11 9 1071 174 1244 229 1216 270 46 42 
11 9 1071 174 1244 230 1214 270 46 42 
11 9 1071 174 1244 231 1214 270 46 42 
11 9 1071 174 1244 232 1214 270 46 42 
11 9 1071 174 1244 233 1214 270 46 42 
11 9 1071 174 1244 234 1214 270 46 42 
11 9 1071 174 1244 235 1214 270 46 42 
11 9 1071 174 1244 236 1212 270 48 42 
11 9 1071 174 1244 237 1212 270 48 42 
11 9 1071 174 1244 238 1212 270 48 42 
11 9 1071 174 1244 239 1212 270 48 42 
11 9 1071 174 1244 240 1212 270 48 42 
11 9 1071 174 1244 241 1212 270 48 42 
11 9 1071 174 1244 242 1211 270 46 42 
11 9 1071 174 1244 243 1211 270 46 42 
11 9 1071 174 1244 244 1211 270 46 42 
11 9 1071 174 1244 245 1211 270 46 42 
11 9 1071 174 1244 246 1211 270 46 42 
11 9 1071 174 1244 247 1211 270 46 42 
11 9 1071 174 1244 248 1209 270 46 42 
11 9 1071 174 1244 249 1209 270 46 42 
11 9 1071 174 1244 250 1209 270 46 42 
11 9 1071 174 1244 251 1209 270 46 42 
11 9 1071 174 1244 252 1209 270 46 42 
11 9 1071 174 1244 253 1209 272 46 42 
11 9 1071 174 1244 254 1207 272 46 42 
11 9 1071 174 1244 255 1207 272 46 42 
11 9 1071 174 1244 256 1205 272 46 42 
11 9 1071 174 1244 257 1205 272 46 42 
11 9 1071 174 1244 258 1205 272 46 42 
11 9 1071 174 1244 259 1204 272 46 42 
11 9 1071 174 1244 260 1204 272 46 42 
11 9 1071 174 1244 261 1202 272 46 42 
11 9 1071 174 1244 262 1202 272 46 42 
11 9 1071 174 1244 263 1202 272 46 42 
11 9 1071 174 1244 264 1200 272 46 42 
11 9 1071 174 1244 265 1200 272 46 42 
11 9 1071 174 1244 266 1198 272 46 42 
11 9 1071 174 1244 267 1198 272 46 42 
11 9 1071 174 1244 268 1198 272 46 43 
11 9 1071 174 1244 269 1196 272 48 43 
11 9 1071 174 1244 270 1196 272 48 43 
11 9 1071 174 1244 271 1196 272 48 43 
11 9 1071 174 1244 272 1195 272 46 43 
11 9 1071 174 1244 273 1195 272 46 43 
11 9 1071 174 1244 274 1195 272 46 43 
11 9 1071 174 1244 275 1193 272 46 43 
11 9 1071 174 1244 276 1193 272 46 43 
11 9 1071 174 1244 277 1193 272 46 43 
11 9 1071 174 1244 278 1191 272 46 43 
11 9 1071 174 1244 279 1191 272 46 43 
11 9 1071 174 1244 280 1191 272 46 43 
11 9 1071 174 1244 281 1189 272 46 43 
11 9 1071 174 1244 282 1189 272 46 43 
11 9 1071 174 1244 283 1189 272 46 43 
11 9 1071 174 1244 284 1188 272 46 43 
11 9 1071 174 1244 285 1188 272 46 43 
11 9 1071 174 1244 286 1186 272 46 43 
11 9 1071 174 1244 287 1186 272 46 43 
11 9 1071 174 1244 288 1184 272 46 43 
11 9 1071 174 1244 289 1184 272 46 43 
11 9 1071 174 1244 290 1182 272 46 43 
11 9 1071 174 1244 291 1182 272 46 43 
11 9 1071 174 1244 292 1180 272 48 43 
11 9 1071 174 1244 293 1180 272 48 43 
11 9 1071 174 1244 294 1179 272 46 43 
11 9 1071 174 1244 295 1179 272 46 43 
11 9 1071 174 1244 296 1177 272 46 43 
11 9 1071 174 1244 297 1177 272 46 43 
11 9 1071 174 1244 298 1175 272 46 43 
11 9 1071 174 1244 299 1175 272 46 43 
11 9 1071 174 1244 300 1175 272 46 43 
11 9 1071 174 1244 301 1173 271 46 45 
11 9 1071 174 1244 302 1173 271 46 45 
11 9 1071 174 1244 303 1173 271 46 45 
11 9 1071 174 1244 304 1172 271 46 45 
11 9 1071 174 1244 305 1172 271 46 48 
11 9 1071 174 1244 306 1172 271 46 48 
11 9 1071 174 1244 307 1172 271 46 48 
11 9 1071 174 1244 308 1170 268 46 51 
11 9 1071 174 1244 309 1170 268 46 52 
11 9 1071 174 1244 310 1170 268 46 52 
11 9 1071 174 1244 311 1170 268 46 52 
11 9 1071 174 1244 312 1168 268 46 52 
11 9 1071 174 1244 313 1168 268 46 52 
11 9 1071 174 1244 314 1168 267 46 55 
11 9 1071 174 1244 315 1166 265 46 58 
11 9 1071 174 1244 316 1166 265 46 58 
11 9 1071 174 1244 317 1166 265 46 58 
11 9 1071 174 1244 318 1166 264 46 61 
11 9 1071 174 1244 319 1164 264 48 61 
11 9 1071 174 1244 320 1164 264 48 61 
11 9 1071 174 1244 321 1164 264 48 61 
11 9 1071 174 1244 322 1164 264 48 64 
11 9 1071 174 1244 323 1163 264 46 64 
11 9 1071 174 1244 324 1163 264 46 64 
11 9 1071 174 1244 325 1161 264 46 64 
11 9 1071 174 1244 326 1161 264 46 64 
11 9 1071 174 1244 327 1161 264 46 64 
11 9 1071 174 1244 328 1159 264 46 64 
11 9 1071 174 1244 329 1159 264 46 64 
11 9 1071 174 1244 330 1157 264 46 64 
11 9 1071 174 1244 331 1157 264 46 64 
11 9 1071 174 1244 332 1157 264 46 64 
11 9 1071 174 1244 333 1156 264 46 64 
11 9 1071 174 1244 334 1156 264 46 64 
11 9 1071 174 1244 335 1154 264 46 64 
11 9 1071 174 1244 336 1154 264 46 64 
11 9 1071 174 1244 337 1154 264 46 64 
11 9 1071 174 1244 338 1152 264 46 64 
11 9 1071 174 1244 339 1152 264 46 64 
11 9 1071 174 1244 340 1152 264 46 64 
11 9 1071 174 1244 341 1150 264 46 64 
11 9 1071 174 1244 342 1150 264 46 64 
11 9 1071 174 1244 343 1148 264 48 64 
11 9 1071 174 1244 344 1148 264 48 64 
11 9 1071 174 1244 345 1148 264 48 64 
11 9 1071 174 1244 346 1147 264 46 64 
11 9 1071 174 1244 347 1147 264 46 64 
11 9 1071 174 1244 348 1145 264 46 64 
11 9 1071 174 1244 349 1145 264 46 64 
11 9 1071 174 1244 350 1145 264 46 64 
11 9 1071 174 1244 351 1143 264 46 64 
11 9 1071 174 1244 352 1143 264 46 64 
11 9 1071 174 1244 353 1143 266 46 64 
11 9 1071 174 1244 354 1141 266 46 64 
11 9 1071 174 1244 355 1141 266 46 64 
11 9 1071 174 1244 356 1141 266 46 64 
11 9 1071 174 1244 357 1140 266 46 64 
11 9 1071 174 1244 358 1140 266 46 64 
11 9 1071 174 1244 359 1140 266 46 64 
11 9 1071 174 1244 360 1140 266 46 64 
11 9 1071 174 1244 361 1138 266 46 64 
11 9 1071 174 1244 362 1138 266 46 64 
11 9 1071 174 1244 363 1138 268 46 63 
11 9 1071 174 1244 364 1136 268 46 63 
11 9 1071 174 1244 365 1136 268 46 63 
11 9 1071 174 1244 366 1136 268 46 63 
11 9 1071 174 1244 367 1136 268 46 63 
11 9 1071 174 1244 368 1134 268 46 63 
11 9 1071 174 1244 369 1134 268 46 63 
11 9 1071 174 1244 370 1134 268 46 63 
11 9 1071 174 1244 371 1132 268 48 63 
11 9 1071 174 1244 372 1132 269 48 64 
11 9 1071 174 1244 373 1132 269 48 64 
11 9 1071 174 1244 374 1132 269 48 64 
11 9 1071 174 1244 375 1131 269 46 64 
11 9 1071 174 1244 376 1131 269 46 64 
11 9 1071 174 1244 377 1131 269 46 64 
11 9 1071 174 1244 378 1129 269 46 64 
11 9 1071 174 1244 379 1129 269 46 64 
11 9 1071 174 1244 380 1129 269 46 64 
11 9 1071 174 1244 381 1129 271 46 64 
11 9 1071 174 1244 382 1127 271 46 64 
11 9 1071 174 1244 383 1127 271 46 64 
11 9 1071 174 1244 384 1127 271 46 64 
11 9 1071 174 1244 385 1125 271 46 64 
11 9 1071 174 1244 386 1125 271 46 64 
11 9 1071 174 1244 387 1125 271 46 64 
11 9 1071 174 1244 388 1124 271 46 64 
11 9 1071 174 1244 389 1124 271 46 64 
11 9 1071 174 1244 390 1124 271 46 64 
11 9 1071 174 1244 391 1124 271 46 64 
11 9 1071 174 1244 392 1122 271 46 64 
11 9 1071 174 1244 393 1122 273 46 64 
11 9 1071 174 1244 394 1122 273 46 64 
11 9 1071 174 1244 395 1120 273 46 64 
11 9 1071 174 1244 396 1120 273 46 64 
11 9 1071 174 1244 397 1120 273 46 64 
11 9 1071 174 1244 398 1120 273 46 64 
11 9 1071 174 1244 399 1118 273 46 64 
11 9 1071 174 1244 400 1118 273 46 64 
11 9 1071 174 1244 401 1118 273 46 64 
11 9 1071 174 1244 402 1116 273 48 64 
11 9 1071 174 1244 403 1116 273 48 64 
11 9 1071 174 1244 404 1116 273 48 64 
11 9 1071 174 1244 405 1116 275 48 63 
11 9 1071 174 1244 406 1115 275 46 63 
11 9 1071 174 1244 407 1115 275 46 63 
11 9 1071 174 1244 408 1113 275 46 63 
11 9 1071 174 1244 409 1113 275 46 63 
11 9 1071 174 1244 410 1113 275 46 63 
11 9 1071 174 1244 411 1111 275 46 63 
11 9 1071 174 1244 412 1111 275 46 63 
11 9 1071 174 1244 413 1111 275 46 63 
11 9 1071 174 1244 414 1109 275 46 63 
11 9 1071 174 1244 415 1109 275 46 63 
11 9 1071 174 1244 416 1109 275 46 63 
11 9 1071 174 1244 417 1108 275 46 63 
11 9 1071 174 1244 418 1108 275 46 63 
11 9 1071 174 1244 419 1106 275 46 63 
11 9 1071 174 1244 420 1106 275 46 63 
11 9 1071 174 1244 421 1106 275 46 63 
11 9 1071 174 1244 422 1104 275 46 63 
11 9 1071 174 1244 423 1104 275 46 63 
11 9 1071 174 1244 424 1104 275 46 63 
11 9 1071 174 1244 425 1102 275 46 63 
11 9 1071 174 1244 426 1102 275 46 63 
11 9 1071 174 1244 427 1102 275 46 63 
11 9 1071 174 1244 428 1100 275 48 63 
11 9 1071 174 1244 429 1100 275 48 63 
11 9 1071 174 1244 430 1099 275 46 63 
11 9 1071 174 1244 431 1099 275 46 63 
11 9 1071 174 1244 432 1097 275 46 63 
11 9 1071 174 1244 433 1097 275 46 63 
11 9 1071 174 1244 434 1097 275 46 63 
11 9 1071 174 1244 435 1095 275 46 63 
11 9 1071 174 1244 436 1095 275 46 63 
11 9 1071 174 1244 437 1093 275 46 63 
11 9 1071 174 1244 438 1093 275 46 63 
11 9 1071 174 1244 439 1093 275 46 63 
11 9 1071 174 1244 440 1092 275 46 63 
11 9 1071 174 1244 441 1092 275 46 63 
11 9 1071 174 1244 442 1090 275 46 63 
11 9 1071 174 1244 443 1090 275 46 63 
11 9 1071 174 1244 444 1090 277 46 63 
11 9 1071 174 1244 445 1088 277 46 63 
11 9 1071 174 1244 446 1088 277 46 63 
11 9 1071 174 1244 447 1086 277 46 63 
11 9 1071 174 1244 448 1086 277 46 63 
11 9 1071 174 1244 449 1086 277 46 63 
11 9 1071 174 1244 450 1084 277 48 63 
11 9 1071 174 1244 451 1084 277 48 63 
11 9 1071 174 1244 452 1084 277 48 63 
11 9 1071 174 1244 453 1083 277 46 63 
11 9 1071 174 1244 454 1083 277 46 63 
11 9 1071 174 1244 455 1081 278 46 64 
11 9 1071 174 1244 456 1081 278 46 64 
11 9 1071 174 1244 457 1081 278 46 64 
11 9 1071 174 1244 458 1079 278 46 64 
11 9 1071 174 1244 459 1079 278 46 64 
11 9 1071 174 1244 460 1079 278 46 64 
11 9 1071 174 1244 461 1077 278 46 64 
11 9 1071 174 1244 462 1077 278 46 64 
11 9 1071 174 1244 463 1076 278 46 64 
11 9 1071 174 1244 464 1076 278 46 64 
11 9 1071 174 1244 465 1076 278 46 64 
11 9 1071 174 1244 466 1074 280 46 64 
11 9 1071 174 1244 467 1074 280 46 64 
11 9 1071 174 1244 468 1074 280 46 64 
11 9 1071 174 1244 469 1072 280 46 64 
11 9 1071 174 1244 470 1072 280 46 64 
11 9 1071 174 1244 471 1070 280 46 64 
11 9 1071 174 1244 472 1070 280 46 64 
11 9 1071 174 1244 473 1070 280 46 64 
11 9 1071 174 1244 474 1068 280 48 64 
11 9 1071 174 1244 475 1068 280 48 64 
11 9 1071 174 1244 476 1068 282 48 64 
11 9 1071 174 1244 477 1067 282 46 64 
11 9 1071 174 1244 478 1067 282 46 64 
11 9 1071 174 1244 479 1065 282 46 64 
11 9 1071 174 1244 480 1065 282 46 64 
11 9 1071 174 1244 481 1063 282 46 64 
11 9 1071 174 1244 482 1063 282 46 64 
11 9 1071 174 1244 483 1063 282 46 64 
11 9 1071 174 1244 484 1061 282 46 64 
11 9 1071 174 1244 485 1061 282 46 64 
11 9 1071 174 1244 486 1060 282 46 64 
11 9 1071 174 1244 487 1060 282 46 64 
11 9 1071 174 1244 488 1060 282 46 64 
11 9 1071 174 1244 489 1058 282 46 64 
11 9 1071 174 1244 490 1058 282 46 64 
11 9 1071 174 1244 491 1056 282 46 64 
11 9 1071 174 1244 492 1056 282 46 64 
11 9 1071 174 1244 493 1056 284 46 63 
11 9 1071 174 1244 494 1054 284 46 63 
11 9 1071 174 1244 495 1054 284 46 63 
11 9 1071 174 1244 496 1052 284 48 63 
11 9 1071 174 1244 497 1052 284 48 63 
11 9 1071 174 1244 498 1051 284 46 63 
11 9 1071 174 1244 499 1051 284 46 63 
11 9 1071 174 1244 500 1051 284 46 63 
11 9 1071 174 1244 501 1049 284 46 63 
11 9 1071 174 1244 502 1049 284 46 63 
11 9 1071 174 1244 503 1047 284 46 63 
11 9 1071 174 1244 504 1047 284 46 63 
11 9 1071 174 1244 505 1047 284 46 63 
11 9 1071 174 1244 506 1045 284 46 63 
11 9 1071 174 1244 507 1045 284 46 63 
11 9 1071 174 1244 508 1044 284 46 63 
11 9 1071 174 1244 509 1044 284 46 63 
11 9 1071 174 1244 510 1044 285 46 64 
11 9 1071 174 1244 511 1042 285 46 64 
11 9 1071 174 1244 512 1042 285 46 64 
11 9 1071 174 1244 513 1040 285 46 64 
11 9 1071 174 1244 514 1040 285 46 64 
11 9 1071 174 1244 515 1038 285 46 64 
11 9 1071 174 1244 516 1038 285 46 64 
11 9 1071 174 1244 517 1038 285 46 64 
11 9 1071 174 1244 518 1036 285 48 64 
11 9 1071 174 1244 519 1036 285 48 64 
11 9 1071 174 1244 520 1035 285 46 64 
11 9 1071 174 1244 521 1035 285 46 64 
11 9 1071 174 1244 522 1033 285 46 64 
11 9 1071 174 1244 523 1033 285 46 64 
11 9 1071 174 1244 524 1033 285 46 64 
11 9 1071 174 1244 525 1031 285 46 64 
11 9 1071 174 1244 526 1031 285 46 64 
11 9 1071 174 1244 527 1029 285 46 64 
11 9 1071 174 1244 528 1029 285 46 64 
11 9 1071 174 1244 529 1029 285 46 64 
11 9 1071 174 1244 530 1028 285 46 64 
11 9 1071 174 1244 531 1028 285 46 64 
11 9 1071 174 1244 532 1026 285 46 64 
11 9 1071 174 1244 533 1026 285 46 64 
11 9 1071 174 1244 534 1024 285 46 64 
11 9 1071 174 1244 535 1024 285 46 64 
11 9 1071 174 1244 536 1024 285 46 64 
11 9 1071 174 1244 537 1022 285 46 64 
11 9 1071 174 1244 538 1022 285 46 64 
11 9 1071 174 1244 539 1020 285 48 64 
11 9 1071 174 1244 540 1020 285 48 64 
11 9 1071 174 1244 541 1020 287 48 64 
11 9 1071 174 1244 542 1019 287 46 64 
11 9 1071 174 1244 543 1019 287 46 64 
11 9 1071 174 1244 544 1017 287 46 64 
11 9 1071 174 1244 545 1017 287 46 64 
11 9 1071 174 1244 546 1015 287 46 64 
11 9 1071 174 1244 547 1015 287 46 64 
11 9 1071 174 1244 548 1015 287 46 64 
11 9 1071 174 1244 549 1013 287 46 64 
11 9 1071 174 1244 550 1013 287 46 64 
11 9 1071 174 1244 551 1012 287 46 64 
11 9 1071 174 1244 552 1012 287 46 64 
11 9 1071 174 1244 553 1012 287 46 64 
11 9 1071 174 1244 554 1010 287 46 64 
11 9 1071 174 1244 555 1010 287 46 64 
11 9 1071 174 1244 556 1008 287 46 64 
11 9 1071 174 1244 557 1008 287 46 64 
11 9 1071 174 1244 558 1006 287 46 64 
11 9 1071 174 1244 559 1006 287 46 64 
11 9 1071 174 1244 560 1006 287 46 64 
11 9 1071 174 1244 561 1004 287 48 64 
11 9 1071 174 1244 562 1004 287 48 64 
11 9 1071 174 1244 563 1003 287 46 64 
11 9 1071 174 1244 564 1003 287 46 64 
11 9 1071 174 1244 565 1003 287 46 64 
11 9 1071 174 1244 566 1001 287 46 64 
11 9 1071 174 1244 567 1001 287 46 64 
11 9 1071 174 1244 568 999 287 46 64 
11 9 1071 174 1244 569 999 287 46 64 
11 9 1071 174 1244 570 997 287 46 64 
11 9 1071 174 1244 571 997 287 46 64 
11 9 1071 174 1244 572 996 287 46 64 
11 9 1071 174 1244 573 996 287 46 64 
11 9 1071 174 1244 574 994 287 46 64 
11 9 1071 174 1244 575 994 287 46 64 
11 9 1071 174 1244 576 992 289 46 64 
11 9 1071 174 1244 577 992 289 46 64 
11 9 1071 174 1244 578 990 289 46 64 
11 9 1071 174 1244 579 990 289 46 64 
11 9 1071 174 1244 580 988 289 48 64 
11 9 1071 174 1244 581 988 289 48 64 
11 9 1071 174 1244 582 987 289 46 64 
11 9 1071 174 1244 583 987 289 46 64 
11 9 1071 174 1244 584 985 289 46 64 
11 9 1071 174 1244 585 985 289 46 64 
11 9 1071 174 1244 586 985 291 46 63 
11 9 1071 174 1244 587 983 291 46 63 
11 9 1071 174 1244 588 983 291 46 63 
11 9 1071 174 1244 589 981 291 46 63 
11 9 1071 174 1244 590 981 291 46 63 
11 9 1071 174 1244 591 980 291 46 63 
11 9 1071 174 1244 592 980 291 46 63 
11 9 1071 174 1244 593 978 291 46 63 
11 9 1071 174 1244 594 978 291 46 63 
11 9 1071 174 1244 595 976 291 46 63 
11 9 1071 174 1244 596 976 291 46 63 
11 9 1071 174 1244 597 974 291 46 63 
11 9 1071 174 1244 598 974 291 46 63 
11 9 1071 174 1244 599 972 291 48 63 
11 9 1071 174 1244 600 972 291 48 63 
11 9 1071 174 1244 601 971 291 46 63 
11 9 1071 174 1244 602 969 291 46 63 
11 9 1071 174 1244 603 969 291 46 63 
11 9 1071 174 1244 604 967 291 46 63 
11 9 1071 174 1244 605 967 291 46 63 
11 9 1071 174 1244 606 965 291 46 63 
11 9 1071 174 1244 607 965 291 46 63 
11 9 1071 174 1244 608 964 291 46 63 
11 9 1071 174 1244 609 961 291 50 63 
11 9 1071 174 1244 610 962 291 46 63 
11 9 1071 174 1244 611 960 291 46 63 
11 9 1071 174 1244 612 960 291 46 63 
11 9 1071 174 1244 613 958 291 46 63 
11 9 1071 174 1244 614 958 291 46 63 
11 9 1071 174 1244 615 956 291 48 63 
11 9 1071 174 1244 616 954 291 50 63 
11 9 1071 174 1244 617 955 291 46 63 
11 9 1071 174 1244 618 952 291 50 63 
11 9 1071 174 1244 619 953 291 46 63 
11 9 1071 174 1244 620 951 291 46 63 
11 9 1071 174 1244 621 951 291 46 63 
11 9 1071 174 1244 622 949 294 46 60 
11 9 1071 174 1244 623 949 294 46 60 
11 9 1071 174 1244 624 948 294 46 60 
11 9 1071 174 1244 625 945 294 50 60 
11 9 1071 174 1244 626 946 294 46 60 
11 9 1071 174 1244 627 943 294 50 60 
11 9 1071 174 1244 628 944 294 46 60 
11 9 1071 174 1244 629 941 293 50 63 
11 9 1071 174 1244 630 942 293 46 63 
11 9 1071 174 1244 631 940 293 48 63 
11 9 1071 174 1244 632 938 293 50 63 
11 9 1071 174 1244 633 939 293 46 63 
11 9 1071 174 1244 634 936 293 50 63 
11 9 1071 174 1244 635 937 293 46 63 
11 9 1071 174 1244 636 934 293 50 63 
11 9 1071 174 1244 637 935 293 46 63 
11 9 1071 174 1244 638 932 293 50 63 
11 9 1071 174 1244 639 933 293 46 63 
11 9 1071 174 1244 640 932 293 46 63 
11 9 1071 174 1244 641 929 293 50 63 
11 9 1071 174 1244 642 930 293 46 63 
11 9 1071 174 1244 643 927 293 50 63 
11 9 1071 174 1244 644 928 294 46 61 
11 9 1071 174 1244 645 925 294 50 61 
11 9 1071 174 1244 646 926 294 46 61 
11 9 1071 174 1244 647 923 294 50 61 
11 9 1071 174 1244 648 922 294 50 61 
11 9 1071 174 1244 649 923 294 46 61 
11 9 1071 174 1244 650 920 294 50 61 
11 9 1071 174 1244 651 921 294 46 61 
11 9 1071 174 1244 652 918 294 50 61 
11 9 1071 174 1244 653 919 294 46 61 
11 9 1071 174 1244 654 916 294 50 61 
11 9 1071 174 1244 655 917 294 46 61 
11 9 1071 174 1244 656 916 294 48 61 
11 9 1071 174 1244 657 913 294 50 61 
11 9 1071 174 1244 658 913 294 50 64 
11 9 1071 174 1244 659 911 294 50 64 
11 9 1071 174 1244 660 912 294 46 64 
11 9 1071 174 1244 661 909 294 50 64 
11 9 1071 174 1244 662 910 294 46 64 
11 9 1071 174 1244 663 907 294 50 64 
11 9 1071 174 1244 664 906 294 50 64 
11 9 1071 174 1244 665 906 294 50 64 
11 9 1071 174 1244 666 904 296 50 61 
11 9 1071 174 1244 667 904 296 50 61 
11 9 1071 174 1244 668 902 296 50 61 
11 9 1071 174 1244 669 903 296 46 61 
11 9 1071 174 1244 670 900 296 50 61 
11 9 1071 174 1244 671 901 296 46 61 
11 9 1071 174 1244 672 900 296 48 61 
11 9 1071 174 1244 673 897 296 50 61 
11 9 1071 174 1244 674 897 296 50 61 
11 9 1071 174 1244 675 895 296 50 61 
11 9 1071 174 1244 676 895 296 50 61 
11 9 1071 174 1244 677 893 296 50 61 
11 9 1071 174 1244 678 894 296 46 61 
11 9 1071 174 1244 679 891 296 50 61 
11 9 1071 174 1244 680 890 296 50 61 
11 9 1071 174 1244 681 890 296 50 61 
11 9 1071 174 1244 682 888 296 50 61 
11 9 1071 174 1244 683 888 296 50 61 
11 9 1071 174 1244 684 886 296 50 61 
11 9 1071 174 1244 685 886 296 50 61 
11 9 1071 174 1244 686 884 296 50 61 
11 9 1071 174 1244 687 884 298 50 61 
11 9 1071 174 1244 688 884 298 48 61 
11 9 1071 174 1244 689 881 298 50 61 
11 9 1071 174 1244 690 881 298 50 61 
11 9 1071 174 1244 691 879 298 50 61 
11 9 1071 174 1244 692 879 298 50 61 
11 9 1071 174 1244 693 877 298 50 61 
11 9 1071 174 1244 694 877 298 50 61 
11 9 1071 174 1244 695 875 298 50 61 
11 9 1071 174 1244 696 875 298 50 61 
11 9 1071 174 1244 697 874 298 50 61 
11 9 1071 174 1244 698 874 298 50 61 
11 9 1071 174 1244 699 872 298 50 61 
11 9 1071 174 1244 700 872 298 50 61 
11 9 1071 174 1244 701 870 298 50 61 
11 9 1071 174 1244 702 870 298 50 61 
11 9 1071 174 1244 703 868 298 50 61 
11 9 1071 174 1244 704 868 298 50 61 
11 9 1071 174 1244 705 868 298 48 61 
11 9 1071 174 1244 706 868 298 48 61 
11 9 1071 174 1244 707 865 298 50 61 
11 9 1071 174 1244 708 865 298 50 61 
11 9 1071 174 1244 709 863 298 50 61 
11 9 1071 174 1244 710 863 298 50 61 
11 9 1071 174 1244 711 861 298 50 61 
11 9 1071 174 1244 712 861 298 50 61 
11 9 1071 174 1244 713 859 298 50 61 
11 9 1071 174 1244 714 859 298 50 61 
11 9 1071 174 1244 715 858 298 50 61 
11 9 1071 174 1244 716 858 298 50 61 
11 9 1071 174 1244 717 856 298 50 61 
11 9 1071 174 1244 718 856 298 50 61 
11 9 1071 174 1244 719 854 298 50 61 
11 9 1071 174 1244 720 854 298 50 61 
11 9 1071 174 1244 721 852 298 50 61 
11 9 1071 174 1244 722 852 298 50 61 
11 9 1071 174 1244 723 852 298 48 61 
11 9 1071 174 1244 724 852 298 48 61 
11 9 1071 174 1244 725 849 298 50 61 
11 9 1071 174 1244 726 849 298 50 61 
11 9 1071 174 1244 727 847 298 50 61 
11 9 1071 174 1244 728 847 300 50 61 
11 9 1071 174 1244 729 845 300 50 61 
11 9 1071 174 1244 730 845 300 50 61 
11 9 1071 174 1244 731 843 300 50 61 
11 9 1071 174 1244 732 843 300 50 61 
11 9 1071 174 1244 733 842 300 50 61 
11 9 1071 174 1244 734 842 300 50 61 
11 9 1071 174 1244 735 840 300 50 61 
11 9 1071 174 1244 736 840 300 50 61 
11 9 1071 174 1244 737 838 300 50 61 
11 9 1071 174 1244 738 838 300 50 61 
11 9 1071 174 1244 739 836 300 50 61 
11 9 1071 174 1244 740 836 300 50 61 
11 9 1071 174 1244 741 836 300 48 61 
11 9 1071 174 1244 742 836 300 48 61 
11 9 1071 174 1244 743 833 300 50 61 
11 9 1071 174 1244 744 833 300 50 61 
11 9 1071 174 1244 745 831 300 50 61 
11 9 1071 174 1244 746 831 300 50 61 
11 9 1071 174 1244 747 829 300 50 61 
11 9 1071 174 1244 748 829 300 50 61 
11 9 1071 174 1244 749 827 300 50 61 
11 9 1071 174 1244 750 827 300 50 61 
11 9 1071 174 1244 751 826 300 50 61 
11 9 1071 174 1244 752 826 300 50 61 
11 9 1071 174 1244 753 824 300 50 61 
11 9 1071 174 1244 754 824 300 50 61 
11 9 1071 174 1244 755 822 300 50 61 
11 9 1071 174 1244 756 822 300 50 61 
11 9 1071 174 1244 757 820 300 50 61 
11 9 1071 174 1244 758 820 301 50 61 
11 9 1071 174 1244 759 820 301 48 61 
11 9 1071 174 1244 760 820 301 48 61 
11 9 1071 174 1244 761 817 301 50 61 
11 9 1071 174 1244 762 817 301 50 61 
11 9 1071 174 1244 763 815 301 50 61 
11 9 1071 174 1244 764 815 301 50 61 
11 9 1071 174 1244 765 813 301 50 61 
11 9 1071 174 1244 766 813 301 50 61 
11 9 1071 174 1244 767 811 301 50 61 
11 9 1071 174 1244 768 811 301 50 61 
11 9 1071 174 1244 769 810 301 50 61 
11 9 1071 174 1244 770 810 301 50 61 
11 9 1071 174 1244 771 808 301 50 61 
11 9 1071 174 1244 772 808 301 50 61 
11 9 1071 174 1244 773 806 301 50 61 
11 9 1071 174 1244 774 806 301 50 61 
11 9 1071 174 1244 775 804 301 50 61 
11 9 1071 174 1244 776 804 301 50 61 
11 9 1071 174 1244 777 804 301 48 61 
11 9 1071 174 1244 778 804 301 48 61 
11 9 1071 174 1244 779 801 301 50 61 
11 9 1071 174 1244 780 801 301 50 61 
11 9 1071 174 1244 781 799 301 50 61 
11 9 1071 174 1244 782 799 301 50 61 
11 9 1071 174 1244 783 797 301 50 61 
11 9 1071 174 1244 784 797 301 50 61 
11 9 1071 174 1244 785 795 301 50 61 
11 9 1071 174 1244 786 795 301 50 61 
11 9 1071 174 1244 787 794 301 50 61 
11 9 1071 174 1244 788 794 303 50 61 
11 9 1071 174 1244 789 792 303 50 61 
11 9 1071 174 1244 790 792 303 50 61 
11 9 1071 174 1244 791 790 303 50 61 
11 9 1071 174 1244 792 790 303 50 61 
11 9 1071 174 1244 793 788 303 50 61 
11 9 1071 174 1244 794 788 303 50 61 
11 9 1071 174 1244 795 788 303 48 61 
11 9 1071 174 1244 796 788 305 48 61 
11 9 1071 174 1244 797 785 305 50 61 
11 9 1071 174 1244 798 785 305 50 61 
11 9 1071 174 1244 799 783 305 50 61 
11 9 1071 174 1244 800 783 305 50 61 
11 9 1071 174 1244 801 781 305 50 61 
11 9 1071 174 1244 802 781 305 50 61 
11 9 1071 174 1244 803 781 305 50 61 
11 9 1071 174 1244 804 779 307 50 61 
11 9 1071 174 1244 805 779 307 50 61 
11 9 1071 174 1244 806 778 307 50 61 
11 9 1071 174 1244 807 778 307 50 61 
11 9 1071 174 1244 808 776 307 50 61 
11 9 1071 174 1244 809 776 307 50 61 
11 9 1071 174 1244 810 774 307 50 61 
11 9 1071 174 1244 811 774 307 50 61 
11 9 1071 174 1244 812 772 310 50 60 
11 9 1071 174 1244 813 772 310 50 60 
11 9 1071 174 1244 814 772 310 48 60 
11 9 1071 174 1244 815 772 310 48 60 
11 9 1071 174 1244 816 772 310 48 60 
11 9 1071 174 1244 817 769 310 50 60 
11 9 1071 174 1244 818 769 310 50 60 
11 9 1071 174 1244 819 767 310 50 61 
11 9 1071 174 1244 820 767 310 50 61 
11 9 1071 174 1244 821 765 310 50 61 
11 9 1071 174 1244 822 765 310 50 61 
11 9 1071 174 1244 823 763 310 50 61 
11 9 1071 174 1244 824 763 310 50 61 
11 9 1071 174 1244 825 762 310 50 61 
11 9 1071 174 1244 826 762 310 50 61 
11 9 1071 174 1244 827 760 312 50 61 
11 9 1071 174 1244 828 760 312 50 61 
11 9 1071 174 1244 829 760 312 50 61 
11 9 1071 174 1244 830 758 312 50 61 
11 9 1071 174 1244 831 758 312 50 61 
11 9 1071 174 1244 832 756 312 50 61 
11 9 1071 174 1244 833 756 312 50 61 
11 9 1071 174 1244 834 756 312 48 61 
11 9 1071 174 1244 835 756 314 48 61 
11 9 1071 174 1244 836 753 314 50 61 
11 9 1071 174 1244 837 753 314 50 61 
11 9 1071 174 1244 838 751 314 50 61 
11 9 1071 174 1244 839 751 314 50 61 
11 9 1071 174 1244 840 749 314 50 61 
11 9 1071 174 1244 841 749 314 50 61 
11 9 1071 174 1244 842 749 316 50 61 
11 9 1071 174 1244 843 744 307 50 73 
11 9 1071 174 1244 844 742 307 50 73 
11 9 1071 174 1244 845 742 307 50 73 
11 9 1071 174 1244 846 740 307 50 73 
11 9 1071 174 1244 847 740 307 50 73 
11 9 1071 174 1244 848 740 307 50 73 
11 9 1071 174 1244 849 740 307 48 73 
11 9 1071 174 1244 850 740 307 48 73 
11 9 1071 174 1244 851 740 307 48 73 
11 9 1071 174 1244 852 737 307 50 73 
11 9 1071 174 1244 853 737 308 50 75 
11 9 1071 174 1244 854 735 308 50 75 
11 9 1071 174 1244 855 735 308 50 75 
11 9 1071 174 1244 856 735 308 50 75 
11 9 1071 174 1244 857 733 308 50 75 
11 9 1071 174 1244 858 733 308 50 75 
11 9 1071 174 1244 859 733 308 50 75 
11 9 1071 174 1244 860 731 308 50 75 
11 9 1071 174 1244 861 731 308 50 75 
11 9 1071 174 1244 862 730 310 50 75 
11 9 1071 174 1244 863 730 310 50 75 
11 9 1071 174 1244 864 730 310 50 75 
11 9 1071 174 1244 865 728 310 50 75 
11 9 1071 174 1244 866 728 310 50 75 
11 9 1071 174 1244 867 728 310 50 75 
11 9 1071 174 1244 868 726 310 50 75 
11 9 1071 174 1244 869 726 310 50 75 
11 9 1071 174 1244 870 726 310 50 75 
11 9 1071 174 1244 871 724 312 50 75 
11 9 1071 174 1244 872 724 312 50 75 
11 9 1071 174 1244 873 724 312 48 75 
11 9 1071 174 1244 874 724 312 48 75 
11 9 1071 174 1244 875 724 312 48 75 
11 9 1071 174 1244 876 721 312 50 75 
11 9 1071 174 1244 877 721 312 50 75 
11 9 1071 174 1244 878 721 312 50 75 
11 9 1071 174 1244 879 719 312 50 75 
11 9 1071 174 1244 880 719 314 50 73 
11 9 1071 174 1244 881 717 314 50 73 
11 9 1071 174 1244 882 717 314 50 73 
11 9 1071 174 1244 883 717 314 50 73 
11 9 1071 174 1244 884 715 314 50 73 
11 9 1071 174 1244 885 715 314 50 73 
11 9 1071 174 1244 886 715 314 50 73 
11 9 1071 174 1244 887 714 314 50 73 
11 9 1071 174 1244 888 714 314 50 73 
11 9 1071 174 1244 889 714 315 50 75 
11 9 1071 174 1244 890 712 315 50 75 
11 9 1071 174 1244 891 712 315 50 75 
11 9 1071 174 1244 892 710 315 50 75 
11 9 1071 174 1244 893 710 315 50 75 
11 9 1071 174 1244 894 708 315 50 75 
11 9 1071 174 1244 895 708 315 50 75 
11 9 1071 174 1244 896 708 315 48 75 
11 9 1071 174 1244 897 708 315 48 75 
11 9 1071 174 1244 898 705 315 50 75 
11 9 1071 174 1244 899 705 315 50 75 
11 9 1071 174 1244 900 705 317 50 75 
11 9 1071 174 1244 901 703 317 50 75 
11 9 1071 174 1244 902 703 317 50 75 
11 9 1071 174 1244 903 701 317 50 75 
11 9 1071 174 1244 904 701 317 50 75 
11 9 1071 174 1244 905 698 317 54 75 
11 9 1071 174 1244 906 699 317 50 75 
11 9 1071 174 1244 907 698 317 52 75 
11 9 1071 174 1244 908 698 317 50 78 
11 9 1071 174 1244 909 695 317 54 78 
11 9 1071 174 1244 910 695 319 54 75 
11 9 1071 174 1244 911 693 319 54 75 
11 9 1071 174 1244 912 693 319 54 75 
11 9 1071 174 1244 913 694 319 50 75 
11 9 1071 174 1244 914 691 319 54 75 
11 9 1071 174 1244 915 691 319 54 78 
11 9 1071 174 1244 916 691 319 52 78 
11 9 1071 174 1244 917 691 319 52 78 
11 9 1071 174 1244 918 689 319 52 78 
11 9 1071 174 1244 919 689 319 52 78 
11 9 1071 174 1244 920 686 321 56 75 
11 9 1071 174 1244 921 686 321 54 75 
11 9 1071 174 1244 922 683 321 58 76 
11 9 1071 174 1244 923 684 321 54 76 
11 9 1071 174 1244 924 681 321 58 76 
11 9 1071 174 1244 925 681 321 58 76 
11 9 1071 174 1244 926 682 321 54 76 
11 9 1071 174 1244 927 681 321 56 76 
11 9 1071 174 1244 928 682 321 52 76 
11 9 1071 174 1244 929 679 320 56 79 
11 9 1071 174 1244 930 679 323 56 76 
11 9 1071 174 1244 931 676 323 58 76 
11 9 1071 174 1244 932 676 323 58 76 
11 9 1071 174 1244 933 674 323 58 76 
11 9 1071 174 1244 934 674 323 58 76 
11 9 1071 174 1244 935 673 323 60 76 
11 9 1071 174 1244 936 674 322 56 79 
11 9 1071 174 1244 937 671 322 60 79 
11 9 1071 174 1244 938 672 322 56 79 
11 9 1071 174 1244 939 672 322 56 79 
11 9 1071 174 1244 940 669 324 60 78 
11 9 1071 174 1244 941 670 324 56 78 
11 9 1071 174 1244 942 667 324 60 78 
11 9 1071 174 1244 943 667 323 58 81 
11 9 1071 174 1244 944 664 323 62 81 
11 9 1071 174 1244 945 664 323 62 81 
11 9 1071 174 1244 946 664 323 60 81 
11 9 1071 174 1244 947 664 323 60 81 
11 9 1071 174 1244 948 662 323 60 81 
11 9 1071 174 1244 949 662 323 60 81 
11 9 1071 174 1244 950 662 325 60 79 
11 9 1071 174 1244 951 660 325 60 79 
11 9 1071 174 1244 952 660 325 60 79 
11 9 1071 174 1244 953 657 325 62 79 
11 9 1071 174 1244 954 657 325 62 79 
11 9 1071 174 1244 955 657 325 60 79 
11 9 1071 174 1244 956 657 325 60 79 
11 9 1071 174 1244 957 655 325 60 79 
11 9 1071 174 1244 958 655 327 60 79 
11 9 1071 174 1244 959 653 327 60 79 
11 9 1071 174 1244 960 653 327 60 79 
11 9 1071 174 1244 961 651 327 60 79 
11 9 1071 174 1244 962 651 327 60 79 
11 9 1071 174 1244 963 648 327 62 79 
11 9 1071 174 1244 964 648 327 62 79 
11 9 1071 174 1244 965 648 327 60 79 
11 9 1071 174 1244 966 648 329 60 79 
11 9 1071 174 1244 967 646 329 60 79 
11 9 1071 174 1244 968 646 329 60 79 
11 9 1071 174 1244 969 644 329 60 79 
11 9 1071 174 1244 970 644 329 60 79 
11 9 1071 174 1244 971 644 329 60 79 
11 9 1071 174 1244 972 641 329 62 79 
11 9 1071 174 1244 973 641 329 62 79 
11 9 1071 174 1244 974 641 330 60 81 
11 9 1071 174 1244 975 641 330 60 81 
11 9 1071 174 1244 976 639 330 60 81 
11 9 1071 174 1244 977 639 330 60 81 
11 9 1071 174 1244 978 637 330 60 81 
11 9 1071 174 1244 979 637 330 60 81 
11 9 1071 174 1244 980 635 330 60 81 
11 9 1071 174 1244 981 635 330 60 81 
11 9 1071 174 1244 982 632 332 62 81 
11 9 1071 174 1244 983 632 332 62 81 
11 9 1071 174 1244 984 632 332 60 81 
11 9 1071 174 1244 985 632 332 60 81 
11 9 1071 174 1244 986 630 332 60 81 
11 9 1071 174 1244 987 630 332 60 81 
11 9 1071 174 1244 988 628 332 60 81 
11 9 1071 174 1244 989 628 332 60 81 
11 9 1071 174 1244 990 628 334 60 79 
11 9 1071 174 1244 991 625 334 62 79 
11 9 1071 174 1244 992 625 334 60 79 
11 9 1071 174 1244 993 625 334 60 79 
11 9 1071 174 1244 994 623 334 60 79 
11 9 1071 174 1244 995 623 334 60 79 
11 9 1071 174 1244 996 621 334 60 79 
11 9 1071 174 1244 997 621 336 60 79 
11 9 1071 174 1244 998 619 336 60 79 
11 9 1071 174 1244 999 619 336 60 79 
11 9 1071 174 1244 1000 616 336 62 79 
11 9 1071 174 1244 1001 616 336 62 79 
11 9 1071 174 1244 1002 616 336 60 79 
11 9 1071 174 1244 1003 616 336 60 79 
11 9 1071 174 1244 1004 614 338 60 79 
11 9 1071 174 1244 1005 614 338 60 79 
11 9 1071 174 1244 1006 612 338 60 79 
11 9 1071 174 1244 1007 612 338 60 79 
11 9 1071 174 1244 1008 609 338 62 79 
11 9 1071 174 1244 1009 609 338 62 79 
11 9 1071 174 1244 1010 609 339 60 81 
11 9 1071 174 1244 1011 607 339 60 81 
11 9 1071 174 1244 1012 607 339 60 81 
11 9 1071 174 1244 1013 605 339 60 81 
11 9 1071 174 1244 1014 605 339 60 81 
11 9 1071 174 1244 1015 603 339 60 81 
11 9 1071 174 1244 1016 603 339 60 81 
11 9 1071 174 1244 1017 600 341 62 79 
11 9 1071 174 1244 1018 600 341 62 79 
11 9 1071 174 1244 1019 600 341 60 79 
11 9 1071 174 1244 1020 600 341 60 79 
11 9 1071 174 1244 1021 598 341 60 79 
11 9 1071 174 1244 1022 598 341 60 79 
11 9 1071 174 1244 1023 596 341 60 79 
11 9 1071 174 1244 1024 596 343 60 79 
11 9 1071 174 1244 1025 593 343 62 79 
11 9 1071 174 1244 1026 593 343 62 79 
11 9 1071 174 1244 1027 593 343 60 79 
11 9 1071 174 1244 1028 593 343 60 79 
11 9 1071 174 1244 1029 591 343 60 79 
11 9 1071 174 1244 1030 591 345 60 79 
11 9 1071 174 1244 1031 589 345 60 79 
11 9 1071 174 1244 1032 587 345 60 79 
11 9 1071 174 1244 1033 587 345 60 79 
11 9 1071 174 1244 1034 584 345 62 79 
11 9 1071 174 1244 1035 584 345 62 79 
11 9 1071 174 1244 1036 584 345 60 79 
11 9 1071 174 1244 1037 584 345 60 79 
11 9 1071 174 1244 1038 582 345 60 79 
11 9 1071 174 1244 1039 580 345 60 79 
11 9 1071 174 1244 1040 580 345 60 79 
11 9 1071 174 1244 1041 577 345 62 79 
11 9 1071 174 1244 1042 577 345 62 79 
11 9 1071 174 1244 1043 577 345 60 79 
11 9 1071 174 1244 1044 577 345 60 79 
11 9 1071 174 1244 1045 575 346 60 81 
11 9 1071 174 1244 1046 573 346 60 81 
11 9 1071 174 1244 1047 573 346 60 81 
11 9 1071 174 1244 1048 571 346 60 81 
11 9 1071 174 1244 1049 571 346 60 81 
11 9 1071 174 1244 1050 568 346 62 81 
11 9 1071 174 1244 1051 568 346 62 81 
11 9 1071 174 1244 1052 568 346 60 81 
11 9 1071 174 1244 1053 566 346 60 81 
11 9 1071 174 1244 1054 566 346 60 81 
11 9 1071 174 1244 1055 564 346 60 81 
11 9 1071 174 1244 1056 564 346 60 81 
11 9 1071 174 1244 1057 561 346 62 81 
11 9 1071 174 1244 1058 561 346 62 81 
11 9 1071 174 1244 1059 561 346 60 81 
11 9 1071 174 1244 1060 561 348 60 81 
11 9 1071 174 1244 1061 559 348 60 81 
11 9 1071 174 1244 1062 557 348 60 81 
11 9 1071 174 1244 1063 557 348 60 81 
11 9 1071 174 1244 1064 555 348 60 81 
11 9 1071 174 1244 1065 552 348 62 81 
11 9 1071 174 1244 1066 552 348 62 81 
11 9 1071 174 1244 1067 552 350 60 79 
11 9 1071 174 1244 1068 552 350 60 79 
11 9 1071 174 1244 1069 550 350 60 79 
11 9 1071 174 1244 1070 548 350 60 79 
11 9 1071 174 1244 1071 548 350 60 79 
11 9 1071 174 1244 1072 545 350 62 79 
11 9 1071 174 1244 1073 545 350 60 79 
11 9 1071 174 1244 1074 545 352 60 79 
11 9 1071 174 1244 1075 543 352 60 79 
11 9 1071 174 1244 1076 543 352 60 79 
11 9 1071 174 1244 1077 541 352 60 79 
11 9 1071 174 1244 1078 539 352 60 79 
11 9 1071 174 1244 1079 539 352 60 79 
11 9 1071 174 1244 1080 536 354 62 79 
11 9 1071 174 1244 1081 536 354 60 79 
11 9 1071 174 1244 1082 536 354 60 79 
11 9 1071 174 1244 1083 534 354 60 79 
11 9 1071 174 1244 1084 534 354 60 79 
11 9 1071 174 1244 1085 532 354 60 79 
11 9 1071 174 1244 1086 529 354 62 79 
11 9 1071 174 1244 1087 529 355 62 81 
11 9 1071 174 1244 1088 529 355 60 81 
11 9 1071 174 1244 1089 527 355 60 81 
11 9 1071 174 1244 1090 527 355 60 81 
11 9 1071 174 1244 1091 525 355 60 81 
11 9 1071 174 1244 1092 525 355 60 81 
11 9 1071 174 1244 1093 523 355 60 81 
11 9 1071 174 1244 1094 520 357 62 79 
11 9 1071 174 1244 1095 520 357 62 79 
11 9 1071 174 1244 1096 520 357 60 79 
11 9 1071 174 1244 1097 518 357 60 79 
11 9 1071 174 1244 1098 518 357 60 79 
11 9 1071 174 1244 1099 516 357 60 79 
11 9 1071 174 1244 1100 516 359 60 79 
11 9 1071 174 1244 1101 513 359 62 79 
11 9 1071 174 1244 1102 513 359 60 79 
11 9 1071 174 1244 1103 513 359 60 79 
11 9 1071 174 1244 1104 511 359 60 79 
11 9 1071 174 1244 1105 511 359 60 79 
11 9 1071 174 1244 1106 509 359 60 79 
11 9 1071 174 1244 1107 509 359 60 79 
11 9 1071 174 1244 1108 507 361 60 79 
11 9 1071 174 1244 1109 504 361 62 79 
11 9 1071 174 1244 1110 504 361 62 79 
11 9 1071 174 1244 1111 504 361 60 79 
11 9 1071 174 1244 1112 504 361 60 79 
11 9 1071 174 1244 1113 502 361 60 79 
11 9 1071 174 1244 1114 502 361 60 79 
11 9 1071 174 1244 1115 500 362 60 81 
11 9 1071 174 1244 1116 497 362 62 81 
11 9 1071 174 1244 1117 497 362 62 81 
11 9 1071 174 1244 1118 497 362 60 81 
11 9 1071 174 1244 1119 497 362 60 81 
11 9 1071 174 1244 1120 495 362 60 81 
11 9 1071 174 1244 1121 495 362 60 81 
11 9 1071 174 1244 1122 493 362 60 81 
11 9 1071 174 1244 1123 491 364 60 81 
11 9 1071 174 1244 1124 491 364 60 81 
11 9 1071 174 1244 1125 488 364 62 81 
11 9 1071 174 1244 1126 488 364 62 81 
11 9 1071 174 1244 1127 488 364 60 81 
11 9 1071 174 1244 1128 488 364 60 81 
11 9 1071 174 1244 1129 486 364 60 81 
11 9 1071 174 1244 1130 486 366 60 79 
11 9 1071 174 1244 1131 484 366 60 79 
11 9 1071 174 1244 1132 481 366 62 79 
11 9 1071 174 1244 1133 481 366 62 79 
11 9 1071 174 1244 1134 481 366 60 79 
11 9 1071 174 1244 1135 481 366 60 82 
11 9 1071 174 1244 1136 479 366 60 82 
11 9 1071 174 1244 1137 477 366 60 82 
11 9 1071 174 1244 1138 477 366 60 82 
11 9 1071 174 1244 1139 475 366 60 82 
11 9 1071 174 1244 1140 475 368 60 82 
11 9 1071 174 1244 1141 472 368 62 82 
11 9 1071 174 1244 1142 472 368 60 82 
11 9 1071 174 1244 1143 472 368 60 82 
11 9 1071 174 1244 1144 470 368 60 82 
11 9 1071 174 1244 1145 470 367 60 85 
11 9 1071 174 1244 1146 468 367 60 85 
11 9 1071 174 1244 1147 465 367 62 85 
11 9 1071 174 1244 1148 465 367 62 85 
11 9 1071 174 1244 1149 465 367 60 85 
11 9 1071 174 1244 1150 465 370 60 84 
11 9 1071 174 1244 1151 463 370 60 84 
11 9 1071 174 1244 1152 461 370 60 84 
11 9 1071 174 1244 1153 461 370 60 84 
11 9 1071 174 1244 1154 459 370 60 84 
11 9 1071 174 1244 1155 459 369 60 87 
11 9 1071 174 1244 1156 456 369 62 87 
11 9 1071 174 1244 1157 456 369 60 87 
11 9 1071 174 1244 1158 456 369 60 87 
11 9 1071 174 1244 1159 454 369 60 87 
11 9 1071 174 1244 1160 454 370 60 88 
11 9 1071 174 1244 1161 452 370 60 88 
11 9 1071 174 1244 1162 449 370 62 88 
11 9 1071 174 1244 1163 449 370 60 88 
11 9 1071 174 1244 1164 449 370 60 88 
11 9 1071 174 1244 1165 447 370 60 88 
11 9 1071 174 1244 1166 445 370 60 88 
11 9 1071 174 1244 1167 445 370 60 88 
11 9 1071 174 1244 1168 443 370 60 88 
11 9 1071 174 1244 1169 440 370 62 88 
11 9 1071 174 1244 1170 440 372 62 88 
11 9 1071 174 1244 1171 440 372 60 88 
11 9 1071 174 1244 1172 438 372 60 88 
11 9 1071 174 1244 1173 436 372 60 88 
11 9 1071 174 1244 1174 436 372 60 88 
11 9 1071 174 1244 1175 433 372 62 88 
11 9 1071 174 1244 1176 433 372 60 88 
11 9 1071 174 1244 1177 433 372 60 88 
11 9 1071 174 1244 1178 431 372 60 88 
11 9 1071 174 1244 1179 429 372 60 88 
11 9 1071 174 1244 1180 429 374 60 88 
11 9 1071 174 1244 1181 427 374 60 88 
11 9 1071 174 1244 1182 424 374 62 88 
11 9 1071 174 1244 1183 424 374 60 88 
11 9 1071 174 1244 1184 424 374 60 88 
11 9 1071 174 1244 1185 422 374 60 88 
11 9 1071 174 1244 1186 420 374 60 88 
11 9 1071 174 1244 1187 420 374 60 88 
11 9 1071 174 1244 1188 417 374 62 88 
11 9 1071 174 1244 1189 417 374 60 88 
11 9 1071 174 1244 1190 417 376 60 87 
11 9 1071 174 1244 1191 415 376 60 87 
11 9 1071 174 1244 1192 413 376 60 87 
11 9 1071 174 1244 1193 411 376 60 87 
11 9 1071 174 1244 1194 408 376 62 87 
11 9 1071 174 1244 1195 408 376 62 87 
11 9 1071 174 1244 1196 408 376 60 87 
11 9 1071 174 1244 1197 406 376 60 87 
11 9 1071 174 1244 1198 404 376 60 87 
11 9 1071 174 1244 1199 401 376 62 87 
11 9 1071 174 1244 1200 401 377 62 88 
11 9 1071 174 1244 1201 401 376 60 90 
11 9 1071 174 1244 1202 399 376 60 90 
11 9 1071 174 1244 1203 397 376 60 90 
11 9 1071 174 1244 1204 395 373 60 93 
11 9 1071 174 1244 1205 395 373 60 96 
11 9 1071 174 1244 1206 392 373 62 96 
11 9 1071 174 1244 1207 392 370 60 99 
11 9 1071 174 1244 1208 390 370 60 99 
11 9 1071 174 1244 1209 388 370 60 99 
11 9 1071 174 1244 1210 388 370 60 102 
11 9 1071 174 1244 1211 385 370 62 102 
11 9 1071 174 1244 1212 385 370 60 102 
11 9 1071 174 1244 1213 383 370 60 102 
11 9 1071 174 1244 1214 383 370 60 102 
11 9 1071 174 1244 1215 381 372 60 100 
11 9 1071 174 1244 1216 379 372 60 100 
11 9 1071 174 1244 1217 379 372 60 100 
11 9 1071 174 1244 1218 376 372 62 100 
11 9 1071 174 1244 1219 376 372 60 100 
11 9 1071 174 1244 1220 376 374 60 100 
11 9 1071 174 1244 1221 374 374 60 100 
11 9 1071 174 1244 1222 372 374 60 100 
11 9 1071 174 1244 1223 369 374 62 100 
11 9 1071 174 1244 1224 369 375 62 102 
11 9 1071 174 1244 1225 369 375 60 102 
11 9 1071 174 1244 1226 367 375 60 102 
11 9 1071 174 1244 1227 367 377 60 102 
11 9 1071 174 1244 1228 365 377 60 102 
11 9 1071 174 1244 1229 363 377 60 102 
11 9 1071 174 1244 1230 363 379 60 102 
11 9 1071 174 1244 1231 360 379 62 102 
11 9 1071 174 1244 1232 360 379 60 102 
11 9 1071 174 1244 1233 358 379 60 102 
11 9 1071 174 1244 1234 356 379 60 102 
11 9 1071 174 1244 1235 353 379 62 102 
11 9 1071 174 1244 1236 353 379 60 102 
11 9 1071 174 1244 1237 351 379 60 102 
11 9 1071 174 1244 1238 349 379 60 102 
11 9 1071 174 1244 1239 347 379 60 102 
11 9 1071 174 1244 1240 347 381 60 100 
11 9 1071 174 1244 1241 344 381 62 100 
11 9 1071 174 1244 1242 344 381 62 100 
11 9 1071 174 1244 1243 344 381 60 100 
11 9 1071 174 1244 1244 344 381 60 100 
