1 9 33 878 910 878 820 618 110 100 
1 9 33 878 910 879 817 618 114 100 
1 9 33 878 910 880 817 618 114 101 
1 9 33 878 910 881 815 615 114 103 
1 9 33 878 910 882 815 615 114 103 
1 9 33 878 910 883 815 613 114 106 
1 9 33 878 910 884 813 613 114 106 
1 9 33 878 910 885 813 613 114 106 
1 9 33 878 910 886 813 610 114 108 
1 9 33 878 910 887 811 610 114 108 
1 9 33 878 910 888 811 609 114 109 
1 9 33 878 910 889 811 609 114 109 
1 9 33 878 910 890 811 609 114 109 
1 9 33 878 910 891 810 606 114 112 
1 9 33 878 910 892 810 606 114 112 
1 9 33 878 910 893 810 606 114 112 
1 9 33 878 910 894 810 604 114 114 
1 9 33 878 910 895 810 604 114 114 
1 9 33 878 910 896 810 604 114 114 
1 9 33 878 910 897 810 601 114 117 
1 9 33 878 910 898 810 601 114 117 
1 9 33 878 910 899 810 601 114 117 
1 9 33 878 910 900 810 601 114 117 
1 9 33 878 910 901 807 600 118 118 
1 9 33 878 910 902 807 600 118 118 
1 9 33 878 910 903 804 600 124 118 
1 9 33 878 910 904 804 598 124 121 
1 9 33 878 910 905 801 598 128 121 
1 9 33 878 910 906 800 598 132 121 
1 9 33 878 910 907 799 598 130 121 
1 9 33 878 910 908 799 598 130 121 
1 9 33 878 910 909 797 598 132 121 
1 9 33 878 910 910 797 598 132 121 
