18 9 597 348 944 348 74 495 106 223 
18 9 597 348 944 349 77 495 106 223 
18 9 597 348 944 350 79 495 108 223 
18 9 597 348 944 351 82 495 106 223 
18 9 597 348 944 352 82 492 106 225 
18 9 597 348 944 353 85 492 106 225 
18 9 597 348 944 354 87 492 108 225 
18 9 597 348 944 355 90 492 106 225 
18 9 597 348 944 356 93 492 106 225 
18 9 597 348 944 357 93 492 106 225 
18 9 597 348 944 358 95 492 108 225 
18 9 597 348 944 359 98 490 106 223 
18 9 597 348 944 360 101 490 106 223 
18 9 597 348 944 361 103 490 108 223 
18 9 597 348 944 362 103 490 108 223 
18 9 597 348 944 363 106 490 106 223 
18 9 597 348 944 364 109 490 106 223 
18 9 597 348 944 365 111 490 108 223 
18 9 597 348 944 366 114 490 106 223 
18 9 597 348 944 367 114 487 106 223 
18 9 597 348 944 368 117 487 106 223 
18 9 597 348 944 369 119 487 108 223 
18 9 597 348 944 370 122 487 106 223 
18 9 597 348 944 371 125 487 106 223 
18 9 597 348 944 372 125 487 106 223 
18 9 597 348 944 373 127 487 108 223 
18 9 597 348 944 374 130 484 106 225 
18 9 597 348 944 375 133 484 106 225 
18 9 597 348 944 376 135 484 108 225 
18 9 597 348 944 377 135 484 108 225 
18 9 597 348 944 378 138 484 106 225 
18 9 597 348 944 379 141 484 106 225 
18 9 597 348 944 380 143 484 108 225 
18 9 597 348 944 381 146 484 106 225 
18 9 597 348 944 382 146 484 106 225 
18 9 597 348 944 383 146 484 106 225 
18 9 597 348 944 384 146 484 106 225 
18 9 597 348 944 385 146 484 106 225 
18 9 597 348 944 386 149 487 106 223 
18 9 597 348 944 387 149 487 106 223 
18 9 597 348 944 388 149 487 106 223 
18 9 597 348 944 389 149 487 106 223 
18 9 597 348 944 390 151 490 108 223 
18 9 597 348 944 391 151 487 108 223 
18 9 597 348 944 392 151 487 108 223 
18 9 597 348 944 393 151 487 108 223 
18 9 597 348 944 394 151 487 108 223 
18 9 597 348 944 395 151 487 108 223 
18 9 597 348 944 396 151 488 108 220 
18 9 597 348 944 397 151 488 108 220 
18 9 597 348 944 398 151 488 108 220 
18 9 597 348 944 399 151 484 108 225 
18 9 597 348 944 400 151 484 108 225 
18 9 597 348 944 401 151 484 108 225 
18 9 597 348 944 402 151 485 108 220 
18 9 597 348 944 403 151 485 108 220 
18 9 597 348 944 404 151 485 108 220 
18 9 597 348 944 405 151 485 108 220 
18 9 597 348 944 406 151 485 108 220 
18 9 597 348 944 407 151 485 108 220 
18 9 597 348 944 408 155 483 102 219 
18 9 597 348 944 409 155 483 102 219 
18 9 597 348 944 410 155 483 102 219 
18 9 597 348 944 411 155 483 102 219 
18 9 597 348 944 412 155 483 102 219 
18 9 597 348 944 413 155 483 102 219 
18 9 597 348 944 414 155 484 102 216 
18 9 597 348 944 415 155 484 102 216 
18 9 597 348 944 416 155 484 102 216 
18 9 597 348 944 417 155 480 102 220 
18 9 597 348 944 418 155 480 102 220 
18 9 597 348 944 419 155 480 102 220 
18 9 597 348 944 420 155 481 102 216 
18 9 597 348 944 421 155 481 102 216 
18 9 597 348 944 422 155 481 102 216 
18 9 597 348 944 423 155 481 102 216 
18 9 597 348 944 424 155 481 102 216 
18 9 597 348 944 425 160 481 96 216 
18 9 597 348 944 426 160 481 96 211 
18 9 597 348 944 427 162 481 96 211 
18 9 597 348 944 428 165 481 96 211 
18 9 597 348 944 429 165 481 96 211 
18 9 597 348 944 430 168 481 96 211 
18 9 597 348 944 431 170 481 96 211 
18 9 597 348 944 432 173 481 96 211 
18 9 597 348 944 433 170 478 96 213 
18 9 597 348 944 434 170 478 96 213 
18 9 597 348 944 435 170 478 96 213 
18 9 597 348 944 436 170 478 96 213 
18 9 597 348 944 437 170 476 96 211 
18 9 597 348 944 438 170 476 96 211 
18 9 597 348 944 439 170 476 96 211 
18 9 597 348 944 440 170 476 96 211 
18 9 597 348 944 441 170 476 96 211 
18 9 597 348 944 442 170 473 96 211 
18 9 597 348 944 443 170 473 96 211 
18 9 597 348 944 444 170 473 96 211 
18 9 597 348 944 445 170 473 96 211 
18 9 597 348 944 446 170 473 96 211 
18 9 597 348 944 447 170 470 96 213 
18 9 597 348 944 448 170 470 96 213 
18 9 597 348 944 449 170 470 96 213 
18 9 597 348 944 450 168 470 96 213 
18 9 597 348 944 451 168 470 96 213 
18 9 597 348 944 452 168 468 96 211 
18 9 597 348 944 453 168 468 96 211 
18 9 597 348 944 454 168 468 96 211 
18 9 597 348 944 455 168 468 96 211 
18 9 597 348 944 456 168 468 96 211 
18 9 597 348 944 457 168 465 96 211 
18 9 597 348 944 458 168 465 96 211 
18 9 597 348 944 459 168 465 96 211 
18 9 597 348 944 460 168 465 96 211 
18 9 597 348 944 461 168 465 96 211 
18 9 597 348 944 462 168 462 96 213 
18 9 597 348 944 463 168 462 96 213 
18 9 597 348 944 464 168 462 96 213 
18 9 597 348 944 465 168 462 96 213 
18 9 597 348 944 466 168 462 96 213 
18 9 597 348 944 467 165 460 96 211 
18 9 597 348 944 468 165 460 96 211 
18 9 597 348 944 469 165 460 96 211 
18 9 597 348 944 470 165 460 96 211 
18 9 597 348 944 471 165 460 96 211 
18 9 597 348 944 472 165 457 96 211 
18 9 597 348 944 473 165 457 96 211 
18 9 597 348 944 474 162 457 96 211 
18 9 597 348 944 475 162 457 96 211 
18 9 597 348 944 476 162 457 96 211 
18 9 597 348 944 477 162 454 96 213 
18 9 597 348 944 478 162 454 96 213 
18 9 597 348 944 479 162 454 96 213 
18 9 597 348 944 480 162 454 96 213 
18 9 597 348 944 481 160 454 96 213 
18 9 597 348 944 482 160 452 96 211 
18 9 597 348 944 483 160 452 96 211 
18 9 597 348 944 484 160 452 96 211 
18 9 597 348 944 485 160 452 96 211 
18 9 597 348 944 486 160 452 96 211 
18 9 597 348 944 487 160 449 96 211 
18 9 597 348 944 488 157 449 96 211 
18 9 597 348 944 489 157 449 96 211 
18 9 597 348 944 490 157 449 96 211 
18 9 597 348 944 491 157 449 96 211 
18 9 597 348 944 492 157 446 96 213 
18 9 597 348 944 493 157 446 96 213 
18 9 597 348 944 494 157 446 96 213 
18 9 597 348 944 495 154 446 96 213 
18 9 597 348 944 496 154 446 96 213 
18 9 597 348 944 497 154 444 96 211 
18 9 597 348 944 498 154 444 96 211 
18 9 597 348 944 499 154 444 96 211 
18 9 597 348 944 500 154 444 96 211 
18 9 597 348 944 501 154 444 96 211 
18 9 597 348 944 502 152 441 96 211 
18 9 597 348 944 503 152 441 96 211 
18 9 597 348 944 504 152 441 96 211 
18 9 597 348 944 505 152 442 96 208 
18 9 597 348 944 506 152 438 96 213 
18 9 597 348 944 507 152 438 96 213 
18 9 597 348 944 508 152 439 96 208 
18 9 597 348 944 509 152 439 96 208 
18 9 597 348 944 510 152 436 96 211 
18 9 597 348 944 511 152 437 96 207 
18 9 597 348 944 512 149 437 96 207 
18 9 597 348 944 513 149 437 96 207 
18 9 597 348 944 514 149 434 96 208 
18 9 597 348 944 515 149 434 96 208 
18 9 597 348 944 516 149 434 96 208 
18 9 597 348 944 517 149 435 96 204 
18 9 597 348 944 518 149 431 96 208 
18 9 597 348 944 519 149 431 96 208 
18 9 597 348 944 520 149 432 96 204 
18 9 597 348 944 521 149 432 96 204 
18 9 597 348 944 522 146 429 96 207 
18 9 597 348 944 523 146 429 96 207 
18 9 597 348 944 524 146 430 96 204 
18 9 597 348 944 525 146 430 96 204 
18 9 597 348 944 526 146 426 96 208 
18 9 597 348 944 527 146 427 96 204 
18 9 597 348 944 528 146 427 96 204 
18 9 597 348 944 529 146 427 96 204 
18 9 597 348 944 530 146 424 96 204 
18 9 597 348 944 531 146 424 96 204 
18 9 597 348 944 532 144 424 96 204 
18 9 597 348 944 533 144 424 96 201 
18 9 597 348 944 534 144 422 96 204 
18 9 597 348 944 535 144 422 96 204 
18 9 597 348 944 536 144 422 96 199 
18 9 597 348 944 537 144 422 96 199 
18 9 597 348 944 538 144 419 96 204 
18 9 597 348 944 539 144 419 96 199 
18 9 597 348 944 540 144 419 96 199 
18 9 597 348 944 541 144 419 96 199 
18 9 597 348 944 542 144 419 96 199 
18 9 597 348 944 543 144 416 96 201 
18 9 597 348 944 544 144 416 96 201 
18 9 597 348 944 545 146 416 96 201 
18 9 597 348 944 546 146 416 96 201 
18 9 597 348 944 547 149 417 96 196 
18 9 597 348 944 548 149 417 96 196 
18 9 597 348 944 549 149 414 96 199 
18 9 597 348 944 550 152 414 96 199 
18 9 597 348 944 551 152 415 96 195 
18 9 597 348 944 552 154 415 96 195 
18 9 597 348 944 553 154 415 96 195 
18 9 597 348 944 554 157 415 96 195 
18 9 597 348 944 555 157 412 96 196 
18 9 597 348 944 556 157 412 96 196 
18 9 597 348 944 557 157 412 96 196 
18 9 597 348 944 558 160 412 96 196 
18 9 597 348 944 559 160 412 96 196 
18 9 597 348 944 560 160 412 96 196 
18 9 597 348 944 561 160 412 96 196 
18 9 597 348 944 562 162 412 96 196 
18 9 597 348 944 563 162 412 96 196 
18 9 597 348 944 564 162 412 96 196 
18 9 597 348 944 565 162 412 96 196 
18 9 597 348 944 566 165 412 96 196 
18 9 597 348 944 567 165 412 96 196 
18 9 597 348 944 568 165 409 96 196 
18 9 597 348 944 569 168 409 96 196 
18 9 597 348 944 570 168 409 96 196 
18 9 597 348 944 571 168 409 96 196 
18 9 597 348 944 572 168 409 96 196 
18 9 597 348 944 573 170 409 96 196 
18 9 597 348 944 574 170 409 96 196 
18 9 597 348 944 575 170 409 96 196 
18 9 597 348 944 576 170 409 96 196 
18 9 597 348 944 577 173 409 96 196 
18 9 597 348 944 578 173 409 96 196 
18 9 597 348 944 579 173 409 96 196 
18 9 597 348 944 580 176 409 96 196 
18 9 597 348 944 581 176 407 96 195 
18 9 597 348 944 582 178 407 96 195 
18 9 597 348 944 583 178 407 96 195 
18 9 597 348 944 584 181 407 96 195 
18 9 597 348 944 585 181 408 96 192 
18 9 597 348 944 586 184 408 96 192 
18 9 597 348 944 587 184 404 96 196 
18 9 597 348 944 588 186 404 96 196 
18 9 597 348 944 589 186 405 96 192 
18 9 597 348 944 590 189 405 96 192 
18 9 597 348 944 591 193 405 90 192 
18 9 597 348 944 592 192 405 96 192 
18 9 597 348 944 593 195 405 92 187 
18 9 597 348 944 594 194 402 96 192 
18 9 597 348 944 595 198 402 90 192 
18 9 597 348 944 596 197 402 96 192 
18 9 597 348 944 597 201 402 90 189 
18 9 597 348 944 598 200 402 96 189 
18 9 597 348 944 599 203 402 92 189 
18 9 597 348 944 600 206 402 90 189 
18 9 597 348 944 601 206 400 90 187 
18 9 597 348 944 602 209 400 90 187 
18 9 597 348 944 603 208 400 96 187 
18 9 597 348 944 604 210 400 96 187 
18 9 597 348 944 605 210 400 96 187 
18 9 597 348 944 606 213 397 96 192 
18 9 597 348 944 607 216 397 96 192 
18 9 597 348 944 608 215 397 100 192 
18 9 597 348 944 609 218 397 96 192 
18 9 597 348 944 610 216 397 102 192 
18 9 597 348 944 611 219 397 102 187 
18 9 597 348 944 612 223 394 100 192 
18 9 597 348 944 613 223 394 100 192 
18 9 597 348 944 614 224 394 102 192 
18 9 597 348 944 615 223 394 108 192 
18 9 597 348 944 616 226 394 106 192 
18 9 597 348 944 617 226 394 106 192 
18 9 597 348 944 618 229 391 106 195 
18 9 597 348 944 619 231 391 108 195 
18 9 597 348 944 620 230 391 112 195 
18 9 597 348 944 621 234 391 106 195 
18 9 597 348 944 622 233 392 112 192 
18 9 597 348 944 623 236 392 112 192 
18 9 597 348 944 624 238 388 112 196 
18 9 597 348 944 625 238 388 112 196 
18 9 597 348 944 626 241 388 112 196 
18 9 597 348 944 627 239 388 118 196 
18 9 597 348 944 628 243 388 116 196 
18 9 597 348 944 629 243 388 116 196 
18 9 597 348 944 630 244 384 118 201 
18 9 597 348 944 631 247 384 118 201 
18 9 597 348 944 632 246 384 122 201 
18 9 597 348 944 633 251 385 116 196 
18 9 597 348 944 634 249 385 122 196 
18 9 597 348 944 635 251 385 124 196 
18 9 597 348 944 636 254 382 122 199 
18 9 597 348 944 637 254 382 122 199 
18 9 597 348 944 638 257 382 122 199 
18 9 597 348 944 639 256 382 128 199 
18 9 597 348 944 640 258 382 128 199 
18 9 597 348 944 641 258 382 128 199 
18 9 597 348 944 642 261 379 128 204 
18 9 597 348 944 643 264 379 128 204 
18 9 597 348 944 644 263 379 132 199 
18 9 597 348 944 645 266 379 128 199 
18 9 597 348 944 646 264 379 134 199 
18 9 597 348 944 647 267 379 134 199 
18 9 597 348 944 648 271 376 132 204 
18 9 597 348 944 649 271 376 132 204 
18 9 597 348 944 650 272 376 134 204 
18 9 597 348 944 651 271 376 140 204 
18 9 597 348 944 652 274 376 138 204 
18 9 597 348 944 653 274 376 138 204 
18 9 597 348 944 654 277 373 138 207 
18 9 597 348 944 655 279 374 140 204 
18 9 597 348 944 656 278 374 144 204 
18 9 597 348 944 657 282 374 138 204 
18 9 597 348 944 658 281 374 144 204 
18 9 597 348 944 659 284 374 144 204 
18 9 597 348 944 660 286 370 144 208 
18 9 597 348 944 661 286 370 144 208 
18 9 597 348 944 662 289 370 144 208 
18 9 597 348 944 663 287 370 150 208 
18 9 597 348 944 664 291 370 148 208 
18 9 597 348 944 665 292 370 150 208 
18 9 597 348 944 666 292 367 150 208 
18 9 597 348 944 667 295 367 150 208 
18 9 597 348 944 668 299 367 148 208 
18 9 597 348 944 669 299 367 148 208 
18 9 597 348 944 670 300 367 150 208 
18 9 597 348 944 671 303 367 150 208 
18 9 597 348 944 672 303 367 150 208 
18 9 597 348 944 673 307 367 148 208 
18 9 597 348 944 674 308 367 150 208 
18 9 597 348 944 675 308 367 150 208 
18 9 597 348 944 676 311 367 150 208 
18 9 597 348 944 677 315 367 148 208 
18 9 597 348 944 678 315 367 148 208 
18 9 597 348 944 679 316 367 150 208 
18 9 597 348 944 680 319 367 150 208 
18 9 597 348 944 681 319 367 150 208 
18 9 597 348 944 682 323 367 148 208 
18 9 597 348 944 683 324 367 150 208 
18 9 597 348 944 684 324 367 150 208 
18 9 597 348 944 685 327 367 150 208 
18 9 597 348 944 686 331 367 148 208 
18 9 597 348 944 687 331 367 148 208 
18 9 597 348 944 688 332 367 150 208 
18 9 597 348 944 689 335 367 150 208 
18 9 597 348 944 690 339 367 148 208 
18 9 597 348 944 691 339 365 148 207 
18 9 597 348 944 692 340 365 150 207 
18 9 597 348 944 693 343 365 150 207 
18 9 597 348 944 694 343 365 150 207 
18 9 597 348 944 695 347 365 148 207 
18 9 597 348 944 696 348 365 150 207 
18 9 597 348 944 697 348 365 150 207 
18 9 597 348 944 698 351 365 150 207 
18 9 597 348 944 699 355 365 148 207 
18 9 597 348 944 700 355 365 148 207 
18 9 597 348 944 701 356 365 150 207 
18 9 597 348 944 702 359 365 150 207 
18 9 597 348 944 703 359 365 150 207 
18 9 597 348 944 704 363 365 148 207 
18 9 597 348 944 705 364 365 150 207 
18 9 597 348 944 706 364 365 150 207 
18 9 597 348 944 707 367 365 150 207 
18 9 597 348 944 708 371 365 148 207 
18 9 597 348 944 709 371 365 148 207 
18 9 597 348 944 710 372 365 150 207 
18 9 597 348 944 711 375 365 150 207 
18 9 597 348 944 712 375 365 150 207 
18 9 597 348 944 713 379 365 148 207 
18 9 597 348 944 714 380 365 150 207 
18 9 597 348 944 715 383 365 150 207 
18 9 597 348 944 716 383 362 150 208 
18 9 597 348 944 717 387 362 148 208 
18 9 597 348 944 718 387 362 148 208 
18 9 597 348 944 719 388 362 150 208 
18 9 597 348 944 720 391 362 150 208 
18 9 597 348 944 721 391 362 150 208 
18 9 597 348 944 722 395 359 148 208 
18 9 597 348 944 723 396 359 150 208 
18 9 597 348 944 724 396 359 150 208 
18 9 597 348 944 725 399 359 150 208 
18 9 597 348 944 726 399 359 150 208 
18 9 597 348 944 727 403 359 148 208 
18 9 597 348 944 728 404 359 150 208 
18 9 597 348 944 729 404 357 150 207 
18 9 597 348 944 730 407 357 150 207 
18 9 597 348 944 731 411 357 148 207 
18 9 597 348 944 732 411 357 148 207 
18 9 597 348 944 733 412 357 150 207 
18 9 597 348 944 734 412 357 150 207 
18 9 597 348 944 735 415 354 150 208 
18 9 597 348 944 736 419 354 148 208 
18 9 597 348 944 737 419 354 148 208 
18 9 597 348 944 738 420 354 150 208 
18 9 597 348 944 739 423 354 150 208 
18 9 597 348 944 740 423 354 150 208 
18 9 597 348 944 741 427 354 148 208 
18 9 597 348 944 742 428 351 150 208 
18 9 597 348 944 743 428 351 150 208 
18 9 597 348 944 744 431 351 150 208 
18 9 597 348 944 745 431 351 150 208 
18 9 597 348 944 746 435 351 148 208 
18 9 597 348 944 747 436 351 150 208 
18 9 597 348 944 748 436 349 150 207 
18 9 597 348 944 749 439 349 150 207 
18 9 597 348 944 750 443 349 148 207 
18 9 597 348 944 751 443 349 148 207 
18 9 597 348 944 752 444 349 150 207 
18 9 597 348 944 753 444 349 150 207 
18 9 597 348 944 754 447 349 150 207 
18 9 597 348 944 755 451 346 148 208 
18 9 597 348 944 756 451 346 148 208 
18 9 597 348 944 757 452 346 150 208 
18 9 597 348 944 758 455 346 150 208 
18 9 597 348 944 759 455 346 150 208 
18 9 597 348 944 760 459 346 148 208 
18 9 597 348 944 761 460 346 150 208 
18 9 597 348 944 762 460 343 150 208 
18 9 597 348 944 763 463 343 150 208 
18 9 597 348 944 764 463 343 150 208 
18 9 597 348 944 765 467 343 148 208 
18 9 597 348 944 766 467 343 148 208 
18 9 597 348 944 767 468 344 150 204 
18 9 597 348 944 768 468 344 150 204 
18 9 597 348 944 769 471 344 150 204 
18 9 597 348 944 770 475 344 148 204 
18 9 597 348 944 771 475 344 148 204 
18 9 597 348 944 772 476 344 150 201 
18 9 597 348 944 773 476 342 150 204 
18 9 597 348 944 774 479 342 150 204 
18 9 597 348 944 775 479 342 150 204 
18 9 597 348 944 776 483 342 148 204 
18 9 597 348 944 777 483 342 148 199 
18 9 597 348 944 778 484 342 150 199 
18 9 597 348 944 779 487 342 150 199 
18 9 597 348 944 780 487 342 150 199 
18 9 597 348 944 781 491 342 148 199 
18 9 597 348 944 782 491 343 148 195 
18 9 597 348 944 783 492 343 150 195 
18 9 597 348 944 784 492 339 150 199 
18 9 597 348 944 785 495 339 150 199 
18 9 597 348 944 786 495 339 150 199 
18 9 597 348 944 787 499 340 148 196 
18 9 597 348 944 788 500 340 150 196 
18 9 597 348 944 789 500 340 150 196 
18 9 597 348 944 790 503 340 150 196 
18 9 597 348 944 791 503 340 150 196 
18 9 597 348 944 792 507 341 148 192 
18 9 597 348 944 793 507 341 148 192 
18 9 597 348 944 794 508 341 150 192 
18 9 597 348 944 795 508 337 150 196 
18 9 597 348 944 796 511 337 150 196 
18 9 597 348 944 797 515 338 148 192 
18 9 597 348 944 798 515 338 148 192 
18 9 597 348 944 799 516 338 150 192 
18 9 597 348 944 800 516 338 150 192 
18 9 597 348 944 801 519 338 150 192 
18 9 597 348 944 802 519 338 150 189 
18 9 597 348 944 803 523 338 148 189 
18 9 597 348 944 804 523 338 148 189 
18 9 597 348 944 805 524 338 150 189 
18 9 597 348 944 806 527 338 150 189 
18 9 597 348 944 807 527 336 150 187 
18 9 597 348 944 808 527 336 150 187 
18 9 597 348 944 809 532 336 144 187 
18 9 597 348 944 810 531 336 148 187 
18 9 597 348 944 811 534 336 144 187 
18 9 597 348 944 812 534 336 144 187 
18 9 597 348 944 813 532 336 150 187 
18 9 597 348 944 814 537 336 144 187 
18 9 597 348 944 815 537 336 144 187 
18 9 597 348 944 816 540 336 144 187 
18 9 597 348 944 817 540 336 144 187 
18 9 597 348 944 818 543 336 140 187 
18 9 597 348 944 819 543 336 140 187 
18 9 597 348 944 820 542 336 144 187 
18 9 597 348 944 821 546 336 138 187 
18 9 597 348 944 822 546 336 138 187 
18 9 597 348 944 823 549 336 138 187 
18 9 597 348 944 824 549 336 138 187 
18 9 597 348 944 825 552 336 134 187 
18 9 597 348 944 826 551 336 140 187 
18 9 597 348 944 827 551 333 140 187 
18 9 597 348 944 828 555 333 134 187 
18 9 597 348 944 829 555 333 134 187 
18 9 597 348 944 830 559 333 132 187 
18 9 597 348 944 831 559 333 132 187 
18 9 597 348 944 832 562 333 128 187 
18 9 597 348 944 833 560 333 134 187 
18 9 597 348 944 834 560 333 134 187 
18 9 597 348 944 835 565 333 128 187 
18 9 597 348 944 836 563 333 134 187 
18 9 597 348 944 837 568 333 128 187 
18 9 597 348 944 838 568 333 128 187 
18 9 597 348 944 839 571 333 124 187 
18 9 597 348 944 840 570 333 128 187 
18 9 597 348 944 841 570 333 128 187 
18 9 597 348 944 842 574 333 122 187 
18 9 597 348 944 843 573 333 128 187 
18 9 597 348 944 844 577 333 122 187 
18 9 597 348 944 845 577 333 122 187 
18 9 597 348 944 846 579 333 124 187 
18 9 597 348 944 847 579 330 124 189 
18 9 597 348 944 848 579 330 124 189 
18 9 597 348 944 849 582 330 122 189 
18 9 597 348 944 850 582 330 122 189 
18 9 597 348 944 851 582 330 122 189 
18 9 597 348 944 852 585 330 122 189 
18 9 597 348 944 853 585 330 122 189 
18 9 597 348 944 854 585 330 122 189 
18 9 597 348 944 855 587 330 124 189 
18 9 597 348 944 856 587 330 124 189 
18 9 597 348 944 857 587 330 124 189 
18 9 597 348 944 858 590 330 122 189 
18 9 597 348 944 859 590 330 122 189 
18 9 597 348 944 860 593 330 122 189 
18 9 597 348 944 861 593 330 122 189 
18 9 597 348 944 862 593 330 122 189 
18 9 597 348 944 863 595 330 124 189 
18 9 597 348 944 864 595 330 124 189 
18 9 597 348 944 865 595 330 124 189 
18 9 597 348 944 866 598 330 122 189 
18 9 597 348 944 867 598 330 122 189 
18 9 597 348 944 868 598 330 122 189 
18 9 597 348 944 869 601 330 122 189 
18 9 597 348 944 870 601 328 122 187 
18 9 597 348 944 871 603 328 124 187 
18 9 597 348 944 872 603 328 124 187 
18 9 597 348 944 873 603 328 124 187 
18 9 597 348 944 874 606 328 122 187 
18 9 597 348 944 875 606 328 122 187 
18 9 597 348 944 876 606 328 122 187 
18 9 597 348 944 877 609 328 122 187 
18 9 597 348 944 878 609 328 122 187 
18 9 597 348 944 879 609 328 122 187 
18 9 597 348 944 880 611 328 124 187 
18 9 597 348 944 881 611 328 124 187 
18 9 597 348 944 882 614 328 122 187 
18 9 597 348 944 883 614 328 122 187 
18 9 597 348 944 884 614 328 122 187 
18 9 597 348 944 885 617 328 122 187 
18 9 597 348 944 886 617 328 122 187 
18 9 597 348 944 887 617 328 122 187 
18 9 597 348 944 888 619 328 124 187 
18 9 597 348 944 889 619 328 124 187 
18 9 597 348 944 890 619 328 124 187 
18 9 597 348 944 891 622 328 122 187 
18 9 597 348 944 892 622 328 122 187 
18 9 597 348 944 893 625 328 122 187 
18 9 597 348 944 894 625 328 122 187 
18 9 597 348 944 895 625 328 122 187 
18 9 597 348 944 896 625 328 122 187 
18 9 597 348 944 897 625 328 122 187 
18 9 597 348 944 898 625 328 122 187 
18 9 597 348 944 899 625 328 122 187 
18 9 597 348 944 900 625 328 122 187 
18 9 597 348 944 901 625 329 122 183 
18 9 597 348 944 902 625 329 122 183 
18 9 597 348 944 903 625 329 122 183 
18 9 597 348 944 904 625 329 122 183 
18 9 597 348 944 905 625 329 122 183 
18 9 597 348 944 906 625 329 122 183 
18 9 597 348 944 907 625 329 122 183 
18 9 597 348 944 908 628 329 118 183 
18 9 597 348 944 909 628 329 118 183 
18 9 597 348 944 910 628 329 118 183 
18 9 597 348 944 911 628 329 118 183 
18 9 597 348 944 912 628 329 118 183 
18 9 597 348 944 913 628 329 118 183 
18 9 597 348 944 914 628 329 118 183 
18 9 597 348 944 915 633 329 112 183 
18 9 597 348 944 916 633 329 112 183 
18 9 597 348 944 917 633 329 112 183 
18 9 597 348 944 918 633 329 112 183 
18 9 597 348 944 919 633 329 112 183 
18 9 597 348 944 920 633 330 112 180 
18 9 597 348 944 921 633 330 112 180 
18 9 597 348 944 922 637 330 106 180 
18 9 597 348 944 923 637 330 106 180 
18 9 597 348 944 924 637 330 106 180 
18 9 597 348 944 925 637 330 106 180 
18 9 597 348 944 926 637 330 106 180 
18 9 597 348 944 927 637 330 106 180 
18 9 597 348 944 928 637 330 106 180 
18 9 597 348 944 929 640 332 102 177 
18 9 597 348 944 930 640 332 102 177 
18 9 597 348 944 931 640 332 102 177 
18 9 597 348 944 932 640 332 102 177 
18 9 597 348 944 933 640 332 102 177 
18 9 597 348 944 934 640 332 102 177 
18 9 597 348 944 935 640 332 102 177 
18 9 597 348 944 936 645 332 96 177 
18 9 597 348 944 937 645 332 96 177 
18 9 597 348 944 938 645 332 96 177 
18 9 597 348 944 939 645 333 96 172 
18 9 597 348 944 940 645 333 96 172 
18 9 597 348 944 941 645 333 96 172 
18 9 597 348 944 942 645 333 96 172 
18 9 597 348 944 943 649 333 90 172 
18 9 597 348 944 944 649 333 90 172 
27 9 622 0 621 0 1261 34 74 79 
27 9 622 0 621 1 1258 34 74 79 
27 9 622 0 621 2 1258 34 74 79 
27 9 622 0 621 3 1258 34 74 79 
27 9 622 0 621 4 1258 34 74 79 
27 9 622 0 621 5 1255 34 76 79 
27 9 622 0 621 6 1255 34 76 79 
27 9 622 0 621 7 1255 34 76 79 
27 9 622 0 621 8 1255 34 76 79 
27 9 622 0 621 9 1253 34 74 79 
27 9 622 0 621 10 1253 34 74 79 
27 9 622 0 621 11 1253 34 74 79 
27 9 622 0 621 12 1253 34 74 79 
27 9 622 0 621 13 1250 34 74 79 
27 9 622 0 621 14 1250 34 74 79 
27 9 622 0 621 15 1250 34 74 79 
27 9 622 0 621 16 1250 34 74 79 
27 9 622 0 621 17 1247 34 76 79 
27 9 622 0 621 18 1247 34 76 79 
27 9 622 0 621 19 1247 34 76 79 
27 9 622 0 621 20 1247 34 76 79 
27 9 622 0 621 21 1245 34 74 79 
27 9 622 0 621 22 1245 34 74 79 
27 9 622 0 621 23 1245 34 74 79 
27 9 622 0 621 24 1245 34 74 79 
27 9 622 0 621 25 1242 34 74 79 
27 9 622 0 621 26 1242 34 74 79 
27 9 622 0 621 27 1242 34 74 79 
27 9 622 0 621 28 1242 34 74 79 
27 9 622 0 621 29 1239 34 76 79 
27 9 622 0 621 30 1239 34 76 79 
27 9 622 0 621 31 1239 34 76 79 
27 9 622 0 621 32 1239 34 76 79 
27 9 622 0 621 33 1237 34 74 79 
27 9 622 0 621 34 1237 34 74 79 
27 9 622 0 621 35 1237 34 74 79 
27 9 622 0 621 36 1237 34 74 79 
27 9 622 0 621 37 1234 34 74 79 
27 9 622 0 621 38 1234 34 74 79 
27 9 622 0 621 39 1234 34 74 79 
27 9 622 0 621 40 1234 34 74 79 
27 9 622 0 621 41 1231 34 76 79 
27 9 622 0 621 42 1231 34 76 79 
27 9 622 0 621 43 1231 34 76 79 
27 9 622 0 621 44 1231 34 76 79 
27 9 622 0 621 45 1229 34 74 79 
27 9 622 0 621 46 1229 34 74 79 
27 9 622 0 621 47 1229 34 74 79 
27 9 622 0 621 48 1229 34 74 79 
27 9 622 0 621 49 1226 34 74 79 
27 9 622 0 621 50 1226 34 74 79 
27 9 622 0 621 51 1226 34 74 79 
27 9 622 0 621 52 1226 34 74 79 
27 9 622 0 621 53 1223 34 76 79 
27 9 622 0 621 54 1223 34 76 79 
27 9 622 0 621 55 1223 34 76 79 
27 9 622 0 621 56 1223 34 76 79 
27 9 622 0 621 57 1221 34 74 79 
27 9 622 0 621 58 1221 34 74 79 
27 9 622 0 621 59 1221 34 74 79 
27 9 622 0 621 60 1221 36 74 81 
27 9 622 0 621 61 1218 36 74 81 
27 9 622 0 621 62 1218 36 74 81 
27 9 622 0 621 63 1218 36 74 81 
27 9 622 0 621 64 1218 36 74 81 
27 9 622 0 621 65 1215 36 76 81 
27 9 622 0 621 66 1215 36 76 81 
27 9 622 0 621 67 1215 36 76 81 
27 9 622 0 621 68 1215 36 76 81 
27 9 622 0 621 69 1213 36 74 81 
27 9 622 0 621 70 1213 36 74 81 
27 9 622 0 621 71 1213 36 74 81 
27 9 622 0 621 72 1213 36 74 81 
27 9 622 0 621 73 1213 36 74 81 
27 9 622 0 621 74 1210 36 74 81 
27 9 622 0 621 75 1210 36 74 81 
27 9 622 0 621 76 1210 36 74 81 
27 9 622 0 621 77 1210 36 74 81 
27 9 622 0 621 78 1207 36 76 81 
27 9 622 0 621 79 1207 36 76 81 
27 9 622 0 621 80 1207 39 76 79 
27 9 622 0 621 81 1207 39 76 79 
27 9 622 0 621 82 1207 39 76 79 
27 9 622 0 621 83 1205 39 74 79 
27 9 622 0 621 84 1205 39 74 79 
27 9 622 0 621 85 1205 39 74 79 
27 9 622 0 621 86 1205 39 74 79 
27 9 622 0 621 87 1202 39 74 79 
27 9 622 0 621 88 1202 39 74 79 
27 9 622 0 621 89 1202 39 74 79 
27 9 622 0 621 90 1202 39 74 79 
27 9 622 0 621 91 1202 39 74 79 
27 9 622 0 621 92 1199 39 76 79 
27 9 622 0 621 93 1199 39 76 79 
27 9 622 0 621 94 1199 39 76 79 
27 9 622 0 621 95 1199 39 76 79 
27 9 622 0 621 96 1197 39 74 79 
27 9 622 0 621 97 1197 39 74 79 
27 9 622 0 621 98 1197 39 74 79 
27 9 622 0 621 99 1197 39 74 79 
27 9 622 0 621 100 1197 42 74 79 
27 9 622 0 621 101 1194 42 74 79 
27 9 622 0 621 102 1194 42 74 79 
27 9 622 0 621 103 1194 42 74 79 
27 9 622 0 621 104 1194 42 74 79 
27 9 622 0 621 105 1191 42 76 79 
27 9 622 0 621 106 1191 42 76 79 
27 9 622 0 621 107 1191 42 76 79 
27 9 622 0 621 108 1191 42 76 79 
27 9 622 0 621 109 1189 42 74 79 
27 9 622 0 621 110 1189 42 74 79 
27 9 622 0 621 111 1189 42 74 79 
27 9 622 0 621 112 1189 42 74 79 
27 9 622 0 621 113 1186 42 74 79 
27 9 622 0 621 114 1186 42 74 79 
27 9 622 0 621 115 1186 42 74 79 
27 9 622 0 621 116 1186 42 74 79 
27 9 622 0 621 117 1183 42 76 79 
27 9 622 0 621 118 1183 42 76 79 
27 9 622 0 621 119 1183 42 76 79 
27 9 622 0 621 120 1183 42 76 79 
27 9 622 0 621 121 1181 42 74 79 
27 9 622 0 621 122 1181 42 74 79 
27 9 622 0 621 123 1181 42 74 79 
27 9 622 0 621 124 1181 42 74 79 
27 9 622 0 621 125 1178 42 74 79 
27 9 622 0 621 126 1178 42 74 79 
27 9 622 0 621 127 1178 42 74 79 
27 9 622 0 621 128 1178 42 74 79 
27 9 622 0 621 129 1175 42 76 79 
27 9 622 0 621 130 1175 42 76 79 
27 9 622 0 621 131 1175 42 76 79 
27 9 622 0 621 132 1175 42 76 79 
27 9 622 0 621 133 1173 42 74 79 
27 9 622 0 621 134 1173 42 74 79 
27 9 622 0 621 135 1173 42 74 79 
27 9 622 0 621 136 1173 42 74 79 
27 9 622 0 621 137 1170 42 74 79 
27 9 622 0 621 138 1170 42 74 79 
27 9 622 0 621 139 1170 42 74 79 
27 9 622 0 621 140 1170 44 74 81 
27 9 622 0 621 141 1167 44 76 81 
27 9 622 0 621 142 1167 44 76 81 
27 9 622 0 621 143 1167 44 76 81 
27 9 622 0 621 144 1167 44 76 81 
27 9 622 0 621 145 1165 44 74 81 
27 9 622 0 621 146 1165 44 74 81 
27 9 622 0 621 147 1165 44 74 81 
27 9 622 0 621 148 1165 44 74 81 
27 9 622 0 621 149 1165 44 74 81 
27 9 622 0 621 150 1162 44 74 81 
27 9 622 0 621 151 1162 44 74 81 
27 9 622 0 621 152 1162 44 74 81 
27 9 622 0 621 153 1162 47 74 79 
27 9 622 0 621 154 1159 47 76 79 
27 9 622 0 621 155 1159 47 76 79 
27 9 622 0 621 156 1159 47 76 79 
27 9 622 0 621 157 1159 47 76 79 
27 9 622 0 621 158 1159 47 76 79 
27 9 622 0 621 159 1157 47 74 79 
27 9 622 0 621 160 1157 47 74 79 
27 9 622 0 621 161 1157 47 74 79 
27 9 622 0 621 162 1157 47 74 79 
27 9 622 0 621 163 1154 47 74 79 
27 9 622 0 621 164 1154 47 74 79 
27 9 622 0 621 165 1154 50 74 79 
27 9 622 0 621 166 1154 50 74 79 
27 9 622 0 621 167 1154 50 74 79 
27 9 622 0 621 168 1151 50 76 79 
27 9 622 0 621 169 1151 50 76 79 
27 9 622 0 621 170 1151 50 76 79 
27 9 622 0 621 171 1151 50 76 79 
27 9 622 0 621 172 1149 50 74 79 
27 9 622 0 621 173 1149 50 74 79 
27 9 622 0 621 174 1149 50 74 79 
27 9 622 0 621 175 1149 50 74 79 
27 9 622 0 621 176 1149 50 74 79 
27 9 622 0 621 177 1146 50 74 79 
27 9 622 0 621 178 1146 52 74 81 
27 9 622 0 621 179 1146 52 74 81 
27 9 622 0 621 180 1146 52 74 81 
27 9 622 0 621 181 1143 52 76 81 
27 9 622 0 621 182 1143 52 76 81 
27 9 622 0 621 183 1143 52 76 81 
27 9 622 0 621 184 1143 52 76 81 
27 9 622 0 621 185 1143 52 76 81 
27 9 622 0 621 186 1141 52 74 81 
27 9 622 0 621 187 1141 52 74 81 
27 9 622 0 621 188 1141 52 74 81 
27 9 622 0 621 189 1141 52 74 81 
27 9 622 0 621 190 1141 55 74 79 
27 9 622 0 621 191 1138 55 74 79 
27 9 622 0 621 192 1138 55 74 79 
27 9 622 0 621 193 1138 55 74 79 
27 9 622 0 621 194 1138 55 74 79 
27 9 622 0 621 195 1135 55 76 79 
27 9 622 0 621 196 1135 55 76 79 
27 9 622 0 621 197 1135 55 76 79 
27 9 622 0 621 198 1135 55 76 79 
27 9 622 0 621 199 1135 55 76 79 
27 9 622 0 621 200 1133 55 74 79 
27 9 622 0 621 201 1133 55 74 79 
27 9 622 0 621 202 1133 55 74 79 
27 9 622 0 621 203 1133 55 74 79 
27 9 622 0 621 204 1130 55 74 79 
27 9 622 0 621 205 1130 55 74 79 
27 9 622 0 621 206 1130 55 74 79 
27 9 622 0 621 207 1130 55 74 79 
27 9 622 0 621 208 1130 55 74 79 
27 9 622 0 621 209 1127 55 76 79 
27 9 622 0 621 210 1127 55 76 79 
27 9 622 0 621 211 1127 55 76 79 
27 9 622 0 621 212 1127 55 76 79 
27 9 622 0 621 213 1125 55 74 79 
27 9 622 0 621 214 1125 55 74 79 
27 9 622 0 621 215 1125 58 74 79 
27 9 622 0 621 216 1125 58 74 79 
27 9 622 0 621 217 1125 58 74 79 
27 9 622 0 621 218 1122 58 74 79 
27 9 622 0 621 219 1122 58 74 79 
27 9 622 0 621 220 1122 58 74 79 
27 9 622 0 621 221 1122 58 74 79 
27 9 622 0 621 222 1119 58 76 79 
27 9 622 0 621 223 1119 58 76 79 
27 9 622 0 621 224 1119 58 76 79 
27 9 622 0 621 225 1119 58 76 79 
27 9 622 0 621 226 1119 58 76 79 
27 9 622 0 621 227 1117 58 74 79 
27 9 622 0 621 228 1117 58 74 79 
27 9 622 0 621 229 1117 58 74 79 
27 9 622 0 621 230 1117 58 74 79 
27 9 622 0 621 231 1114 58 74 79 
27 9 622 0 621 232 1114 58 74 79 
27 9 622 0 621 233 1114 58 74 79 
27 9 622 0 621 234 1114 58 74 79 
27 9 622 0 621 235 1114 58 74 79 
27 9 622 0 621 236 1111 58 76 79 
27 9 622 0 621 237 1111 58 76 79 
27 9 622 0 621 238 1111 58 76 79 
27 9 622 0 621 239 1111 58 76 79 
27 9 622 0 621 240 1111 60 76 81 
27 9 622 0 621 241 1109 60 74 81 
27 9 622 0 621 242 1109 60 74 81 
27 9 622 0 621 243 1109 60 74 81 
27 9 622 0 621 244 1106 60 74 81 
27 9 622 0 621 245 1106 60 74 81 
27 9 622 0 621 246 1106 60 74 81 
27 9 622 0 621 247 1103 60 76 81 
27 9 622 0 621 248 1103 60 76 81 
27 9 622 0 621 249 1103 60 76 81 
27 9 622 0 621 250 1103 60 76 81 
27 9 622 0 621 251 1101 60 74 81 
27 9 622 0 621 252 1101 60 74 81 
27 9 622 0 621 253 1101 60 74 81 
27 9 622 0 621 254 1098 60 74 81 
27 9 622 0 621 255 1098 60 74 81 
27 9 622 0 621 256 1098 60 74 81 
27 9 622 0 621 257 1095 60 76 81 
27 9 622 0 621 258 1095 60 76 81 
27 9 622 0 621 259 1095 60 76 81 
27 9 622 0 621 260 1095 60 76 81 
27 9 622 0 621 261 1093 60 74 81 
27 9 622 0 621 262 1093 60 74 81 
27 9 622 0 621 263 1093 60 74 81 
27 9 622 0 621 264 1090 60 74 81 
27 9 622 0 621 265 1090 60 74 81 
27 9 622 0 621 266 1090 60 74 81 
27 9 622 0 621 267 1087 60 76 81 
27 9 622 0 621 268 1087 60 76 81 
27 9 622 0 621 269 1087 60 76 81 
27 9 622 0 621 270 1087 60 76 81 
27 9 622 0 621 271 1085 60 74 81 
27 9 622 0 621 272 1085 60 74 81 
27 9 622 0 621 273 1085 60 74 81 
27 9 622 0 621 274 1082 60 74 81 
27 9 622 0 621 275 1082 60 74 81 
27 9 622 0 621 276 1082 60 74 81 
27 9 622 0 621 277 1079 60 76 81 
27 9 622 0 621 278 1079 60 76 81 
27 9 622 0 621 279 1079 60 76 81 
27 9 622 0 621 280 1079 60 76 81 
27 9 622 0 621 281 1077 60 74 81 
27 9 622 0 621 282 1077 60 74 81 
27 9 622 0 621 283 1077 60 74 81 
27 9 622 0 621 284 1074 60 74 81 
27 9 622 0 621 285 1074 60 74 81 
27 9 622 0 621 286 1074 60 74 81 
27 9 622 0 621 287 1071 60 76 81 
27 9 622 0 621 288 1071 60 76 81 
27 9 622 0 621 289 1071 60 76 81 
27 9 622 0 621 290 1071 63 76 79 
27 9 622 0 621 291 1069 63 74 79 
27 9 622 0 621 292 1069 63 74 79 
27 9 622 0 621 293 1069 63 74 79 
27 9 622 0 621 294 1069 63 74 79 
27 9 622 0 621 295 1069 63 74 79 
27 9 622 0 621 296 1066 63 74 79 
27 9 622 0 621 297 1066 63 74 79 
27 9 622 0 621 298 1066 63 74 79 
27 9 622 0 621 299 1066 63 74 79 
27 9 622 0 621 300 1066 63 74 79 
27 9 622 0 621 301 1063 63 76 79 
27 9 622 0 621 302 1063 63 76 79 
27 9 622 0 621 303 1063 63 76 79 
27 9 622 0 621 304 1064 63 70 79 
27 9 622 0 621 305 1064 63 70 79 
27 9 622 0 621 306 1064 63 70 79 
27 9 622 0 621 307 1064 63 70 79 
27 9 622 0 621 308 1063 63 68 79 
27 9 622 0 621 309 1063 63 68 79 
27 9 622 0 621 310 1063 63 68 79 
27 9 622 0 621 311 1063 63 68 79 
27 9 622 0 621 312 1064 63 64 79 
27 9 622 0 621 313 1064 63 64 79 
27 9 622 0 621 314 1064 63 64 79 
27 9 622 0 621 315 1064 67 64 75 
27 9 622 0 621 316 1061 67 64 75 
27 9 622 0 621 317 1061 67 64 75 
27 9 622 0 621 318 1061 67 64 75 
27 9 622 0 621 319 1062 67 58 75 
27 9 622 0 621 320 1062 67 58 75 
27 9 622 0 621 321 1062 67 58 75 
27 9 622 0 621 322 1062 67 58 75 
27 9 622 0 621 323 1059 66 60 79 
27 9 622 0 621 324 1059 66 60 79 
27 9 622 0 621 325 1059 66 60 79 
27 9 622 0 621 326 1059 66 60 79 
27 9 622 0 621 327 1060 66 54 79 
27 9 622 0 621 328 1060 66 54 79 
27 9 622 0 621 329 1060 66 54 79 
27 9 622 0 621 330 1060 69 54 76 
27 9 622 0 621 331 1059 69 52 76 
27 9 622 0 621 332 1059 69 52 76 
27 9 622 0 621 333 1059 69 52 76 
27 9 622 0 621 334 1060 69 48 76 
27 9 622 0 621 335 1060 69 48 76 
27 9 622 0 621 336 1060 69 48 76 
27 9 622 0 621 337 1060 69 48 76 
27 9 622 0 621 338 1057 69 48 76 
27 9 622 0 621 339 1057 69 48 76 
27 9 622 0 621 340 1057 69 48 76 
27 9 622 0 621 341 1057 69 48 76 
27 9 622 0 621 342 1058 69 42 76 
27 9 622 0 621 343 1058 69 42 76 
27 9 622 0 621 344 1058 69 42 76 
27 9 622 0 621 345 1058 72 42 76 
27 9 622 0 621 346 1055 72 44 76 
27 9 622 0 621 347 1055 72 44 76 
27 9 622 0 621 348 1055 72 44 76 
27 9 622 0 621 349 1055 72 44 76 
27 9 622 0 621 350 1053 72 42 76 
27 9 622 0 621 351 1053 72 42 76 
27 9 622 0 621 352 1053 72 42 76 
27 9 622 0 621 353 1053 72 42 76 
27 9 622 0 621 354 1050 72 42 76 
27 9 622 0 621 355 1050 72 42 76 
27 9 622 0 621 356 1050 72 42 76 
27 9 622 0 621 357 1050 72 42 76 
27 9 622 0 621 358 1050 72 42 76 
27 9 622 0 621 359 1047 72 44 76 
27 9 622 0 621 360 1047 72 44 76 
27 9 622 0 621 361 1047 71 44 79 
27 9 622 0 621 362 1047 71 44 79 
27 9 622 0 621 363 1045 71 42 79 
27 9 622 0 621 364 1045 75 42 75 
27 9 622 0 621 365 1045 75 42 75 
27 9 622 0 621 366 1045 75 42 75 
27 9 622 0 621 367 1045 75 42 75 
27 9 622 0 621 368 1042 75 42 75 
27 9 622 0 621 369 1042 75 42 75 
27 9 622 0 621 370 1042 75 42 75 
27 9 622 0 621 371 1042 75 42 75 
27 9 622 0 621 372 1039 75 44 75 
27 9 622 0 621 373 1039 75 44 75 
27 9 622 0 621 374 1039 75 44 75 
27 9 622 0 621 375 1039 75 44 75 
27 9 622 0 621 376 1039 75 44 75 
27 9 622 0 621 377 1037 74 42 79 
27 9 622 0 621 378 1037 74 42 79 
27 9 622 0 621 379 1037 74 42 79 
27 9 622 0 621 380 1037 74 42 79 
27 9 622 0 621 381 1034 74 42 79 
27 9 622 0 621 382 1034 74 42 79 
27 9 622 0 621 383 1034 77 42 76 
27 9 622 0 621 384 1034 77 42 76 
27 9 622 0 621 385 1034 77 42 76 
27 9 622 0 621 386 1031 77 44 76 
27 9 622 0 621 387 1031 77 44 76 
27 9 622 0 621 388 1031 77 44 76 
27 9 622 0 621 389 1031 77 44 76 
27 9 622 0 621 390 1029 77 42 76 
27 9 622 0 621 391 1029 77 42 76 
27 9 622 0 621 392 1029 76 42 81 
27 9 622 0 621 393 1029 76 42 81 
27 9 622 0 621 394 1029 76 42 81 
27 9 622 0 621 395 1026 76 42 81 
27 9 622 0 621 396 1026 76 42 81 
27 9 622 0 621 397 1026 76 42 81 
27 9 622 0 621 398 1026 76 42 81 
27 9 622 0 621 399 1023 76 44 81 
27 9 622 0 621 400 1023 76 44 81 
27 9 622 0 621 401 1023 76 44 81 
27 9 622 0 621 402 1023 80 44 76 
27 9 622 0 621 403 1023 80 44 76 
27 9 622 0 621 404 1021 80 42 76 
27 9 622 0 621 405 1021 80 42 76 
27 9 622 0 621 406 1021 80 42 76 
27 9 622 0 621 407 1021 80 42 76 
27 9 622 0 621 408 1018 79 42 79 
27 9 622 0 621 409 1018 79 42 79 
27 9 622 0 621 410 1018 79 42 79 
27 9 622 0 621 411 1018 79 42 79 
27 9 622 0 621 412 1018 79 42 79 
27 9 622 0 621 413 1015 79 44 79 
27 9 622 0 621 414 1015 79 44 79 
27 9 622 0 621 415 1015 79 44 79 
27 9 622 0 621 416 1015 79 44 79 
27 9 622 0 621 417 1013 79 42 79 
27 9 622 0 621 418 1013 79 42 79 
27 9 622 0 621 419 1013 79 42 79 
27 9 622 0 621 420 1013 79 42 79 
27 9 622 0 621 421 1013 83 42 75 
27 9 622 0 621 422 1010 83 42 75 
27 9 622 0 621 423 1010 83 42 75 
27 9 622 0 621 424 1010 82 42 79 
27 9 622 0 621 425 1010 82 42 79 
27 9 622 0 621 426 1007 82 44 79 
27 9 622 0 621 427 1007 82 44 79 
27 9 622 0 621 428 1007 82 44 79 
27 9 622 0 621 429 1007 82 44 79 
27 9 622 0 621 430 1007 82 44 79 
27 9 622 0 621 431 1005 82 42 79 
27 9 622 0 621 432 1005 82 42 79 
27 9 622 0 621 433 1005 82 42 79 
27 9 622 0 621 434 1005 82 42 79 
27 9 622 0 621 435 1002 82 42 79 
27 9 622 0 621 436 1002 82 42 79 
27 9 622 0 621 437 1002 82 42 79 
27 9 622 0 621 438 1002 82 42 79 
27 9 622 0 621 439 1002 84 42 81 
27 9 622 0 621 440 999 84 44 81 
27 9 622 0 621 441 999 84 44 81 
27 9 622 0 621 442 999 84 44 81 
27 9 622 0 621 443 997 84 42 81 
27 9 622 0 621 444 997 84 42 81 
27 9 622 0 621 445 997 84 42 81 
27 9 622 0 621 446 994 84 42 81 
27 9 622 0 621 447 994 84 42 81 
27 9 622 0 621 448 994 84 42 81 
27 9 622 0 621 449 991 84 44 81 
27 9 622 0 621 450 991 84 44 81 
27 9 622 0 621 451 991 84 44 81 
27 9 622 0 621 452 989 84 42 81 
27 9 622 0 621 453 989 84 42 81 
27 9 622 0 621 454 989 84 42 84 
27 9 622 0 621 455 986 84 42 84 
27 9 622 0 621 456 986 87 42 79 
27 9 622 0 621 457 986 87 42 79 
27 9 622 0 621 458 983 87 44 79 
27 9 622 0 621 459 983 87 44 79 
27 9 622 0 621 460 983 87 44 79 
27 9 622 0 621 461 981 87 42 79 
27 9 622 0 621 462 981 87 42 79 
27 9 622 0 621 463 981 87 42 79 
27 9 622 0 621 464 978 87 42 79 
27 9 622 0 621 465 978 87 42 79 
27 9 622 0 621 466 978 87 42 79 
27 9 622 0 621 467 975 87 44 79 
27 9 622 0 621 468 975 87 44 79 
27 9 622 0 621 469 975 87 44 84 
27 9 622 0 621 470 973 87 42 84 
27 9 622 0 621 471 973 87 42 84 
27 9 622 0 621 472 973 87 42 84 
27 9 622 0 621 473 973 90 42 79 
27 9 622 0 621 474 970 90 42 79 
27 9 622 0 621 475 970 90 42 79 
27 9 622 0 621 476 970 90 42 79 
27 9 622 0 621 477 967 90 44 79 
27 9 622 0 621 478 967 90 44 79 
27 9 622 0 621 479 967 90 44 79 
27 9 622 0 621 480 965 90 42 79 
27 9 622 0 621 481 965 90 42 79 
27 9 622 0 621 482 965 90 42 79 
27 9 622 0 621 483 962 90 42 84 
27 9 622 0 621 484 962 90 42 84 
27 9 622 0 621 485 962 90 42 84 
27 9 622 0 621 486 959 90 44 84 
27 9 622 0 621 487 959 90 44 84 
27 9 622 0 621 488 959 90 44 84 
27 9 622 0 621 489 957 90 42 84 
27 9 622 0 621 490 957 92 42 81 
27 9 622 0 621 491 957 92 42 81 
27 9 622 0 621 492 954 92 42 81 
27 9 622 0 621 493 954 92 42 81 
27 9 622 0 621 494 954 92 42 81 
27 9 622 0 621 495 951 92 44 81 
27 9 622 0 621 496 951 92 44 81 
27 9 622 0 621 497 951 92 44 81 
27 9 622 0 621 498 949 92 42 84 
27 9 622 0 621 499 949 92 42 84 
27 9 622 0 621 500 949 92 42 84 
27 9 622 0 621 501 946 92 42 84 
27 9 622 0 621 502 946 92 42 84 
27 9 622 0 621 503 946 92 42 84 
27 9 622 0 621 504 943 92 44 84 
27 9 622 0 621 505 943 92 44 84 
27 9 622 0 621 506 943 92 44 84 
27 9 622 0 621 507 943 95 44 79 
27 9 622 0 621 508 941 95 42 79 
27 9 622 0 621 509 941 95 42 79 
27 9 622 0 621 510 941 95 42 79 
27 9 622 0 621 511 938 95 42 79 
27 9 622 0 621 512 938 95 42 84 
27 9 622 0 621 513 938 95 42 84 
27 9 622 0 621 514 935 95 44 84 
27 9 622 0 621 515 935 95 44 84 
27 9 622 0 621 516 935 95 44 84 
27 9 622 0 621 517 933 95 42 84 
27 9 622 0 621 518 933 95 42 84 
27 9 622 0 621 519 933 95 42 84 
27 9 622 0 621 520 930 95 42 84 
27 9 622 0 621 521 930 95 42 84 
27 9 622 0 621 522 930 95 42 84 
27 9 622 0 621 523 927 95 44 84 
27 9 622 0 621 524 927 98 44 79 
27 9 622 0 621 525 927 98 44 79 
27 9 622 0 621 526 925 98 42 79 
27 9 622 0 621 527 925 98 42 84 
27 9 622 0 621 528 925 98 42 84 
27 9 622 0 621 529 922 98 42 84 
27 9 622 0 621 530 922 98 42 84 
27 9 622 0 621 531 922 98 42 84 
27 9 622 0 621 532 919 98 44 84 
27 9 622 0 621 533 919 98 44 84 
27 9 622 0 621 534 919 98 44 84 
27 9 622 0 621 535 917 98 42 84 
27 9 622 0 621 536 917 98 42 84 
27 9 622 0 621 537 917 98 42 84 
27 9 622 0 621 538 914 98 42 84 
27 9 622 0 621 539 914 98 42 84 
27 9 622 0 621 540 914 98 42 84 
27 9 622 0 621 541 914 100 42 84 
27 9 622 0 621 542 911 100 44 84 
27 9 622 0 621 543 911 100 44 84 
27 9 622 0 621 544 909 100 42 84 
27 9 622 0 621 545 909 100 42 84 
27 9 622 0 621 546 909 100 42 84 
27 9 622 0 621 547 906 100 42 84 
27 9 622 0 621 548 906 100 42 84 
27 9 622 0 621 549 906 100 42 84 
27 9 622 0 621 550 903 100 44 84 
27 9 622 0 621 551 903 100 44 84 
27 9 622 0 621 552 903 100 44 84 
27 9 622 0 621 553 901 100 42 84 
27 9 622 0 621 554 901 100 42 84 
27 9 622 0 621 555 898 99 42 88 
27 9 622 0 621 556 898 99 42 88 
27 9 622 0 621 557 898 103 42 84 
27 9 622 0 621 558 895 103 44 84 
27 9 622 0 621 559 895 103 44 84 
27 9 622 0 621 560 895 103 44 84 
27 9 622 0 621 561 893 103 42 84 
27 9 622 0 621 562 893 103 42 84 
27 9 622 0 621 563 893 103 42 84 
27 9 622 0 621 564 890 103 42 84 
27 9 622 0 621 565 890 103 42 84 
27 9 622 0 621 566 887 103 44 84 
27 9 622 0 621 567 887 103 44 84 
27 9 622 0 621 568 887 102 44 88 
27 9 622 0 621 569 885 102 42 88 
27 9 622 0 621 570 885 102 42 88 
27 9 622 0 621 571 885 102 42 88 
27 9 622 0 621 572 882 102 42 88 
27 9 622 0 621 573 882 106 42 84 
27 9 622 0 621 574 882 106 42 84 
27 9 622 0 621 575 879 106 44 84 
27 9 622 0 621 576 879 106 44 84 
27 9 622 0 621 577 877 106 42 84 
27 9 622 0 621 578 877 106 42 84 
27 9 622 0 621 579 877 106 42 84 
27 9 622 0 621 580 874 106 42 84 
27 9 622 0 621 581 874 105 42 87 
27 9 622 0 621 582 874 105 42 87 
27 9 622 0 621 583 871 105 44 87 
27 9 622 0 621 584 871 105 44 87 
27 9 622 0 621 585 871 105 44 87 
27 9 622 0 621 586 869 105 42 87 
27 9 622 0 621 587 869 105 42 87 
27 9 622 0 621 588 866 105 42 87 
27 9 622 0 621 589 866 108 42 84 
27 9 622 0 621 590 866 108 42 84 
27 9 622 0 621 591 863 108 44 84 
27 9 622 0 621 592 863 108 44 84 
27 9 622 0 621 593 863 108 44 84 
27 9 622 0 621 594 861 108 42 84 
27 9 622 0 621 595 861 107 42 88 
27 9 622 0 621 596 861 107 42 88 
27 9 622 0 621 597 858 107 42 88 
27 9 622 0 621 598 858 107 42 88 
27 9 622 0 621 599 855 107 44 88 
27 9 622 0 621 600 855 107 44 88 
27 9 622 0 621 601 855 107 44 88 
27 9 622 0 621 602 853 107 42 88 
27 9 622 0 621 603 853 107 42 88 
27 9 622 0 621 604 853 107 42 88 
27 9 622 0 621 605 850 111 42 84 
27 9 622 0 621 606 850 111 42 84 
27 9 622 0 621 607 850 111 42 84 
27 9 622 0 621 608 847 110 44 88 
27 9 622 0 621 609 847 110 44 88 
27 9 622 0 621 610 845 110 42 88 
27 9 622 0 621 611 845 110 42 88 
27 9 622 0 621 612 845 110 42 88 
27 9 622 0 621 613 842 110 42 88 
27 9 622 0 621 614 842 110 42 88 
27 9 622 0 621 615 842 110 42 88 
27 9 622 0 621 616 839 110 44 88 
27 9 622 0 621 617 839 110 44 88 
27 9 622 0 621 618 839 110 44 88 
27 9 622 0 621 619 837 110 42 88 
27 9 622 0 621 620 837 110 42 88 
27 9 622 0 621 621 837 113 42 87 
