23 9 53 864 916 864 30 610 104 108 
23 9 53 864 916 865 26 610 106 108 
23 9 53 864 916 866 24 609 106 109 
23 9 53 864 916 867 21 609 106 109 
23 9 53 864 916 868 19 606 106 112 
23 9 53 864 916 869 14 606 110 112 
23 9 53 864 916 870 12 606 112 112 
23 9 53 864 916 871 11 604 110 114 
23 9 53 864 916 872 9 604 110 114 
23 9 53 864 916 873 9 604 110 114 
23 9 53 864 916 874 7 601 110 117 
23 9 53 864 916 875 7 601 110 117 
23 9 53 864 916 876 5 601 110 117 
23 9 53 864 916 877 4 600 110 118 
23 9 53 864 916 878 4 600 110 118 
23 9 53 864 916 879 2 600 110 118 
23 9 53 864 916 880 2 600 110 118 
23 9 53 864 916 881 0 598 108 121 
23 9 53 864 916 882 0 598 108 121 
23 9 53 864 916 883 0 595 106 123 
23 9 53 864 916 884 0 595 101 123 
23 9 53 864 916 885 0 595 100 123 
23 9 53 864 916 886 0 593 99 126 
23 9 53 864 916 887 0 593 95 126 
23 9 53 864 916 888 0 590 93 128 
23 9 53 864 916 889 0 590 93 128 
23 9 53 864 916 890 0 590 91 128 
23 9 53 864 916 891 0 589 86 129 
23 9 53 864 916 892 0 589 83 129 
23 9 53 864 916 893 0 589 82 129 
23 9 53 864 916 894 0 587 76 131 
23 9 53 864 916 895 0 587 73 131 
23 9 53 864 916 896 0 587 72 131 
23 9 53 864 916 897 0 585 66 133 
23 9 53 864 916 898 0 585 63 133 
23 9 53 864 916 899 0 585 60 133 
23 9 53 864 916 900 0 585 58 133 
23 9 53 864 916 901 0 586 52 133 
23 9 53 864 916 902 0 586 49 133 
23 9 53 864 916 903 0 586 48 133 
23 9 53 864 916 904 0 586 45 133 
23 9 53 864 916 905 0 586 42 133 
23 9 53 864 916 906 0 586 39 133 
23 9 53 864 916 907 0 586 36 133 
23 9 53 864 916 908 0 586 34 133 
23 9 53 864 916 909 0 586 31 133 
23 9 53 864 916 910 0 586 28 133 
23 9 53 864 916 911 0 614 21 104 
23 9 53 864 916 912 0 646 15 73 
23 9 53 864 916 913 0 646 15 73 
23 9 53 864 916 914 0 646 15 73 
23 9 53 864 916 915 0 646 15 73 
23 9 53 864 916 916 0 646 15 73 
