47 5 415 1937 2351 1937 737 207 65 50 
47 5 415 1937 2351 1938 737 207 65 50 
47 5 415 1937 2351 1939 737 207 65 50 
47 5 415 1937 2351 1940 737 207 65 50 
47 5 415 1937 2351 1941 737 207 65 50 
47 5 415 1937 2351 1942 737 207 65 50 
47 5 415 1937 2351 1943 737 207 65 50 
47 5 415 1937 2351 1944 737 207 65 50 
47 5 415 1937 2351 1945 737 207 65 50 
47 5 415 1937 2351 1946 737 207 65 50 
47 5 415 1937 2351 1947 737 207 65 50 
47 5 415 1937 2351 1948 737 207 65 50 
47 5 415 1937 2351 1949 737 207 65 50 
47 5 415 1937 2351 1950 737 207 65 50 
47 5 415 1937 2351 1951 737 207 65 50 
47 5 415 1937 2351 1952 737 207 65 50 
47 5 415 1937 2351 1953 737 207 65 50 
47 5 415 1937 2351 1954 737 207 65 50 
47 5 415 1937 2351 1955 737 207 65 50 
47 5 415 1937 2351 1956 737 207 65 50 
47 5 415 1937 2351 1957 737 207 65 50 
47 5 415 1937 2351 1958 737 207 65 50 
47 5 415 1937 2351 1959 737 207 65 50 
47 5 415 1937 2351 1960 737 207 65 50 
47 5 415 1937 2351 1961 737 207 65 50 
47 5 415 1937 2351 1962 737 207 65 50 
47 5 415 1937 2351 1963 737 207 65 50 
47 5 415 1937 2351 1964 737 207 65 50 
47 5 415 1937 2351 1965 737 207 65 50 
47 5 415 1937 2351 1966 737 207 65 50 
47 5 415 1937 2351 1967 737 207 65 50 
47 5 415 1937 2351 1968 737 207 65 50 
47 5 415 1937 2351 1969 737 207 65 50 
47 5 415 1937 2351 1970 737 207 65 50 
47 5 415 1937 2351 1971 737 207 65 50 
47 5 415 1937 2351 1972 737 207 65 50 
47 5 415 1937 2351 1973 737 207 65 50 
47 5 415 1937 2351 1974 737 207 65 50 
47 5 415 1937 2351 1975 737 207 65 50 
47 5 415 1937 2351 1976 737 207 65 50 
47 5 415 1937 2351 1977 737 207 65 50 
47 5 415 1937 2351 1978 737 207 65 50 
47 5 415 1937 2351 1979 737 207 65 50 
47 5 415 1937 2351 1980 737 207 65 50 
47 5 415 1937 2351 1981 737 207 65 50 
47 5 415 1937 2351 1982 737 207 65 50 
47 5 415 1937 2351 1983 737 207 65 50 
47 5 415 1937 2351 1984 737 207 65 50 
47 5 415 1937 2351 1985 737 207 65 50 
47 5 415 1937 2351 1986 737 207 65 50 
47 5 415 1937 2351 1987 737 207 65 50 
47 5 415 1937 2351 1988 737 207 65 50 
47 5 415 1937 2351 1989 737 207 65 50 
47 5 415 1937 2351 1990 737 207 65 50 
47 5 415 1937 2351 1991 737 207 65 50 
47 5 415 1937 2351 1992 737 207 65 50 
47 5 415 1937 2351 1993 737 207 65 50 
47 5 415 1937 2351 1994 737 207 65 50 
47 5 415 1937 2351 1995 737 207 65 50 
47 5 415 1937 2351 1996 737 207 65 50 
47 5 415 1937 2351 1997 737 207 65 50 
47 5 415 1937 2351 1998 737 207 65 50 
47 5 415 1937 2351 1999 737 207 65 50 
47 5 415 1937 2351 2000 737 207 65 50 
47 5 415 1937 2351 2001 737 207 65 50 
47 5 415 1937 2351 2002 737 207 65 50 
47 5 415 1937 2351 2003 737 207 65 50 
47 5 415 1937 2351 2004 737 207 65 50 
47 5 415 1937 2351 2005 737 207 65 50 
47 5 415 1937 2351 2006 737 207 65 50 
47 5 415 1937 2351 2007 737 207 65 50 
47 5 415 1937 2351 2008 737 207 65 50 
47 5 415 1937 2351 2009 737 207 65 50 
47 5 415 1937 2351 2010 737 207 65 50 
47 5 415 1937 2351 2011 737 207 65 50 
47 5 415 1937 2351 2012 737 207 65 50 
47 5 415 1937 2351 2013 737 207 65 50 
47 5 415 1937 2351 2014 737 207 65 50 
47 5 415 1937 2351 2015 737 207 65 50 
47 5 415 1937 2351 2016 737 207 65 50 
47 5 415 1937 2351 2017 737 207 65 50 
47 5 415 1937 2351 2018 737 207 65 50 
47 5 415 1937 2351 2019 737 207 65 50 
47 5 415 1937 2351 2020 737 207 65 50 
47 5 415 1937 2351 2021 737 207 65 50 
47 5 415 1937 2351 2022 737 207 65 50 
47 5 415 1937 2351 2023 737 207 65 50 
47 5 415 1937 2351 2024 737 207 65 50 
47 5 415 1937 2351 2025 737 207 65 50 
47 5 415 1937 2351 2026 737 207 65 50 
47 5 415 1937 2351 2027 737 207 65 50 
47 5 415 1937 2351 2028 737 207 65 50 
47 5 415 1937 2351 2029 737 207 65 50 
47 5 415 1937 2351 2030 737 207 65 50 
47 5 415 1937 2351 2031 737 207 65 50 
47 5 415 1937 2351 2032 737 207 65 50 
47 5 415 1937 2351 2033 737 207 65 50 
47 5 415 1937 2351 2034 737 207 65 50 
47 5 415 1937 2351 2035 737 207 65 50 
47 5 415 1937 2351 2036 737 207 65 50 
47 5 415 1937 2351 2037 737 207 65 50 
47 5 415 1937 2351 2038 737 207 65 50 
47 5 415 1937 2351 2039 737 207 65 50 
47 5 415 1937 2351 2040 737 207 65 50 
47 5 415 1937 2351 2041 737 207 65 50 
47 5 415 1937 2351 2042 737 207 65 50 
47 5 415 1937 2351 2043 737 207 65 50 
47 5 415 1937 2351 2044 737 207 65 50 
47 5 415 1937 2351 2045 737 207 65 50 
47 5 415 1937 2351 2046 737 207 65 50 
47 5 415 1937 2351 2047 737 207 65 50 
47 5 415 1937 2351 2048 737 207 65 50 
47 5 415 1937 2351 2049 737 207 65 50 
47 5 415 1937 2351 2050 737 207 65 50 
47 5 415 1937 2351 2051 737 207 65 50 
47 5 415 1937 2351 2052 737 207 65 50 
47 5 415 1937 2351 2053 737 207 65 50 
47 5 415 1937 2351 2054 737 207 65 50 
47 5 415 1937 2351 2055 737 207 65 50 
47 5 415 1937 2351 2056 737 207 65 50 
47 5 415 1937 2351 2057 737 207 65 50 
47 5 415 1937 2351 2058 737 207 65 50 
47 5 415 1937 2351 2059 737 207 65 50 
47 5 415 1937 2351 2060 737 207 65 50 
47 5 415 1937 2351 2061 737 207 65 50 
47 5 415 1937 2351 2062 737 207 65 50 
47 5 415 1937 2351 2063 737 207 65 50 
47 5 415 1937 2351 2064 737 207 65 50 
47 5 415 1937 2351 2065 737 207 65 50 
47 5 415 1937 2351 2066 737 207 65 50 
47 5 415 1937 2351 2067 737 207 65 50 
47 5 415 1937 2351 2068 737 207 65 50 
47 5 415 1937 2351 2069 737 207 65 50 
47 5 415 1937 2351 2070 737 207 65 50 
47 5 415 1937 2351 2071 737 207 65 50 
47 5 415 1937 2351 2072 737 207 65 50 
47 5 415 1937 2351 2073 737 207 65 50 
47 5 415 1937 2351 2074 737 207 65 50 
47 5 415 1937 2351 2075 737 207 65 50 
47 5 415 1937 2351 2076 737 207 65 50 
47 5 415 1937 2351 2077 737 207 65 50 
47 5 415 1937 2351 2078 737 207 65 50 
47 5 415 1937 2351 2079 737 207 65 50 
47 5 415 1937 2351 2080 737 207 65 50 
47 5 415 1937 2351 2081 737 207 65 50 
47 5 415 1937 2351 2082 737 207 65 50 
47 5 415 1937 2351 2083 737 207 65 50 
47 5 415 1937 2351 2084 737 207 65 50 
47 5 415 1937 2351 2085 737 207 65 50 
47 5 415 1937 2351 2086 737 207 65 50 
47 5 415 1937 2351 2087 737 207 65 50 
47 5 415 1937 2351 2088 737 207 65 50 
47 5 415 1937 2351 2089 737 207 65 50 
47 5 415 1937 2351 2090 737 207 65 50 
47 5 415 1937 2351 2091 737 207 65 50 
47 5 415 1937 2351 2092 737 207 65 50 
47 5 415 1937 2351 2093 737 207 65 50 
47 5 415 1937 2351 2094 737 207 65 50 
47 5 415 1937 2351 2095 737 207 65 50 
47 5 415 1937 2351 2096 737 207 65 50 
47 5 415 1937 2351 2097 737 207 65 50 
47 5 415 1937 2351 2098 737 207 65 50 
47 5 415 1937 2351 2099 737 207 65 50 
47 5 415 1937 2351 2100 737 207 65 50 
47 5 415 1937 2351 2101 737 207 65 50 
47 5 415 1937 2351 2102 737 207 65 50 
47 5 415 1937 2351 2103 737 207 65 50 
47 5 415 1937 2351 2104 737 207 65 50 
47 5 415 1937 2351 2105 737 207 65 50 
47 5 415 1937 2351 2106 737 207 65 50 
47 5 415 1937 2351 2107 737 207 65 50 
47 5 415 1937 2351 2108 737 207 65 50 
47 5 415 1937 2351 2109 737 207 65 50 
47 5 415 1937 2351 2110 737 207 65 50 
47 5 415 1937 2351 2111 737 207 65 50 
47 5 415 1937 2351 2112 737 207 65 50 
47 5 415 1937 2351 2113 737 207 65 50 
47 5 415 1937 2351 2114 737 207 65 50 
47 5 415 1937 2351 2115 737 207 65 50 
47 5 415 1937 2351 2116 737 207 65 50 
47 5 415 1937 2351 2117 737 207 65 50 
47 5 415 1937 2351 2118 737 207 65 50 
47 5 415 1937 2351 2119 737 207 65 50 
47 5 415 1937 2351 2120 737 207 65 50 
47 5 415 1937 2351 2121 737 207 65 50 
47 5 415 1937 2351 2122 737 207 65 50 
47 5 415 1937 2351 2123 737 207 65 50 
47 5 415 1937 2351 2124 737 207 65 50 
47 5 415 1937 2351 2125 737 207 65 50 
47 5 415 1937 2351 2126 737 207 65 50 
47 5 415 1937 2351 2127 737 207 65 50 
47 5 415 1937 2351 2128 737 207 65 50 
47 5 415 1937 2351 2129 737 207 65 50 
47 5 415 1937 2351 2130 737 207 65 50 
47 5 415 1937 2351 2131 737 207 65 50 
47 5 415 1937 2351 2132 737 207 65 50 
47 5 415 1937 2351 2133 737 207 65 50 
47 5 415 1937 2351 2134 737 207 65 50 
47 5 415 1937 2351 2135 737 207 65 50 
47 5 415 1937 2351 2136 737 207 65 50 
47 5 415 1937 2351 2137 737 207 65 50 
47 5 415 1937 2351 2138 737 207 65 50 
47 5 415 1937 2351 2139 737 207 65 50 
47 5 415 1937 2351 2140 737 207 65 50 
47 5 415 1937 2351 2141 737 207 65 50 
47 5 415 1937 2351 2142 737 207 65 50 
47 5 415 1937 2351 2143 737 207 65 50 
47 5 415 1937 2351 2144 737 207 65 50 
47 5 415 1937 2351 2145 737 207 65 50 
47 5 415 1937 2351 2146 737 207 65 50 
47 5 415 1937 2351 2147 737 207 65 50 
47 5 415 1937 2351 2148 737 207 65 50 
47 5 415 1937 2351 2149 737 207 65 50 
47 5 415 1937 2351 2150 737 207 65 50 
47 5 415 1937 2351 2151 737 207 65 50 
47 5 415 1937 2351 2152 737 207 65 50 
47 5 415 1937 2351 2153 737 207 65 50 
47 5 415 1937 2351 2154 737 207 65 50 
47 5 415 1937 2351 2155 737 207 65 50 
47 5 415 1937 2351 2156 737 207 65 50 
47 5 415 1937 2351 2157 737 207 65 50 
47 5 415 1937 2351 2158 737 207 65 50 
47 5 415 1937 2351 2159 737 207 65 50 
47 5 415 1937 2351 2160 737 207 65 50 
47 5 415 1937 2351 2161 737 207 65 50 
47 5 415 1937 2351 2162 737 207 65 50 
47 5 415 1937 2351 2163 737 207 65 50 
47 5 415 1937 2351 2164 737 207 65 50 
47 5 415 1937 2351 2165 737 207 65 50 
47 5 415 1937 2351 2166 737 207 65 50 
47 5 415 1937 2351 2167 737 207 65 50 
47 5 415 1937 2351 2168 737 207 65 50 
47 5 415 1937 2351 2169 737 207 65 50 
47 5 415 1937 2351 2170 737 207 65 50 
47 5 415 1937 2351 2171 737 207 65 50 
47 5 415 1937 2351 2172 737 207 65 50 
47 5 415 1937 2351 2173 737 207 65 50 
47 5 415 1937 2351 2174 737 207 65 50 
47 5 415 1937 2351 2175 737 207 65 50 
47 5 415 1937 2351 2176 737 207 65 50 
47 5 415 1937 2351 2177 737 207 65 50 
47 5 415 1937 2351 2178 737 207 65 50 
47 5 415 1937 2351 2179 737 207 65 50 
47 5 415 1937 2351 2180 737 207 65 50 
47 5 415 1937 2351 2181 737 207 65 50 
47 5 415 1937 2351 2182 737 207 65 50 
47 5 415 1937 2351 2183 737 207 65 50 
47 5 415 1937 2351 2184 737 207 65 50 
47 5 415 1937 2351 2185 737 207 65 50 
47 5 415 1937 2351 2186 737 207 65 50 
47 5 415 1937 2351 2187 737 207 65 50 
47 5 415 1937 2351 2188 737 207 65 50 
47 5 415 1937 2351 2189 737 207 65 50 
47 5 415 1937 2351 2190 737 207 65 50 
47 5 415 1937 2351 2191 737 207 65 50 
47 5 415 1937 2351 2192 737 207 65 50 
47 5 415 1937 2351 2193 737 207 65 50 
47 5 415 1937 2351 2194 737 207 65 50 
47 5 415 1937 2351 2195 737 207 65 50 
47 5 415 1937 2351 2196 737 207 65 50 
47 5 415 1937 2351 2197 737 207 65 50 
47 5 415 1937 2351 2198 737 207 65 50 
47 5 415 1937 2351 2199 737 207 65 50 
47 5 415 1937 2351 2200 737 207 65 50 
47 5 415 1937 2351 2201 737 207 65 50 
47 5 415 1937 2351 2202 737 207 65 50 
47 5 415 1937 2351 2203 737 207 65 50 
47 5 415 1937 2351 2204 737 207 65 50 
47 5 415 1937 2351 2205 737 207 65 50 
47 5 415 1937 2351 2206 737 207 65 50 
47 5 415 1937 2351 2207 737 207 65 50 
47 5 415 1937 2351 2208 737 207 65 50 
47 5 415 1937 2351 2209 737 207 65 50 
47 5 415 1937 2351 2210 737 207 65 50 
47 5 415 1937 2351 2211 737 207 65 50 
47 5 415 1937 2351 2212 737 207 65 50 
47 5 415 1937 2351 2213 737 207 65 50 
47 5 415 1937 2351 2214 737 207 65 50 
47 5 415 1937 2351 2215 737 207 65 50 
47 5 415 1937 2351 2216 737 207 65 50 
47 5 415 1937 2351 2217 737 207 65 50 
47 5 415 1937 2351 2218 737 207 65 50 
47 5 415 1937 2351 2219 737 207 65 50 
47 5 415 1937 2351 2220 737 207 65 50 
47 5 415 1937 2351 2221 737 207 65 50 
47 5 415 1937 2351 2222 737 207 65 50 
47 5 415 1937 2351 2223 737 207 65 50 
47 5 415 1937 2351 2224 737 207 65 50 
47 5 415 1937 2351 2225 737 207 65 50 
47 5 415 1937 2351 2226 737 207 65 50 
47 5 415 1937 2351 2227 737 207 65 50 
47 5 415 1937 2351 2228 737 207 65 50 
47 5 415 1937 2351 2229 737 207 65 50 
47 5 415 1937 2351 2230 737 207 65 50 
47 5 415 1937 2351 2231 737 207 65 50 
47 5 415 1937 2351 2232 737 207 65 50 
47 5 415 1937 2351 2233 737 207 65 50 
47 5 415 1937 2351 2234 737 207 65 50 
47 5 415 1937 2351 2235 737 207 65 50 
47 5 415 1937 2351 2236 737 207 65 50 
47 5 415 1937 2351 2237 737 207 65 50 
47 5 415 1937 2351 2238 737 207 65 50 
47 5 415 1937 2351 2239 737 207 65 50 
47 5 415 1937 2351 2240 737 207 65 50 
47 5 415 1937 2351 2241 737 207 65 50 
47 5 415 1937 2351 2242 737 207 65 50 
47 5 415 1937 2351 2243 737 207 65 50 
47 5 415 1937 2351 2244 737 207 65 50 
47 5 415 1937 2351 2245 737 207 65 50 
47 5 415 1937 2351 2246 737 207 65 50 
47 5 415 1937 2351 2247 737 207 65 50 
47 5 415 1937 2351 2248 737 207 65 50 
47 5 415 1937 2351 2249 737 207 65 50 
47 5 415 1937 2351 2250 737 207 65 50 
47 5 415 1937 2351 2251 737 207 65 50 
47 5 415 1937 2351 2252 737 207 65 50 
47 5 415 1937 2351 2253 737 207 65 50 
47 5 415 1937 2351 2254 737 207 65 50 
47 5 415 1937 2351 2255 737 207 65 50 
47 5 415 1937 2351 2256 737 207 65 50 
47 5 415 1937 2351 2257 737 207 65 50 
47 5 415 1937 2351 2258 737 207 65 50 
47 5 415 1937 2351 2259 737 207 65 50 
47 5 415 1937 2351 2260 737 207 65 50 
47 5 415 1937 2351 2261 737 207 65 50 
47 5 415 1937 2351 2262 737 207 65 50 
47 5 415 1937 2351 2263 737 207 65 50 
47 5 415 1937 2351 2264 737 207 65 50 
47 5 415 1937 2351 2265 737 207 65 50 
47 5 415 1937 2351 2266 737 207 65 50 
47 5 415 1937 2351 2267 737 207 65 50 
47 5 415 1937 2351 2268 737 207 65 50 
47 5 415 1937 2351 2269 737 207 65 50 
47 5 415 1937 2351 2270 737 207 65 50 
47 5 415 1937 2351 2271 737 207 65 50 
47 5 415 1937 2351 2272 737 207 65 50 
47 5 415 1937 2351 2273 737 207 65 50 
47 5 415 1937 2351 2274 737 207 65 50 
47 5 415 1937 2351 2275 737 207 65 50 
47 5 415 1937 2351 2276 737 207 65 50 
47 5 415 1937 2351 2277 737 207 65 50 
47 5 415 1937 2351 2278 737 207 65 50 
47 5 415 1937 2351 2279 737 207 65 50 
47 5 415 1937 2351 2280 737 207 65 50 
47 5 415 1937 2351 2281 737 207 65 50 
47 5 415 1937 2351 2282 737 207 65 50 
47 5 415 1937 2351 2283 737 207 65 50 
47 5 415 1937 2351 2284 737 207 65 50 
47 5 415 1937 2351 2285 737 207 65 50 
47 5 415 1937 2351 2286 737 207 65 50 
47 5 415 1937 2351 2287 737 207 65 50 
47 5 415 1937 2351 2288 737 207 65 50 
47 5 415 1937 2351 2289 737 207 65 50 
47 5 415 1937 2351 2290 737 207 65 50 
47 5 415 1937 2351 2291 737 207 65 50 
47 5 415 1937 2351 2292 737 207 65 50 
47 5 415 1937 2351 2293 737 207 65 50 
47 5 415 1937 2351 2294 737 207 65 50 
47 5 415 1937 2351 2295 737 207 65 50 
47 5 415 1937 2351 2296 737 207 65 50 
47 5 415 1937 2351 2297 737 207 65 50 
47 5 415 1937 2351 2298 737 207 65 50 
47 5 415 1937 2351 2299 737 207 65 50 
47 5 415 1937 2351 2300 737 207 65 50 
47 5 415 1937 2351 2301 737 207 65 50 
47 5 415 1937 2351 2302 737 207 65 50 
47 5 415 1937 2351 2303 737 207 65 50 
47 5 415 1937 2351 2304 737 207 65 50 
47 5 415 1937 2351 2305 737 207 65 50 
47 5 415 1937 2351 2306 737 207 65 50 
47 5 415 1937 2351 2307 737 207 65 50 
47 5 415 1937 2351 2308 737 207 65 50 
47 5 415 1937 2351 2309 737 207 65 50 
47 5 415 1937 2351 2310 737 207 65 50 
47 5 415 1937 2351 2311 737 207 65 50 
47 5 415 1937 2351 2312 737 207 65 50 
47 5 415 1937 2351 2313 737 207 65 50 
47 5 415 1937 2351 2314 737 207 65 50 
47 5 415 1937 2351 2315 737 207 65 50 
47 5 415 1937 2351 2316 737 207 65 50 
47 5 415 1937 2351 2317 737 207 65 50 
47 5 415 1937 2351 2318 737 207 65 50 
47 5 415 1937 2351 2319 737 207 65 50 
47 5 415 1937 2351 2320 737 207 65 50 
47 5 415 1937 2351 2321 737 207 65 50 
47 5 415 1937 2351 2322 737 207 65 50 
47 5 415 1937 2351 2323 737 207 65 50 
47 5 415 1937 2351 2324 737 207 65 50 
47 5 415 1937 2351 2325 737 207 65 50 
47 5 415 1937 2351 2326 737 207 65 50 
47 5 415 1937 2351 2327 737 207 65 50 
47 5 415 1937 2351 2328 737 207 65 50 
47 5 415 1937 2351 2329 737 207 65 50 
47 5 415 1937 2351 2330 737 207 65 50 
47 5 415 1937 2351 2331 737 207 65 50 
47 5 415 1937 2351 2332 737 207 65 50 
47 5 415 1937 2351 2333 737 207 65 50 
47 5 415 1937 2351 2334 737 207 65 50 
47 5 415 1937 2351 2335 737 207 65 50 
47 5 415 1937 2351 2336 737 207 65 50 
47 5 415 1937 2351 2337 737 207 65 50 
47 5 415 1937 2351 2338 737 207 65 50 
47 5 415 1937 2351 2339 737 207 65 50 
47 5 415 1937 2351 2340 737 207 65 50 
47 5 415 1937 2351 2341 737 207 65 50 
47 5 415 1937 2351 2342 737 207 65 50 
47 5 415 1937 2351 2343 737 207 65 50 
47 5 415 1937 2351 2344 737 207 65 50 
47 5 415 1937 2351 2345 737 207 65 50 
47 5 415 1937 2351 2346 737 207 65 50 
47 5 415 1937 2351 2347 737 207 65 50 
47 5 415 1937 2351 2348 737 207 65 50 
47 5 415 1937 2351 2349 737 207 65 50 
47 5 415 1937 2351 2350 737 207 65 50 
47 5 415 1937 2351 2351 737 207 65 50 
48 5 194 2675 2868 2675 398 203 74 48 
48 5 194 2675 2868 2676 398 203 74 48 
48 5 194 2675 2868 2677 398 203 74 48 
48 5 194 2675 2868 2678 398 203 74 48 
48 5 194 2675 2868 2679 398 203 74 48 
48 5 194 2675 2868 2680 398 203 74 48 
48 5 194 2675 2868 2681 398 203 74 48 
48 5 194 2675 2868 2682 398 203 74 48 
48 5 194 2675 2868 2683 398 203 74 48 
48 5 194 2675 2868 2684 398 203 74 48 
48 5 194 2675 2868 2685 398 203 74 48 
48 5 194 2675 2868 2686 398 203 74 48 
48 5 194 2675 2868 2687 398 203 74 48 
48 5 194 2675 2868 2688 398 203 74 48 
48 5 194 2675 2868 2689 398 203 74 48 
48 5 194 2675 2868 2690 398 203 74 48 
48 5 194 2675 2868 2691 398 203 74 48 
48 5 194 2675 2868 2692 398 203 74 48 
48 5 194 2675 2868 2693 398 203 74 48 
48 5 194 2675 2868 2694 398 203 74 48 
48 5 194 2675 2868 2695 398 203 74 48 
48 5 194 2675 2868 2696 398 203 74 48 
48 5 194 2675 2868 2697 398 203 74 48 
48 5 194 2675 2868 2698 398 203 74 48 
48 5 194 2675 2868 2699 398 203 74 48 
48 5 194 2675 2868 2700 398 203 74 48 
48 5 194 2675 2868 2701 398 203 74 48 
48 5 194 2675 2868 2702 398 203 74 48 
48 5 194 2675 2868 2703 398 203 74 48 
48 5 194 2675 2868 2704 398 203 74 48 
48 5 194 2675 2868 2705 398 203 74 48 
48 5 194 2675 2868 2706 398 203 74 48 
48 5 194 2675 2868 2707 398 203 74 48 
48 5 194 2675 2868 2708 398 203 74 48 
48 5 194 2675 2868 2709 398 203 74 48 
48 5 194 2675 2868 2710 398 203 74 48 
48 5 194 2675 2868 2711 398 203 74 48 
48 5 194 2675 2868 2712 398 203 74 48 
48 5 194 2675 2868 2713 398 203 74 48 
48 5 194 2675 2868 2714 398 203 74 48 
48 5 194 2675 2868 2715 398 203 74 48 
48 5 194 2675 2868 2716 398 203 74 48 
48 5 194 2675 2868 2717 398 203 74 48 
48 5 194 2675 2868 2718 398 203 74 48 
48 5 194 2675 2868 2719 398 203 74 48 
48 5 194 2675 2868 2720 398 203 74 48 
48 5 194 2675 2868 2721 398 203 74 48 
48 5 194 2675 2868 2722 398 203 74 48 
48 5 194 2675 2868 2723 398 203 74 48 
48 5 194 2675 2868 2724 398 203 74 48 
48 5 194 2675 2868 2725 398 203 74 48 
48 5 194 2675 2868 2726 398 203 74 48 
48 5 194 2675 2868 2727 398 203 74 48 
48 5 194 2675 2868 2728 398 203 74 48 
48 5 194 2675 2868 2729 398 203 74 48 
48 5 194 2675 2868 2730 398 203 74 48 
48 5 194 2675 2868 2731 398 203 74 48 
48 5 194 2675 2868 2732 398 203 74 48 
48 5 194 2675 2868 2733 398 203 74 48 
48 5 194 2675 2868 2734 398 203 74 48 
48 5 194 2675 2868 2735 398 203 74 48 
48 5 194 2675 2868 2736 398 203 74 48 
48 5 194 2675 2868 2737 398 203 74 48 
48 5 194 2675 2868 2738 398 203 74 48 
48 5 194 2675 2868 2739 398 203 74 48 
48 5 194 2675 2868 2740 398 203 74 48 
48 5 194 2675 2868 2741 398 203 74 48 
48 5 194 2675 2868 2742 398 203 74 48 
48 5 194 2675 2868 2743 398 203 74 48 
48 5 194 2675 2868 2744 398 203 74 48 
48 5 194 2675 2868 2745 398 203 74 48 
48 5 194 2675 2868 2746 398 203 74 48 
48 5 194 2675 2868 2747 398 203 74 48 
48 5 194 2675 2868 2748 398 203 74 48 
48 5 194 2675 2868 2749 398 203 74 48 
48 5 194 2675 2868 2750 398 203 74 48 
48 5 194 2675 2868 2751 398 203 74 48 
48 5 194 2675 2868 2752 398 203 74 48 
48 5 194 2675 2868 2753 398 203 74 48 
48 5 194 2675 2868 2754 398 203 74 48 
48 5 194 2675 2868 2755 398 203 74 48 
48 5 194 2675 2868 2756 398 203 74 48 
48 5 194 2675 2868 2757 398 203 74 48 
48 5 194 2675 2868 2758 398 203 74 48 
48 5 194 2675 2868 2759 398 203 74 48 
48 5 194 2675 2868 2760 398 203 74 48 
48 5 194 2675 2868 2761 398 203 74 48 
48 5 194 2675 2868 2762 398 203 74 48 
48 5 194 2675 2868 2763 398 203 74 48 
48 5 194 2675 2868 2764 398 203 74 48 
48 5 194 2675 2868 2765 398 203 74 48 
48 5 194 2675 2868 2766 398 203 74 48 
48 5 194 2675 2868 2767 398 203 74 48 
48 5 194 2675 2868 2768 398 203 74 48 
48 5 194 2675 2868 2769 398 203 74 48 
48 5 194 2675 2868 2770 398 203 74 48 
48 5 194 2675 2868 2771 398 203 74 48 
48 5 194 2675 2868 2772 398 203 74 48 
48 5 194 2675 2868 2773 398 203 74 48 
48 5 194 2675 2868 2774 398 203 74 48 
48 5 194 2675 2868 2775 398 203 74 48 
48 5 194 2675 2868 2776 398 203 74 48 
48 5 194 2675 2868 2777 398 203 74 48 
48 5 194 2675 2868 2778 398 203 74 48 
48 5 194 2675 2868 2779 398 203 74 48 
48 5 194 2675 2868 2780 398 203 74 48 
48 5 194 2675 2868 2781 398 203 74 48 
48 5 194 2675 2868 2782 398 203 74 48 
48 5 194 2675 2868 2783 398 203 74 48 
48 5 194 2675 2868 2784 398 203 74 48 
48 5 194 2675 2868 2785 398 203 74 48 
48 5 194 2675 2868 2786 398 203 74 48 
48 5 194 2675 2868 2787 398 203 74 48 
48 5 194 2675 2868 2788 398 203 74 48 
48 5 194 2675 2868 2789 398 203 74 48 
48 5 194 2675 2868 2790 398 203 74 48 
48 5 194 2675 2868 2791 398 203 74 48 
48 5 194 2675 2868 2792 398 203 74 48 
48 5 194 2675 2868 2793 398 203 74 48 
48 5 194 2675 2868 2794 398 203 74 48 
48 5 194 2675 2868 2795 398 203 74 48 
48 5 194 2675 2868 2796 398 203 74 48 
48 5 194 2675 2868 2797 398 203 74 48 
48 5 194 2675 2868 2798 398 203 74 48 
48 5 194 2675 2868 2799 398 203 74 48 
48 5 194 2675 2868 2800 398 203 74 48 
48 5 194 2675 2868 2801 398 203 74 48 
48 5 194 2675 2868 2802 398 203 74 48 
48 5 194 2675 2868 2803 398 203 74 48 
48 5 194 2675 2868 2804 398 203 74 48 
48 5 194 2675 2868 2805 398 203 74 48 
48 5 194 2675 2868 2806 398 203 74 48 
48 5 194 2675 2868 2807 398 203 74 48 
48 5 194 2675 2868 2808 398 203 74 48 
48 5 194 2675 2868 2809 398 203 74 48 
48 5 194 2675 2868 2810 398 203 74 48 
48 5 194 2675 2868 2811 398 203 74 48 
48 5 194 2675 2868 2812 398 203 74 48 
48 5 194 2675 2868 2813 398 203 74 48 
48 5 194 2675 2868 2814 398 203 74 48 
48 5 194 2675 2868 2815 398 203 74 48 
48 5 194 2675 2868 2816 398 203 74 48 
48 5 194 2675 2868 2817 398 203 74 48 
48 5 194 2675 2868 2818 398 203 74 48 
48 5 194 2675 2868 2819 398 203 74 48 
48 5 194 2675 2868 2820 398 203 74 48 
48 5 194 2675 2868 2821 398 203 74 48 
48 5 194 2675 2868 2822 398 203 74 48 
48 5 194 2675 2868 2823 398 203 74 48 
48 5 194 2675 2868 2824 398 203 74 48 
48 5 194 2675 2868 2825 398 203 74 48 
48 5 194 2675 2868 2826 398 203 74 48 
48 5 194 2675 2868 2827 398 203 74 48 
48 5 194 2675 2868 2828 398 203 74 48 
48 5 194 2675 2868 2829 398 203 74 48 
48 5 194 2675 2868 2830 398 203 74 48 
48 5 194 2675 2868 2831 398 203 74 48 
48 5 194 2675 2868 2832 398 203 74 48 
48 5 194 2675 2868 2833 398 203 74 48 
48 5 194 2675 2868 2834 398 203 74 48 
48 5 194 2675 2868 2835 398 203 74 48 
48 5 194 2675 2868 2836 398 203 74 48 
48 5 194 2675 2868 2837 398 203 74 48 
48 5 194 2675 2868 2838 398 203 74 48 
48 5 194 2675 2868 2839 398 203 74 48 
48 5 194 2675 2868 2840 398 203 74 48 
48 5 194 2675 2868 2841 398 203 74 48 
48 5 194 2675 2868 2842 398 203 74 48 
48 5 194 2675 2868 2843 398 203 74 48 
48 5 194 2675 2868 2844 398 203 74 48 
48 5 194 2675 2868 2845 398 203 74 48 
48 5 194 2675 2868 2846 398 203 74 48 
48 5 194 2675 2868 2847 398 203 74 48 
48 5 194 2675 2868 2848 398 203 74 48 
48 5 194 2675 2868 2849 398 203 74 48 
48 5 194 2675 2868 2850 398 203 74 48 
48 5 194 2675 2868 2851 398 203 74 48 
48 5 194 2675 2868 2852 398 203 74 48 
48 5 194 2675 2868 2853 398 203 74 48 
48 5 194 2675 2868 2854 398 203 74 48 
48 5 194 2675 2868 2855 398 203 74 48 
48 5 194 2675 2868 2856 398 203 74 48 
48 5 194 2675 2868 2857 398 203 74 48 
48 5 194 2675 2868 2858 398 203 74 48 
48 5 194 2675 2868 2859 398 203 74 48 
48 5 194 2675 2868 2860 398 203 74 48 
48 5 194 2675 2868 2861 398 203 74 48 
48 5 194 2675 2868 2862 398 203 74 48 
48 5 194 2675 2868 2863 398 203 74 48 
48 5 194 2675 2868 2864 398 203 74 48 
48 5 194 2675 2868 2865 398 203 74 48 
48 5 194 2675 2868 2866 398 203 74 48 
48 5 194 2675 2868 2867 398 203 74 48 
48 5 194 2675 2868 2868 398 203 74 48 
49 9 814 939 1752 939 1214 298 40 64 
49 9 814 939 1752 940 1214 298 40 64 
49 9 814 939 1752 941 1214 298 40 64 
49 9 814 939 1752 942 1213 298 38 64 
49 9 814 939 1752 943 1213 298 38 64 
49 9 814 939 1752 944 1213 298 38 64 
49 9 814 939 1752 945 1213 300 38 63 
49 9 814 939 1752 946 1211 300 38 63 
49 9 814 939 1752 947 1211 300 38 63 
49 9 814 939 1752 948 1211 300 38 63 
49 9 814 939 1752 949 1209 300 40 63 
49 9 814 939 1752 950 1209 300 40 63 
49 9 814 939 1752 951 1209 300 40 63 
49 9 814 939 1752 952 1207 301 40 61 
49 9 814 939 1752 953 1207 301 40 61 
49 9 814 939 1752 954 1207 301 40 61 
49 9 814 939 1752 955 1206 301 38 61 
49 9 814 939 1752 956 1206 301 38 61 
49 9 814 939 1752 957 1206 301 38 61 
49 9 814 939 1752 958 1204 301 38 61 
49 9 814 939 1752 959 1204 304 38 58 
49 9 814 939 1752 960 1204 304 38 58 
49 9 814 939 1752 961 1202 304 40 58 
49 9 814 939 1752 962 1202 304 40 58 
49 9 814 939 1752 963 1202 304 40 58 
49 9 814 939 1752 964 1200 304 40 58 
49 9 814 939 1752 965 1200 304 40 58 
49 9 814 939 1752 966 1200 306 40 55 
49 9 814 939 1752 967 1198 306 40 55 
49 9 814 939 1752 968 1198 306 40 55 
49 9 814 939 1752 969 1198 306 40 55 
49 9 814 939 1752 970 1197 306 38 55 
49 9 814 939 1752 971 1197 306 38 55 
49 9 814 939 1752 972 1197 308 38 55 
49 9 814 939 1752 973 1195 308 38 55 
49 9 814 939 1752 974 1195 308 38 55 
49 9 814 939 1752 975 1195 308 38 55 
49 9 814 939 1752 976 1193 308 40 55 
49 9 814 939 1752 977 1193 308 40 55 
49 9 814 939 1752 978 1193 308 40 55 
49 9 814 939 1752 979 1191 308 40 55 
49 9 814 939 1752 980 1191 308 40 55 
49 9 814 939 1752 981 1191 308 40 55 
49 9 814 939 1752 982 1191 308 40 55 
49 9 814 939 1752 983 1190 308 38 55 
49 9 814 939 1752 984 1190 308 38 55 
49 9 814 939 1752 985 1190 308 38 55 
49 9 814 939 1752 986 1188 308 38 55 
49 9 814 939 1752 987 1188 308 38 55 
49 9 814 939 1752 988 1188 308 38 55 
49 9 814 939 1752 989 1188 310 38 55 
49 9 814 939 1752 990 1186 310 40 55 
49 9 814 939 1752 991 1186 310 40 55 
49 9 814 939 1752 992 1186 310 40 55 
49 9 814 939 1752 993 1184 310 40 55 
49 9 814 939 1752 994 1184 310 40 55 
49 9 814 939 1752 995 1184 310 40 55 
49 9 814 939 1752 996 1182 310 40 55 
49 9 814 939 1752 997 1182 310 40 55 
49 9 814 939 1752 998 1182 310 40 55 
49 9 814 939 1752 999 1181 310 38 55 
49 9 814 939 1752 1000 1181 310 38 55 
49 9 814 939 1752 1001 1181 311 38 57 
49 9 814 939 1752 1002 1179 311 38 57 
49 9 814 939 1752 1003 1179 311 38 57 
49 9 814 939 1752 1004 1179 311 38 57 
49 9 814 939 1752 1005 1177 311 40 57 
49 9 814 939 1752 1006 1177 311 40 57 
49 9 814 939 1752 1007 1177 311 40 57 
49 9 814 939 1752 1008 1175 311 40 57 
49 9 814 939 1752 1009 1175 311 40 57 
49 9 814 939 1752 1010 1175 311 40 57 
49 9 814 939 1752 1011 1174 311 38 57 
49 9 814 939 1752 1012 1174 311 38 57 
49 9 814 939 1752 1013 1174 313 38 55 
49 9 814 939 1752 1014 1172 314 38 54 
49 9 814 939 1752 1015 1172 314 38 54 
49 9 814 939 1752 1016 1169 314 42 54 
49 9 814 939 1752 1017 1170 314 40 54 
49 9 814 939 1752 1018 1170 316 40 51 
49 9 814 939 1752 1019 1167 316 44 51 
49 9 814 939 1752 1020 1167 317 44 48 
49 9 814 939 1752 1021 1165 317 44 48 
49 9 814 939 1752 1022 1165 319 44 45 
49 9 814 939 1752 1023 1165 319 44 45 
49 9 814 939 1752 1024 1164 319 42 45 
49 9 814 939 1752 1025 1164 319 42 45 
49 9 814 939 1752 1026 1161 320 46 42 
49 9 814 939 1752 1027 1161 321 46 40 
49 9 814 939 1752 1028 1162 321 42 40 
49 9 814 939 1752 1029 1159 321 46 40 
49 9 814 939 1752 1030 1159 321 46 40 
49 9 814 939 1752 1031 1159 323 46 37 
49 9 814 939 1752 1032 1157 323 46 37 
49 9 814 939 1752 1033 1157 323 46 37 
49 9 814 939 1752 1034 1157 323 46 37 
49 9 814 939 1752 1035 1156 323 46 37 
49 9 814 939 1752 1036 1156 323 46 37 
49 9 814 939 1752 1037 1156 323 46 37 
49 9 814 939 1752 1038 1156 323 46 37 
49 9 814 939 1752 1039 1154 323 46 37 
49 9 814 939 1752 1040 1154 323 46 37 
49 9 814 939 1752 1041 1154 323 46 37 
49 9 814 939 1752 1042 1154 323 46 37 
49 9 814 939 1752 1043 1152 326 46 34 
49 9 814 939 1752 1044 1152 326 46 34 
49 9 814 939 1752 1045 1152 326 46 34 
49 9 814 939 1752 1046 1152 326 46 34 
49 9 814 939 1752 1047 1150 326 46 34 
49 9 814 939 1752 1048 1150 326 46 34 
49 9 814 939 1752 1049 1150 326 46 34 
49 9 814 939 1752 1050 1150 326 46 34 
49 9 814 939 1752 1051 1148 326 48 34 
49 9 814 939 1752 1052 1148 326 48 34 
49 9 814 939 1752 1053 1148 326 48 34 
49 9 814 939 1752 1054 1148 328 48 34 
49 9 814 939 1752 1055 1147 328 46 34 
49 9 814 939 1752 1056 1147 328 46 34 
49 9 814 939 1752 1057 1145 328 46 34 
49 9 814 939 1752 1058 1145 328 46 34 
49 9 814 939 1752 1059 1143 328 46 34 
49 9 814 939 1752 1060 1143 328 46 34 
49 9 814 939 1752 1061 1143 330 46 34 
49 9 814 939 1752 1062 1141 330 46 34 
49 9 814 939 1752 1063 1141 330 46 34 
49 9 814 939 1752 1064 1140 330 46 34 
49 9 814 939 1752 1065 1140 330 46 34 
49 9 814 939 1752 1066 1138 330 46 34 
49 9 814 939 1752 1067 1138 330 46 34 
49 9 814 939 1752 1068 1138 331 46 34 
49 9 814 939 1752 1069 1136 331 46 34 
49 9 814 939 1752 1070 1136 331 46 34 
49 9 814 939 1752 1071 1134 331 46 34 
49 9 814 939 1752 1072 1134 331 46 34 
49 9 814 939 1752 1073 1132 331 48 34 
49 9 814 939 1752 1074 1132 331 48 34 
49 9 814 939 1752 1140 1102 353 46 34 
49 9 814 939 1752 1141 1100 353 48 34 
49 9 814 939 1752 1142 1100 353 48 34 
49 9 814 939 1752 1143 1099 352 46 37 
49 9 814 939 1752 1144 1099 352 46 37 
49 9 814 939 1752 1145 1099 352 46 37 
49 9 814 939 1752 1146 1097 352 46 39 
49 9 814 939 1752 1147 1097 352 46 39 
49 9 814 939 1752 1148 1097 352 46 42 
49 9 814 939 1752 1149 1095 352 46 42 
49 9 814 939 1752 1150 1095 352 46 42 
49 9 814 939 1752 1151 1095 351 46 45 
49 9 814 939 1752 1152 1093 351 46 45 
49 9 814 939 1752 1153 1093 351 46 48 
49 9 814 939 1752 1154 1093 351 46 48 
49 9 814 939 1752 1155 1092 351 46 48 
49 9 814 939 1752 1156 1092 350 46 49 
49 9 814 939 1752 1157 1092 350 46 49 
49 9 814 939 1752 1158 1090 350 46 49 
49 9 814 939 1752 1159 1090 350 46 52 
49 9 814 939 1752 1160 1090 350 46 52 
49 9 814 939 1752 1161 1088 349 46 55 
49 9 814 939 1752 1162 1088 349 46 55 
49 9 814 939 1752 1163 1088 349 46 55 
49 9 814 939 1752 1164 1086 349 46 58 
49 9 814 939 1752 1165 1086 349 46 58 
49 9 814 939 1752 1166 1086 350 46 60 
49 9 814 939 1752 1167 1084 350 48 60 
49 9 814 939 1752 1168 1084 350 48 60 
49 9 814 939 1752 1169 1084 350 48 60 
49 9 814 939 1752 1170 1083 350 46 60 
49 9 814 939 1752 1171 1083 350 46 60 
49 9 814 939 1752 1172 1083 350 46 60 
49 9 814 939 1752 1173 1081 350 46 60 
49 9 814 939 1752 1174 1081 352 46 58 
49 9 814 939 1752 1175 1081 352 46 58 
49 9 814 939 1752 1176 1079 352 46 58 
49 9 814 939 1752 1177 1079 352 46 58 
49 9 814 939 1752 1178 1079 352 46 58 
49 9 814 939 1752 1179 1077 352 46 58 
49 9 814 939 1752 1180 1077 352 46 58 
49 9 814 939 1752 1181 1077 352 46 58 
49 9 814 939 1752 1182 1076 354 46 58 
49 9 814 939 1752 1183 1076 354 46 58 
49 9 814 939 1752 1184 1076 354 46 58 
49 9 814 939 1752 1185 1074 354 46 58 
49 9 814 939 1752 1186 1074 354 46 58 
49 9 814 939 1752 1187 1074 354 46 58 
49 9 814 939 1752 1188 1072 354 46 58 
49 9 814 939 1752 1189 1072 354 46 58 
49 9 814 939 1752 1190 1072 356 46 58 
49 9 814 939 1752 1191 1070 356 46 58 
49 9 814 939 1752 1192 1070 356 46 58 
49 9 814 939 1752 1193 1070 356 46 58 
49 9 814 939 1752 1194 1068 356 48 58 
49 9 814 939 1752 1195 1068 355 48 61 
49 9 814 939 1752 1196 1068 355 48 61 
49 9 814 939 1752 1197 1067 355 46 61 
49 9 814 939 1752 1198 1067 355 46 61 
49 9 814 939 1752 1199 1067 355 46 61 
49 9 814 939 1752 1200 1067 355 46 63 
49 9 814 939 1752 1201 1065 355 46 63 
49 9 814 939 1752 1202 1065 355 46 63 
49 9 814 939 1752 1203 1065 355 46 63 
49 9 814 939 1752 1204 1063 355 46 66 
49 9 814 939 1752 1205 1063 355 46 66 
49 9 814 939 1752 1206 1063 357 46 63 
49 9 814 939 1752 1207 1063 357 46 63 
49 9 814 939 1752 1208 1061 357 46 66 
49 9 814 939 1752 1209 1061 357 46 66 
49 9 814 939 1752 1210 1061 357 46 66 
49 9 814 939 1752 1211 1060 357 46 66 
49 9 814 939 1752 1212 1060 357 46 67 
49 9 814 939 1752 1213 1060 357 46 67 
49 9 814 939 1752 1214 1060 357 46 67 
49 9 814 939 1752 1215 1058 357 46 67 
49 9 814 939 1752 1216 1058 357 46 70 
49 9 814 939 1752 1217 1058 357 46 70 
49 9 814 939 1752 1218 1056 359 46 67 
49 9 814 939 1752 1219 1056 359 46 67 
49 9 814 939 1752 1220 1056 359 46 69 
49 9 814 939 1752 1221 1056 359 46 69 
49 9 814 939 1752 1222 1054 359 46 69 
49 9 814 939 1752 1223 1054 359 46 69 
49 9 814 939 1752 1224 1054 361 46 69 
49 9 814 939 1752 1225 1054 361 46 69 
49 9 814 939 1752 1226 1052 361 48 69 
49 9 814 939 1752 1227 1052 361 48 69 
49 9 814 939 1752 1228 1052 361 48 72 
49 9 814 939 1752 1229 1051 361 46 72 
49 9 814 939 1752 1230 1051 363 46 69 
49 9 814 939 1752 1231 1051 363 46 69 
49 9 814 939 1752 1232 1051 363 46 72 
49 9 814 939 1752 1233 1049 363 46 72 
49 9 814 939 1752 1234 1049 363 46 72 
49 9 814 939 1752 1235 1049 363 46 72 
49 9 814 939 1752 1236 1047 364 46 72 
49 9 814 939 1752 1237 1047 364 46 72 
49 9 814 939 1752 1238 1047 364 46 72 
49 9 814 939 1752 1239 1047 364 46 72 
49 9 814 939 1752 1240 1045 363 46 75 
49 9 814 939 1752 1241 1045 363 46 75 
49 9 814 939 1752 1242 1045 366 46 72 
49 9 814 939 1752 1243 1044 366 46 72 
49 9 814 939 1752 1244 1044 365 46 75 
49 9 814 939 1752 1245 1044 365 46 75 
49 9 814 939 1752 1246 1044 365 46 75 
49 9 814 939 1752 1247 1042 365 46 75 
49 9 814 939 1752 1248 1042 367 46 75 
49 9 814 939 1752 1249 1042 367 46 75 
49 9 814 939 1752 1250 1042 367 46 75 
49 9 814 939 1752 1251 1040 367 46 75 
49 9 814 939 1752 1252 1040 367 46 78 
49 9 814 939 1752 1253 1040 369 46 75 
49 9 814 939 1752 1254 1038 369 46 75 
49 9 814 939 1752 1255 1038 369 46 75 
49 9 814 939 1752 1256 1038 369 46 76 
49 9 814 939 1752 1257 1038 369 46 76 
49 9 814 939 1752 1258 1036 369 48 76 
49 9 814 939 1752 1259 1036 371 48 73 
49 9 814 939 1752 1260 1036 371 48 76 
49 9 814 939 1752 1261 1035 371 46 76 
49 9 814 939 1752 1262 1035 371 46 76 
49 9 814 939 1752 1263 1035 371 46 76 
49 9 814 939 1752 1264 1035 370 46 79 
49 9 814 939 1752 1265 1033 372 46 78 
49 9 814 939 1752 1266 1033 372 46 78 
49 9 814 939 1752 1267 1033 372 46 78 
49 9 814 939 1752 1268 1031 371 46 81 
49 9 814 939 1752 1269 1031 371 46 81 
49 9 814 939 1752 1270 1031 371 46 81 
49 9 814 939 1752 1271 1031 374 46 78 
49 9 814 939 1752 1272 1029 373 46 79 
49 9 814 939 1752 1273 1029 373 46 79 
49 9 814 939 1752 1274 1029 373 46 79 
49 9 814 939 1752 1275 1029 373 46 79 
49 9 814 939 1752 1276 1028 373 46 82 
49 9 814 939 1752 1277 1028 375 46 79 
49 9 814 939 1752 1278 1028 375 46 79 
49 9 814 939 1752 1279 1026 375 46 79 
49 9 814 939 1752 1280 1026 375 46 82 
49 9 814 939 1752 1281 1026 375 46 82 
49 9 814 939 1752 1282 1026 375 46 82 
49 9 814 939 1752 1283 1024 377 46 79 
49 9 814 939 1752 1284 1024 377 46 82 
49 9 814 939 1752 1285 1024 377 46 82 
49 9 814 939 1752 1286 1022 377 46 82 
49 9 814 939 1752 1287 1022 377 46 82 
49 9 814 939 1752 1288 1022 376 46 85 
49 9 814 939 1752 1289 1022 378 46 84 
49 9 814 939 1752 1290 1020 378 48 84 
49 9 814 939 1752 1291 1020 378 48 84 
49 9 814 939 1752 1292 1020 377 48 85 
49 9 814 939 1752 1293 1019 377 46 85 
49 9 814 939 1752 1294 1019 377 46 85 
49 9 814 939 1752 1295 1019 380 46 82 
49 9 814 939 1752 1296 1019 379 46 85 
49 9 814 939 1752 1297 1017 379 46 85 
49 9 814 939 1752 1298 1017 379 46 85 
49 9 814 939 1752 1299 1017 379 46 85 
49 9 814 939 1752 1300 1017 381 46 85 
49 9 814 939 1752 1301 1015 381 46 85 
49 9 814 939 1752 1302 1015 381 46 85 
49 9 814 939 1752 1303 1015 381 46 85 
49 9 814 939 1752 1304 1013 381 46 85 
49 9 814 939 1752 1305 1013 383 46 85 
49 9 814 939 1752 1306 1013 383 46 85 
49 9 814 939 1752 1307 1012 383 46 85 
49 9 814 939 1752 1308 1012 383 46 85 
49 9 814 939 1752 1309 1012 383 46 85 
49 9 814 939 1752 1310 1010 386 46 84 
49 9 814 939 1752 1311 1010 386 46 84 
49 9 814 939 1752 1312 1010 386 46 84 
49 9 814 939 1752 1313 1008 386 46 84 
49 9 814 939 1752 1314 1008 386 46 84 
49 9 814 939 1752 1315 1008 386 46 85 
49 9 814 939 1752 1316 1006 386 46 85 
49 9 814 939 1752 1317 1006 386 46 85 
49 9 814 939 1752 1318 1006 386 46 85 
49 9 814 939 1752 1319 1004 386 48 85 
49 9 814 939 1752 1320 1004 388 48 85 
49 9 814 939 1752 1321 1004 388 48 85 
49 9 814 939 1752 1322 1003 388 46 85 
49 9 814 939 1752 1323 1003 388 46 85 
49 9 814 939 1752 1324 1003 388 46 85 
49 9 814 939 1752 1325 1001 390 46 85 
49 9 814 939 1752 1326 1001 390 46 85 
49 9 814 939 1752 1327 1001 390 46 85 
49 9 814 939 1752 1328 999 390 46 85 
49 9 814 939 1752 1329 999 390 46 85 
49 9 814 939 1752 1330 999 392 46 85 
49 9 814 939 1752 1331 997 392 46 85 
49 9 814 939 1752 1332 997 392 46 85 
49 9 814 939 1752 1333 997 392 46 85 
49 9 814 939 1752 1334 996 392 46 85 
49 9 814 939 1752 1335 996 393 46 85 
49 9 814 939 1752 1336 996 393 46 85 
49 9 814 939 1752 1337 994 393 46 85 
49 9 814 939 1752 1338 994 393 46 85 
49 9 814 939 1752 1339 994 393 46 85 
49 9 814 939 1752 1340 994 395 46 85 
49 9 814 939 1752 1341 992 395 46 85 
49 9 814 939 1752 1342 992 395 46 85 
49 9 814 939 1752 1343 992 395 46 85 
49 9 814 939 1752 1344 990 395 46 85 
49 9 814 939 1752 1345 990 397 46 85 
49 9 814 939 1752 1346 990 397 46 85 
49 9 814 939 1752 1347 988 397 48 85 
49 9 814 939 1752 1348 988 397 48 85 
49 9 814 939 1752 1349 988 397 48 85 
49 9 814 939 1752 1350 987 399 46 85 
49 9 814 939 1752 1351 987 399 46 85 
49 9 814 939 1752 1352 987 399 46 85 
49 9 814 939 1752 1353 985 399 46 85 
49 9 814 939 1752 1354 985 399 46 85 
49 9 814 939 1752 1355 985 402 46 84 
49 9 814 939 1752 1356 983 402 46 84 
49 9 814 939 1752 1357 983 402 46 84 
49 9 814 939 1752 1358 983 402 46 84 
49 9 814 939 1752 1359 981 402 46 84 
49 9 814 939 1752 1360 981 402 46 85 
49 9 814 939 1752 1361 981 402 46 85 
49 9 814 939 1752 1362 980 402 46 85 
49 9 814 939 1752 1363 980 402 46 85 
49 9 814 939 1752 1364 980 402 46 85 
49 9 814 939 1752 1365 978 404 46 85 
49 9 814 939 1752 1366 978 404 46 85 
49 9 814 939 1752 1367 978 404 46 85 
49 9 814 939 1752 1368 976 404 46 85 
49 9 814 939 1752 1369 976 404 46 85 
49 9 814 939 1752 1370 976 406 46 85 
49 9 814 939 1752 1371 974 406 46 85 
49 9 814 939 1752 1372 974 406 46 85 
49 9 814 939 1752 1373 974 406 46 85 
49 9 814 939 1752 1374 972 406 48 85 
49 9 814 939 1752 1375 972 408 48 85 
49 9 814 939 1752 1376 972 408 48 85 
49 9 814 939 1752 1377 972 408 48 85 
49 9 814 939 1752 1378 971 408 46 85 
49 9 814 939 1752 1379 971 408 46 85 
49 9 814 939 1752 1380 971 409 46 85 
49 9 814 939 1752 1381 969 409 46 85 
49 9 814 939 1752 1382 969 409 46 85 
49 9 814 939 1752 1383 969 409 46 85 
49 9 814 939 1752 1384 967 409 46 85 
49 9 814 939 1752 1385 967 411 46 85 
49 9 814 939 1752 1386 967 411 46 85 
49 9 814 939 1752 1387 965 411 46 85 
49 9 814 939 1752 1388 965 411 46 85 
49 9 814 939 1752 1389 965 411 46 85 
49 9 814 939 1752 1390 964 413 46 85 
49 9 814 939 1752 1391 964 413 46 85 
49 9 814 939 1752 1392 964 413 46 85 
49 9 814 939 1752 1393 962 413 46 85 
49 9 814 939 1752 1394 962 413 46 85 
49 9 814 939 1752 1395 962 415 46 85 
49 9 814 939 1752 1396 960 415 46 85 
49 9 814 939 1752 1397 960 415 46 85 
49 9 814 939 1752 1398 960 415 46 85 
49 9 814 939 1752 1399 958 415 46 85 
49 9 814 939 1752 1400 958 418 46 84 
49 9 814 939 1752 1401 958 418 46 84 
49 9 814 939 1752 1402 956 418 48 84 
49 9 814 939 1752 1403 956 418 48 84 
49 9 814 939 1752 1404 956 418 48 84 
49 9 814 939 1752 1405 955 418 46 85 
49 9 814 939 1752 1406 955 418 46 85 
49 9 814 939 1752 1407 955 418 46 85 
49 9 814 939 1752 1408 953 418 46 85 
49 9 814 939 1752 1409 953 418 46 85 
49 9 814 939 1752 1410 953 420 46 85 
49 9 814 939 1752 1411 951 420 46 85 
49 9 814 939 1752 1412 951 420 46 85 
49 9 814 939 1752 1413 951 420 46 85 
49 9 814 939 1752 1414 951 422 46 85 
49 9 814 939 1752 1415 949 422 46 85 
49 9 814 939 1752 1416 949 422 46 85 
49 9 814 939 1752 1417 949 422 46 88 
49 9 814 939 1752 1418 949 424 46 85 
49 9 814 939 1752 1419 948 424 46 85 
49 9 814 939 1752 1420 948 424 46 87 
49 9 814 939 1752 1421 948 424 46 87 
49 9 814 939 1752 1422 948 425 46 85 
49 9 814 939 1752 1423 946 425 46 88 
49 9 814 939 1752 1424 946 425 46 88 
49 9 814 939 1752 1425 946 427 46 85 
49 9 814 939 1752 1426 946 427 46 88 
49 9 814 939 1752 1427 944 427 46 88 
49 9 814 939 1752 1428 944 427 46 88 
49 9 814 939 1752 1429 944 429 46 88 
49 9 814 939 1752 1430 944 429 46 88 
49 9 814 939 1752 1431 944 429 46 88 
49 9 814 939 1752 1432 942 429 46 90 
49 9 814 939 1752 1433 942 431 46 87 
49 9 814 939 1752 1434 942 431 46 90 
49 9 814 939 1752 1435 942 431 46 90 
49 9 814 939 1752 1436 940 433 48 87 
49 9 814 939 1752 1437 940 433 48 90 
49 9 814 939 1752 1438 940 433 48 90 
49 9 814 939 1752 1439 940 433 48 90 
49 9 814 939 1752 1440 939 433 46 91 
49 9 814 939 1752 1441 939 433 46 91 
49 9 814 939 1752 1442 939 433 46 91 
49 9 814 939 1752 1443 939 433 46 94 
49 9 814 939 1752 1444 937 435 46 91 
49 9 814 939 1752 1445 937 435 46 91 
49 9 814 939 1752 1446 937 435 46 93 
49 9 814 939 1752 1447 937 438 46 90 
49 9 814 939 1752 1448 937 438 46 90 
49 9 814 939 1752 1449 935 437 46 93 
49 9 814 939 1752 1450 935 437 46 93 
49 9 814 939 1752 1451 935 440 46 90 
49 9 814 939 1752 1452 935 439 46 93 
49 9 814 939 1752 1453 933 439 46 93 
49 9 814 939 1752 1454 933 439 46 96 
49 9 814 939 1752 1455 933 440 46 94 
49 9 814 939 1752 1456 933 440 46 94 
49 9 814 939 1752 1457 932 440 46 96 
49 9 814 939 1752 1458 932 442 46 93 
49 9 814 939 1752 1459 932 442 46 93 
49 9 814 939 1752 1460 932 442 46 96 
49 9 814 939 1752 1461 932 442 46 96 
49 9 814 939 1752 1462 930 444 46 93 
49 9 814 939 1752 1463 930 444 46 96 
49 9 814 939 1752 1464 930 444 46 96 
49 9 814 939 1752 1465 930 444 46 96 
49 9 814 939 1752 1466 928 446 46 96 
49 9 814 939 1752 1467 928 446 46 96 
49 9 814 939 1752 1468 928 446 46 96 
49 9 814 939 1752 1469 928 448 46 96 
49 9 814 939 1752 1470 926 448 46 96 
49 9 814 939 1752 1471 926 448 46 96 
49 9 814 939 1752 1472 926 447 46 97 
49 9 814 939 1752 1473 926 449 46 96 
49 9 814 939 1752 1474 924 448 48 99 
49 9 814 939 1752 1475 924 448 48 99 
49 9 814 939 1752 1476 924 448 48 99 
49 9 814 939 1752 1477 924 450 48 99 
49 9 814 939 1752 1478 924 450 48 99 
49 9 814 939 1752 1479 923 450 46 99 
49 9 814 939 1752 1480 923 452 46 99 
49 9 814 939 1752 1481 923 452 46 99 
49 9 814 939 1752 1482 923 452 46 99 
49 9 814 939 1752 1483 921 452 46 100 
49 9 814 939 1752 1484 921 454 46 97 
49 9 814 939 1752 1485 921 454 46 97 
49 9 814 939 1752 1486 921 454 46 100 
49 9 814 939 1752 1487 919 454 46 100 
49 9 814 939 1752 1488 919 455 46 99 
49 9 814 939 1752 1489 919 455 46 102 
49 9 814 939 1752 1490 919 455 46 102 
49 9 814 939 1752 1491 919 457 46 102 
49 9 814 939 1752 1492 917 457 46 102 
49 9 814 939 1752 1493 917 457 46 102 
49 9 814 939 1752 1494 917 459 46 102 
49 9 814 939 1752 1495 916 459 48 102 
49 9 814 939 1752 1496 916 459 46 102 
49 9 814 939 1752 1497 916 461 46 100 
49 9 814 939 1752 1498 913 461 50 100 
49 9 814 939 1752 1499 913 461 50 100 
49 9 814 939 1752 1500 913 463 50 100 
49 9 814 939 1752 1501 911 463 50 100 
49 9 814 939 1752 1502 911 463 50 100 
49 9 814 939 1752 1503 911 464 50 102 
49 9 814 939 1752 1504 911 464 50 102 
49 9 814 939 1752 1505 911 463 50 105 
49 9 814 939 1752 1506 911 466 50 102 
49 9 814 939 1752 1507 911 465 50 103 
49 9 814 939 1752 1508 908 468 54 100 
49 9 814 939 1752 1509 908 467 54 103 
49 9 814 939 1752 1510 909 467 50 103 
49 9 814 939 1752 1511 909 469 50 103 
49 9 814 939 1752 1512 909 469 50 103 
49 9 814 939 1752 1513 909 470 50 105 
49 9 814 939 1752 1514 909 470 50 105 
49 9 814 939 1752 1515 906 470 54 105 
49 9 814 939 1752 1516 906 472 54 105 
49 9 814 939 1752 1517 906 472 54 105 
49 9 814 939 1752 1518 906 474 54 103 
49 9 814 939 1752 1519 907 474 50 103 
49 9 814 939 1752 1520 907 474 50 106 
49 9 814 939 1752 1521 907 476 50 103 
49 9 814 939 1752 1522 906 476 52 106 
49 9 814 939 1752 1523 906 478 52 103 
49 9 814 939 1752 1524 906 478 52 106 
49 9 814 939 1752 1525 906 478 52 106 
49 9 814 939 1752 1526 906 479 52 106 
49 9 814 939 1752 1527 906 479 52 106 
49 9 814 939 1752 1528 906 481 52 106 
49 9 814 939 1752 1529 903 481 54 106 
49 9 814 939 1752 1530 903 481 54 106 
49 9 814 939 1752 1531 903 483 54 106 
49 9 814 939 1752 1532 903 483 54 106 
49 9 814 939 1752 1533 903 485 54 106 
49 9 814 939 1752 1534 903 485 54 106 
49 9 814 939 1752 1535 903 485 54 106 
49 9 814 939 1752 1536 903 486 54 108 
49 9 814 939 1752 1537 903 486 54 108 
49 9 814 939 1752 1538 903 488 54 106 
49 9 814 939 1752 1539 903 488 54 106 
49 9 814 939 1752 1540 903 488 54 106 
49 9 814 939 1752 1541 903 490 54 106 
49 9 814 939 1752 1542 903 490 54 106 
49 9 814 939 1752 1543 901 492 54 106 
49 9 814 939 1752 1544 901 492 54 106 
49 9 814 939 1752 1545 901 494 54 106 
49 9 814 939 1752 1546 901 494 54 106 
49 9 814 939 1752 1547 901 494 54 106 
49 9 814 939 1752 1548 901 495 54 106 
49 9 814 939 1752 1549 901 495 54 106 
49 9 814 939 1752 1550 901 497 54 106 
49 9 814 939 1752 1551 901 497 54 106 
49 9 814 939 1752 1552 901 497 54 106 
49 9 814 939 1752 1553 901 499 54 106 
49 9 814 939 1752 1554 901 499 54 106 
49 9 814 939 1752 1555 901 501 54 106 
49 9 814 939 1752 1556 901 501 54 106 
49 9 814 939 1752 1557 901 502 54 108 
49 9 814 939 1752 1558 901 502 54 108 
49 9 814 939 1752 1559 901 504 54 106 
49 9 814 939 1752 1560 901 504 54 106 
49 9 814 939 1752 1561 901 506 54 106 
49 9 814 939 1752 1562 901 506 54 106 
49 9 814 939 1752 1563 901 508 54 106 
49 9 814 939 1752 1564 901 508 54 106 
49 9 814 939 1752 1565 901 510 54 106 
49 9 814 939 1752 1566 901 510 54 106 
49 9 814 939 1752 1567 901 511 54 106 
49 9 814 939 1752 1568 901 511 54 106 
49 9 814 939 1752 1569 901 513 54 106 
49 9 814 939 1752 1570 901 513 54 106 
49 9 814 939 1752 1571 901 513 54 106 
49 9 814 939 1752 1572 901 515 54 106 
49 9 814 939 1752 1573 901 515 54 106 
49 9 814 939 1752 1574 901 517 54 106 
49 9 814 939 1752 1575 901 517 54 106 
49 9 814 939 1752 1576 901 517 54 106 
49 9 814 939 1752 1577 901 518 54 108 
49 9 814 939 1752 1578 901 518 54 108 
49 9 814 939 1752 1579 901 520 54 106 
49 9 814 939 1752 1580 901 520 54 106 
49 9 814 939 1752 1581 901 520 54 106 
49 9 814 939 1752 1582 901 522 54 106 
49 9 814 939 1752 1583 901 522 54 106 
49 9 814 939 1752 1584 901 524 54 106 
49 9 814 939 1752 1585 901 524 54 106 
49 9 814 939 1752 1586 901 524 54 106 
49 9 814 939 1752 1587 901 526 54 106 
49 9 814 939 1752 1588 901 526 54 106 
49 9 814 939 1752 1589 901 527 54 106 
49 9 814 939 1752 1590 901 527 54 106 
49 9 814 939 1752 1591 901 527 54 106 
49 9 814 939 1752 1592 901 529 54 106 
49 9 814 939 1752 1593 901 529 54 106 
49 9 814 939 1752 1594 901 531 54 106 
49 9 814 939 1752 1595 901 531 54 106 
49 9 814 939 1752 1596 901 531 54 106 
49 9 814 939 1752 1597 901 533 54 106 
49 9 814 939 1752 1598 901 533 54 106 
49 9 814 939 1752 1599 901 534 54 108 
49 9 814 939 1752 1600 901 534 54 108 
49 9 814 939 1752 1601 901 534 54 108 
49 9 814 939 1752 1602 901 536 54 106 
49 9 814 939 1752 1603 901 536 54 106 
49 9 814 939 1752 1604 901 538 54 106 
49 9 814 939 1752 1605 901 538 54 106 
49 9 814 939 1752 1606 901 538 54 106 
49 9 814 939 1752 1607 901 540 54 106 
49 9 814 939 1752 1608 901 540 54 106 
49 9 814 939 1752 1609 903 542 54 106 
49 9 814 939 1752 1610 903 542 54 106 
49 9 814 939 1752 1611 903 543 54 106 
49 9 814 939 1752 1612 903 543 54 106 
49 9 814 939 1752 1613 903 545 54 106 
49 9 814 939 1752 1614 903 545 54 106 
49 9 814 939 1752 1615 903 547 54 106 
49 9 814 939 1752 1616 903 547 54 106 
49 9 814 939 1752 1617 903 549 54 106 
49 9 814 939 1752 1618 903 549 54 106 
49 9 814 939 1752 1619 903 550 54 108 
49 9 814 939 1752 1620 903 552 54 106 
49 9 814 939 1752 1621 903 552 54 106 
49 9 814 939 1752 1622 903 554 54 106 
49 9 814 939 1752 1623 903 554 54 106 
49 9 814 939 1752 1624 903 556 54 106 
49 9 814 939 1752 1625 903 556 54 106 
49 9 814 939 1752 1626 903 558 54 106 
49 9 814 939 1752 1627 903 558 54 106 
49 9 814 939 1752 1628 903 559 54 106 
49 9 814 939 1752 1629 903 561 54 106 
49 9 814 939 1752 1630 903 561 54 106 
49 9 814 939 1752 1631 903 563 54 106 
49 9 814 939 1752 1632 903 563 54 106 
49 9 814 939 1752 1633 903 565 54 106 
49 9 814 939 1752 1634 903 565 54 106 
49 9 814 939 1752 1635 903 566 54 108 
49 9 814 939 1752 1636 903 566 54 108 
49 9 814 939 1752 1637 903 568 54 106 
49 9 814 939 1752 1638 903 568 54 106 
49 9 814 939 1752 1639 903 570 54 106 
49 9 814 939 1752 1640 903 572 54 106 
49 9 814 939 1752 1641 903 572 54 106 
49 9 814 939 1752 1642 903 574 54 106 
49 9 814 939 1752 1643 903 574 54 106 
49 9 814 939 1752 1644 903 575 54 106 
49 9 814 939 1752 1645 903 575 54 106 
49 9 814 939 1752 1646 903 577 54 106 
49 9 814 939 1752 1647 903 577 54 106 
49 9 814 939 1752 1648 903 579 54 106 
49 9 814 939 1752 1649 903 581 54 106 
49 9 814 939 1752 1650 903 581 54 106 
49 9 814 939 1752 1651 903 582 54 108 
49 9 814 939 1752 1652 903 582 54 108 
49 9 814 939 1752 1653 903 584 54 106 
49 9 814 939 1752 1654 903 584 54 106 
49 9 814 939 1752 1655 903 586 54 106 
49 9 814 939 1752 1656 903 586 54 106 
49 9 814 939 1752 1657 903 588 54 106 
49 9 814 939 1752 1658 903 590 54 106 
49 9 814 939 1752 1659 901 590 54 106 
49 9 814 939 1752 1660 901 590 54 106 
49 9 814 939 1752 1661 901 591 54 106 
49 9 814 939 1752 1662 901 591 54 106 
49 9 814 939 1752 1663 899 593 54 106 
49 9 814 939 1752 1664 899 593 54 106 
49 9 814 939 1752 1665 899 595 54 106 
49 9 814 939 1752 1666 899 595 54 106 
49 9 814 939 1752 1667 899 597 54 106 
49 9 814 939 1752 1668 899 597 52 106 
49 9 814 939 1752 1669 899 598 52 108 
49 9 814 939 1752 1670 899 598 52 108 
49 9 814 939 1752 1671 899 600 52 106 
49 9 814 939 1752 1672 897 600 52 106 
49 9 814 939 1752 1673 897 600 52 106 
49 9 814 939 1752 1674 897 602 52 106 
49 9 814 939 1752 1675 897 602 52 106 
49 9 814 939 1752 1676 897 604 52 106 
49 9 814 939 1752 1677 894 604 54 106 
49 9 814 939 1752 1678 894 606 54 106 
49 9 814 939 1752 1679 894 606 54 106 
49 9 814 939 1752 1680 894 607 54 106 
49 9 814 939 1752 1681 892 607 54 106 
49 9 814 939 1752 1682 892 609 54 106 
49 9 814 939 1752 1683 892 609 54 106 
49 9 814 939 1752 1684 892 611 54 106 
49 9 814 939 1752 1685 892 611 54 106 
49 9 814 939 1752 1686 890 611 54 106 
49 9 814 939 1752 1687 890 613 54 105 
49 9 814 939 1752 1688 890 613 54 105 
49 9 814 939 1752 1689 890 614 54 105 
49 9 814 939 1752 1690 890 614 52 105 
49 9 814 939 1752 1691 890 616 52 102 
49 9 814 939 1752 1692 890 616 52 102 
49 9 814 939 1752 1693 890 618 52 100 
49 9 814 939 1752 1694 890 618 52 100 
49 9 814 939 1752 1695 887 620 54 98 
49 9 814 939 1752 1696 887 620 54 98 
49 9 814 939 1752 1697 887 622 54 96 
49 9 814 939 1752 1698 887 622 54 96 
49 9 814 939 1752 1699 887 623 54 95 
49 9 814 939 1752 1700 885 623 54 95 
49 9 814 939 1752 1701 885 625 54 93 
49 9 814 939 1752 1702 882 628 58 90 
49 9 814 939 1752 1703 882 628 58 90 
49 9 814 939 1752 1704 881 630 60 88 
49 9 814 939 1752 1705 881 632 60 87 
49 9 814 939 1752 1706 881 634 60 85 
49 9 814 939 1752 1707 878 634 64 85 
49 9 814 939 1752 1708 878 636 64 82 
49 9 814 939 1752 1709 876 639 64 80 
49 9 814 939 1752 1710 876 641 64 77 
49 9 814 939 1752 1711 873 641 68 77 
49 9 814 939 1752 1712 873 642 68 76 
49 9 814 939 1752 1713 873 644 68 74 
49 9 814 939 1752 1714 870 647 72 71 
49 9 814 939 1752 1715 870 647 72 71 
49 9 814 939 1752 1716 868 649 74 69 
49 9 814 939 1752 1717 868 651 74 68 
49 9 814 939 1752 1718 868 653 74 66 
49 9 814 939 1752 1719 866 653 74 66 
49 9 814 939 1752 1720 866 655 74 63 
49 9 814 939 1752 1721 866 658 74 61 
49 9 814 939 1752 1722 866 658 74 61 
49 9 814 939 1752 1723 866 660 74 58 
49 9 814 939 1752 1724 864 661 74 57 
49 9 814 939 1752 1725 864 664 74 54 
49 9 814 939 1752 1726 864 664 74 54 
49 9 814 939 1752 1727 864 666 74 52 
49 9 814 939 1752 1728 864 669 74 49 
49 9 814 939 1752 1729 862 670 76 48 
49 9 814 939 1752 1730 862 670 76 48 
49 9 814 939 1752 1731 862 673 76 46 
49 9 814 939 1752 1732 862 675 76 43 
49 9 814 939 1752 1733 862 678 76 41 
49 9 814 939 1752 1734 862 680 76 38 
49 9 814 939 1752 1735 862 681 76 37 
49 9 814 939 1752 1736 862 684 76 34 
49 9 814 939 1752 1737 862 686 76 32 
49 9 814 939 1752 1738 862 689 76 29 
49 9 814 939 1752 1739 862 690 76 28 
49 9 814 939 1752 1740 862 693 76 26 
49 9 814 939 1752 1741 862 695 76 23 
49 9 814 939 1752 1742 862 698 76 21 
49 9 814 939 1752 1743 862 698 76 21 
49 9 814 939 1752 1744 862 698 76 21 
49 9 814 939 1752 1745 862 698 76 21 
49 9 814 939 1752 1746 862 698 76 21 
49 9 814 939 1752 1747 862 698 76 21 
49 9 814 939 1752 1748 862 698 76 21 
49 9 814 939 1752 1749 862 698 76 21 
49 9 814 939 1752 1750 862 698 76 21 
49 9 814 939 1752 1751 862 698 76 21 
49 9 814 939 1752 1752 862 698 76 21 
50 6 66 4572 4637 4572 1088 395 92 67 
50 6 66 4572 4637 4573 1088 395 92 67 
50 6 66 4572 4637 4574 1088 395 92 67 
50 6 66 4572 4637 4575 1088 395 92 67 
50 6 66 4572 4637 4576 1088 395 92 67 
50 6 66 4572 4637 4577 1088 395 92 67 
50 6 66 4572 4637 4578 1088 395 92 67 
50 6 66 4572 4637 4579 1088 395 92 67 
50 6 66 4572 4637 4580 1088 395 92 67 
50 6 66 4572 4637 4581 1088 395 92 67 
50 6 66 4572 4637 4582 1088 395 92 67 
50 6 66 4572 4637 4583 1088 395 92 67 
50 6 66 4572 4637 4584 1088 395 92 67 
50 6 66 4572 4637 4585 1088 395 92 67 
50 6 66 4572 4637 4586 1088 395 92 67 
50 6 66 4572 4637 4587 1088 395 92 67 
50 6 66 4572 4637 4588 1088 395 92 67 
50 6 66 4572 4637 4589 1088 395 92 67 
50 6 66 4572 4637 4590 1088 395 92 67 
50 6 66 4572 4637 4591 1088 395 92 67 
50 6 66 4572 4637 4592 1088 395 92 67 
50 6 66 4572 4637 4593 1088 395 92 67 
50 6 66 4572 4637 4594 1088 395 92 67 
50 6 66 4572 4637 4595 1088 395 92 67 
50 6 66 4572 4637 4596 1088 395 92 67 
50 6 66 4572 4637 4597 1088 395 92 67 
50 6 66 4572 4637 4598 1088 395 92 67 
50 6 66 4572 4637 4599 1088 395 92 67 
50 6 66 4572 4637 4600 1088 395 92 67 
50 6 66 4572 4637 4601 1088 395 92 67 
50 6 66 4572 4637 4602 1088 395 92 67 
50 6 66 4572 4637 4603 1088 395 92 67 
50 6 66 4572 4637 4604 1088 395 92 67 
50 6 66 4572 4637 4605 1088 395 92 67 
50 6 66 4572 4637 4606 1088 395 92 67 
50 6 66 4572 4637 4607 1088 395 92 67 
50 6 66 4572 4637 4608 1088 395 92 67 
50 6 66 4572 4637 4609 1088 395 92 67 
50 6 66 4572 4637 4610 1088 395 92 67 
50 6 66 4572 4637 4611 1088 395 92 67 
50 6 66 4572 4637 4612 1088 395 92 67 
50 6 66 4572 4637 4613 1088 395 92 67 
50 6 66 4572 4637 4614 1088 395 92 67 
50 6 66 4572 4637 4615 1088 395 92 67 
50 6 66 4572 4637 4616 1088 395 92 67 
50 6 66 4572 4637 4617 1088 395 92 67 
50 6 66 4572 4637 4618 1088 395 92 67 
50 6 66 4572 4637 4619 1088 395 92 67 
50 6 66 4572 4637 4620 1088 395 92 67 
50 6 66 4572 4637 4621 1088 395 92 67 
50 6 66 4572 4637 4622 1088 395 92 67 
50 6 66 4572 4637 4623 1088 395 92 67 
50 6 66 4572 4637 4624 1088 395 92 67 
50 6 66 4572 4637 4625 1088 395 92 67 
50 6 66 4572 4637 4626 1088 395 92 67 
50 6 66 4572 4637 4627 1088 395 92 67 
50 6 66 4572 4637 4628 1088 395 92 67 
50 6 66 4572 4637 4629 1088 395 92 67 
50 6 66 4572 4637 4630 1088 395 92 67 
50 6 66 4572 4637 4631 1088 395 92 67 
50 6 66 4572 4637 4632 1088 395 92 67 
50 6 66 4572 4637 4633 1088 395 92 67 
50 6 66 4572 4637 4634 1088 395 92 67 
50 6 66 4572 4637 4635 1088 395 92 67 
50 6 66 4572 4637 4636 1088 395 92 67 
50 6 66 4572 4637 4637 1088 395 92 67 
