1 611 0 683 411 23 50 1
1 611 1 683 410 23 50 1
1 611 2 683 410 23 50 1
1 611 3 684 410 23 50 1
1 611 4 684 410 23 50 1
1 611 5 685 410 23 50 1
1 611 6 685 409 23 50 1
1 611 7 686 409 23 50 1
1 611 8 686 409 23 50 1
1 611 9 687 409 23 50 1
1 611 10 687 409 23 50 1
1 611 11 687 408 23 50 1
1 611 12 688 408 23 50 1
1 611 13 688 408 23 50 1
1 611 14 689 408 23 50 1
1 611 15 689 408 23 50 1
1 611 16 690 407 23 50 1
1 611 17 690 407 23 50 1
1 611 18 691 407 23 50 1
1 611 19 691 407 23 50 1
1 611 20 691 407 23 50 1
1 611 21 692 407 23 50 1
1 611 22 692 406 23 50 1
1 611 23 693 406 23 50 1
1 611 24 693 406 23 50 1
1 611 25 694 406 23 50 1
1 611 26 694 406 23 50 1
1 611 27 695 405 23 50 1
1 611 28 695 405 23 50 1
1 611 29 696 405 23 50 1
1 611 30 696 405 23 50 1
1 611 31 696 405 23 50 1
1 611 32 697 404 23 50 1
1 611 33 697 404 23 50 1
1 611 34 698 404 23 50 1
1 611 35 698 404 23 50 1
1 611 36 699 404 23 50 1
1 611 37 699 403 23 50 1
1 611 38 700 403 23 50 1
1 611 39 700 403 23 50 1
1 611 40 700 403 23 50 1
1 611 41 701 403 23 50 1
1 611 42 701 403 23 50 1
1 611 43 702 402 23 50 1
1 611 44 702 402 23 50 1
1 611 45 703 402 23 50 1
1 611 46 703 402 23 50 1
1 611 47 704 402 23 50 1
1 611 48 704 401 23 50 1
1 611 49 704 401 23 50 1
1 611 50 705 401 23 50 1
1 611 51 705 401 23 50 1
1 611 52 706 401 23 50 1
1 611 53 706 400 23 50 1
1 611 54 707 400 23 50 1
1 611 55 707 400 23 50 1
1 611 56 708 400 23 50 1
1 611 57 708 400 23 50 1
1 611 58 709 400 23 50 1
1 611 59 709 399 23 50 1
1 611 60 709 399 23 50 1
1 611 61 710 399 23 50 1
1 611 62 710 399 23 50 1
1 611 63 711 399 23 50 1
1 611 64 711 399 23 50 1
1 611 65 711 398 23 50 1
1 611 66 712 398 23 50 1
1 611 67 712 398 23 50 1
1 611 68 713 398 23 50 1
1 611 69 713 398 23 50 1
1 611 70 713 398 24 50 1
1 611 71 714 397 23 51 1
1 611 72 714 397 23 50 1
1 611 73 715 397 23 50 1
1 611 74 715 397 23 50 1
1 611 75 715 397 24 50 1
1 611 76 716 397 23 50 1
1 611 77 716 396 23 51 1
1 611 78 717 396 23 51 1
1 611 79 717 396 23 50 1
1 611 80 717 396 24 50 1
1 611 81 718 396 23 50 1
1 611 82 718 396 24 50 1
1 611 83 719 395 23 51 1
1 611 84 719 395 23 51 1
1 611 85 719 395 24 50 1
1 611 86 720 395 23 50 1
1 611 87 720 395 24 50 1
1 611 88 721 395 23 50 1
1 611 89 721 394 23 51 1
1 611 90 721 394 24 51 1
1 611 91 722 394 23 51 1
1 611 92 722 394 24 50 1
1 611 93 723 394 23 50 1
1 611 94 723 394 24 50 1
1 611 95 724 394 23 50 1
1 611 96 724 393 23 51 1
1 611 97 724 393 24 51 1
1 611 98 725 393 23 51 1
1 611 99 725 393 24 50 1
1 611 100 726 393 23 50 1
1 611 101 726 393 24 50 1
1 611 102 726 392 24 51 1
1 611 103 727 392 23 51 1
1 611 104 727 392 24 51 1
1 611 105 728 392 23 51 1
1 611 106 728 392 24 50 1
1 611 107 728 392 24 50 1
1 611 108 729 391 23 51 1
1 611 109 729 391 24 51 1
1 611 110 730 391 23 51 1
1 611 111 730 391 24 51 1
1 611 112 730 391 24 50 1
1 611 113 731 391 24 50 1
1 611 114 731 390 24 51 1
1 611 115 732 390 23 51 1
1 611 116 732 390 24 51 1
1 611 117 732 390 24 51 1
1 611 118 733 390 24 51 1
1 611 119 733 390 24 50 1
1 611 120 734 389 23 51 1
1 611 121 734 389 24 51 1
1 611 122 734 389 24 51 1
1 611 123 735 389 24 51 1
1 611 124 735 389 24 51 1
1 611 125 736 389 24 51 1
1 611 126 736 388 24 51 1
1 611 127 736 388 24 51 1
1 611 128 737 388 24 51 1
1 611 129 737 388 24 51 1
1 611 130 738 388 24 51 1
1 611 131 738 388 24 51 1
1 611 132 739 388 24 51 1
1 611 133 739 387 24 51 1
1 611 134 739 387 24 51 1
1 611 135 740 387 24 51 1
1 611 136 740 387 24 51 1
1 611 137 741 387 24 51 1
1 611 138 741 387 24 51 1
1 611 139 742 387 24 51 1
1 611 140 742 387 24 50 1
1 611 141 743 387 23 50 1
1 611 142 743 387 24 50 1
1 611 143 744 387 23 50 1
1 611 144 744 387 24 50 1
1 611 145 745 387 23 50 1
1 611 146 745 387 24 50 1
1 611 147 746 387 23 50 1
1 611 148 746 387 23 49 1
1 611 149 747 387 23 49 1
1 611 150 747 387 23 49 1
1 611 151 748 386 23 50 1
1 611 152 748 386 23 50 1
1 611 153 749 386 23 50 1
1 611 154 749 386 23 50 1
1 611 155 750 386 23 50 1
1 611 156 750 386 23 49 1
1 611 157 750 386 23 49 1
1 611 158 751 386 23 49 1
1 611 159 751 386 23 49 1
1 611 160 752 386 23 49 1
1 611 161 752 386 23 49 1
1 611 162 753 386 23 49 1
1 611 163 753 386 23 49 1
1 611 164 754 386 22 48 1
1 611 165 754 386 23 48 1
1 611 166 755 386 22 48 1
1 611 167 755 386 23 48 1
1 611 168 756 386 22 48 1
1 611 169 756 385 23 49 1
1 611 170 757 385 22 49 1
1 611 171 757 385 23 49 1
1 611 172 758 385 22 48 1
1 611 173 758 385 22 48 1
1 611 174 759 385 22 48 1
1 611 175 759 385 22 48 1
1 611 176 760 385 22 48 1
1 611 177 760 385 22 48 1
1 611 178 761 385 22 48 1
1 611 179 761 385 22 48 1
1 611 180 762 385 21 47 1
1 611 181 762 385 22 47 1
1 611 182 762 385 22 47 1
1 611 183 763 385 22 47 1
1 611 184 763 385 22 47 1
1 611 185 764 385 22 47 1
1 611 186 764 384 22 48 1
1 611 187 765 384 22 48 1
1 611 188 765 384 22 47 1
1 611 189 766 384 21 47 1
1 611 190 766 384 22 47 1
1 611 191 767 384 21 47 1
1 611 192 767 384 22 47 1
1 611 193 768 384 21 47 1
1 611 194 768 384 22 47 1
1 611 195 769 384 21 46 1
1 611 196 769 384 21 46 1
1 611 197 770 384 21 46 1
1 611 198 770 384 21 46 1
1 611 199 771 384 21 46 1
1 611 200 771 384 21 46 1
1 611 201 772 384 21 46 1
1 611 202 772 384 21 46 1
1 611 203 773 384 21 46 1
1 611 204 773 383 21 46 1
1 611 205 773 383 21 46 1
1 611 206 774 383 21 46 1
1 611 207 774 383 21 46 1
1 611 208 774 383 22 46 1
1 611 209 775 383 21 46 1
1 611 210 775 383 22 46 1
1 611 211 776 383 21 46 1
1 611 212 776 383 21 45 1
1 611 213 776 383 22 45 1
1 611 214 777 383 21 45 1
1 611 215 777 383 22 45 1
1 611 216 778 383 21 45 1
1 611 217 778 383 22 45 1
1 611 218 778 383 22 45 1
1 611 219 779 383 21 45 1
1 611 220 779 383 22 45 1
1 611 221 780 382 21 45 1
1 611 222 780 382 22 45 1
1 611 223 780 382 22 45 1
1 611 224 781 382 22 45 1
1 611 225 781 382 22 45 1
1 611 226 782 382 22 45 1
1 611 227 782 382 22 45 1
1 611 228 782 382 22 45 1
1 611 229 783 382 22 45 1
1 611 230 783 382 22 44 1
1 611 231 784 382 22 44 1
1 611 232 784 382 22 44 1
1 611 233 784 382 23 44 1
1 611 234 785 382 22 44 1
1 611 235 785 382 22 44 1
1 611 236 786 382 22 44 1
1 611 237 786 382 22 44 1
1 611 238 786 382 23 44 1
1 611 239 787 381 22 44 1
1 611 240 787 381 23 44 1
1 611 241 787 381 23 44 1
1 611 242 788 381 23 44 1
1 611 243 788 381 23 44 1
1 611 244 789 381 22 44 1
1 611 245 789 381 23 44 1
1 611 246 789 381 23 44 1
1 611 247 790 381 23 44 1
1 611 248 790 381 23 43 1
1 611 249 791 381 23 43 1
1 611 250 791 381 23 43 1
1 611 251 791 381 23 43 1
1 611 252 792 381 23 43 1
1 611 253 792 381 23 43 1
1 611 254 793 381 23 43 1
1 611 255 793 381 23 43 1
1 611 256 793 381 24 43 1
1 611 257 794 380 23 43 1
1 611 258 794 380 24 43 1
1 611 259 795 380 23 43 1
1 611 260 795 380 23 43 1
1 611 261 795 380 24 43 1
1 611 262 796 380 23 43 1
1 611 263 796 380 24 43 1
1 611 264 797 380 23 43 1
1 611 265 797 380 24 43 1
1 611 266 797 380 24 42 1
1 611 267 798 380 23 42 1
1 611 268 798 380 24 42 1
1 611 269 799 380 23 42 1
1 611 270 799 380 24 42 1
1 611 271 799 380 24 42 1
1 611 272 800 380 24 42 1
1 611 273 800 380 24 42 1
1 611 274 801 380 24 42 1
1 611 275 801 379 24 42 1
1 611 276 801 379 24 42 1
1 611 277 802 379 24 42 1
1 611 278 802 379 24 42 1
1 611 279 802 379 24 42 1
1 611 280 803 379 24 42 1
1 611 281 803 379 24 42 1
1 611 282 804 379 24 42 1
1 611 283 804 379 24 41 1
1 611 284 804 379 24 41 1
1 611 285 805 379 24 41 1
1 611 286 805 378 24 42 1
1 611 287 806 378 24 42 1
1 611 288 806 378 24 42 1
1 611 289 806 378 24 42 1
1 611 290 807 378 24 42 1
1 611 291 807 378 24 42 1
1 611 292 807 378 25 41 1
1 611 293 808 378 24 41 1
1 611 294 808 378 24 41 1
1 611 295 809 378 24 41 1
1 611 296 809 378 24 41 1
1 611 297 809 377 25 42 1
1 611 298 810 377 24 42 1
1 611 299 810 377 24 42 1
1 611 300 811 377 24 42 1
1 611 301 811 377 24 41 1
1 611 302 811 377 25 41 1
1 611 303 812 377 24 41 1
1 611 304 812 377 24 41 1
1 611 305 812 377 25 41 1
1 611 306 813 377 24 41 1
1 611 307 813 377 25 41 1
1 611 308 814 376 24 42 1
1 611 309 814 376 24 41 1
1 611 310 814 376 25 41 1
1 611 311 815 376 24 41 1
1 611 312 815 376 25 41 1
1 611 313 816 376 24 41 1
1 611 314 816 376 24 41 1
1 611 315 816 376 25 41 1
1 611 316 817 376 24 41 1
1 611 317 817 376 25 41 1
1 611 318 817 376 25 40 1
1 611 319 818 375 24 41 1
1 611 320 818 375 25 41 1
1 611 321 819 375 24 41 1
1 611 322 819 375 25 41 1
1 611 323 819 375 25 41 1
1 611 324 820 375 24 41 1
1 611 325 820 375 25 41 1
1 611 326 821 375 24 41 1
1 611 327 821 375 25 40 1
1 611 328 821 375 25 40 1
1 611 329 822 375 24 40 1
1 611 330 822 374 25 41 1
1 611 331 822 374 25 41 1
1 611 332 823 374 25 41 1
1 611 333 823 374 25 41 1
1 611 334 824 374 24 41 1
1 611 335 824 374 25 40 1
1 611 336 824 374 25 40 1
1 611 337 825 374 25 40 1
1 611 338 825 374 25 40 1
1 611 339 826 374 24 40 1
1 611 340 826 374 25 40 1
1 611 341 826 374 25 40 1
1 611 342 827 373 25 41 1
1 611 343 827 373 25 41 1
1 611 344 827 373 25 40 1
1 611 345 828 373 25 40 1
1 611 346 828 373 25 40 1
1 611 347 829 373 25 40 1
1 611 348 829 373 25 40 1
1 611 349 829 373 25 40 1
1 611 350 830 373 25 40 1
1 611 351 830 373 25 40 1
1 611 352 831 373 25 40 1
1 611 353 831 372 25 40 1
1 611 354 831 372 25 40 1
1 611 355 832 372 25 40 1
1 611 356 832 372 25 40 1
1 611 357 832 372 25 40 1
1 611 358 833 372 25 40 1
1 611 359 833 372 25 40 1
1 611 360 833 372 25 40 1
1 611 361 834 371 25 40 1
1 611 362 834 371 25 40 1
1 611 363 834 371 25 40 1
1 611 364 835 371 25 40 1
1 611 365 835 371 25 40 1
1 611 366 835 371 25 40 1
1 611 367 836 371 25 40 1
1 611 368 836 371 25 40 1
1 611 369 836 370 25 40 1
1 611 370 837 370 25 40 1
1 611 371 837 370 25 40 1
1 611 372 837 370 25 40 1
1 611 373 838 370 25 40 1
1 611 374 838 370 25 40 1
1 611 375 838 370 25 40 1
1 611 376 839 370 25 40 1
1 611 377 839 369 25 40 1
1 611 378 839 369 25 40 1
1 611 379 840 369 25 40 1
1 611 380 840 369 25 40 1
1 611 381 840 369 25 40 1
1 611 382 841 369 25 40 1
1 611 383 841 369 25 40 1
1 611 384 842 369 25 40 1
1 611 385 842 368 25 40 1
1 611 386 842 368 25 40 1
1 611 387 843 368 25 40 1
1 611 388 843 368 25 40 1
1 611 389 843 368 25 40 1
1 611 390 844 368 25 40 1
1 611 391 844 368 25 40 1
1 611 392 844 368 25 40 1
1 611 393 845 367 25 40 1
1 611 394 845 367 25 40 1
1 611 395 845 367 25 40 1
1 611 396 846 367 25 40 1
1 611 397 846 367 25 40 1
1 611 398 846 367 25 40 1
1 611 399 847 367 25 40 1
1 611 400 847 367 25 40 1
1 611 401 847 366 25 40 1
1 611 402 848 366 25 40 1
1 611 403 848 366 25 40 1
1 611 404 848 366 25 40 1
1 611 405 849 366 25 40 1
1 611 406 849 366 25 40 1
1 611 407 849 366 25 40 1
1 611 408 850 366 25 40 1
1 611 409 850 365 25 40 1
1 611 410 850 365 25 40 1
1 611 411 851 365 25 40 1
1 611 412 851 365 25 40 1
1 611 413 851 365 25 40 1
1 611 414 852 365 25 40 1
1 611 415 852 365 25 40 1
1 611 416 853 365 25 40 1
1 611 417 853 364 25 40 1
1 611 418 853 364 25 40 1
1 611 419 853 364 25 40 1
1 611 420 854 364 25 40 1
1 611 421 854 364 25 40 1
1 611 422 854 364 25 40 1
1 611 423 855 364 25 40 1
1 611 424 855 364 25 40 1
1 611 425 855 364 25 40 1
1 611 426 855 363 25 40 1
1 611 427 856 363 25 40 1
1 611 428 856 363 25 40 1
1 611 429 856 363 25 40 1
1 611 430 857 363 25 40 1
1 611 431 857 363 25 40 1
1 611 432 857 363 25 40 1
1 611 433 858 363 25 40 1
1 611 434 858 363 25 40 1
1 611 435 858 363 25 40 1
1 611 436 858 362 25 40 1
1 611 437 859 362 25 40 1
1 611 438 859 362 25 40 1
1 611 439 859 362 25 40 1
1 611 440 860 362 25 40 1
1 611 441 860 362 25 40 1
1 611 442 860 362 25 40 1
1 611 443 861 362 25 40 1
1 611 444 861 362 25 40 1
1 611 445 861 361 25 40 1
1 611 446 861 361 25 40 1
1 611 447 862 361 25 40 1
1 611 448 862 361 25 40 1
1 611 449 862 361 25 40 1
1 611 450 863 361 25 40 1
1 611 451 863 361 25 40 1
1 611 452 863 361 25 40 1
1 611 453 864 361 25 40 1
1 611 454 864 361 25 40 1
1 611 455 864 360 25 40 1
1 611 456 864 360 25 40 1
1 611 457 865 360 25 40 1
1 611 458 865 360 25 40 1
1 611 459 865 360 25 40 1
1 611 460 866 360 25 40 1
1 611 461 866 360 25 40 1
1 611 462 866 360 25 40 1
1 611 463 867 360 25 40 1
1 611 464 867 359 25 40 1
1 611 465 867 359 25 40 1
1 611 466 867 359 25 40 1
1 611 467 868 359 25 40 1
1 611 468 868 359 25 40 1
1 611 469 868 359 25 40 1
1 611 470 869 359 25 40 1
1 611 471 869 359 25 40 1
1 611 472 869 359 25 40 1
1 611 473 870 359 25 40 1
1 611 474 870 358 25 40 1
1 611 475 870 358 25 40 1
1 611 476 870 358 25 40 1
1 611 477 871 358 25 40 1
1 611 478 871 358 25 40 1
1 611 479 871 358 25 40 1
1 611 480 872 358 25 40 1
1 611 481 872 358 25 40 1
1 611 482 872 358 25 40 1
1 611 483 873 358 25 40 1
1 611 484 872 357 25 40 1
1 611 485 872 357 25 40 1
1 611 486 872 357 24 40 1
1 611 487 872 357 24 40 1
1 611 488 872 357 23 40 1
1 611 489 872 357 23 40 1
1 611 490 871 357 24 40 1
1 611 491 871 357 23 40 1
1 611 492 871 357 23 40 1
1 611 493 871 357 22 39 1
1 611 494 871 357 22 39 1
1 611 495 871 357 22 39 1
1 611 496 871 357 21 39 1
1 611 497 870 357 22 39 1
1 611 498 870 357 21 39 1
1 611 499 870 357 21 39 1
1 611 500 870 357 21 39 1
1 611 501 870 357 20 39 1
1 611 502 870 357 20 39 1
1 611 503 870 357 20 39 1
1 611 504 869 356 20 39 1
1 611 505 869 356 19 39 1
1 611 506 868 356 20 39 1
1 611 507 868 356 19 39 1
1 611 508 868 356 18 39 1
1 611 509 867 356 19 39 1
1 611 510 867 356 18 39 1
1 611 511 867 356 18 40 1
1 611 512 866 355 18 39 1
1 611 513 865 355 19 37 1
1 611 514 864 355 20 36 1
1 611 515 864 354 20 35 1
1 611 516 863 354 20 34 1
1 611 517 862 354 21 32 1
1 611 518 862 353 21 32 1
1 611 519 861 353 22 30 1
1 611 520 860 353 23 29 1
1 611 521 860 353 23 28 1
1 611 522 859 352 23 28 1
1 611 523 859 352 23 27 1
1 611 524 859 352 23 26 1
1 611 525 859 352 23 26 1
1 611 526 859 352 23 25 1
1 611 527 859 352 23 24 1
1 611 528 859 352 23 24 1
1 611 529 859 352 23 23 1
1 611 530 859 352 23 23 1
1 611 531 858 351 23 23 1
1 611 532 858 351 23 23 1
1 611 533 858 351 23 23 1
1 611 534 858 351 23 23 1
1 611 535 858 351 23 23 1
1 611 536 858 351 22 23 1
1 611 537 858 351 22 23 1
1 611 538 858 351 22 23 1
1 611 539 858 351 22 23 1
1 611 540 858 351 22 23 1
1 611 541 858 351 21 23 1
1 611 542 858 351 21 23 1
1 611 543 858 351 21 23 1
1 611 544 858 351 21 23 1
1 611 545 858 351 21 23 1
1 611 546 858 351 21 23 1
1 611 547 858 351 20 23 1
1 611 548 858 351 20 23 1
1 611 549 858 351 20 23 1
1 611 550 858 351 20 23 1
1 611 551 858 351 20 23 1
1 611 552 858 351 19 23 1
1 611 553 858 351 19 23 1
1 611 554 858 351 19 23 1
1 611 555 858 351 19 23 1
1 611 556 858 351 19 23 1
1 611 557 858 351 19 23 1
1 611 558 857 351 19 22 1
1 611 559 857 351 19 22 1
1 611 560 857 351 19 22 1
1 611 561 857 351 19 22 1
1 611 562 857 351 19 22 1
1 611 563 857 351 19 22 1
1 611 564 857 351 19 22 1
1 611 565 857 351 19 22 1
1 611 566 857 351 19 22 1
1 611 567 857 351 19 22 1
1 611 568 857 351 19 21 1
1 611 569 857 351 19 21 1
1 611 570 857 351 19 21 1
1 611 571 857 351 19 21 1
1 611 572 857 351 19 21 1
1 611 573 857 351 19 21 1
1 611 574 857 351 19 21 1
1 611 575 857 351 19 21 1
1 611 576 857 351 19 21 1
1 611 577 857 351 19 21 1
1 611 578 857 351 19 21 1
1 611 579 857 351 19 21 1
1 611 580 857 351 19 20 1
1 611 581 857 351 19 20 1
1 611 582 857 351 19 20 1
1 611 583 857 351 19 20 1
1 611 584 857 351 19 20 1
1 611 585 857 351 19 20 1
1 611 586 857 351 19 20 1
1 611 587 857 351 19 20 1
1 611 588 857 351 19 20 1
1 611 589 857 351 19 20 1
1 611 590 857 351 19 20 1
1 611 591 857 351 19 19 1
1 611 592 857 351 19 19 1
1 611 593 857 351 19 19 1
1 611 594 857 351 19 19 1
1 611 595 857 351 19 19 1
1 611 596 857 351 19 19 1
1 611 597 857 351 19 19 1
1 611 598 857 351 19 19 1
1 611 599 857 351 19 19 1
1 611 600 857 351 19 19 1
1 611 601 857 351 19 19 1
1 611 602 857 352 19 18 1
1 611 603 857 352 19 18 1
1 611 604 857 352 19 18 1
1 611 605 857 352 19 18 1
1 611 606 857 352 19 18 1
1 611 607 857 352 19 18 1
1 611 608 857 352 19 18 1
1 611 609 857 352 19 18 1
1 611 610 857 352 19 18 1
2 955 0 849 355 57 35 2
2 955 1 849 355 57 35 2
2 955 2 849 355 57 35 2
2 955 3 849 355 57 35 2
2 955 4 849 355 57 35 2
2 955 5 849 355 57 35 2
2 955 6 849 355 57 35 2
2 955 7 849 355 57 35 2
2 955 8 849 355 57 35 2
2 955 9 849 355 57 35 2
2 955 10 849 355 57 35 2
2 955 11 849 355 57 35 2
2 955 12 849 355 57 35 2
2 955 13 849 355 57 35 2
2 955 14 849 355 57 35 2
2 955 15 849 355 57 35 2
2 955 16 849 355 57 35 2
2 955 17 849 355 57 35 2
2 955 18 849 355 57 35 2
2 955 19 849 355 57 35 2
2 955 20 849 355 57 35 2
2 955 21 849 355 57 35 2
2 955 22 849 355 57 35 2
2 955 23 849 355 57 35 2
2 955 24 849 355 57 35 2
2 955 25 849 355 57 35 2
2 955 26 849 355 57 35 2
2 955 27 849 355 57 35 2
2 955 28 849 355 57 35 2
2 955 29 849 355 57 35 2
2 955 30 849 355 57 35 2
2 955 31 849 355 57 35 2
2 955 32 849 355 57 35 2
2 955 33 849 355 57 35 2
2 955 34 849 355 57 35 2
2 955 35 849 355 57 35 2
2 955 36 849 355 57 35 2
2 955 37 849 355 57 35 2
2 955 38 849 355 57 35 2
2 955 39 849 355 57 35 2
2 955 40 849 355 57 35 2
2 955 41 849 355 57 35 2
2 955 42 849 355 57 35 2
2 955 43 849 355 57 35 2
2 955 44 849 355 57 35 2
2 955 45 849 355 57 35 2
2 955 46 849 355 57 35 2
2 955 47 849 355 57 35 2
2 955 48 849 355 57 35 2
2 955 49 849 355 57 35 2
2 955 50 849 355 57 35 2
2 955 51 849 355 57 35 2
2 955 52 849 355 57 35 2
2 955 53 849 355 57 35 2
2 955 54 849 355 57 35 2
2 955 55 849 355 57 35 2
2 955 56 849 355 57 35 2
2 955 57 849 355 57 35 2
2 955 58 849 355 57 35 2
2 955 59 849 355 57 35 2
2 955 60 849 355 57 35 2
2 955 61 849 355 57 35 2
2 955 62 849 355 57 35 2
2 955 63 849 355 57 35 2
2 955 64 849 355 57 35 2
2 955 65 849 355 57 35 2
2 955 66 849 355 57 35 2
2 955 67 849 355 57 35 2
2 955 68 849 355 57 35 2
2 955 69 849 355 57 35 2
2 955 70 849 355 57 35 2
2 955 71 849 355 57 35 2
2 955 72 849 355 57 35 2
2 955 73 849 355 57 35 2
2 955 74 849 355 57 35 2
2 955 75 849 355 57 35 2
2 955 76 849 355 57 35 2
2 955 77 849 355 57 35 2
2 955 78 849 355 57 35 2
2 955 79 849 355 57 35 2
2 955 80 849 355 57 35 2
2 955 81 849 355 57 35 2
2 955 82 849 355 57 35 2
2 955 83 849 355 57 35 2
2 955 84 849 355 57 35 2
2 955 85 849 355 57 35 2
2 955 86 849 355 57 35 2
2 955 87 849 355 57 35 2
2 955 88 849 355 57 35 2
2 955 89 849 355 57 35 2
2 955 90 849 355 57 35 2
2 955 91 849 355 57 35 2
2 955 92 849 355 57 35 2
2 955 93 849 355 57 35 2
2 955 94 849 355 57 35 2
2 955 95 849 355 57 35 2
2 955 96 849 355 57 35 2
2 955 97 849 355 57 35 2
2 955 98 849 355 57 35 2
2 955 99 849 355 57 35 2
2 955 100 849 355 57 35 2
2 955 101 849 355 57 35 2
2 955 102 849 355 57 35 2
2 955 103 849 355 57 35 2
2 955 104 849 355 57 35 2
2 955 105 849 355 57 35 2
2 955 106 849 355 57 35 2
2 955 107 849 355 57 35 2
2 955 108 849 355 57 35 2
2 955 109 849 355 57 35 2
2 955 110 849 355 57 35 2
2 955 111 849 355 57 35 2
2 955 112 849 355 57 35 2
2 955 113 849 355 57 35 2
2 955 114 849 355 57 35 2
2 955 115 849 355 57 35 2
2 955 116 849 355 57 35 2
2 955 117 849 355 57 35 2
2 955 118 849 355 57 35 2
2 955 119 849 355 57 35 2
2 955 120 849 355 57 35 2
2 955 121 849 355 57 35 2
2 955 122 849 355 57 35 2
2 955 123 849 355 57 35 2
2 955 124 849 355 57 35 2
2 955 125 849 355 57 35 2
2 955 126 849 355 57 35 2
2 955 127 849 355 57 35 2
2 955 128 849 355 57 35 2
2 955 129 849 355 57 35 2
2 955 130 849 355 57 35 2
2 955 131 849 355 57 35 2
2 955 132 849 355 57 35 2
2 955 133 849 355 57 35 2
2 955 134 849 355 57 35 2
2 955 135 849 355 57 35 2
2 955 136 849 355 57 35 2
2 955 137 849 355 57 35 2
2 955 138 849 355 57 35 2
2 955 139 849 355 57 35 2
2 955 140 849 355 57 35 2
2 955 141 849 355 57 35 2
2 955 142 849 355 57 35 2
2 955 143 849 355 57 35 2
2 955 144 849 355 57 35 2
2 955 145 849 355 57 35 2
2 955 146 849 355 57 35 2
2 955 147 849 355 57 35 2
2 955 148 849 355 57 35 2
2 955 149 849 355 57 35 2
2 955 150 849 355 57 35 2
2 955 151 849 355 57 35 2
2 955 152 849 355 57 35 2
2 955 153 849 355 57 35 2
2 955 154 849 355 57 35 2
2 955 155 849 355 57 35 2
2 955 156 849 355 57 35 2
2 955 157 849 355 57 35 2
2 955 158 849 355 57 35 2
2 955 159 849 355 57 35 2
2 955 160 849 355 57 35 2
2 955 161 849 355 57 35 2
2 955 162 849 355 57 35 2
2 955 163 849 355 57 35 2
2 955 164 849 355 57 35 2
2 955 165 849 355 57 35 2
2 955 166 849 355 57 35 2
2 955 167 849 355 57 35 2
2 955 168 849 355 57 35 2
2 955 169 849 355 57 35 2
2 955 170 849 355 57 35 2
2 955 171 849 355 57 35 2
2 955 172 849 355 57 35 2
2 955 173 849 355 57 35 2
2 955 174 849 355 57 35 2
2 955 175 849 355 57 35 2
2 955 176 849 355 57 35 2
2 955 177 849 355 57 35 2
2 955 178 849 355 57 35 2
2 955 179 849 355 57 35 2
2 955 180 849 355 57 35 2
2 955 181 849 355 57 35 2
2 955 182 849 355 57 35 2
2 955 183 849 355 57 35 2
2 955 184 849 355 57 35 2
2 955 185 849 355 57 35 2
2 955 186 849 355 57 35 2
2 955 187 849 355 57 35 2
2 955 188 849 355 57 35 2
2 955 189 849 355 57 35 2
2 955 190 849 355 57 35 2
2 955 191 849 355 57 35 2
2 955 192 849 355 57 35 2
2 955 193 849 355 57 35 2
2 955 194 849 355 57 35 2
2 955 195 849 355 57 35 2
2 955 196 849 355 57 35 2
2 955 197 849 355 57 35 2
2 955 198 849 355 57 35 2
2 955 199 849 355 57 35 2
2 955 200 849 355 57 35 2
2 955 201 849 355 57 35 2
2 955 202 849 355 57 35 2
2 955 203 849 355 57 35 2
2 955 204 849 355 57 35 2
2 955 205 849 355 57 35 2
2 955 206 849 355 57 35 2
2 955 207 849 355 57 35 2
2 955 208 849 355 57 35 2
2 955 209 849 355 57 35 2
2 955 210 849 355 57 35 2
2 955 211 849 355 57 35 2
2 955 212 849 355 57 35 2
2 955 213 849 355 57 35 2
2 955 214 849 355 57 35 2
2 955 215 849 355 57 35 2
2 955 216 849 355 57 35 2
2 955 217 849 355 57 35 2
2 955 218 849 355 57 35 2
2 955 219 849 355 57 35 2
2 955 220 849 355 57 35 2
2 955 221 849 355 57 35 2
2 955 222 849 355 57 35 2
2 955 223 849 355 57 35 2
2 955 224 849 355 57 35 2
2 955 225 849 355 57 35 2
2 955 226 849 355 57 35 2
2 955 227 849 355 57 35 2
2 955 228 849 355 57 35 2
2 955 229 849 355 57 35 2
2 955 230 849 355 57 35 2
2 955 231 849 355 57 35 2
2 955 232 849 355 57 35 2
2 955 233 849 355 57 35 2
2 955 234 849 355 57 35 2
2 955 235 849 355 57 35 2
2 955 236 849 355 57 35 2
2 955 237 849 355 57 35 2
2 955 238 849 355 57 35 2
2 955 239 849 355 57 35 2
2 955 240 849 355 57 35 2
2 955 241 849 355 57 35 2
2 955 242 849 355 57 35 2
2 955 243 849 355 57 35 2
2 955 244 849 355 57 35 2
2 955 245 849 355 57 35 2
2 955 246 849 355 57 35 2
2 955 247 849 355 57 35 2
2 955 248 849 355 57 35 2
2 955 249 849 355 57 35 2
2 955 250 849 355 57 35 2
2 955 251 849 355 57 35 2
2 955 252 849 355 57 35 2
2 955 253 849 355 57 35 2
2 955 254 849 355 57 35 2
2 955 255 849 355 57 35 2
2 955 256 849 355 57 35 2
2 955 257 849 355 57 35 2
2 955 258 849 355 57 35 2
2 955 259 849 355 57 35 2
2 955 260 849 355 57 35 2
2 955 261 849 355 57 35 2
2 955 262 849 355 57 35 2
2 955 263 849 355 57 35 2
2 955 264 849 355 57 35 2
2 955 265 849 355 57 35 2
2 955 266 849 355 57 35 2
2 955 267 849 355 57 35 2
2 955 268 849 355 57 35 2
2 955 269 849 355 57 35 2
2 955 270 849 355 57 35 2
2 955 271 849 355 57 35 2
2 955 272 849 355 57 35 2
2 955 273 849 355 57 35 2
2 955 274 849 355 57 35 2
2 955 275 849 355 57 35 2
2 955 276 849 355 57 35 2
2 955 277 849 355 57 35 2
2 955 278 849 355 57 35 2
2 955 279 849 355 57 35 2
2 955 280 849 355 57 35 2
2 955 281 849 355 57 35 2
2 955 282 849 355 57 35 2
2 955 283 849 355 57 35 2
2 955 284 849 355 57 35 2
2 955 285 849 355 57 35 2
2 955 286 849 355 57 35 2
2 955 287 849 355 57 35 2
2 955 288 849 355 57 35 2
2 955 289 849 355 57 35 2
2 955 290 849 355 57 35 2
2 955 291 849 355 57 35 2
2 955 292 849 355 57 35 2
2 955 293 849 355 57 35 2
2 955 294 849 355 57 35 2
2 955 295 849 355 57 35 2
2 955 296 849 355 57 35 2
2 955 297 849 355 57 35 2
2 955 298 849 355 57 35 2
2 955 299 849 355 57 35 2
2 955 300 849 355 57 35 2
2 955 301 849 355 57 35 2
2 955 302 849 355 57 35 2
2 955 303 849 355 57 35 2
2 955 304 849 355 57 35 2
2 955 305 849 355 57 35 2
2 955 306 849 355 57 35 2
2 955 307 849 355 57 35 2
2 955 308 849 355 57 35 2
2 955 309 849 355 57 35 2
2 955 310 849 355 57 35 2
2 955 311 849 355 57 35 2
2 955 312 849 355 57 35 2
2 955 313 849 355 57 35 2
2 955 314 849 355 57 35 2
2 955 315 849 355 57 35 2
2 955 316 849 355 57 35 2
2 955 317 849 355 57 35 2
2 955 318 849 355 57 35 2
2 955 319 849 355 57 35 2
2 955 320 849 355 57 35 2
2 955 321 849 355 57 35 2
2 955 322 849 355 57 35 2
2 955 323 849 355 57 35 2
2 955 324 849 355 57 35 2
2 955 325 849 355 57 35 2
2 955 326 849 355 57 35 2
2 955 327 849 355 57 35 2
2 955 328 849 355 57 35 2
2 955 329 849 355 57 35 2
2 955 330 849 355 57 35 2
2 955 331 849 355 57 35 2
2 955 332 849 355 57 35 2
2 955 333 849 355 57 35 2
2 955 334 849 355 57 35 2
2 955 335 849 355 57 35 2
2 955 336 849 355 57 35 2
2 955 337 849 355 57 35 2
2 955 338 849 355 57 35 2
2 955 339 849 355 57 35 2
2 955 340 849 355 57 35 2
2 955 341 849 355 57 35 2
2 955 342 849 355 57 35 2
2 955 343 849 355 57 35 2
2 955 344 849 355 57 35 2
2 955 345 849 355 57 35 2
2 955 346 849 355 57 35 2
2 955 347 849 355 57 35 2
2 955 348 849 355 57 35 2
2 955 349 849 355 57 35 2
2 955 350 849 355 57 35 2
2 955 351 849 355 57 35 2
2 955 352 849 355 57 35 2
2 955 353 849 355 57 35 2
2 955 354 849 355 57 35 2
2 955 355 849 355 57 35 2
2 955 356 849 355 57 35 2
2 955 357 849 355 57 35 2
2 955 358 849 355 57 35 2
2 955 359 849 355 57 35 2
2 955 360 849 355 57 35 2
2 955 361 849 355 57 35 2
2 955 362 849 355 57 35 2
2 955 363 849 355 57 35 2
2 955 364 849 355 57 35 2
2 955 365 849 355 57 35 2
2 955 366 849 355 57 35 2
2 955 367 849 355 57 35 2
2 955 368 849 355 57 35 2
2 955 369 849 355 57 35 2
2 955 370 849 355 57 35 2
2 955 371 849 355 57 35 2
2 955 372 849 355 57 35 2
2 955 373 849 355 57 35 2
2 955 374 849 355 57 35 2
2 955 375 849 355 57 35 2
2 955 376 849 355 57 35 2
2 955 377 849 355 57 35 2
2 955 378 849 355 57 35 2
2 955 379 849 355 57 35 2
2 955 380 849 355 57 35 2
2 955 381 849 355 57 35 2
2 955 382 849 355 57 35 2
2 955 383 849 355 57 35 2
2 955 384 849 355 57 35 2
2 955 385 849 355 57 35 2
2 955 386 849 355 57 35 2
2 955 387 849 355 57 35 2
2 955 388 849 355 57 35 2
2 955 389 849 355 57 35 2
2 955 390 849 355 57 35 2
2 955 391 849 355 57 35 2
2 955 392 849 355 57 35 2
2 955 393 849 355 57 35 2
2 955 394 849 355 57 35 2
2 955 395 849 355 57 35 2
2 955 396 849 355 57 35 2
2 955 397 849 355 57 35 2
2 955 398 849 355 57 35 2
2 955 399 849 355 57 35 2
2 955 400 849 355 57 35 2
2 955 401 849 355 57 35 2
2 955 402 849 355 57 35 2
2 955 403 849 355 57 35 2
2 955 404 849 355 57 35 2
2 955 405 849 355 57 35 2
2 955 406 849 355 57 35 2
2 955 407 849 355 57 35 2
2 955 408 849 355 57 35 2
2 955 409 849 355 57 35 2
2 955 410 849 355 57 35 2
2 955 411 849 355 57 35 2
2 955 412 849 355 57 35 2
2 955 413 849 355 57 35 2
2 955 414 849 355 57 35 2
2 955 415 849 355 57 35 2
2 955 416 849 355 57 35 2
2 955 417 849 355 57 35 2
2 955 418 849 355 57 35 2
2 955 419 849 355 57 35 2
2 955 420 849 355 57 35 2
2 955 421 849 355 57 35 2
2 955 422 849 355 57 35 2
2 955 423 849 355 57 35 2
2 955 424 849 355 57 35 2
2 955 425 849 355 57 35 2
2 955 426 849 355 57 35 2
2 955 427 849 355 57 35 2
2 955 428 849 355 57 35 2
2 955 429 849 355 57 35 2
2 955 430 849 355 57 35 2
2 955 431 849 355 57 35 2
2 955 432 849 355 57 35 2
2 955 433 849 355 57 35 2
2 955 434 849 355 57 35 2
2 955 435 849 355 57 35 2
2 955 436 849 355 57 35 2
2 955 437 849 355 57 35 2
2 955 438 849 355 57 35 2
2 955 439 849 355 57 35 2
2 955 440 849 355 57 35 2
2 955 441 849 355 57 35 2
2 955 442 849 355 57 35 2
2 955 443 849 355 57 35 2
2 955 444 849 355 57 35 2
2 955 445 849 355 57 35 2
2 955 446 849 355 57 35 2
2 955 447 849 355 57 35 2
2 955 448 849 355 57 35 2
2 955 449 849 355 57 35 2
2 955 450 849 355 57 35 2
2 955 451 849 355 57 35 2
2 955 452 849 355 57 35 2
2 955 453 849 355 57 35 2
2 955 454 849 355 57 35 2
2 955 455 849 355 57 35 2
2 955 456 849 355 57 35 2
2 955 457 849 355 57 35 2
2 955 458 849 355 57 35 2
2 955 459 849 355 57 35 2
2 955 460 849 355 57 35 2
2 955 461 849 355 57 35 2
2 955 462 849 355 57 35 2
2 955 463 849 355 57 35 2
2 955 464 849 355 57 35 2
2 955 465 849 355 57 35 2
2 955 466 849 355 57 35 2
2 955 467 849 355 57 35 2
2 955 468 849 355 57 35 2
2 955 469 849 355 57 35 2
2 955 470 849 355 57 35 2
2 955 471 849 355 57 35 2
2 955 472 849 355 57 35 2
2 955 473 849 355 57 35 2
2 955 474 849 355 57 35 2
2 955 475 849 355 57 35 2
2 955 476 849 355 57 35 2
2 955 477 849 355 57 35 2
2 955 478 849 355 57 35 2
2 955 479 849 355 57 35 2
2 955 480 849 355 57 35 2
2 955 481 849 355 57 35 2
2 955 482 849 355 57 35 2
2 955 483 849 355 57 35 2
2 955 484 849 355 57 35 2
2 955 485 849 355 57 35 2
2 955 486 849 355 57 35 2
2 955 487 849 355 57 35 2
2 955 488 849 355 57 35 2
2 955 489 849 355 57 35 2
2 955 490 849 355 57 35 2
2 955 491 849 355 57 35 2
2 955 492 849 355 57 35 2
2 955 493 849 355 57 35 2
2 955 494 849 355 57 35 2
2 955 495 849 355 57 35 2
2 955 496 849 355 57 35 2
2 955 497 849 355 57 35 2
2 955 498 849 355 57 35 2
2 955 499 849 355 57 35 2
2 955 500 849 355 57 35 2
2 955 501 849 355 57 35 2
2 955 502 849 355 57 35 2
2 955 503 849 355 57 35 2
2 955 504 849 355 57 35 2
2 955 505 849 355 57 35 2
2 955 506 849 355 57 35 2
2 955 507 849 355 57 35 2
2 955 508 849 355 57 35 2
2 955 509 849 355 57 35 2
2 955 510 849 355 57 35 2
2 955 511 849 355 57 35 2
2 955 512 849 355 57 35 2
2 955 513 849 355 57 35 2
2 955 514 849 355 57 35 2
2 955 515 849 355 57 35 2
2 955 516 849 355 57 35 2
2 955 517 849 355 57 35 2
2 955 518 849 355 57 35 2
2 955 519 849 355 57 35 2
2 955 520 849 355 57 35 2
2 955 521 849 355 57 35 2
2 955 522 849 355 57 35 2
2 955 523 849 355 57 35 2
2 955 524 849 355 57 35 2
2 955 525 849 355 57 35 2
2 955 526 849 355 57 35 2
2 955 527 849 355 57 35 2
2 955 528 849 355 57 35 2
2 955 529 849 355 57 35 2
2 955 530 849 355 57 35 2
2 955 531 849 355 57 35 2
2 955 532 849 355 57 35 2
2 955 533 849 355 57 35 2
2 955 534 849 355 57 35 2
2 955 535 849 355 57 35 2
2 955 536 849 355 57 35 2
2 955 537 849 355 57 35 2
2 955 538 849 355 57 35 2
2 955 539 849 355 57 35 2
2 955 540 849 355 57 35 2
2 955 541 849 355 57 35 2
2 955 542 849 355 57 35 2
2 955 543 849 355 57 35 2
2 955 544 849 355 57 35 2
2 955 545 849 355 57 35 2
2 955 546 849 355 57 35 2
2 955 547 849 355 57 35 2
2 955 548 849 355 57 35 2
2 955 549 849 355 57 35 2
2 955 550 849 355 57 35 2
2 955 551 849 355 57 35 2
2 955 552 849 355 57 35 2
2 955 553 849 355 57 35 2
2 955 554 849 355 57 35 2
2 955 555 849 355 57 35 2
2 955 556 849 355 57 35 2
2 955 557 849 355 57 35 2
2 955 558 849 355 57 35 2
2 955 559 849 355 57 35 2
2 955 560 849 355 57 35 2
2 955 561 849 355 57 35 2
2 955 562 849 355 57 35 2
2 955 563 849 355 57 35 2
2 955 564 849 355 57 35 2
2 955 565 849 355 57 35 2
2 955 566 849 355 57 35 2
2 955 567 849 355 57 35 2
2 955 568 849 355 57 35 2
2 955 569 849 355 57 35 2
2 955 570 849 355 57 35 2
2 955 571 849 355 57 35 2
2 955 572 849 355 57 35 2
2 955 573 849 355 57 35 2
2 955 574 849 355 57 35 2
2 955 575 849 355 57 35 2
2 955 576 849 355 57 35 2
2 955 577 849 355 57 35 2
2 955 578 849 355 57 35 2
2 955 579 849 355 57 35 2
2 955 580 849 355 57 35 2
2 955 581 849 355 57 35 2
2 955 582 849 355 57 35 2
2 955 583 849 355 57 35 2
2 955 584 849 355 57 35 2
2 955 585 849 355 57 36 2
2 955 586 848 354 58 37 2
2 955 587 848 354 58 37 2
2 955 588 848 354 58 37 2
2 955 589 848 354 58 37 2
2 955 590 848 354 58 37 2
2 955 591 848 354 58 37 2
2 955 592 848 354 58 37 2
2 955 593 848 354 58 37 2
2 955 594 848 354 58 37 2
2 955 595 848 354 58 37 2
2 955 596 848 354 58 37 2
2 955 597 848 354 58 37 2
2 955 598 848 354 58 37 2
2 955 599 848 354 58 37 2
2 955 600 848 354 58 37 2
2 955 601 848 354 58 37 2
2 955 602 848 354 58 37 2
2 955 603 848 354 58 37 2
2 955 604 848 354 58 37 2
2 955 605 848 354 58 37 2
2 955 606 848 354 58 37 2
2 955 607 848 354 58 37 2
2 955 608 848 354 58 37 2
2 955 609 848 354 58 37 2
2 955 610 848 354 58 37 2
2 955 611 848 354 58 37 2
2 955 612 848 354 58 37 2
2 955 613 848 354 58 37 2
2 955 614 848 354 58 37 2
2 955 615 848 354 58 37 2
2 955 616 848 354 58 37 2
2 955 617 848 354 58 37 2
2 955 618 848 354 58 37 2
2 955 619 848 354 58 37 2
2 955 620 848 354 58 37 2
2 955 621 848 354 58 37 2
2 955 622 848 354 58 37 2
2 955 623 848 354 58 37 2
2 955 624 848 354 58 37 2
2 955 625 848 354 58 37 2
2 955 626 848 354 58 37 2
2 955 627 848 354 58 37 2
2 955 628 848 354 58 37 2
2 955 629 848 354 58 37 2
2 955 630 848 354 58 37 2
2 955 631 848 354 58 37 2
2 955 632 848 354 58 37 2
2 955 633 848 354 58 37 2
2 955 634 848 354 58 37 2
2 955 635 848 354 58 37 2
2 955 636 848 354 58 37 2
2 955 637 848 354 58 37 2
2 955 638 848 354 58 37 2
2 955 639 848 354 58 37 2
2 955 640 848 354 58 37 2
2 955 641 848 354 58 37 2
2 955 642 848 354 58 37 2
2 955 643 848 354 58 37 2
2 955 644 848 354 58 37 2
2 955 645 848 354 58 37 2
2 955 646 848 354 58 37 2
2 955 647 848 354 58 37 2
2 955 648 848 354 58 37 2
2 955 649 848 354 58 37 2
2 955 650 848 354 58 37 2
2 955 651 848 354 58 37 2
2 955 652 848 354 58 37 2
2 955 653 848 354 58 37 2
2 955 654 848 354 58 37 2
2 955 655 848 354 58 37 2
2 955 656 848 354 58 37 2
2 955 657 848 354 58 37 2
2 955 658 848 354 58 37 2
2 955 659 848 354 58 37 2
2 955 660 848 354 58 37 2
2 955 661 848 354 58 37 2
2 955 662 848 354 58 37 2
2 955 663 848 354 58 37 2
2 955 664 848 354 58 37 2
2 955 665 848 354 58 37 2
2 955 666 848 354 58 37 2
2 955 667 848 354 58 37 2
2 955 668 848 354 58 37 2
2 955 669 848 354 58 37 2
2 955 670 848 354 58 37 2
2 955 671 848 354 58 37 2
2 955 672 848 354 59 37 2
2 955 673 848 354 59 37 2
2 955 674 848 354 59 37 2
2 955 675 848 354 59 37 2
2 955 676 848 354 59 37 2
2 955 677 848 354 59 37 2
2 955 678 848 354 59 37 2
2 955 679 848 354 59 37 2
2 955 680 848 354 59 37 2
2 955 681 848 354 59 37 2
2 955 682 848 354 59 37 2
2 955 683 848 354 59 37 2
2 955 684 848 354 59 37 2
2 955 685 848 354 59 37 2
2 955 686 848 354 59 37 2
2 955 687 848 354 59 37 2
2 955 688 848 354 59 37 2
2 955 689 848 354 59 37 2
2 955 690 848 354 59 37 2
2 955 691 848 354 59 37 2
2 955 692 848 354 59 37 2
2 955 693 848 354 59 37 2
2 955 694 848 354 59 37 2
2 955 695 848 354 59 37 2
2 955 696 848 354 59 37 2
2 955 697 848 354 59 37 2
2 955 698 848 354 59 37 2
2 955 699 848 354 59 37 2
2 955 700 848 354 59 37 2
2 955 701 848 354 59 37 2
2 955 702 848 354 59 37 2
2 955 703 848 354 59 37 2
2 955 704 848 354 59 37 2
2 955 705 848 354 59 37 2
2 955 706 848 354 59 37 2
2 955 707 848 354 59 37 2
2 955 708 848 354 59 37 2
2 955 709 848 354 59 37 2
2 955 710 848 354 59 37 2
2 955 711 848 354 59 37 2
2 955 712 848 354 59 37 2
2 955 713 848 354 59 37 2
2 955 714 848 354 59 37 2
2 955 715 848 354 59 37 2
2 955 716 848 354 59 37 2
2 955 717 848 354 59 37 2
2 955 718 848 354 59 37 2
2 955 719 848 354 59 37 2
2 955 720 848 354 59 37 2
2 955 721 848 354 59 37 2
2 955 722 848 354 59 37 2
2 955 723 848 354 59 37 2
2 955 724 848 354 59 37 2
2 955 725 848 354 59 37 2
2 955 726 848 354 59 37 2
2 955 727 848 354 59 37 2
2 955 728 848 354 59 37 2
2 955 729 848 354 59 37 2
2 955 730 848 354 59 37 2
2 955 731 848 354 59 37 2
2 955 732 848 354 59 37 2
2 955 733 848 354 59 37 2
2 955 734 848 354 59 37 2
2 955 735 848 354 59 37 2
2 955 736 848 354 59 37 2
2 955 737 848 354 59 37 2
2 955 738 848 354 59 37 2
2 955 739 848 354 59 37 2
2 955 740 848 354 59 37 2
2 955 741 848 354 59 37 2
2 955 742 848 354 59 37 2
2 955 743 848 354 59 37 2
2 955 744 848 354 59 37 2
2 955 745 848 354 59 37 2
2 955 746 848 354 59 37 2
2 955 747 848 354 59 37 2
2 955 748 848 354 59 37 2
2 955 749 848 354 59 37 2
2 955 750 848 354 59 37 2
2 955 751 848 354 59 37 2
2 955 752 848 354 59 37 2
2 955 753 848 354 59 37 2
2 955 754 848 354 59 37 2
2 955 755 848 354 59 37 2
2 955 756 848 354 59 37 2
2 955 757 848 354 60 37 2
2 955 758 848 353 60 38 2
2 955 759 848 353 60 38 2
2 955 760 847 353 61 38 2
2 955 761 847 353 61 38 2
2 955 762 847 353 61 38 2
2 955 763 847 353 61 38 2
2 955 764 847 353 61 38 2
2 955 765 847 353 61 38 2
2 955 766 847 353 61 38 2
2 955 767 847 353 61 38 2
2 955 768 847 353 61 38 2
2 955 769 847 353 61 38 2
2 955 770 847 353 61 38 2
2 955 771 847 353 61 38 2
2 955 772 847 353 61 38 2
2 955 773 847 353 61 38 2
2 955 774 847 353 61 38 2
2 955 775 847 353 61 38 2
2 955 776 847 353 61 38 2
2 955 777 847 353 61 38 2
2 955 778 847 353 61 38 2
2 955 779 847 353 61 38 2
2 955 780 847 353 61 38 2
2 955 781 847 353 61 38 2
2 955 782 847 353 61 38 2
2 955 783 847 353 61 38 2
2 955 784 847 353 61 38 2
2 955 785 847 353 61 38 2
2 955 786 847 353 61 38 2
2 955 787 847 353 61 38 2
2 955 788 847 353 61 38 2
2 955 789 847 353 61 38 2
2 955 790 847 353 61 38 2
2 955 791 847 353 61 38 2
2 955 792 847 353 61 38 2
2 955 793 847 353 61 38 2
2 955 794 847 353 61 38 2
2 955 795 847 353 61 38 2
2 955 796 847 353 61 38 2
2 955 797 847 353 61 38 2
2 955 798 847 353 61 38 2
2 955 799 847 353 61 38 2
2 955 800 847 353 61 38 2
2 955 801 847 353 61 38 2
2 955 802 847 353 61 38 2
2 955 803 847 353 61 38 2
2 955 804 847 353 61 38 2
2 955 805 847 353 61 38 2
2 955 806 847 353 61 38 2
2 955 807 847 353 61 38 2
2 955 808 847 353 61 38 2
2 955 809 847 353 61 38 2
2 955 810 847 353 61 38 2
2 955 811 847 353 61 38 2
2 955 812 847 353 61 38 2
2 955 813 847 353 61 38 2
2 955 814 847 353 61 38 2
2 955 815 847 353 61 38 2
2 955 816 847 353 61 38 2
2 955 817 847 353 61 38 2
2 955 818 847 353 61 38 2
2 955 819 847 353 61 38 2
2 955 820 847 353 61 38 2
2 955 821 847 353 61 38 2
2 955 822 847 353 61 38 2
2 955 823 847 353 61 38 2
2 955 824 847 353 61 38 2
2 955 825 847 353 61 38 2
2 955 826 847 353 61 38 2
2 955 827 847 353 61 38 2
2 955 828 847 353 61 38 2
2 955 829 847 353 61 38 2
2 955 830 847 353 61 38 2
2 955 831 847 353 61 38 2
2 955 832 847 353 61 38 2
2 955 833 847 353 61 38 2
2 955 834 847 353 61 38 2
2 955 835 847 353 61 38 2
2 955 836 847 353 61 38 2
2 955 837 847 353 61 38 2
2 955 838 847 353 61 38 2
2 955 839 847 353 61 38 2
2 955 840 847 353 61 38 2
2 955 841 847 353 61 38 2
2 955 842 847 353 62 38 2
2 955 843 847 353 62 38 2
2 955 844 847 353 62 38 2
2 955 845 847 353 62 38 2
2 955 846 847 353 62 38 2
2 955 847 847 353 62 38 2
2 955 848 847 353 62 38 2
2 955 849 847 353 62 38 2
2 955 850 847 353 62 38 2
2 955 851 847 353 62 38 2
2 955 852 847 353 62 38 2
2 955 853 847 353 62 38 2
2 955 854 847 353 62 38 2
2 955 855 847 353 62 38 2
2 955 856 847 353 62 38 2
2 955 857 847 353 62 38 2
2 955 858 847 353 62 38 2
2 955 859 847 353 62 38 2
2 955 860 847 353 62 38 2
2 955 861 847 353 62 38 2
2 955 862 847 353 62 38 2
2 955 863 847 353 62 38 2
2 955 864 847 353 62 38 2
2 955 865 847 353 62 38 2
2 955 866 847 353 62 38 2
2 955 867 847 353 62 38 2
2 955 868 847 353 62 38 2
2 955 869 847 353 62 38 2
2 955 870 847 353 62 38 2
2 955 871 847 353 62 38 2
2 955 872 847 353 62 38 2
2 955 873 847 353 62 38 2
2 955 874 847 353 62 38 2
2 955 875 847 353 62 38 2
2 955 876 847 353 62 38 2
2 955 877 847 353 62 38 2
2 955 878 847 353 62 38 2
2 955 879 847 353 62 38 2
2 955 880 847 353 62 38 2
2 955 881 847 353 62 38 2
2 955 882 847 353 62 38 2
2 955 883 847 353 62 38 2
2 955 884 847 353 62 38 2
2 955 885 847 353 62 38 2
2 955 886 847 353 62 38 2
2 955 887 847 353 62 38 2
2 955 888 847 353 62 38 2
2 955 889 847 353 62 38 2
2 955 890 847 353 62 38 2
2 955 891 847 353 62 38 2
2 955 892 847 353 62 38 2
2 955 893 847 353 62 38 2
2 955 894 847 353 62 38 2
2 955 895 847 353 62 38 2
2 955 896 847 353 62 38 2
2 955 897 847 353 62 38 2
2 955 898 847 353 62 38 2
2 955 899 847 353 62 38 2
2 955 900 847 353 62 38 2
2 955 901 847 353 62 38 2
2 955 902 847 353 62 38 2
2 955 903 847 353 62 38 2
2 955 904 847 353 62 38 2
2 955 905 847 353 62 38 2
2 955 906 847 353 62 38 2
2 955 907 847 353 62 38 2
2 955 908 847 353 62 38 2
2 955 909 847 353 62 38 2
2 955 910 847 353 62 38 2
2 955 911 847 353 62 38 2
2 955 912 847 353 62 38 2
2 955 913 847 353 62 38 2
2 955 914 847 353 62 38 2
2 955 915 847 353 62 38 2
2 955 916 847 353 62 38 2
2 955 917 847 353 62 38 2
2 955 918 847 353 62 38 2
2 955 919 847 353 62 38 2
2 955 920 847 353 62 38 2
2 955 921 847 353 62 38 2
2 955 922 847 353 62 38 2
2 955 923 847 353 62 38 2
2 955 924 847 353 63 39 2
2 955 925 847 353 63 39 2
2 955 926 847 353 63 39 2
2 955 927 847 353 64 39 2
2 955 928 847 353 64 39 2
2 955 929 847 353 64 39 2
2 955 930 847 353 65 39 2
2 955 931 847 353 65 39 2
2 955 932 847 353 66 39 2
2 955 933 847 353 66 39 2
2 955 934 847 353 66 39 2
2 955 935 847 353 67 39 2
2 955 936 847 353 67 39 2
2 955 937 848 354 67 39 2
2 955 938 848 354 67 39 2
2 955 939 848 354 67 39 2
2 955 940 848 354 68 39 2
2 955 941 848 354 68 39 2
2 955 942 848 354 69 39 2
2 955 943 848 354 69 39 2
2 955 944 848 354 69 39 2
2 955 945 848 354 70 39 2
2 955 946 848 354 70 39 2
2 955 947 848 354 71 39 2
2 955 948 848 354 71 39 2
2 955 949 848 354 71 39 2
2 955 950 849 355 71 39 2
2 955 951 849 355 71 39 2
2 955 952 849 355 71 39 2
2 955 953 849 355 71 39 2
2 955 954 849 355 71 39 2
