22 9 482 730 1211 730 0 508 140 216 
22 9 482 730 1211 731 1 508 144 216 
22 9 482 730 1211 732 6 505 144 216 
22 9 482 730 1211 733 9 505 144 216 
22 9 482 730 1211 734 14 505 144 216 
22 9 482 730 1211 735 20 505 144 216 
22 9 482 730 1211 736 25 505 144 216 
22 9 482 730 1211 737 28 502 144 216 
22 9 482 730 1211 738 28 502 150 216 
22 9 482 730 1211 739 36 500 144 216 
22 9 482 730 1211 740 36 500 150 216 
22 9 482 730 1211 741 43 497 148 216 
22 9 482 730 1211 742 44 497 150 216 
22 9 482 730 1211 743 51 497 148 216 
22 9 482 730 1211 744 52 494 150 216 
22 9 482 730 1211 745 59 494 148 216 
22 9 482 730 1211 746 59 492 156 216 
22 9 482 730 1211 747 62 492 154 216 
22 9 482 730 1211 748 67 492 156 216 
22 9 482 730 1211 749 69 489 160 216 
22 9 482 730 1211 750 75 489 156 216 
22 9 482 730 1211 751 77 486 160 216 
22 9 482 730 1211 752 83 486 156 216 
22 9 482 730 1211 753 85 484 160 216 
22 9 482 730 1211 754 90 484 160 216 
22 9 482 730 1211 755 93 484 160 216 
22 9 482 730 1211 756 95 481 164 216 
22 9 482 730 1211 757 99 481 166 216 
22 9 482 730 1211 758 103 478 164 216 
22 9 482 730 1211 759 107 478 166 216 
22 9 482 730 1211 760 111 478 164 216 
22 9 482 730 1211 761 115 476 166 216 
22 9 482 730 1211 762 117 476 170 216 
22 9 482 730 1211 763 123 473 166 216 
22 9 482 730 1211 764 125 473 170 216 
22 9 482 730 1211 765 130 473 170 216 
22 9 482 730 1211 766 133 470 170 216 
22 9 482 730 1211 767 135 470 172 216 
22 9 482 730 1211 768 143 468 164 216 
22 9 482 730 1211 769 144 468 166 216 
22 9 482 730 1211 770 146 468 170 211 
22 9 482 730 1211 771 152 465 166 216 
22 9 482 730 1211 772 155 465 166 211 
22 9 482 730 1211 773 159 465 164 211 
22 9 482 730 1211 774 165 462 160 213 
22 9 482 730 1211 775 167 462 164 213 
22 9 482 730 1211 776 168 463 166 208 
22 9 482 730 1211 777 176 460 160 211 
22 9 482 730 1211 778 178 460 160 211 
22 9 482 730 1211 779 185 457 154 211 
22 9 482 730 1211 780 186 457 160 211 
22 9 482 730 1211 781 189 458 160 208 
22 9 482 730 1211 782 195 454 156 213 
22 9 482 730 1211 783 198 455 154 208 
22 9 482 730 1211 784 201 455 154 208 
22 9 482 730 1211 785 206 453 154 207 
22 9 482 730 1211 786 209 453 154 207 
22 9 482 730 1211 787 211 454 156 204 
22 9 482 730 1211 788 219 450 148 208 
22 9 482 730 1211 789 220 451 150 204 
22 9 482 730 1211 790 227 451 148 204 
22 9 482 730 1211 791 228 447 150 208 
22 9 482 730 1211 792 231 448 150 204 
22 9 482 730 1211 793 238 445 144 207 
22 9 482 730 1211 794 241 446 144 204 
22 9 482 730 1211 795 243 446 148 204 
22 9 482 730 1211 796 249 443 144 204 
22 9 482 730 1211 797 252 443 144 204 
22 9 482 730 1211 798 254 443 144 199 
22 9 482 730 1211 799 261 440 138 204 
22 9 482 730 1211 800 262 440 144 201 
22 9 482 730 1211 801 265 440 144 201 
22 9 482 730 1211 802 271 438 140 199 
22 9 482 730 1211 803 274 438 138 199 
22 9 482 730 1211 804 280 435 134 204 
22 9 482 730 1211 805 282 435 138 199 
22 9 482 730 1211 806 285 435 138 199 
22 9 482 730 1211 807 291 432 134 201 
22 9 482 730 1211 808 295 432 132 201 
22 9 482 730 1211 809 296 433 134 196 
22 9 482 730 1211 810 303 430 132 199 
22 9 482 730 1211 811 304 431 134 195 
22 9 482 730 1211 812 307 431 134 195 
22 9 482 730 1211 813 314 428 128 196 
22 9 482 730 1211 814 317 428 128 196 
22 9 482 730 1211 815 322 428 128 196 
22 9 482 730 1211 816 325 425 128 196 
22 9 482 730 1211 817 328 425 128 196 
22 9 482 730 1211 818 330 425 128 196 
22 9 482 730 1211 819 333 423 128 195 
22 9 482 730 1211 820 336 423 128 195 
22 9 482 730 1211 821 338 423 128 195 
22 9 482 730 1211 822 341 423 128 195 
22 9 482 730 1211 823 344 420 128 196 
22 9 482 730 1211 824 346 420 128 196 
22 9 482 730 1211 825 349 420 128 196 
22 9 482 730 1211 826 352 417 128 196 
22 9 482 730 1211 827 354 417 128 196 
22 9 482 730 1211 828 357 417 128 196 
22 9 482 730 1211 829 360 417 128 196 
22 9 482 730 1211 830 366 415 122 195 
22 9 482 730 1211 831 369 415 122 195 
22 9 482 730 1211 832 371 415 124 195 
22 9 482 730 1211 833 374 412 122 196 
22 9 482 730 1211 834 377 412 122 196 
22 9 482 730 1211 835 379 412 124 196 
22 9 482 730 1211 836 382 412 122 196 
22 9 482 730 1211 837 385 409 122 196 
22 9 482 730 1211 838 387 409 124 196 
22 9 482 730 1211 839 390 409 122 196 
22 9 482 730 1211 840 393 409 122 196 
22 9 482 730 1211 841 395 407 124 195 
22 9 482 730 1211 842 398 407 122 195 
22 9 482 730 1211 843 401 407 122 195 
22 9 482 730 1211 844 403 404 124 196 
22 9 482 730 1211 845 411 404 116 196 
22 9 482 730 1211 846 412 404 118 196 
22 9 482 730 1211 847 415 404 118 196 
22 9 482 730 1211 848 419 401 116 196 
22 9 482 730 1211 849 420 401 118 196 
22 9 482 730 1211 850 423 401 118 196 
22 9 482 730 1211 851 427 399 116 195 
22 9 482 730 1211 852 428 399 118 195 
22 9 482 730 1211 853 431 399 118 195 
22 9 482 730 1211 854 435 399 116 195 
22 9 482 730 1211 855 436 396 118 196 
22 9 482 730 1211 856 439 396 118 196 
22 9 482 730 1211 857 443 396 116 196 
22 9 482 730 1211 858 444 393 118 196 
22 9 482 730 1211 859 447 393 118 196 
22 9 482 730 1211 860 454 393 112 196 
22 9 482 730 1211 861 457 393 112 196 
22 9 482 730 1211 862 460 391 112 195 
22 9 482 730 1211 863 462 391 112 195 
22 9 482 730 1211 864 465 391 112 195 
22 9 482 730 1211 865 468 391 112 195 
22 9 482 730 1211 866 470 388 112 196 
22 9 482 730 1211 867 473 388 112 196 
22 9 482 730 1211 868 476 388 112 196 
22 9 482 730 1211 869 478 385 112 196 
22 9 482 730 1211 870 481 385 112 196 
22 9 482 730 1211 871 484 385 112 196 
22 9 482 730 1211 872 486 385 112 196 
22 9 482 730 1211 873 489 383 112 195 
22 9 482 730 1211 874 492 383 112 195 
22 9 482 730 1211 875 498 383 106 195 
22 9 482 730 1211 876 501 380 106 196 
22 9 482 730 1211 877 503 380 108 196 
22 9 482 730 1211 878 506 380 106 196 
22 9 482 730 1211 879 509 380 106 196 
22 9 482 730 1211 880 511 377 108 196 
22 9 482 730 1211 881 514 377 106 196 
22 9 482 730 1211 882 517 377 106 196 
22 9 482 730 1211 883 519 375 108 195 
22 9 482 730 1211 884 522 375 106 195 
22 9 482 730 1211 885 525 375 106 195 
22 9 482 730 1211 886 527 375 108 195 
22 9 482 730 1211 887 530 372 106 196 
22 9 482 730 1211 888 533 372 106 196 
22 9 482 730 1211 889 535 372 108 196 
22 9 482 730 1211 890 541 372 106 196 
22 9 482 730 1211 891 544 369 102 196 
22 9 482 730 1211 892 547 369 102 196 
22 9 482 730 1211 893 551 369 100 196 
22 9 482 730 1211 894 552 370 102 192 
22 9 482 730 1211 895 555 370 102 192 
22 9 482 730 1211 896 559 367 100 195 
22 9 482 730 1211 897 560 368 102 192 
22 9 482 730 1211 898 563 368 102 192 
22 9 482 730 1211 899 567 368 100 192 
22 9 482 730 1211 900 568 368 102 192 
22 9 482 730 1211 901 567 365 108 192 
22 9 482 730 1211 902 570 365 106 192 
22 9 482 730 1211 903 573 365 106 192 
22 9 482 730 1211 904 575 365 108 187 
22 9 482 730 1211 905 578 362 106 192 
22 9 482 730 1211 906 580 362 112 192 
22 9 482 730 1211 907 582 362 112 192 
22 9 482 730 1211 908 585 362 112 189 
22 9 482 730 1211 909 588 362 112 189 
22 9 482 730 1211 910 590 360 112 192 
22 9 482 730 1211 911 593 360 112 187 
22 9 482 730 1211 912 595 360 116 187 
22 9 482 730 1211 913 596 360 118 187 
22 9 482 730 1211 914 599 360 118 187 
22 9 482 730 1211 915 603 357 116 187 
22 9 482 730 1211 916 604 357 118 187 
22 9 482 730 1211 917 607 357 118 187 
22 9 482 730 1211 918 609 357 122 187 
22 9 482 730 1211 919 611 358 124 184 
22 9 482 730 1211 920 614 354 122 189 
22 9 482 730 1211 921 617 354 122 189 
22 9 482 730 1211 922 619 355 124 184 
22 9 482 730 1211 923 622 355 122 184 
22 9 482 730 1211 924 624 355 128 184 
22 9 482 730 1211 925 626 352 128 187 
22 9 482 730 1211 926 629 353 128 183 
22 9 482 730 1211 927 632 353 128 183 
22 9 482 730 1211 928 634 353 128 183 
22 9 482 730 1211 929 635 353 134 183 
22 9 482 730 1211 930 635 350 134 184 
22 9 482 730 1211 931 639 350 132 184 
22 9 482 730 1211 932 640 350 134 184 
22 9 482 730 1211 933 643 350 134 184 
22 9 482 730 1211 934 647 351 132 180 
22 9 482 730 1211 935 650 347 128 184 
22 9 482 730 1211 936 653 347 128 184 
22 9 482 730 1211 937 656 347 128 184 
22 9 482 730 1211 938 658 348 128 180 
22 9 482 730 1211 939 661 348 128 180 
22 9 482 730 1211 940 659 348 134 180 
22 9 482 730 1211 941 664 345 128 183 
22 9 482 730 1211 942 666 346 128 180 
22 9 482 730 1211 943 669 346 128 180 
22 9 482 730 1211 944 672 346 128 180 
22 9 482 730 1211 945 674 346 128 180 
22 9 482 730 1211 946 677 346 128 175 
22 9 482 730 1211 947 681 343 122 180 
22 9 482 730 1211 948 683 343 124 180 
22 9 482 730 1211 949 686 343 122 180 
22 9 482 730 1211 950 685 343 128 175 
22 9 482 730 1211 951 688 343 128 175 
22 9 482 730 1211 952 690 343 128 175 
22 9 482 730 1211 953 694 340 122 180 
22 9 482 730 1211 954 697 340 122 177 
22 9 482 730 1211 955 699 340 124 177 
22 9 482 730 1211 956 702 340 122 177 
22 9 482 730 1211 957 705 340 122 177 
22 9 482 730 1211 958 707 341 124 172 
22 9 482 730 1211 959 711 338 118 175 
22 9 482 730 1211 960 710 338 122 175 
22 9 482 730 1211 961 713 338 122 175 
22 9 482 730 1211 962 715 339 124 171 
22 9 482 730 1211 963 718 339 122 171 
22 9 482 730 1211 964 721 339 122 171 
22 9 482 730 1211 965 724 335 118 175 
22 9 482 730 1211 966 727 336 118 172 
22 9 482 730 1211 967 731 336 116 172 
22 9 482 730 1211 968 732 336 118 172 
22 9 482 730 1211 969 735 336 118 172 
22 9 482 730 1211 970 739 336 116 172 
22 9 482 730 1211 971 739 333 116 172 
22 9 482 730 1211 972 740 333 118 172 
22 9 482 730 1211 973 743 333 118 172 
22 9 482 730 1211 974 747 333 116 172 
22 9 482 730 1211 975 748 331 118 171 
22 9 482 730 1211 976 751 331 118 171 
22 9 482 730 1211 977 755 331 116 171 
22 9 482 730 1211 978 756 331 118 171 
22 9 482 730 1211 979 759 328 118 172 
22 9 482 730 1211 980 759 328 118 172 
22 9 482 730 1211 981 763 328 116 172 
22 9 482 730 1211 982 764 328 118 172 
22 9 482 730 1211 983 767 328 118 172 
22 9 482 730 1211 984 771 325 116 172 
22 9 482 730 1211 985 772 325 118 172 
22 9 482 730 1211 986 775 325 118 172 
22 9 482 730 1211 987 779 325 116 172 
22 9 482 730 1211 988 780 323 118 171 
22 9 482 730 1211 989 783 323 118 171 
22 9 482 730 1211 990 783 323 118 171 
22 9 482 730 1211 991 787 323 116 171 
22 9 482 730 1211 992 788 320 118 172 
22 9 482 730 1211 993 791 320 118 172 
22 9 482 730 1211 994 795 320 116 172 
22 9 482 730 1211 995 796 320 118 172 
22 9 482 730 1211 996 799 320 118 172 
22 9 482 730 1211 997 803 317 116 172 
22 9 482 730 1211 998 804 317 118 172 
22 9 482 730 1211 999 807 317 118 172 
22 9 482 730 1211 1000 807 317 118 172 
22 9 482 730 1211 1001 811 315 116 171 
22 9 482 730 1211 1002 812 315 118 171 
22 9 482 730 1211 1003 815 315 118 171 
22 9 482 730 1211 1004 819 315 116 171 
22 9 482 730 1211 1005 820 312 118 172 
22 9 482 730 1211 1006 823 312 118 172 
22 9 482 730 1211 1007 827 312 116 172 
22 9 482 730 1211 1008 828 312 118 172 
22 9 482 730 1211 1009 831 312 118 172 
22 9 482 730 1211 1010 831 309 118 172 
22 9 482 730 1211 1011 835 309 116 172 
22 9 482 730 1211 1012 836 309 118 172 
22 9 482 730 1211 1013 839 309 118 172 
22 9 482 730 1211 1014 843 309 116 172 
22 9 482 730 1211 1015 843 309 116 172 
22 9 482 730 1211 1016 844 310 118 168 
22 9 482 730 1211 1017 847 310 118 168 
22 9 482 730 1211 1018 851 310 116 168 
22 9 482 730 1211 1019 852 310 118 168 
22 9 482 730 1211 1020 855 307 118 171 
22 9 482 730 1211 1021 855 307 118 171 
22 9 482 730 1211 1022 859 308 116 168 
22 9 482 730 1211 1023 860 308 118 168 
22 9 482 730 1211 1024 863 308 118 168 
22 9 482 730 1211 1025 867 308 116 168 
22 9 482 730 1211 1026 867 308 116 168 
22 9 482 730 1211 1027 868 308 118 168 
22 9 482 730 1211 1028 871 308 118 163 
22 9 482 730 1211 1029 875 308 116 163 
22 9 482 730 1211 1030 876 305 118 168 
22 9 482 730 1211 1031 879 305 118 168 
22 9 482 730 1211 1032 879 305 118 168 
22 9 482 730 1211 1033 883 305 116 168 
22 9 482 730 1211 1034 884 305 118 168 
22 9 482 730 1211 1035 887 305 118 163 
22 9 482 730 1211 1036 891 305 116 163 
22 9 482 730 1211 1037 891 305 116 163 
22 9 482 730 1211 1038 892 305 118 163 
22 9 482 730 1211 1039 895 305 118 163 
22 9 482 730 1211 1040 899 302 116 168 
22 9 482 730 1211 1041 900 302 118 165 
22 9 482 730 1211 1042 903 302 118 165 
22 9 482 730 1211 1043 903 302 118 165 
22 9 482 730 1211 1044 907 302 116 165 
22 9 482 730 1211 1045 908 302 118 165 
22 9 482 730 1211 1046 911 302 118 165 
22 9 482 730 1211 1047 915 303 116 160 
22 9 482 730 1211 1048 915 303 116 160 
22 9 482 730 1211 1049 916 303 118 160 
22 9 482 730 1211 1050 919 300 118 163 
22 9 482 730 1211 1051 923 300 116 163 
22 9 482 730 1211 1052 924 300 118 163 
22 9 482 730 1211 1053 927 301 118 159 
22 9 482 730 1211 1054 927 301 118 159 
22 9 482 730 1211 1055 931 301 116 159 
22 9 482 730 1211 1056 932 301 118 159 
22 9 482 730 1211 1057 935 301 118 159 
22 9 482 730 1211 1058 939 301 116 159 
22 9 482 730 1211 1059 940 301 118 159 
22 9 482 730 1211 1060 940 298 118 160 
22 9 482 730 1211 1061 943 298 118 160 
22 9 482 730 1211 1062 943 298 118 160 
22 9 482 730 1211 1063 947 298 116 160 
22 9 482 730 1211 1064 948 298 118 160 
22 9 482 730 1211 1065 948 295 118 160 
22 9 482 730 1211 1066 951 295 118 160 
22 9 482 730 1211 1067 955 295 116 160 
22 9 482 730 1211 1068 955 295 116 160 
22 9 482 730 1211 1069 956 295 118 160 
22 9 482 730 1211 1070 959 293 118 159 
22 9 482 730 1211 1071 959 293 118 159 
22 9 482 730 1211 1072 963 293 116 159 
22 9 482 730 1211 1073 964 293 118 159 
22 9 482 730 1211 1074 964 293 118 159 
22 9 482 730 1211 1075 967 290 118 160 
22 9 482 730 1211 1076 971 290 116 160 
22 9 482 730 1211 1077 971 290 116 160 
22 9 482 730 1211 1078 972 290 118 160 
22 9 482 730 1211 1079 972 290 118 160 
22 9 482 730 1211 1080 975 287 118 160 
22 9 482 730 1211 1081 979 287 116 160 
22 9 482 730 1211 1082 979 287 116 160 
22 9 482 730 1211 1083 980 287 118 160 
22 9 482 730 1211 1084 983 287 118 160 
22 9 482 730 1211 1085 983 285 118 159 
22 9 482 730 1211 1086 987 285 116 159 
22 9 482 730 1211 1087 988 285 118 159 
22 9 482 730 1211 1088 988 285 118 159 
22 9 482 730 1211 1089 991 285 118 159 
22 9 482 730 1211 1090 995 285 116 159 
22 9 482 730 1211 1091 995 282 116 160 
22 9 482 730 1211 1092 996 282 118 160 
22 9 482 730 1211 1093 999 282 118 160 
22 9 482 730 1211 1094 999 282 118 160 
22 9 482 730 1211 1095 1003 282 116 160 
22 9 482 730 1211 1096 1004 279 118 160 
22 9 482 730 1211 1097 1004 279 118 160 
22 9 482 730 1211 1098 1007 279 118 160 
22 9 482 730 1211 1099 1007 279 118 160 
22 9 482 730 1211 1100 1011 279 116 160 
22 9 482 730 1211 1101 1012 277 118 159 
22 9 482 730 1211 1102 1012 277 118 159 
22 9 482 730 1211 1103 1015 277 118 159 
22 9 482 730 1211 1104 1019 277 116 159 
22 9 482 730 1211 1105 1019 277 116 159 
22 9 482 730 1211 1106 1020 274 118 160 
22 9 482 730 1211 1107 1023 274 118 160 
22 9 482 730 1211 1108 1023 274 118 160 
22 9 482 730 1211 1109 1027 274 116 160 
22 9 482 730 1211 1110 1028 274 118 160 
22 9 482 730 1211 1111 1028 271 118 160 
22 9 482 730 1211 1112 1031 271 118 160 
22 9 482 730 1211 1113 1035 271 116 160 
22 9 482 730 1211 1114 1035 271 116 160 
22 9 482 730 1211 1115 1036 271 118 160 
22 9 482 730 1211 1116 1039 271 118 160 
22 9 482 730 1211 1117 1039 269 118 159 
22 9 482 730 1211 1118 1043 269 116 159 
22 9 482 730 1211 1119 1043 269 116 159 
22 9 482 730 1211 1120 1044 269 118 159 
22 9 482 730 1211 1121 1047 269 118 159 
22 9 482 730 1211 1122 1047 269 118 159 
22 9 482 730 1211 1123 1051 269 116 159 
22 9 482 730 1211 1124 1051 270 116 156 
22 9 482 730 1211 1125 1052 266 118 160 
22 9 482 730 1211 1126 1055 266 118 160 
22 9 482 730 1211 1127 1055 266 118 160 
22 9 482 730 1211 1128 1059 266 116 160 
22 9 482 730 1211 1129 1059 266 116 160 
22 9 482 730 1211 1130 1060 266 118 160 
22 9 482 730 1211 1131 1063 267 118 156 
22 9 482 730 1211 1132 1063 267 118 156 
22 9 482 730 1211 1133 1067 267 116 156 
22 9 482 730 1211 1134 1067 263 116 160 
22 9 482 730 1211 1135 1068 263 118 160 
22 9 482 730 1211 1136 1071 263 118 160 
22 9 482 730 1211 1137 1071 263 118 160 
22 9 482 730 1211 1138 1075 264 116 156 
22 9 482 730 1211 1139 1075 264 116 156 
22 9 482 730 1211 1140 1076 264 118 156 
22 9 482 730 1211 1141 1079 264 118 156 
22 9 482 730 1211 1142 1079 261 118 159 
22 9 482 730 1211 1143 1083 261 116 159 
22 9 482 730 1211 1144 1083 261 116 159 
22 9 482 730 1211 1145 1084 262 118 156 
22 9 482 730 1211 1146 1087 262 118 156 
22 9 482 730 1211 1147 1087 262 118 156 
22 9 482 730 1211 1148 1091 262 116 156 
22 9 482 730 1211 1149 1091 262 116 156 
22 9 482 730 1211 1150 1092 262 118 156 
22 9 482 730 1211 1151 1095 258 118 160 
22 9 482 730 1211 1152 1095 259 118 156 
22 9 482 730 1211 1153 1099 259 116 156 
22 9 482 730 1211 1154 1099 259 116 156 
22 9 482 730 1211 1155 1100 259 118 156 
22 9 482 730 1211 1156 1103 259 118 156 
22 9 482 730 1211 1157 1103 259 118 156 
22 9 482 730 1211 1158 1107 259 116 156 
22 9 482 730 1211 1159 1108 259 118 156 
22 9 482 730 1211 1160 1108 256 118 156 
22 9 482 730 1211 1161 1108 256 118 156 
22 9 482 730 1211 1162 1108 256 118 156 
22 9 482 730 1211 1163 1108 256 118 156 
22 9 482 730 1211 1164 1111 256 118 156 
22 9 482 730 1211 1165 1111 256 118 156 
22 9 482 730 1211 1166 1111 256 118 156 
22 9 482 730 1211 1167 1111 256 118 156 
22 9 482 730 1211 1168 1111 254 118 156 
22 9 482 730 1211 1169 1115 254 116 156 
22 9 482 730 1211 1170 1115 254 116 156 
22 9 482 730 1211 1171 1115 254 116 156 
22 9 482 730 1211 1172 1115 254 116 156 
22 9 482 730 1211 1173 1116 254 118 156 
22 9 482 730 1211 1174 1116 254 118 156 
22 9 482 730 1211 1175 1116 254 118 156 
22 9 482 730 1211 1176 1116 251 118 156 
22 9 482 730 1211 1177 1116 251 118 156 
22 9 482 730 1211 1178 1119 251 118 156 
22 9 482 730 1211 1179 1119 251 118 156 
22 9 482 730 1211 1180 1119 251 118 156 
22 9 482 730 1211 1181 1119 251 118 156 
22 9 482 730 1211 1182 1123 251 116 156 
22 9 482 730 1211 1183 1123 251 116 156 
22 9 482 730 1211 1184 1123 248 116 156 
22 9 482 730 1211 1185 1123 248 116 156 
22 9 482 730 1211 1186 1123 248 116 156 
22 9 482 730 1211 1187 1124 248 118 156 
22 9 482 730 1211 1188 1124 248 118 156 
22 9 482 730 1211 1189 1124 248 118 156 
22 9 482 730 1211 1190 1124 248 118 156 
22 9 482 730 1211 1191 1127 248 118 156 
22 9 482 730 1211 1192 1115 251 116 156 
22 9 482 730 1211 1193 1100 254 118 156 
22 9 482 730 1211 1194 1087 256 118 156 
22 9 482 730 1211 1195 1075 258 116 160 
22 9 482 730 1211 1196 1060 261 118 159 
22 9 482 730 1211 1197 1047 263 118 160 
22 9 482 730 1211 1198 1035 266 116 160 
22 9 482 730 1211 1199 1023 271 118 160 
22 9 482 730 1211 1200 1011 274 116 160 
22 9 482 730 1211 1201 996 277 118 159 
22 9 482 730 1211 1202 983 279 118 160 
22 9 482 730 1211 1203 971 281 116 163 
22 9 482 730 1211 1204 956 284 118 163 
22 9 482 730 1211 1205 943 286 118 165 
22 9 482 730 1211 1206 932 292 118 163 
22 9 482 730 1211 1207 919 294 118 165 
22 9 482 730 1211 1208 907 297 116 163 
22 9 482 730 1211 1209 892 300 118 163 
22 9 482 730 1211 1210 879 302 118 168 
22 9 482 730 1211 1211 867 305 116 168 
29 1 91 1254 1344 1254 1088 236 215 184 
29 1 91 1254 1344 1255 1088 236 215 184 
29 1 91 1254 1344 1256 1088 236 215 184 
29 1 91 1254 1344 1257 1088 236 215 184 
29 1 91 1254 1344 1258 1088 236 215 184 
29 1 91 1254 1344 1259 1088 236 215 184 
29 1 91 1254 1344 1260 1088 236 215 184 
29 1 91 1254 1344 1261 1088 236 215 184 
29 1 91 1254 1344 1262 1088 236 215 184 
29 1 91 1254 1344 1263 1088 236 215 184 
29 1 91 1254 1344 1264 1088 236 215 184 
29 1 91 1254 1344 1265 1088 236 215 184 
29 1 91 1254 1344 1266 1088 236 215 184 
29 1 91 1254 1344 1267 1088 236 215 184 
29 1 91 1254 1344 1268 1088 236 215 184 
29 1 91 1254 1344 1269 1088 236 215 184 
29 1 91 1254 1344 1270 1088 236 215 184 
29 1 91 1254 1344 1271 1088 236 215 184 
29 1 91 1254 1344 1272 1088 236 215 184 
29 1 91 1254 1344 1273 1088 236 215 184 
29 1 91 1254 1344 1274 1088 236 215 184 
29 1 91 1254 1344 1275 1088 236 215 184 
29 1 91 1254 1344 1276 1088 236 215 184 
29 1 91 1254 1344 1277 1088 236 215 184 
29 1 91 1254 1344 1278 1088 236 215 184 
29 1 91 1254 1344 1279 1088 236 215 184 
29 1 91 1254 1344 1280 1088 236 215 184 
29 1 91 1254 1344 1281 1088 236 215 184 
29 1 91 1254 1344 1282 1088 236 215 184 
29 1 91 1254 1344 1283 1088 236 215 184 
29 1 91 1254 1344 1284 1088 236 215 184 
29 1 91 1254 1344 1285 1088 236 215 184 
29 1 91 1254 1344 1286 1088 236 215 184 
29 1 91 1254 1344 1287 1088 236 215 184 
29 1 91 1254 1344 1288 1088 236 215 184 
29 1 91 1254 1344 1289 1088 236 215 184 
29 1 91 1254 1344 1290 1088 236 215 184 
29 1 91 1254 1344 1291 1088 236 215 184 
29 1 91 1254 1344 1292 1088 236 215 184 
29 1 91 1254 1344 1293 1088 236 215 184 
29 1 91 1254 1344 1294 1088 236 215 184 
29 1 91 1254 1344 1295 1088 236 215 184 
29 1 91 1254 1344 1296 1088 236 215 184 
29 1 91 1254 1344 1297 1088 236 215 184 
29 1 91 1254 1344 1298 1088 236 215 184 
29 1 91 1254 1344 1299 1088 236 215 184 
29 1 91 1254 1344 1300 1088 236 215 184 
29 1 91 1254 1344 1301 1088 236 215 184 
29 1 91 1254 1344 1302 1088 236 215 184 
29 1 91 1254 1344 1303 1088 236 215 184 
29 1 91 1254 1344 1304 1088 236 215 184 
29 1 91 1254 1344 1305 1088 236 215 184 
29 1 91 1254 1344 1306 1088 236 215 184 
29 1 91 1254 1344 1307 1088 236 215 184 
29 1 91 1254 1344 1308 1088 236 215 184 
29 1 91 1254 1344 1309 1088 236 215 184 
29 1 91 1254 1344 1310 1088 236 215 184 
29 1 91 1254 1344 1311 1088 236 215 184 
29 1 91 1254 1344 1312 1088 236 215 184 
29 1 91 1254 1344 1313 1088 236 215 184 
29 1 91 1254 1344 1314 1088 236 215 184 
29 1 91 1254 1344 1315 1088 236 215 184 
29 1 91 1254 1344 1316 1088 236 215 184 
29 1 91 1254 1344 1317 1088 236 215 184 
29 1 91 1254 1344 1318 1088 236 215 184 
29 1 91 1254 1344 1319 1088 236 215 184 
29 1 91 1254 1344 1320 1088 236 215 184 
29 1 91 1254 1344 1321 1088 236 215 184 
29 1 91 1254 1344 1322 1088 236 215 184 
29 1 91 1254 1344 1323 1088 236 215 184 
29 1 91 1254 1344 1324 1088 236 215 184 
29 1 91 1254 1344 1325 1088 236 215 184 
29 1 91 1254 1344 1326 1088 236 215 184 
29 1 91 1254 1344 1327 1088 236 215 184 
29 1 91 1254 1344 1328 1088 236 215 184 
29 1 91 1254 1344 1329 1088 236 215 184 
29 1 91 1254 1344 1330 1088 236 215 184 
29 1 91 1254 1344 1331 1088 236 215 184 
29 1 91 1254 1344 1332 1088 236 215 184 
29 1 91 1254 1344 1333 1088 236 215 184 
29 1 91 1254 1344 1334 1088 236 215 184 
29 1 91 1254 1344 1335 1088 236 215 184 
29 1 91 1254 1344 1336 1088 236 215 184 
29 1 91 1254 1344 1337 1088 236 215 184 
29 1 91 1254 1344 1338 1088 236 215 184 
29 1 91 1254 1344 1339 1088 236 215 184 
29 1 91 1254 1344 1340 1088 236 215 184 
29 1 91 1254 1344 1341 1088 236 215 184 
29 1 91 1254 1344 1342 1088 236 215 184 
29 1 91 1254 1344 1343 1088 236 215 184 
29 1 91 1254 1344 1344 1088 236 215 184 
30 4 59 1339 1397 1339 1088 222 190 182 
30 4 59 1339 1397 1340 1088 222 190 182 
30 4 59 1339 1397 1341 1088 222 190 182 
30 4 59 1339 1397 1342 1088 222 190 182 
30 4 59 1339 1397 1343 1088 222 190 182 
30 4 59 1339 1397 1344 1088 222 190 182 
30 4 59 1339 1397 1345 1088 222 190 182 
30 4 59 1339 1397 1346 1088 222 190 182 
30 4 59 1339 1397 1347 1088 222 190 182 
30 4 59 1339 1397 1348 1088 222 190 182 
30 4 59 1339 1397 1349 1088 222 190 182 
30 4 59 1339 1397 1350 1088 222 190 182 
30 4 59 1339 1397 1351 1088 222 190 182 
30 4 59 1339 1397 1352 1088 222 190 182 
30 4 59 1339 1397 1353 1088 222 190 182 
30 4 59 1339 1397 1354 1088 222 190 182 
30 4 59 1339 1397 1355 1088 222 190 182 
30 4 59 1339 1397 1356 1088 222 190 182 
30 4 59 1339 1397 1357 1088 222 190 182 
30 4 59 1339 1397 1358 1088 222 190 182 
30 4 59 1339 1397 1359 1088 222 190 182 
30 4 59 1339 1397 1360 1088 222 190 182 
30 4 59 1339 1397 1361 1088 222 190 182 
30 4 59 1339 1397 1362 1088 222 190 182 
30 4 59 1339 1397 1363 1088 222 190 182 
30 4 59 1339 1397 1364 1088 222 190 182 
30 4 59 1339 1397 1365 1088 222 190 182 
30 4 59 1339 1397 1366 1088 222 190 182 
30 4 59 1339 1397 1367 1088 222 190 182 
30 4 59 1339 1397 1368 1088 222 190 182 
30 4 59 1339 1397 1369 1088 222 190 182 
30 4 59 1339 1397 1370 1088 222 190 182 
30 4 59 1339 1397 1371 1088 222 190 182 
30 4 59 1339 1397 1372 1088 222 190 182 
30 4 59 1339 1397 1373 1088 222 190 182 
30 4 59 1339 1397 1374 1088 222 190 182 
30 4 59 1339 1397 1375 1088 222 190 182 
30 4 59 1339 1397 1376 1088 222 190 182 
30 4 59 1339 1397 1377 1088 222 190 182 
30 4 59 1339 1397 1378 1088 222 190 182 
30 4 59 1339 1397 1379 1088 222 190 182 
30 4 59 1339 1397 1380 1088 222 190 182 
30 4 59 1339 1397 1381 1088 222 190 182 
30 4 59 1339 1397 1382 1088 222 190 182 
30 4 59 1339 1397 1383 1088 222 190 182 
30 4 59 1339 1397 1384 1088 222 190 182 
30 4 59 1339 1397 1385 1088 222 190 182 
30 4 59 1339 1397 1386 1088 222 190 182 
30 4 59 1339 1397 1387 1088 222 190 182 
30 4 59 1339 1397 1388 1088 222 190 182 
30 4 59 1339 1397 1389 1088 222 190 182 
30 4 59 1339 1397 1390 1088 222 190 182 
30 4 59 1339 1397 1391 1088 222 190 182 
30 4 59 1339 1397 1392 1088 222 190 182 
30 4 59 1339 1397 1393 1088 222 190 182 
30 4 59 1339 1397 1394 1088 222 190 182 
30 4 59 1339 1397 1395 1088 222 190 182 
30 4 59 1339 1397 1396 1088 222 190 182 
30 4 59 1339 1397 1397 1088 222 190 182 
31 9 903 619 1521 619 876 17 54 72 
31 9 903 619 1521 620 876 17 54 72 
31 9 903 619 1521 621 876 17 54 72 
31 9 903 619 1521 622 876 17 54 72 
31 9 903 619 1521 623 879 17 54 72 
31 9 903 619 1521 624 879 17 54 72 
31 9 903 619 1521 625 879 17 54 72 
31 9 903 619 1521 626 879 17 54 72 
31 9 903 619 1521 627 879 16 54 76 
31 9 903 619 1521 628 879 16 54 76 
31 9 903 619 1521 629 879 16 54 76 
31 9 903 619 1521 630 879 16 54 76 
31 9 903 619 1521 631 879 16 54 76 
31 9 903 619 1521 632 879 20 54 72 
31 9 903 619 1521 633 879 20 54 72 
31 9 903 619 1521 634 883 20 52 72 
31 9 903 619 1521 635 883 20 52 72 
31 9 903 619 1521 636 883 20 52 72 
31 9 903 619 1521 637 883 20 52 72 
31 9 903 619 1521 638 883 20 52 72 
31 9 903 619 1521 639 883 20 52 72 
31 9 903 619 1521 640 883 20 52 72 
31 9 903 619 1521 641 883 20 52 72 
31 9 903 619 1521 642 883 20 52 72 
31 9 903 619 1521 643 883 20 52 72 
31 9 903 619 1521 644 883 20 52 72 
31 9 903 619 1521 645 884 20 54 72 
31 9 903 619 1521 646 884 20 54 72 
31 9 903 619 1521 647 884 20 54 72 
31 9 903 619 1521 648 884 20 54 72 
31 9 903 619 1521 649 884 20 54 72 
31 9 903 619 1521 650 884 20 54 72 
31 9 903 619 1521 651 884 20 54 72 
31 9 903 619 1521 652 884 20 54 72 
31 9 903 619 1521 653 884 20 54 72 
31 9 903 619 1521 654 884 19 54 75 
31 9 903 619 1521 655 884 19 54 75 
31 9 903 619 1521 656 887 19 54 75 
31 9 903 619 1521 657 887 19 54 75 
31 9 903 619 1521 658 887 19 54 75 
31 9 903 619 1521 659 887 19 54 75 
31 9 903 619 1521 660 887 19 54 75 
31 9 903 619 1521 661 887 19 54 75 
31 9 903 619 1521 662 887 19 54 75 
31 9 903 619 1521 663 887 22 54 72 
31 9 903 619 1521 664 887 22 54 72 
31 9 903 619 1521 665 887 22 54 72 
31 9 903 619 1521 666 887 22 54 72 
31 9 903 619 1521 667 891 22 52 72 
31 9 903 619 1521 668 891 22 52 72 
31 9 903 619 1521 669 891 22 52 72 
31 9 903 619 1521 670 891 22 52 72 
31 9 903 619 1521 671 891 22 52 72 
31 9 903 619 1521 672 891 22 52 72 
31 9 903 619 1521 673 891 22 52 72 
31 9 903 619 1521 674 891 22 52 72 
31 9 903 619 1521 675 891 22 52 72 
31 9 903 619 1521 676 891 22 52 72 
31 9 903 619 1521 677 891 22 52 72 
31 9 903 619 1521 678 892 22 54 72 
31 9 903 619 1521 679 892 22 54 72 
31 9 903 619 1521 680 892 22 54 72 
31 9 903 619 1521 681 892 21 54 76 
31 9 903 619 1521 682 892 21 54 76 
31 9 903 619 1521 683 892 21 54 76 
31 9 903 619 1521 684 892 21 54 76 
31 9 903 619 1521 685 892 21 54 76 
31 9 903 619 1521 686 892 21 54 76 
31 9 903 619 1521 687 892 21 54 76 
31 9 903 619 1521 688 892 21 54 76 
31 9 903 619 1521 689 895 21 54 76 
31 9 903 619 1521 690 895 21 54 76 
31 9 903 619 1521 691 895 21 54 76 
31 9 903 619 1521 692 895 21 54 76 
31 9 903 619 1521 693 895 21 54 76 
31 9 903 619 1521 694 895 21 54 76 
31 9 903 619 1521 695 895 25 54 72 
31 9 903 619 1521 696 895 25 54 72 
31 9 903 619 1521 697 895 25 54 72 
31 9 903 619 1521 698 895 25 54 72 
31 9 903 619 1521 699 895 25 54 72 
31 9 903 619 1521 700 895 25 54 72 
31 9 903 619 1521 701 899 25 52 72 
31 9 903 619 1521 702 899 25 52 72 
31 9 903 619 1521 703 899 25 52 72 
31 9 903 619 1521 704 899 25 52 72 
31 9 903 619 1521 705 899 25 52 72 
31 9 903 619 1521 706 899 25 52 72 
31 9 903 619 1521 707 899 25 52 72 
31 9 903 619 1521 708 899 24 52 76 
31 9 903 619 1521 709 899 24 52 76 
31 9 903 619 1521 710 899 24 52 76 
31 9 903 619 1521 711 899 24 52 76 
31 9 903 619 1521 712 900 24 54 76 
31 9 903 619 1521 713 900 24 54 76 
31 9 903 619 1521 714 900 24 54 76 
31 9 903 619 1521 715 900 24 54 76 
31 9 903 619 1521 716 900 24 54 76 
31 9 903 619 1521 717 900 24 54 76 
31 9 903 619 1521 718 900 24 54 76 
31 9 903 619 1521 719 900 24 54 76 
31 9 903 619 1521 720 900 24 54 76 
31 9 903 619 1521 721 900 24 54 76 
31 9 903 619 1521 722 900 24 54 76 
31 9 903 619 1521 723 903 24 54 76 
31 9 903 619 1521 724 903 24 54 76 
31 9 903 619 1521 725 903 24 54 76 
31 9 903 619 1521 726 903 28 54 72 
31 9 903 619 1521 727 903 28 54 72 
31 9 903 619 1521 728 903 28 54 72 
31 9 903 619 1521 729 903 28 54 72 
31 9 903 619 1521 730 903 28 54 72 
31 9 903 619 1521 731 903 28 54 72 
31 9 903 619 1521 732 903 28 54 72 
31 9 903 619 1521 733 903 28 54 72 
31 9 903 619 1521 734 907 28 52 72 
31 9 903 619 1521 735 907 27 52 75 
31 9 903 619 1521 736 907 27 52 75 
31 9 903 619 1521 737 907 27 52 75 
31 9 903 619 1521 738 907 27 52 75 
31 9 903 619 1521 739 907 27 52 75 
31 9 903 619 1521 740 907 27 52 75 
31 9 903 619 1521 741 907 27 52 75 
31 9 903 619 1521 742 907 27 52 75 
31 9 903 619 1521 743 907 27 52 75 
31 9 903 619 1521 744 907 27 52 75 
31 9 903 619 1521 745 908 27 54 75 
31 9 903 619 1521 746 908 27 54 75 
31 9 903 619 1521 747 908 27 54 75 
31 9 903 619 1521 748 908 27 54 75 
31 9 903 619 1521 749 908 27 54 75 
31 9 903 619 1521 750 908 27 54 75 
31 9 903 619 1521 751 908 27 54 75 
31 9 903 619 1521 752 908 27 54 75 
31 9 903 619 1521 753 908 27 54 75 
31 9 903 619 1521 754 908 27 54 75 
31 9 903 619 1521 755 908 27 54 75 
31 9 903 619 1521 756 911 27 54 75 
31 9 903 619 1521 757 911 27 54 75 
31 9 903 619 1521 758 911 30 54 72 
31 9 903 619 1521 759 911 30 54 72 
31 9 903 619 1521 760 911 30 54 72 
31 9 903 619 1521 761 911 30 54 72 
31 9 903 619 1521 762 911 29 54 76 
31 9 903 619 1521 763 911 29 54 76 
31 9 903 619 1521 764 911 29 54 76 
31 9 903 619 1521 765 911 29 54 76 
31 9 903 619 1521 766 911 29 54 76 
31 9 903 619 1521 767 915 29 52 76 
31 9 903 619 1521 768 915 29 52 76 
31 9 903 619 1521 769 915 29 52 76 
31 9 903 619 1521 770 915 29 52 76 
31 9 903 619 1521 771 915 29 52 76 
31 9 903 619 1521 772 915 29 52 76 
31 9 903 619 1521 773 915 29 52 76 
31 9 903 619 1521 774 915 29 52 76 
31 9 903 619 1521 775 915 29 52 76 
31 9 903 619 1521 776 915 29 52 76 
31 9 903 619 1521 777 915 29 52 76 
31 9 903 619 1521 778 916 29 54 76 
31 9 903 619 1521 779 916 29 54 76 
31 9 903 619 1521 780 916 29 54 76 
31 9 903 619 1521 781 916 29 54 76 
31 9 903 619 1521 782 916 29 54 76 
31 9 903 619 1521 783 916 29 54 76 
31 9 903 619 1521 784 916 29 54 76 
31 9 903 619 1521 785 916 29 54 76 
31 9 903 619 1521 786 916 29 54 76 
31 9 903 619 1521 787 916 29 54 76 
31 9 903 619 1521 788 916 29 54 76 
31 9 903 619 1521 789 919 32 54 76 
31 9 903 619 1521 790 919 32 54 76 
31 9 903 619 1521 791 919 32 54 76 
31 9 903 619 1521 792 919 32 54 76 
31 9 903 619 1521 793 919 32 54 76 
31 9 903 619 1521 794 919 32 54 76 
31 9 903 619 1521 795 919 32 54 76 
31 9 903 619 1521 796 923 32 52 76 
31 9 903 619 1521 797 923 32 52 76 
31 9 903 619 1521 798 923 32 52 76 
31 9 903 619 1521 799 923 32 52 76 
31 9 903 619 1521 800 923 32 52 76 
31 9 903 619 1521 801 923 32 52 76 
31 9 903 619 1521 802 923 32 52 76 
31 9 903 619 1521 803 924 32 54 76 
31 9 903 619 1521 804 924 32 54 76 
31 9 903 619 1521 805 924 32 54 76 
31 9 903 619 1521 806 924 32 54 76 
31 9 903 619 1521 807 924 32 54 76 
31 9 903 619 1521 808 924 32 54 76 
31 9 903 619 1521 809 924 32 54 76 
31 9 903 619 1521 810 927 32 54 76 
31 9 903 619 1521 811 927 32 54 76 
31 9 903 619 1521 812 927 35 54 75 
31 9 903 619 1521 813 927 35 54 75 
31 9 903 619 1521 814 927 35 54 75 
31 9 903 619 1521 815 927 35 54 75 
31 9 903 619 1521 816 927 35 54 75 
31 9 903 619 1521 817 931 35 52 75 
31 9 903 619 1521 818 931 35 52 75 
31 9 903 619 1521 819 931 35 52 75 
31 9 903 619 1521 820 931 35 52 75 
31 9 903 619 1521 821 931 35 52 75 
31 9 903 619 1521 822 931 35 52 75 
31 9 903 619 1521 823 931 35 52 75 
31 9 903 619 1521 824 932 35 54 75 
31 9 903 619 1521 825 932 35 54 75 
31 9 903 619 1521 826 932 35 54 75 
31 9 903 619 1521 827 932 35 54 75 
31 9 903 619 1521 828 932 35 54 75 
31 9 903 619 1521 829 932 35 54 75 
31 9 903 619 1521 830 932 35 54 75 
31 9 903 619 1521 831 935 35 54 75 
31 9 903 619 1521 832 935 35 54 75 
31 9 903 619 1521 833 935 35 54 75 
31 9 903 619 1521 834 935 37 54 76 
31 9 903 619 1521 835 935 37 54 76 
31 9 903 619 1521 836 935 37 54 76 
31 9 903 619 1521 837 935 37 54 76 
31 9 903 619 1521 838 939 37 52 76 
31 9 903 619 1521 839 939 37 52 76 
31 9 903 619 1521 840 939 37 52 76 
31 9 903 619 1521 841 939 37 52 76 
31 9 903 619 1521 842 939 37 52 76 
31 9 903 619 1521 843 939 37 52 76 
31 9 903 619 1521 844 939 37 52 76 
31 9 903 619 1521 845 940 37 54 76 
31 9 903 619 1521 846 940 37 54 76 
31 9 903 619 1521 847 940 37 54 76 
31 9 903 619 1521 848 940 37 54 76 
31 9 903 619 1521 849 940 37 54 76 
31 9 903 619 1521 850 940 37 54 76 
31 9 903 619 1521 851 940 37 54 76 
31 9 903 619 1521 852 943 37 54 76 
31 9 903 619 1521 853 943 37 54 76 
31 9 903 619 1521 854 943 37 54 76 
31 9 903 619 1521 855 943 37 54 76 
31 9 903 619 1521 856 943 40 54 76 
31 9 903 619 1521 857 943 40 54 76 
31 9 903 619 1521 858 943 40 54 76 
31 9 903 619 1521 859 947 40 52 76 
31 9 903 619 1521 860 947 40 52 76 
31 9 903 619 1521 861 947 40 52 76 
31 9 903 619 1521 862 947 40 52 76 
31 9 903 619 1521 863 947 40 52 76 
31 9 903 619 1521 864 947 40 52 76 
31 9 903 619 1521 865 947 40 52 76 
31 9 903 619 1521 866 948 40 54 76 
31 9 903 619 1521 867 948 40 54 76 
31 9 903 619 1521 868 948 40 54 76 
31 9 903 619 1521 869 948 40 54 76 
31 9 903 619 1521 870 948 40 54 76 
31 9 903 619 1521 871 948 40 54 76 
31 9 903 619 1521 872 948 40 54 76 
31 9 903 619 1521 873 951 40 54 76 
31 9 903 619 1521 874 951 40 54 76 
31 9 903 619 1521 875 951 40 54 76 
31 9 903 619 1521 876 951 40 54 76 
31 9 903 619 1521 877 951 40 54 76 
31 9 903 619 1521 878 951 43 54 75 
31 9 903 619 1521 879 951 43 54 75 
31 9 903 619 1521 880 955 43 52 75 
31 9 903 619 1521 881 955 43 52 75 
31 9 903 619 1521 882 955 43 52 75 
31 9 903 619 1521 883 955 43 52 75 
31 9 903 619 1521 884 955 43 52 75 
31 9 903 619 1521 885 955 43 52 75 
31 9 903 619 1521 886 955 43 52 75 
31 9 903 619 1521 887 956 43 54 75 
31 9 903 619 1521 888 956 43 54 75 
31 9 903 619 1521 889 956 43 54 75 
31 9 903 619 1521 890 956 43 54 75 
31 9 903 619 1521 891 956 43 54 75 
31 9 903 619 1521 892 956 43 54 75 
31 9 903 619 1521 893 956 43 54 75 
31 9 903 619 1521 894 959 43 54 75 
31 9 903 619 1521 895 959 43 54 75 
31 9 903 619 1521 896 959 43 54 75 
31 9 903 619 1521 897 959 43 54 75 
31 9 903 619 1521 898 959 43 54 75 
31 9 903 619 1521 899 959 43 54 75 
31 9 903 619 1521 900 963 45 52 76 
31 9 903 619 1521 901 963 45 52 76 
31 9 903 619 1521 902 963 45 52 76 
31 9 903 619 1521 903 963 45 52 76 
31 9 903 619 1521 904 963 45 52 76 
31 9 903 619 1521 905 961 45 58 76 
31 9 903 619 1521 906 964 45 54 76 
31 9 903 619 1521 907 964 45 54 76 
31 9 903 619 1521 908 964 45 54 76 
31 9 903 619 1521 909 964 45 54 76 
31 9 903 619 1521 910 963 45 60 76 
31 9 903 619 1521 911 963 45 60 76 
31 9 903 619 1521 912 967 45 54 76 
31 9 903 619 1521 913 967 45 54 76 
31 9 903 619 1521 914 966 45 58 76 
31 9 903 619 1521 915 966 45 58 76 
31 9 903 619 1521 916 966 45 58 76 
31 9 903 619 1521 917 966 45 58 76 
31 9 903 619 1521 918 971 45 52 76 
31 9 903 619 1521 919 969 45 58 76 
31 9 903 619 1521 920 969 45 58 76 
31 9 903 619 1521 921 969 45 58 76 
31 9 903 619 1521 922 969 45 58 76 
31 9 903 619 1521 923 971 44 60 81 
31 9 903 619 1521 924 971 44 60 81 
31 9 903 619 1521 925 971 44 60 81 
31 9 903 619 1521 926 971 44 60 81 
31 9 903 619 1521 927 971 44 60 81 
31 9 903 619 1521 928 970 44 64 81 
31 9 903 619 1521 929 974 44 58 81 
31 9 903 619 1521 930 974 44 58 81 
31 9 903 619 1521 931 974 44 58 81 
31 9 903 619 1521 932 974 44 58 81 
31 9 903 619 1521 933 973 44 64 81 
31 9 903 619 1521 934 973 44 64 81 
31 9 903 619 1521 935 977 44 58 81 
31 9 903 619 1521 936 977 44 58 81 
31 9 903 619 1521 937 976 44 64 81 
31 9 903 619 1521 938 976 44 64 81 
31 9 903 619 1521 939 976 44 64 81 
31 9 903 619 1521 940 976 44 64 81 
31 9 903 619 1521 941 979 44 60 81 
31 9 903 619 1521 942 978 44 64 81 
31 9 903 619 1521 943 978 44 64 81 
31 9 903 619 1521 944 978 44 64 81 
31 9 903 619 1521 945 978 44 64 81 
31 9 903 619 1521 946 981 44 64 84 
31 9 903 619 1521 947 981 44 64 84 
31 9 903 619 1521 948 981 44 64 84 
31 9 903 619 1521 949 981 44 64 84 
31 9 903 619 1521 950 981 44 64 84 
31 9 903 619 1521 951 981 44 64 84 
31 9 903 619 1521 952 984 44 64 84 
31 9 903 619 1521 953 984 44 64 84 
31 9 903 619 1521 954 984 44 64 84 
31 9 903 619 1521 955 984 44 64 84 
31 9 903 619 1521 956 984 44 64 84 
31 9 903 619 1521 957 984 44 64 84 
31 9 903 619 1521 958 986 44 64 84 
31 9 903 619 1521 959 986 44 64 84 
31 9 903 619 1521 960 986 44 64 84 
31 9 903 619 1521 961 986 44 64 84 
31 9 903 619 1521 962 986 47 64 84 
31 9 903 619 1521 963 986 47 64 84 
31 9 903 619 1521 964 989 47 64 84 
31 9 903 619 1521 965 989 47 64 84 
31 9 903 619 1521 966 989 47 64 84 
31 9 903 619 1521 967 989 47 64 84 
31 9 903 619 1521 968 989 47 64 84 
31 9 903 619 1521 969 992 47 64 84 
31 9 903 619 1521 970 992 47 64 84 
31 9 903 619 1521 971 992 47 64 84 
31 9 903 619 1521 972 992 47 64 84 
31 9 903 619 1521 973 992 47 64 84 
31 9 903 619 1521 974 992 47 64 84 
31 9 903 619 1521 975 994 47 64 84 
31 9 903 619 1521 976 994 47 64 84 
31 9 903 619 1521 977 994 47 64 84 
31 9 903 619 1521 978 994 50 64 84 
31 9 903 619 1521 979 994 50 64 84 
31 9 903 619 1521 980 994 50 64 84 
31 9 903 619 1521 981 997 50 64 84 
31 9 903 619 1521 982 997 50 64 84 
31 9 903 619 1521 983 997 50 64 84 
31 9 903 619 1521 984 997 50 64 84 
31 9 903 619 1521 985 997 50 64 84 
31 9 903 619 1521 986 997 50 64 84 
31 9 903 619 1521 987 1000 50 64 84 
31 9 903 619 1521 988 1000 50 64 84 
31 9 903 619 1521 989 1000 50 64 84 
31 9 903 619 1521 990 1000 50 64 84 
31 9 903 619 1521 991 1000 50 64 84 
31 9 903 619 1521 992 1002 50 64 84 
31 9 903 619 1521 993 1002 50 64 84 
31 9 903 619 1521 994 1002 52 64 84 
31 9 903 619 1521 995 1002 52 64 84 
31 9 903 619 1521 996 1002 52 64 84 
31 9 903 619 1521 997 1002 52 64 84 
31 9 903 619 1521 998 1005 52 64 84 
31 9 903 619 1521 999 1005 52 64 84 
31 9 903 619 1521 1000 1005 52 64 84 
31 9 903 619 1521 1001 1005 52 64 84 
31 9 903 619 1521 1002 1005 52 64 84 
31 9 903 619 1521 1003 1005 52 64 84 
31 9 903 619 1521 1004 1008 52 64 84 
31 9 903 619 1521 1005 1008 52 64 84 
31 9 903 619 1521 1006 1008 52 64 84 
31 9 903 619 1521 1007 1008 52 64 84 
31 9 903 619 1521 1008 1008 52 64 84 
31 9 903 619 1521 1009 1010 55 64 84 
31 9 903 619 1521 1010 1010 55 64 84 
31 9 903 619 1521 1011 1010 55 64 84 
31 9 903 619 1521 1012 1010 55 64 84 
31 9 903 619 1521 1013 1010 55 64 84 
31 9 903 619 1521 1014 1010 55 64 84 
31 9 903 619 1521 1015 1010 55 64 84 
31 9 903 619 1521 1016 1010 55 64 84 
31 9 903 619 1521 1017 1008 55 70 84 
31 9 903 619 1521 1018 1013 55 64 84 
31 9 903 619 1521 1019 1013 54 64 88 
31 9 903 619 1521 1020 1013 54 64 88 
31 9 903 619 1521 1021 1013 54 64 88 
31 9 903 619 1521 1022 1013 54 64 88 
31 9 903 619 1521 1023 1013 54 64 88 
31 9 903 619 1521 1024 1011 58 70 84 
31 9 903 619 1521 1025 1011 58 70 84 
31 9 903 619 1521 1026 1016 58 64 84 
31 9 903 619 1521 1027 1016 58 64 84 
31 9 903 619 1521 1028 1016 58 64 84 
31 9 903 619 1521 1029 1016 57 64 87 
31 9 903 619 1521 1030 1016 57 64 87 
31 9 903 619 1521 1031 1015 57 68 87 
31 9 903 619 1521 1032 1015 57 68 87 
31 9 903 619 1521 1033 1015 57 68 87 
31 9 903 619 1521 1034 1018 57 64 87 
31 9 903 619 1521 1035 1018 57 64 87 
31 9 903 619 1521 1036 1018 57 64 87 
31 9 903 619 1521 1037 1018 57 64 87 
31 9 903 619 1521 1038 1016 59 70 88 
31 9 903 619 1521 1039 1016 59 70 88 
31 9 903 619 1521 1040 1016 59 70 88 
31 9 903 619 1521 1041 1016 59 70 88 
31 9 903 619 1521 1042 1016 59 70 88 
31 9 903 619 1521 1043 1021 59 64 88 
31 9 903 619 1521 1044 1021 59 64 88 
31 9 903 619 1521 1045 1021 59 64 88 
31 9 903 619 1521 1046 1019 59 70 88 
31 9 903 619 1521 1047 1019 59 70 88 
31 9 903 619 1521 1048 1019 58 70 93 
31 9 903 619 1521 1049 1019 58 70 93 
31 9 903 619 1521 1050 1019 58 70 93 
31 9 903 619 1521 1051 1024 58 64 93 
31 9 903 619 1521 1052 1024 58 64 93 
31 9 903 619 1521 1053 1023 62 68 88 
31 9 903 619 1521 1054 1023 62 68 88 
31 9 903 619 1521 1055 1023 62 68 88 
31 9 903 619 1521 1056 1023 62 68 88 
31 9 903 619 1521 1057 1023 62 68 88 
31 9 903 619 1521 1058 1023 61 68 91 
31 9 903 619 1521 1059 1026 61 64 91 
31 9 903 619 1521 1060 1024 61 70 91 
31 9 903 619 1521 1061 1024 61 70 91 
31 9 903 619 1521 1062 1024 61 70 91 
31 9 903 619 1521 1063 1024 61 70 91 
31 9 903 619 1521 1064 1024 61 70 91 
31 9 903 619 1521 1065 1024 61 70 91 
31 9 903 619 1521 1066 1024 61 70 91 
31 9 903 619 1521 1067 1027 64 70 91 
31 9 903 619 1521 1068 1027 64 70 91 
31 9 903 619 1521 1069 1027 64 70 91 
31 9 903 619 1521 1070 1027 64 70 91 
31 9 903 619 1521 1071 1027 64 70 91 
31 9 903 619 1521 1072 1027 64 70 91 
31 9 903 619 1521 1073 1027 64 70 91 
31 9 903 619 1521 1074 1027 64 70 91 
31 9 903 619 1521 1075 1031 66 68 93 
31 9 903 619 1521 1076 1031 66 68 93 
31 9 903 619 1521 1077 1031 66 68 93 
31 9 903 619 1521 1078 1031 66 68 93 
31 9 903 619 1521 1079 1031 66 68 93 
31 9 903 619 1521 1080 1031 66 68 93 
31 9 903 619 1521 1081 1031 66 68 93 
31 9 903 619 1521 1082 1031 66 68 93 
31 9 903 619 1521 1083 1032 69 70 91 
31 9 903 619 1521 1084 1032 69 70 91 
31 9 903 619 1521 1085 1032 69 70 91 
31 9 903 619 1521 1086 1032 69 70 91 
31 9 903 619 1521 1087 1032 69 70 91 
31 9 903 619 1521 1088 1032 69 70 91 
31 9 903 619 1521 1089 1032 69 70 91 
31 9 903 619 1521 1090 1032 69 70 91 
31 9 903 619 1521 1091 1035 72 70 91 
31 9 903 619 1521 1092 1035 72 70 91 
31 9 903 619 1521 1093 1035 72 70 91 
31 9 903 619 1521 1094 1035 72 70 91 
31 9 903 619 1521 1095 1035 72 70 91 
31 9 903 619 1521 1096 1035 72 70 91 
31 9 903 619 1521 1097 1035 72 70 91 
31 9 903 619 1521 1098 1035 72 70 91 
31 9 903 619 1521 1099 1039 74 68 93 
31 9 903 619 1521 1100 1039 74 68 93 
31 9 903 619 1521 1101 1039 74 68 93 
31 9 903 619 1521 1102 1039 74 68 93 
31 9 903 619 1521 1103 1039 74 68 93 
31 9 903 619 1521 1104 1039 74 68 93 
31 9 903 619 1521 1105 1039 74 68 93 
31 9 903 619 1521 1106 1039 74 68 93 
31 9 903 619 1521 1107 1040 77 70 91 
31 9 903 619 1521 1108 1040 77 70 91 
31 9 903 619 1521 1109 1040 77 70 91 
31 9 903 619 1521 1110 1040 77 70 91 
31 9 903 619 1521 1111 1040 77 70 91 
31 9 903 619 1521 1112 1040 77 70 91 
31 9 903 619 1521 1113 1040 77 70 91 
31 9 903 619 1521 1114 1040 77 70 91 
31 9 903 619 1521 1115 1043 80 70 91 
31 9 903 619 1521 1116 1043 80 70 91 
31 9 903 619 1521 1117 1043 80 70 91 
31 9 903 619 1521 1118 1043 80 70 91 
31 9 903 619 1521 1119 1043 80 70 91 
31 9 903 619 1521 1120 1043 80 70 91 
31 9 903 619 1521 1121 1043 80 70 91 
31 9 903 619 1521 1122 1047 82 68 93 
31 9 903 619 1521 1123 1047 82 68 93 
31 9 903 619 1521 1124 1047 82 68 93 
31 9 903 619 1521 1125 1047 82 68 93 
31 9 903 619 1521 1126 1047 82 68 93 
31 9 903 619 1521 1127 1047 82 68 93 
31 9 903 619 1521 1128 1047 82 68 93 
31 9 903 619 1521 1129 1047 82 68 93 
31 9 903 619 1521 1130 1047 82 68 93 
31 9 903 619 1521 1131 1047 82 68 93 
31 9 903 619 1521 1132 1047 82 68 93 
31 9 903 619 1521 1133 1048 82 70 93 
31 9 903 619 1521 1134 1048 82 70 93 
31 9 903 619 1521 1135 1048 82 70 93 
31 9 903 619 1521 1136 1048 82 70 93 
31 9 903 619 1521 1137 1048 82 70 93 
31 9 903 619 1521 1138 1048 82 70 93 
31 9 903 619 1521 1139 1048 85 70 91 
31 9 903 619 1521 1140 1048 85 70 91 
31 9 903 619 1521 1141 1048 85 70 91 
31 9 903 619 1521 1142 1048 85 70 91 
31 9 903 619 1521 1143 1048 85 70 91 
31 9 903 619 1521 1144 1051 85 70 91 
31 9 903 619 1521 1145 1051 85 70 91 
31 9 903 619 1521 1146 1051 85 70 91 
31 9 903 619 1521 1147 1051 85 70 91 
31 9 903 619 1521 1148 1051 85 70 91 
31 9 903 619 1521 1149 1051 85 70 91 
31 9 903 619 1521 1150 1051 85 70 91 
31 9 903 619 1521 1151 1051 85 70 91 
31 9 903 619 1521 1152 1051 85 70 91 
31 9 903 619 1521 1153 1051 85 70 91 
31 9 903 619 1521 1154 1051 85 70 91 
31 9 903 619 1521 1155 1055 88 68 91 
31 9 903 619 1521 1156 1055 88 68 91 
31 9 903 619 1521 1157 1055 88 68 91 
31 9 903 619 1521 1158 1055 88 68 91 
31 9 903 619 1521 1159 1055 88 68 91 
31 9 903 619 1521 1160 1055 88 68 91 
31 9 903 619 1521 1161 1055 88 68 91 
31 9 903 619 1521 1162 1055 88 68 91 
31 9 903 619 1521 1163 1055 88 68 91 
31 9 903 619 1521 1164 1055 88 68 91 
31 9 903 619 1521 1165 1055 88 68 91 
31 9 903 619 1521 1166 1056 88 70 91 
31 9 903 619 1521 1167 1056 88 70 91 
31 9 903 619 1521 1168 1056 88 70 91 
31 9 903 619 1521 1169 1056 88 70 91 
31 9 903 619 1521 1170 1056 88 70 91 
31 9 903 619 1521 1171 1056 90 70 93 
31 9 903 619 1521 1172 1056 90 70 93 
31 9 903 619 1521 1173 1056 90 70 93 
31 9 903 619 1521 1174 1056 90 70 93 
31 9 903 619 1521 1175 1056 90 70 93 
31 9 903 619 1521 1176 1056 90 70 93 
31 9 903 619 1521 1177 1059 90 70 93 
31 9 903 619 1521 1178 1059 90 70 93 
31 9 903 619 1521 1179 1059 90 70 93 
31 9 903 619 1521 1180 1059 90 70 93 
31 9 903 619 1521 1181 1059 90 70 93 
31 9 903 619 1521 1182 1059 90 70 93 
31 9 903 619 1521 1183 1059 90 70 93 
31 9 903 619 1521 1184 1059 90 70 93 
31 9 903 619 1521 1185 1059 90 70 93 
31 9 903 619 1521 1186 1059 90 70 93 
31 9 903 619 1521 1187 1063 93 68 91 
31 9 903 619 1521 1188 1063 93 68 91 
31 9 903 619 1521 1189 1063 93 68 91 
31 9 903 619 1521 1190 1063 93 68 91 
31 9 903 619 1521 1191 1063 93 68 91 
31 9 903 619 1521 1192 1063 93 68 91 
31 9 903 619 1521 1193 1063 93 68 91 
31 9 903 619 1521 1194 1063 93 68 91 
31 9 903 619 1521 1195 1063 93 68 91 
31 9 903 619 1521 1196 1063 93 68 91 
31 9 903 619 1521 1197 1063 93 68 91 
31 9 903 619 1521 1198 1063 93 68 91 
31 9 903 619 1521 1199 1063 93 68 91 
31 9 903 619 1521 1200 1064 96 70 91 
31 9 903 619 1521 1201 1064 96 70 91 
31 9 903 619 1521 1202 1064 96 70 91 
31 9 903 619 1521 1203 1064 96 70 91 
31 9 903 619 1521 1204 1064 96 70 91 
31 9 903 619 1521 1205 1063 96 76 91 
31 9 903 619 1521 1206 1067 96 70 91 
31 9 903 619 1521 1207 1067 96 70 91 
31 9 903 619 1521 1208 1067 96 70 96 
31 9 903 619 1521 1209 1067 96 70 96 
31 9 903 619 1521 1210 1066 96 74 96 
31 9 903 619 1521 1211 1071 96 68 96 
31 9 903 619 1521 1212 1071 96 68 96 
31 9 903 619 1521 1213 1071 96 68 96 
31 9 903 619 1521 1214 1071 96 68 96 
31 9 903 619 1521 1215 1069 95 74 99 
31 9 903 619 1521 1216 1072 95 70 99 
31 9 903 619 1521 1217 1072 95 70 99 
31 9 903 619 1521 1218 1072 95 70 99 
31 9 903 619 1521 1219 1072 95 70 99 
31 9 903 619 1521 1220 1071 95 76 99 
31 9 903 619 1521 1221 1075 95 70 99 
31 9 903 619 1521 1222 1075 94 70 103 
31 9 903 619 1521 1223 1075 94 70 103 
31 9 903 619 1521 1224 1075 94 70 103 
31 9 903 619 1521 1225 1074 94 74 103 
31 9 903 619 1521 1226 1074 94 74 103 
31 9 903 619 1521 1227 1079 94 68 103 
31 9 903 619 1521 1228 1079 94 68 103 
31 9 903 619 1521 1229 1079 94 68 103 
31 9 903 619 1521 1230 1077 94 74 108 
31 9 903 619 1521 1231 1077 94 74 108 
31 9 903 619 1521 1232 1080 94 70 108 
31 9 903 619 1521 1233 1080 94 70 108 
31 9 903 619 1521 1234 1080 94 70 108 
31 9 903 619 1521 1235 1079 94 76 108 
31 9 903 619 1521 1236 1079 94 76 108 
31 9 903 619 1521 1237 1083 96 70 108 
31 9 903 619 1521 1238 1083 96 70 108 
31 9 903 619 1521 1239 1082 96 74 108 
31 9 903 619 1521 1240 1082 96 74 108 
31 9 903 619 1521 1241 1082 96 74 108 
31 9 903 619 1521 1242 1087 96 68 108 
31 9 903 619 1521 1243 1087 96 68 108 
31 9 903 619 1521 1244 1085 95 74 112 
31 9 903 619 1521 1245 1085 95 74 112 
31 9 903 619 1521 1246 1085 95 74 112 
31 9 903 619 1521 1247 1088 95 70 112 
31 9 903 619 1521 1248 1088 95 70 112 
31 9 903 619 1521 1249 1087 95 76 112 
31 9 903 619 1521 1250 1087 95 76 112 
31 9 903 619 1521 1251 1087 95 76 112 
31 9 903 619 1521 1252 1087 94 76 117 
31 9 903 619 1521 1253 1091 94 70 117 
31 9 903 619 1521 1254 1090 94 74 117 
31 9 903 619 1521 1255 1090 94 74 117 
31 9 903 619 1521 1256 1090 94 74 117 
31 9 903 619 1521 1257 1090 94 74 117 
31 9 903 619 1521 1258 1095 94 68 117 
31 9 903 619 1521 1259 1093 94 74 120 
31 9 903 619 1521 1260 1093 94 74 120 
31 9 903 619 1521 1261 1093 94 74 120 
31 9 903 619 1521 1262 1093 94 74 120 
31 9 903 619 1521 1263 1096 94 70 120 
31 9 903 619 1521 1264 1095 94 76 120 
31 9 903 619 1521 1265 1095 94 76 120 
31 9 903 619 1521 1266 1095 93 76 124 
31 9 903 619 1521 1267 1095 93 76 124 
31 9 903 619 1521 1268 1099 93 70 124 
31 9 903 619 1521 1269 1098 93 74 124 
31 9 903 619 1521 1270 1098 93 74 124 
31 9 903 619 1521 1271 1098 93 74 124 
31 9 903 619 1521 1272 1098 93 74 124 
31 9 903 619 1521 1273 1101 96 74 124 
31 9 903 619 1521 1274 1101 96 74 124 
31 9 903 619 1521 1275 1101 96 74 124 
31 9 903 619 1521 1276 1103 96 76 124 
31 9 903 619 1521 1277 1103 96 76 124 
31 9 903 619 1521 1278 1103 96 76 124 
31 9 903 619 1521 1279 1106 96 74 124 
31 9 903 619 1521 1280 1106 96 74 124 
31 9 903 619 1521 1281 1109 96 74 124 
31 9 903 619 1521 1282 1109 96 74 124 
31 9 903 619 1521 1283 1109 96 74 124 
31 9 903 619 1521 1284 1111 96 76 124 
31 9 903 619 1521 1285 1111 96 76 124 
31 9 903 619 1521 1286 1114 96 74 124 
31 9 903 619 1521 1287 1114 96 74 124 
31 9 903 619 1521 1288 1114 96 74 124 
31 9 903 619 1521 1289 1117 96 74 124 
31 9 903 619 1521 1290 1117 96 74 124 
31 9 903 619 1521 1291 1119 96 76 124 
31 9 903 619 1521 1292 1119 99 76 123 
31 9 903 619 1521 1293 1119 99 76 123 
31 9 903 619 1521 1294 1122 99 74 123 
31 9 903 619 1521 1295 1122 99 74 123 
31 9 903 619 1521 1296 1125 99 74 123 
31 9 903 619 1521 1297 1125 99 74 123 
31 9 903 619 1521 1298 1125 99 74 123 
31 9 903 619 1521 1299 1127 99 76 123 
31 9 903 619 1521 1300 1127 99 76 123 
31 9 903 619 1521 1301 1130 99 74 123 
31 9 903 619 1521 1302 1130 99 74 123 
31 9 903 619 1521 1303 1130 99 74 123 
31 9 903 619 1521 1304 1133 99 74 123 
31 9 903 619 1521 1305 1133 99 74 123 
31 9 903 619 1521 1306 1135 99 76 123 
31 9 903 619 1521 1307 1135 99 76 123 
31 9 903 619 1521 1308 1135 99 76 123 
31 9 903 619 1521 1309 1138 99 74 123 
31 9 903 619 1521 1310 1138 101 74 124 
31 9 903 619 1521 1311 1141 101 74 124 
31 9 903 619 1521 1312 1141 101 74 124 
31 9 903 619 1521 1313 1141 101 74 124 
31 9 903 619 1521 1314 1143 101 76 124 
31 9 903 619 1521 1315 1143 101 76 124 
31 9 903 619 1521 1316 1146 101 74 124 
31 9 903 619 1521 1317 1146 101 74 124 
31 9 903 619 1521 1318 1146 101 74 124 
31 9 903 619 1521 1319 1149 101 74 124 
31 9 903 619 1521 1320 1149 101 74 124 
31 9 903 619 1521 1321 1151 101 76 124 
31 9 903 619 1521 1322 1151 101 76 124 
31 9 903 619 1521 1323 1151 101 76 124 
31 9 903 619 1521 1324 1154 101 74 124 
31 9 903 619 1521 1325 1154 101 74 124 
31 9 903 619 1521 1326 1157 101 74 124 
31 9 903 619 1521 1327 1157 101 74 124 
31 9 903 619 1521 1328 1157 104 74 124 
31 9 903 619 1521 1329 1159 104 76 124 
31 9 903 619 1521 1330 1159 104 76 124 
31 9 903 619 1521 1331 1162 104 74 124 
31 9 903 619 1521 1332 1162 104 74 124 
31 9 903 619 1521 1333 1162 104 74 124 
31 9 903 619 1521 1334 1165 104 74 124 
31 9 903 619 1521 1335 1165 104 74 124 
31 9 903 619 1521 1336 1167 104 76 124 
31 9 903 619 1521 1337 1167 104 76 124 
31 9 903 619 1521 1338 1167 104 76 124 
31 9 903 619 1521 1339 1170 104 74 124 
31 9 903 619 1521 1340 1170 104 74 124 
31 9 903 619 1521 1341 1173 104 74 124 
31 9 903 619 1521 1342 1173 104 74 124 
31 9 903 619 1521 1343 1173 104 74 124 
31 9 903 619 1521 1344 1175 104 76 124 
31 9 903 619 1521 1345 1175 104 76 124 
31 9 903 619 1521 1346 1178 107 74 123 
31 9 903 619 1521 1347 1178 107 74 123 
31 9 903 619 1521 1348 1178 107 74 123 
31 9 903 619 1521 1349 1181 107 74 123 
31 9 903 619 1521 1350 1181 107 74 123 
31 9 903 619 1521 1351 1183 107 76 123 
31 9 903 619 1521 1352 1183 107 76 123 
31 9 903 619 1521 1353 1182 107 80 123 
31 9 903 619 1521 1354 1186 109 74 124 
31 9 903 619 1521 1355 1185 109 80 124 
31 9 903 619 1521 1356 1189 109 74 124 
31 9 903 619 1521 1357 1188 109 80 124 
31 9 903 619 1521 1358 1191 109 76 124 
31 9 903 619 1521 1359 1191 109 76 124 
31 9 903 619 1521 1360 1190 109 80 124 
31 9 903 619 1521 1361 1194 109 74 124 
31 9 903 619 1521 1362 1193 112 80 124 
31 9 903 619 1521 1363 1197 112 74 124 
31 9 903 619 1521 1364 1196 112 80 124 
31 9 903 619 1521 1365 1199 112 76 124 
31 9 903 619 1521 1366 1198 112 80 124 
31 9 903 619 1521 1367 1198 112 80 124 
31 9 903 619 1521 1368 1201 112 80 124 
31 9 903 619 1521 1369 1201 115 80 123 
31 9 903 619 1521 1370 1205 115 74 123 
31 9 903 619 1521 1371 1204 115 80 123 
31 9 903 619 1521 1372 1207 115 76 123 
31 9 903 619 1521 1373 1206 115 80 123 
31 9 903 619 1521 1374 1206 115 80 123 
31 9 903 619 1521 1375 1209 115 80 123 
31 9 903 619 1521 1376 1209 115 80 123 
31 9 903 619 1521 1377 1212 117 80 124 
31 9 903 619 1521 1378 1212 117 80 124 
31 9 903 619 1521 1379 1214 117 80 124 
31 9 903 619 1521 1380 1214 117 80 124 
31 9 903 619 1521 1381 1214 117 80 124 
31 9 903 619 1521 1382 1217 117 80 124 
31 9 903 619 1521 1383 1217 117 80 124 
31 9 903 619 1521 1384 1220 120 80 124 
31 9 903 619 1521 1385 1220 120 80 124 
31 9 903 619 1521 1386 1222 120 80 124 
31 9 903 619 1521 1387 1222 120 80 124 
31 9 903 619 1521 1388 1220 120 86 124 
31 9 903 619 1521 1389 1225 120 80 124 
31 9 903 619 1521 1390 1223 120 86 124 
31 9 903 619 1521 1391 1228 120 80 124 
31 9 903 619 1521 1392 1228 123 80 123 
31 9 903 619 1521 1393 1230 123 80 123 
31 9 903 619 1521 1394 1230 123 80 123 
31 9 903 619 1521 1395 1228 123 86 123 
31 9 903 619 1521 1396 1233 123 80 123 
31 9 903 619 1521 1397 1231 123 86 123 
31 9 903 619 1521 1398 1236 123 80 123 
31 9 903 619 1521 1399 1235 125 84 124 
31 9 903 619 1521 1400 1238 125 80 124 
31 9 903 619 1521 1401 1236 125 86 124 
31 9 903 619 1521 1402 1236 125 86 124 
31 9 903 619 1521 1403 1241 125 80 124 
31 9 903 619 1521 1404 1239 125 86 124 
31 9 903 619 1521 1405 1244 125 80 124 
31 9 903 619 1521 1406 1243 125 84 124 
31 9 903 619 1521 1407 1246 128 80 124 
31 9 903 619 1521 1408 1244 128 86 124 
31 9 903 619 1521 1409 1244 128 86 124 
31 9 903 619 1521 1410 1247 128 86 124 
31 9 903 619 1521 1411 1247 128 86 124 
31 9 903 619 1521 1412 1251 128 84 124 
31 9 903 619 1521 1413 1251 128 84 124 
31 9 903 619 1521 1414 1252 131 86 123 
31 9 903 619 1521 1415 1252 131 86 123 
31 9 903 619 1521 1416 1252 131 86 123 
31 9 903 619 1521 1417 1255 131 86 123 
31 9 903 619 1521 1418 1255 131 86 123 
31 9 903 619 1521 1419 1259 131 84 123 
31 9 903 619 1521 1420 1259 131 84 123 
31 9 903 619 1521 1421 1260 131 86 123 
31 9 903 619 1521 1422 1260 131 86 123 
31 9 903 619 1521 1423 1263 131 86 123 
31 9 903 619 1521 1424 1263 131 86 123 
31 9 903 619 1521 1425 1267 133 84 124 
31 9 903 619 1521 1426 1267 133 84 124 
31 9 903 619 1521 1427 1268 133 86 124 
31 9 903 619 1521 1428 1268 133 86 124 
31 9 903 619 1521 1429 1271 133 86 124 
31 9 903 619 1521 1430 1271 133 86 124 
31 9 903 619 1521 1431 1275 133 84 124 
31 9 903 619 1521 1432 1275 133 84 124 
31 9 903 619 1521 1433 1275 133 84 124 
31 9 903 619 1521 1434 1276 133 86 124 
31 9 903 619 1521 1435 1276 136 86 124 
31 9 903 619 1521 1436 1279 136 86 124 
31 9 903 619 1521 1437 1279 136 86 124 
31 9 903 619 1521 1438 1283 136 84 124 
31 9 903 619 1521 1439 1283 136 84 124 
31 9 903 619 1521 1440 1284 136 86 124 
31 9 903 619 1521 1441 1284 136 86 124 
31 9 903 619 1521 1442 1287 136 86 124 
31 9 903 619 1521 1443 1287 136 86 124 
31 9 903 619 1521 1444 1291 136 84 124 
31 9 903 619 1521 1445 1291 139 84 123 
31 9 903 619 1521 1446 1292 139 86 123 
31 9 903 619 1521 1447 1292 139 86 123 
31 9 903 619 1521 1448 1295 139 86 123 
31 9 903 619 1521 1449 1295 139 86 123 
31 9 903 619 1521 1450 1295 139 86 123 
31 9 903 619 1521 1451 1299 139 84 123 
31 9 903 619 1521 1452 1299 139 84 123 
31 9 903 619 1521 1453 1300 139 86 123 
31 9 903 619 1521 1454 1300 139 86 123 
31 9 903 619 1521 1455 1303 141 86 124 
31 9 903 619 1521 1456 1303 141 86 124 
31 9 903 619 1521 1457 1307 141 84 124 
31 9 903 619 1521 1458 1307 141 84 124 
31 9 903 619 1521 1459 1308 141 86 124 
31 9 903 619 1521 1460 1308 141 86 124 
31 9 903 619 1521 1461 1311 141 86 124 
31 9 903 619 1521 1462 1311 141 86 124 
31 9 903 619 1521 1463 1315 141 84 124 
31 9 903 619 1521 1464 1315 141 84 124 
31 9 903 619 1521 1465 1316 144 86 124 
31 9 903 619 1521 1466 1316 144 86 124 
31 9 903 619 1521 1467 1316 144 86 124 
31 9 903 619 1521 1468 1319 144 86 124 
31 9 903 619 1521 1469 1319 144 86 124 
31 9 903 619 1521 1470 1323 144 84 124 
31 9 903 619 1521 1471 1323 144 84 124 
31 9 903 619 1521 1472 1324 144 86 124 
31 9 903 619 1521 1473 1324 147 86 123 
31 9 903 619 1521 1474 1327 147 86 123 
31 9 903 619 1521 1475 1327 147 86 123 
31 9 903 619 1521 1476 1331 147 84 123 
31 9 903 619 1521 1477 1331 147 84 123 
31 9 903 619 1521 1478 1332 147 86 123 
31 9 903 619 1521 1479 1332 147 86 123 
31 9 903 619 1521 1480 1335 149 86 124 
31 9 903 619 1521 1481 1335 149 86 124 
31 9 903 619 1521 1482 1339 149 84 124 
31 9 903 619 1521 1483 1339 149 84 124 
31 9 903 619 1521 1484 1340 149 86 124 
31 9 903 619 1521 1485 1340 149 86 124 
31 9 903 619 1521 1486 1343 149 86 124 
31 9 903 619 1521 1487 1343 149 86 124 
31 9 903 619 1521 1488 1347 152 84 124 
31 9 903 619 1521 1489 1347 152 84 124 
31 9 903 619 1521 1490 1348 152 86 124 
31 9 903 619 1521 1491 1348 152 86 124 
31 9 903 619 1521 1492 1348 152 86 124 
31 9 903 619 1521 1493 1351 152 86 124 
31 9 903 619 1521 1494 1351 152 86 124 
31 9 903 619 1521 1495 1355 155 84 123 
31 9 903 619 1521 1496 1355 155 84 123 
31 9 903 619 1521 1497 1356 155 86 123 
31 9 903 619 1521 1498 1356 155 86 123 
31 9 903 619 1521 1499 1359 155 86 123 
31 9 903 619 1521 1500 1359 155 86 123 
31 9 903 619 1521 1501 1363 155 84 123 
31 9 903 619 1521 1502 1363 155 84 123 
31 9 903 619 1521 1503 1364 157 86 124 
31 9 903 619 1521 1504 1364 157 86 124 
31 9 903 619 1521 1505 1367 157 86 124 
31 9 903 619 1521 1506 1367 157 86 124 
31 9 903 619 1521 1507 1371 157 84 124 
31 9 903 619 1521 1508 1371 157 84 124 
31 9 903 619 1521 1509 1372 157 86 124 
31 9 903 619 1521 1510 1372 160 86 124 
31 9 903 619 1521 1511 1375 160 86 124 
31 9 903 619 1521 1512 1375 160 86 124 
31 9 903 619 1521 1513 1379 160 84 124 
31 9 903 619 1521 1514 1379 160 84 124 
31 9 903 619 1521 1515 1380 160 86 124 
31 9 903 619 1521 1516 1380 160 86 124 
31 9 903 619 1521 1517 1383 163 86 123 
31 9 903 619 1521 1518 1383 163 86 123 
31 9 903 619 1521 1519 1387 165 84 124 
31 9 903 619 1521 1520 1387 168 84 124 
31 9 903 619 1521 1521 1388 171 86 123 
32 9 322 600 921 600 903 13 44 76 
32 9 322 600 921 601 903 13 44 76 
32 9 322 600 921 602 903 13 44 76 
32 9 322 600 921 603 903 13 44 76 
32 9 322 600 921 604 903 13 44 76 
32 9 322 600 921 605 903 13 44 76 
32 9 322 600 921 606 903 13 44 76 
32 9 322 600 921 607 903 13 44 76 
32 9 322 600 921 608 903 13 44 76 
32 9 322 600 921 609 903 13 44 76 
32 9 322 600 921 610 903 13 44 76 
32 9 322 600 921 611 906 13 42 76 
32 9 322 600 921 612 906 13 42 76 
32 9 322 600 921 613 906 13 42 76 
32 9 322 600 921 614 906 13 42 76 
32 9 322 600 921 615 906 13 42 76 
32 9 322 600 921 616 906 13 42 76 
32 9 322 600 921 617 906 13 42 76 
32 9 322 600 921 618 906 13 42 76 
32 9 322 600 921 619 906 13 42 76 
32 9 322 600 921 620 906 13 42 76 
32 9 322 600 921 621 909 13 42 76 
32 9 322 600 921 622 909 13 42 76 
32 9 322 600 921 623 909 13 42 76 
32 9 322 600 921 624 909 13 42 76 
32 9 322 600 921 625 909 13 42 76 
32 9 322 600 921 626 909 13 42 76 
32 9 322 600 921 627 909 16 42 76 
32 9 322 600 921 628 909 16 42 76 
32 9 322 600 921 629 909 16 42 76 
32 9 322 600 921 630 909 16 42 76 
32 9 322 600 921 631 909 16 42 76 
32 9 322 600 921 632 911 16 44 76 
32 9 322 600 921 633 911 16 44 76 
32 9 322 600 921 634 911 16 44 76 
32 9 322 600 921 635 911 16 44 76 
32 9 322 600 921 636 911 16 44 76 
32 9 322 600 921 637 911 16 44 76 
32 9 322 600 921 638 911 16 44 76 
32 9 322 600 921 639 911 16 44 76 
32 9 322 600 921 640 911 16 44 76 
32 9 322 600 921 641 911 16 44 76 
32 9 322 600 921 642 914 16 42 76 
32 9 322 600 921 643 914 16 42 76 
32 9 322 600 921 644 914 16 42 76 
32 9 322 600 921 645 914 16 42 76 
32 9 322 600 921 646 914 16 42 76 
32 9 322 600 921 647 914 16 42 76 
32 9 322 600 921 648 914 16 42 76 
32 9 322 600 921 649 914 16 42 76 
32 9 322 600 921 650 914 16 42 76 
32 9 322 600 921 651 914 16 42 76 
32 9 322 600 921 652 917 16 42 76 
32 9 322 600 921 653 917 19 42 75 
32 9 322 600 921 654 917 19 42 75 
32 9 322 600 921 655 917 19 42 75 
32 9 322 600 921 656 917 19 42 75 
32 9 322 600 921 657 917 19 42 75 
32 9 322 600 921 658 917 19 42 75 
32 9 322 600 921 659 917 19 42 75 
32 9 322 600 921 660 917 19 42 75 
32 9 322 600 921 661 917 19 42 75 
32 9 322 600 921 662 917 19 42 75 
32 9 322 600 921 663 919 19 44 75 
32 9 322 600 921 664 919 19 44 75 
32 9 322 600 921 665 919 19 44 75 
32 9 322 600 921 666 919 19 44 75 
32 9 322 600 921 667 919 19 44 75 
32 9 322 600 921 668 919 19 44 75 
32 9 322 600 921 669 919 19 44 75 
32 9 322 600 921 670 919 19 44 75 
32 9 322 600 921 671 919 19 44 75 
32 9 322 600 921 672 919 19 44 75 
32 9 322 600 921 673 922 19 42 75 
32 9 322 600 921 674 922 19 42 75 
32 9 322 600 921 675 922 19 42 75 
32 9 322 600 921 676 922 19 42 75 
32 9 322 600 921 677 922 19 42 75 
32 9 322 600 921 678 922 19 42 75 
32 9 322 600 921 679 922 19 42 75 
32 9 322 600 921 680 922 21 42 76 
32 9 322 600 921 681 922 21 42 76 
32 9 322 600 921 682 922 21 42 76 
32 9 322 600 921 683 925 21 42 76 
32 9 322 600 921 684 925 21 42 76 
32 9 322 600 921 685 925 21 42 76 
32 9 322 600 921 686 925 21 42 76 
32 9 322 600 921 687 925 21 42 76 
32 9 322 600 921 688 925 21 42 76 
32 9 322 600 921 689 925 21 42 76 
32 9 322 600 921 690 925 21 42 76 
32 9 322 600 921 691 925 21 42 76 
32 9 322 600 921 692 925 21 42 76 
32 9 322 600 921 693 925 21 42 76 
32 9 322 600 921 694 927 21 44 76 
32 9 322 600 921 695 927 21 44 76 
32 9 322 600 921 696 927 21 44 76 
32 9 322 600 921 697 927 21 44 76 
32 9 322 600 921 698 927 21 44 76 
32 9 322 600 921 699 927 21 44 76 
32 9 322 600 921 700 927 21 44 76 
32 9 322 600 921 701 927 21 44 76 
32 9 322 600 921 702 927 21 44 76 
32 9 322 600 921 703 927 21 44 76 
32 9 322 600 921 704 930 21 42 76 
32 9 322 600 921 705 930 21 42 76 
32 9 322 600 921 706 930 24 42 76 
32 9 322 600 921 707 930 24 42 76 
32 9 322 600 921 708 930 24 42 76 
32 9 322 600 921 709 930 24 42 76 
32 9 322 600 921 710 930 24 42 76 
32 9 322 600 921 711 930 24 42 76 
32 9 322 600 921 712 930 24 42 76 
32 9 322 600 921 713 930 24 42 76 
32 9 322 600 921 714 933 24 42 76 
32 9 322 600 921 715 933 24 42 76 
32 9 322 600 921 716 933 24 42 76 
32 9 322 600 921 717 933 24 42 76 
32 9 322 600 921 718 933 24 42 76 
32 9 322 600 921 719 933 24 42 76 
32 9 322 600 921 720 933 24 42 76 
32 9 322 600 921 721 933 24 42 76 
32 9 322 600 921 722 933 24 42 76 
32 9 322 600 921 723 933 24 42 76 
32 9 322 600 921 724 933 24 42 76 
32 9 322 600 921 725 935 24 44 76 
32 9 322 600 921 726 935 24 44 76 
32 9 322 600 921 727 935 24 44 76 
32 9 322 600 921 728 935 24 44 76 
32 9 322 600 921 729 935 24 44 76 
32 9 322 600 921 730 935 24 44 76 
32 9 322 600 921 731 935 24 44 76 
32 9 322 600 921 732 935 24 44 76 
32 9 322 600 921 733 935 27 44 75 
32 9 322 600 921 734 935 27 44 75 
32 9 322 600 921 735 938 27 42 75 
32 9 322 600 921 736 938 27 42 75 
32 9 322 600 921 737 938 27 42 75 
32 9 322 600 921 738 938 27 42 75 
32 9 322 600 921 739 938 27 42 75 
32 9 322 600 921 740 938 27 42 75 
32 9 322 600 921 741 938 27 42 75 
32 9 322 600 921 742 938 27 42 75 
32 9 322 600 921 743 938 27 42 75 
32 9 322 600 921 744 938 27 42 75 
32 9 322 600 921 745 941 27 42 75 
32 9 322 600 921 746 941 27 42 75 
32 9 322 600 921 747 941 27 42 75 
32 9 322 600 921 748 941 27 42 75 
32 9 322 600 921 749 941 27 42 75 
32 9 322 600 921 750 941 27 42 75 
32 9 322 600 921 751 941 27 42 75 
32 9 322 600 921 752 941 27 42 75 
32 9 322 600 921 753 941 27 42 75 
32 9 322 600 921 754 941 27 42 75 
32 9 322 600 921 755 941 27 42 75 
32 9 322 600 921 756 943 27 44 75 
32 9 322 600 921 757 943 27 44 75 
32 9 322 600 921 758 943 27 44 75 
32 9 322 600 921 759 943 29 44 76 
32 9 322 600 921 760 943 29 44 76 
32 9 322 600 921 761 943 29 44 76 
32 9 322 600 921 762 943 29 44 76 
32 9 322 600 921 763 943 29 44 76 
32 9 322 600 921 764 943 29 44 76 
32 9 322 600 921 765 943 29 44 76 
32 9 322 600 921 766 946 29 42 76 
32 9 322 600 921 767 946 29 42 76 
32 9 322 600 921 768 946 29 42 76 
32 9 322 600 921 769 946 29 42 76 
32 9 322 600 921 770 946 29 42 76 
32 9 322 600 921 771 946 29 42 76 
32 9 322 600 921 772 946 29 42 76 
32 9 322 600 921 773 946 29 42 76 
32 9 322 600 921 774 946 29 42 76 
32 9 322 600 921 775 946 29 42 76 
32 9 322 600 921 776 949 29 42 76 
32 9 322 600 921 777 949 29 42 76 
32 9 322 600 921 778 949 29 42 76 
32 9 322 600 921 779 949 29 42 76 
32 9 322 600 921 780 949 29 42 76 
32 9 322 600 921 781 949 29 42 76 
32 9 322 600 921 782 949 29 42 76 
32 9 322 600 921 783 949 29 42 76 
32 9 322 600 921 784 949 29 42 76 
32 9 322 600 921 785 949 29 42 76 
32 9 322 600 921 786 949 32 42 76 
32 9 322 600 921 787 951 32 44 76 
32 9 322 600 921 788 951 32 44 76 
32 9 322 600 921 789 951 32 44 76 
32 9 322 600 921 790 951 32 44 76 
32 9 322 600 921 791 951 32 44 76 
32 9 322 600 921 792 951 32 44 76 
32 9 322 600 921 793 951 32 44 76 
32 9 322 600 921 794 951 32 44 76 
32 9 322 600 921 795 951 32 44 76 
32 9 322 600 921 796 951 32 44 76 
32 9 322 600 921 797 954 32 42 76 
32 9 322 600 921 798 954 32 42 76 
32 9 322 600 921 799 954 32 42 76 
32 9 322 600 921 800 954 32 42 76 
32 9 322 600 921 801 954 32 42 76 
32 9 322 600 921 802 954 32 42 76 
32 9 322 600 921 803 954 32 42 76 
32 9 322 600 921 804 954 32 42 76 
32 9 322 600 921 805 954 32 42 76 
32 9 322 600 921 806 954 32 42 76 
32 9 322 600 921 807 957 32 42 76 
32 9 322 600 921 808 957 32 42 76 
32 9 322 600 921 809 957 32 42 76 
32 9 322 600 921 810 957 32 42 76 
32 9 322 600 921 811 957 32 42 76 
32 9 322 600 921 812 957 35 42 75 
32 9 322 600 921 813 957 35 42 75 
32 9 322 600 921 814 957 35 42 75 
32 9 322 600 921 815 957 35 42 75 
32 9 322 600 921 816 957 35 42 75 
32 9 322 600 921 817 957 35 42 75 
32 9 322 600 921 818 959 35 44 75 
32 9 322 600 921 819 959 35 44 75 
32 9 322 600 921 820 959 35 44 75 
32 9 322 600 921 821 959 35 44 75 
32 9 322 600 921 822 959 35 44 75 
32 9 322 600 921 823 959 35 44 75 
32 9 322 600 921 824 959 35 44 75 
32 9 322 600 921 825 959 35 44 75 
32 9 322 600 921 826 959 35 44 75 
32 9 322 600 921 827 959 35 44 75 
32 9 322 600 921 828 962 35 42 75 
32 9 322 600 921 829 962 35 42 75 
32 9 322 600 921 830 962 35 42 75 
32 9 322 600 921 831 962 35 42 75 
32 9 322 600 921 832 962 35 42 75 
32 9 322 600 921 833 962 35 42 75 
32 9 322 600 921 834 962 35 42 75 
32 9 322 600 921 835 962 35 42 75 
32 9 322 600 921 836 962 35 42 75 
32 9 322 600 921 837 962 35 42 75 
32 9 322 600 921 838 965 37 42 76 
32 9 322 600 921 839 965 37 42 76 
32 9 322 600 921 840 965 37 42 76 
32 9 322 600 921 841 965 37 42 76 
32 9 322 600 921 842 965 37 42 76 
32 9 322 600 921 843 965 37 42 76 
32 9 322 600 921 844 967 37 44 76 
32 9 322 600 921 845 967 37 44 76 
32 9 322 600 921 846 967 37 44 76 
32 9 322 600 921 847 967 37 44 76 
32 9 322 600 921 848 967 37 44 76 
32 9 322 600 921 849 967 37 44 76 
32 9 322 600 921 850 970 37 42 76 
32 9 322 600 921 851 970 37 42 76 
32 9 322 600 921 852 970 37 42 76 
32 9 322 600 921 853 970 37 42 76 
32 9 322 600 921 854 970 37 42 76 
32 9 322 600 921 855 973 37 42 76 
32 9 322 600 921 856 973 37 42 76 
32 9 322 600 921 857 973 37 42 76 
32 9 322 600 921 858 973 37 42 76 
32 9 322 600 921 859 973 37 42 76 
32 9 322 600 921 860 973 37 42 76 
32 9 322 600 921 861 975 37 44 76 
32 9 322 600 921 862 975 37 44 76 
32 9 322 600 921 863 975 37 44 76 
32 9 322 600 921 864 975 37 44 76 
32 9 322 600 921 865 975 37 44 76 
32 9 322 600 921 866 978 40 42 76 
32 9 322 600 921 867 978 40 42 76 
32 9 322 600 921 868 978 40 42 76 
32 9 322 600 921 869 978 40 42 76 
32 9 322 600 921 870 978 40 42 76 
32 9 322 600 921 871 978 40 42 76 
32 9 322 600 921 872 981 40 42 76 
32 9 322 600 921 873 981 40 42 76 
32 9 322 600 921 874 981 40 42 76 
32 9 322 600 921 875 981 40 42 76 
32 9 322 600 921 876 981 40 42 76 
32 9 322 600 921 877 983 40 44 76 
32 9 322 600 921 878 983 40 44 76 
32 9 322 600 921 879 983 40 44 76 
32 9 322 600 921 880 983 40 44 76 
32 9 322 600 921 881 983 40 44 76 
32 9 322 600 921 882 983 40 44 76 
32 9 322 600 921 883 986 40 42 76 
32 9 322 600 921 884 986 40 42 76 
32 9 322 600 921 885 986 40 42 76 
32 9 322 600 921 886 986 40 42 76 
32 9 322 600 921 887 986 40 42 76 
32 9 322 600 921 888 989 40 42 76 
32 9 322 600 921 889 989 40 42 76 
32 9 322 600 921 890 989 40 42 76 
32 9 322 600 921 891 989 40 42 76 
32 9 322 600 921 892 989 40 42 76 
32 9 322 600 921 893 989 40 42 76 
32 9 322 600 921 894 991 43 44 75 
32 9 322 600 921 895 991 43 44 75 
32 9 322 600 921 896 991 43 44 75 
32 9 322 600 921 897 991 43 44 75 
32 9 322 600 921 898 991 43 44 75 
32 9 322 600 921 899 994 43 42 75 
32 9 322 600 921 900 994 43 42 75 
32 9 322 600 921 901 994 43 42 75 
32 9 322 600 921 902 994 43 42 75 
32 9 322 600 921 903 994 43 42 75 
32 9 322 600 921 904 994 43 42 75 
32 9 322 600 921 905 997 43 42 75 
32 9 322 600 921 906 997 43 42 75 
32 9 322 600 921 907 997 43 42 75 
32 9 322 600 921 908 997 43 42 75 
32 9 322 600 921 909 997 43 42 75 
32 9 322 600 921 910 999 43 44 75 
32 9 322 600 921 911 999 43 44 75 
32 9 322 600 921 912 999 43 44 75 
32 9 322 600 921 913 999 43 44 75 
32 9 322 600 921 914 999 43 44 75 
32 9 322 600 921 915 999 43 44 75 
32 9 322 600 921 916 1002 43 42 75 
32 9 322 600 921 917 1002 43 42 75 
32 9 322 600 921 918 1002 43 42 75 
32 9 322 600 921 919 1002 43 42 75 
32 9 322 600 921 920 1002 43 42 75 
32 9 322 600 921 921 1005 45 42 76 
