49 9 370 0 369 0 332 228 48 69 
49 9 370 0 369 1 331 228 46 69 
49 9 370 0 369 2 331 228 46 69 
49 9 370 0 369 3 329 228 46 69 
49 9 370 0 369 4 329 228 46 69 
49 9 370 0 369 5 327 228 46 69 
49 9 370 0 369 6 327 228 46 69 
49 9 370 0 369 7 325 228 46 69 
49 9 370 0 369 8 325 229 46 70 
49 9 370 0 369 9 324 229 46 70 
49 9 370 0 369 10 324 229 46 70 
49 9 370 0 369 11 322 229 46 70 
49 9 370 0 369 12 322 229 46 70 
49 9 370 0 369 13 320 229 46 70 
49 9 370 0 369 14 320 229 46 70 
49 9 370 0 369 15 318 229 46 70 
49 9 370 0 369 16 318 231 46 69 
49 9 370 0 369 17 316 231 48 69 
49 9 370 0 369 18 316 231 48 69 
49 9 370 0 369 19 315 231 46 69 
49 9 370 0 369 20 315 231 46 69 
49 9 370 0 369 21 313 231 46 69 
49 9 370 0 369 22 313 231 46 69 
49 9 370 0 369 23 311 231 46 69 
49 9 370 0 369 24 311 233 46 69 
49 9 370 0 369 25 311 233 46 69 
49 9 370 0 369 26 309 233 46 69 
49 9 370 0 369 27 309 233 46 69 
49 9 370 0 369 28 308 233 46 69 
49 9 370 0 369 29 308 233 46 69 
49 9 370 0 369 30 306 233 46 69 
49 9 370 0 369 31 306 233 46 69 
49 9 370 0 369 32 304 235 46 69 
49 9 370 0 369 33 304 235 46 69 
49 9 370 0 369 34 302 235 46 69 
49 9 370 0 369 35 302 235 46 69 
49 9 370 0 369 36 300 235 48 69 
49 9 370 0 369 37 300 235 48 69 
49 9 370 0 369 38 299 235 46 69 
49 9 370 0 369 39 299 235 46 69 
49 9 370 0 369 40 297 236 46 70 
49 9 370 0 369 41 297 236 46 70 
49 9 370 0 369 42 295 236 46 70 
49 9 370 0 369 43 295 236 46 70 
49 9 370 0 369 44 293 236 46 70 
49 9 370 0 369 45 293 236 46 70 
49 9 370 0 369 46 292 236 46 70 
49 9 370 0 369 47 292 236 46 70 
49 9 370 0 369 48 292 238 46 69 
49 9 370 0 369 49 290 238 46 69 
49 9 370 0 369 50 288 238 46 69 
49 9 370 0 369 51 288 238 46 69 
49 9 370 0 369 52 286 238 46 69 
49 9 370 0 369 53 286 238 46 69 
49 9 370 0 369 54 284 238 48 69 
49 9 370 0 369 55 284 238 48 69 
49 9 370 0 369 56 283 238 46 69 
49 9 370 0 369 57 283 238 46 69 
49 9 370 0 369 58 281 238 46 69 
49 9 370 0 369 59 281 238 46 69 
49 9 370 0 369 60 279 238 46 69 
49 9 370 0 369 61 276 238 50 69 
49 9 370 0 369 62 277 238 46 69 
49 9 370 0 369 63 276 238 48 69 
49 9 370 0 369 64 276 238 46 69 
49 9 370 0 369 65 273 238 50 69 
49 9 370 0 369 66 274 238 46 69 
49 9 370 0 369 67 271 240 50 69 
49 9 370 0 369 68 272 240 46 69 
49 9 370 0 369 69 270 240 46 69 
49 9 370 0 369 70 270 240 46 69 
49 9 370 0 369 71 268 240 48 69 
49 9 370 0 369 72 266 240 50 69 
49 9 370 0 369 73 267 240 46 69 
49 9 370 0 369 74 264 240 50 69 
49 9 370 0 369 75 265 240 46 69 
49 9 370 0 369 76 262 240 50 69 
49 9 370 0 369 77 263 240 46 69 
49 9 370 0 369 78 260 240 50 69 
49 9 370 0 369 79 261 240 46 69 
49 9 370 0 369 80 260 240 48 69 
49 9 370 0 369 81 260 240 46 69 
49 9 370 0 369 82 257 240 50 69 
49 9 370 0 369 83 255 240 50 69 
49 9 370 0 369 84 255 240 50 69 
49 9 370 0 369 85 253 240 50 69 
49 9 370 0 369 86 253 242 50 69 
49 9 370 0 369 87 251 242 50 69 
49 9 370 0 369 88 252 242 48 69 
49 9 370 0 369 89 250 242 50 69 
49 9 370 0 369 90 251 242 46 69 
49 9 370 0 369 91 248 242 50 69 
49 9 370 0 369 92 249 242 46 69 
49 9 370 0 369 93 246 242 50 69 
49 9 370 0 369 94 244 242 50 69 
49 9 370 0 369 95 244 242 50 69 
49 9 370 0 369 96 244 242 48 69 
49 9 370 0 369 97 244 242 48 69 
49 9 370 0 369 98 241 242 50 69 
49 9 370 0 369 99 241 242 50 69 
49 9 370 0 369 100 239 242 50 69 
49 9 370 0 369 101 239 242 50 69 
49 9 370 0 369 102 237 242 50 69 
49 9 370 0 369 103 237 242 50 69 
49 9 370 0 369 104 235 242 50 69 
49 9 370 0 369 105 235 244 50 69 
49 9 370 0 369 106 234 244 50 69 
49 9 370 0 369 107 232 244 50 69 
49 9 370 0 369 108 232 244 50 69 
49 9 370 0 369 109 230 244 50 69 
49 9 370 0 369 110 230 244 50 69 
49 9 370 0 369 111 228 244 50 69 
49 9 370 0 369 112 228 244 50 69 
49 9 370 0 369 113 228 244 48 69 
49 9 370 0 369 114 228 244 48 69 
49 9 370 0 369 115 225 244 50 69 
49 9 370 0 369 116 225 244 50 69 
49 9 370 0 369 117 223 244 50 69 
49 9 370 0 369 118 221 244 50 69 
49 9 370 0 369 119 221 244 50 69 
49 9 370 0 369 120 219 244 50 69 
49 9 370 0 369 121 219 245 50 70 
49 9 370 0 369 122 218 245 50 70 
49 9 370 0 369 123 218 245 50 70 
49 9 370 0 369 124 216 245 50 70 
49 9 370 0 369 125 216 245 50 70 
49 9 370 0 369 126 214 245 50 70 
49 9 370 0 369 127 214 245 50 70 
49 9 370 0 369 128 212 245 50 70 
49 9 370 0 369 129 212 245 50 70 
49 9 370 0 369 130 212 245 48 70 
49 9 370 0 369 131 209 245 50 70 
49 9 370 0 369 132 209 245 50 70 
49 9 370 0 369 133 207 245 50 70 
49 9 370 0 369 134 207 245 50 70 
49 9 370 0 369 135 205 245 50 70 
49 9 370 0 369 136 205 245 50 70 
49 9 370 0 369 137 203 247 50 69 
49 9 370 0 369 138 203 247 50 69 
49 9 370 0 369 139 202 247 50 69 
49 9 370 0 369 140 202 247 50 69 
49 9 370 0 369 141 200 247 50 69 
49 9 370 0 369 142 198 247 50 69 
49 9 370 0 369 143 198 247 50 69 
49 9 370 0 369 144 196 247 50 69 
49 9 370 0 369 145 196 247 50 69 
49 9 370 0 369 146 196 247 48 69 
49 9 370 0 369 147 196 247 48 69 
49 9 370 0 369 148 193 247 50 69 
49 9 370 0 369 149 193 247 50 69 
49 9 370 0 369 150 191 247 50 69 
49 9 370 0 369 151 191 247 50 69 
49 9 370 0 369 152 189 247 50 69 
49 9 370 0 369 153 189 249 50 69 
49 9 370 0 369 154 187 249 50 69 
49 9 370 0 369 155 187 249 50 69 
49 9 370 0 369 156 186 249 50 69 
49 9 370 0 369 157 186 249 50 69 
49 9 370 0 369 158 184 249 50 69 
49 9 370 0 369 159 184 249 50 69 
49 9 370 0 369 160 182 249 50 69 
49 9 370 0 369 161 182 249 50 69 
49 9 370 0 369 162 180 249 50 69 
49 9 370 0 369 163 180 251 50 69 
49 9 370 0 369 164 180 251 48 69 
49 9 370 0 369 165 180 251 48 69 
49 9 370 0 369 166 177 251 50 69 
49 9 370 0 369 167 177 251 50 69 
49 9 370 0 369 168 175 251 50 69 
49 9 370 0 369 169 175 251 50 69 
49 9 370 0 369 170 173 251 50 69 
49 9 370 0 369 171 173 251 50 69 
49 9 370 0 369 172 171 251 50 69 
49 9 370 0 369 173 171 252 50 70 
49 9 370 0 369 174 170 252 50 70 
49 9 370 0 369 175 170 252 50 70 
49 9 370 0 369 176 168 252 50 70 
49 9 370 0 369 177 168 252 50 70 
49 9 370 0 369 178 166 252 50 70 
49 9 370 0 369 179 166 252 50 70 
49 9 370 0 369 180 164 252 50 70 
49 9 370 0 369 181 164 252 50 70 
49 9 370 0 369 182 164 254 48 69 
49 9 370 0 369 183 164 254 48 69 
49 9 370 0 369 184 161 254 50 69 
49 9 370 0 369 185 161 254 50 69 
49 9 370 0 369 186 159 254 50 69 
49 9 370 0 369 187 159 254 50 69 
49 9 370 0 369 188 157 254 50 69 
49 9 370 0 369 189 157 254 50 69 
49 9 370 0 369 190 155 254 50 69 
49 9 370 0 369 191 155 254 50 69 
49 9 370 0 369 192 154 256 50 69 
49 9 370 0 369 193 154 256 50 69 
49 9 370 0 369 194 152 256 50 69 
49 9 370 0 369 195 152 256 50 69 
49 9 370 0 369 196 150 256 50 69 
49 9 370 0 369 197 150 256 50 69 
49 9 370 0 369 198 148 256 50 69 
49 9 370 0 369 199 148 256 50 69 
49 9 370 0 369 200 148 256 48 69 
49 9 370 0 369 201 148 258 48 69 
49 9 370 0 369 202 145 256 50 69 
49 9 370 0 369 203 143 256 50 69 
49 9 370 0 369 204 143 256 50 69 
49 9 370 0 369 205 141 256 50 69 
49 9 370 0 369 206 139 256 50 69 
49 9 370 0 369 207 139 256 50 69 
49 9 370 0 369 208 138 256 50 69 
49 9 370 0 369 209 138 256 50 69 
49 9 370 0 369 210 136 256 50 69 
49 9 370 0 369 211 134 256 50 69 
49 9 370 0 369 212 134 256 50 69 
49 9 370 0 369 213 132 256 50 69 
49 9 370 0 369 214 132 256 50 69 
49 9 370 0 369 215 132 256 48 69 
49 9 370 0 369 216 129 256 50 69 
49 9 370 0 369 217 129 256 50 69 
49 9 370 0 369 218 127 256 50 69 
49 9 370 0 369 219 127 256 50 69 
49 9 370 0 369 220 125 256 50 69 
49 9 370 0 369 221 123 256 50 69 
49 9 370 0 369 222 123 256 50 69 
49 9 370 0 369 223 122 256 50 69 
49 9 370 0 369 224 122 256 50 69 
49 9 370 0 369 225 120 256 50 69 
49 9 370 0 369 226 118 256 50 69 
49 9 370 0 369 227 118 256 50 69 
49 9 370 0 369 228 116 256 50 69 
49 9 370 0 369 229 116 256 48 69 
49 9 370 0 369 230 116 256 48 69 
49 9 370 0 369 231 113 256 50 69 
49 9 370 0 369 232 113 256 50 69 
49 9 370 0 369 233 111 256 50 69 
49 9 370 0 369 234 109 256 50 69 
49 9 370 0 369 235 109 256 50 69 
49 9 370 0 369 236 107 256 50 69 
49 9 370 0 369 237 107 256 50 69 
49 9 370 0 369 238 106 256 50 69 
49 9 370 0 369 239 104 256 50 69 
49 9 370 0 369 240 104 256 50 69 
49 9 370 0 369 241 102 256 50 69 
49 9 370 0 369 242 102 256 50 69 
49 9 370 0 369 243 100 256 50 69 
49 9 370 0 369 244 100 256 48 69 
49 9 370 0 369 245 100 256 48 69 
49 9 370 0 369 246 97 256 50 69 
49 9 370 0 369 247 97 256 50 69 
49 9 370 0 369 248 95 256 50 69 
49 9 370 0 369 249 93 256 50 69 
49 9 370 0 369 250 93 256 50 69 
49 9 370 0 369 251 91 256 50 69 
49 9 370 0 369 252 91 256 50 69 
49 9 370 0 369 253 90 256 50 69 
49 9 370 0 369 254 88 256 50 69 
49 9 370 0 369 255 88 256 50 69 
49 9 370 0 369 256 86 256 50 69 
49 9 370 0 369 257 84 256 50 69 
49 9 370 0 369 258 84 256 50 69 
49 9 370 0 369 259 84 256 48 69 
49 9 370 0 369 260 84 256 48 69 
49 9 370 0 369 261 81 256 50 69 
49 9 370 0 369 262 79 256 50 69 
49 9 370 0 369 263 79 256 50 69 
49 9 370 0 369 264 77 258 50 69 
49 9 370 0 369 265 75 258 50 69 
49 9 370 0 369 266 75 258 50 69 
49 9 370 0 369 267 74 258 50 69 
49 9 370 0 369 268 74 258 50 69 
49 9 370 0 369 269 72 258 50 69 
49 9 370 0 369 270 70 258 50 69 
49 9 370 0 369 271 70 258 50 69 
49 9 370 0 369 272 68 258 50 69 
49 9 370 0 369 273 68 258 50 69 
49 9 370 0 369 274 68 258 48 69 
49 9 370 0 369 275 65 258 50 69 
49 9 370 0 369 276 65 260 50 69 
49 9 370 0 369 277 63 260 50 69 
49 9 370 0 369 278 61 260 50 69 
49 9 370 0 369 279 61 260 50 69 
49 9 370 0 369 280 59 260 50 69 
49 9 370 0 369 281 59 260 50 69 
49 9 370 0 369 282 58 260 50 69 
49 9 370 0 369 283 56 260 50 69 
49 9 370 0 369 284 56 260 50 69 
49 9 370 0 369 285 54 260 50 69 
49 9 370 0 369 286 54 260 50 69 
49 9 370 0 369 287 52 260 50 69 
49 9 370 0 369 288 52 261 48 70 
49 9 370 0 369 289 52 261 48 70 
49 9 370 0 369 290 49 261 50 70 
49 9 370 0 369 291 47 261 50 70 
49 9 370 0 369 292 47 261 50 70 
49 9 370 0 369 293 45 261 50 70 
49 9 370 0 369 294 45 261 50 70 
49 9 370 0 369 295 43 261 50 70 
49 9 370 0 369 296 42 261 50 70 
49 9 370 0 369 297 42 261 50 70 
49 9 370 0 369 298 40 261 50 70 
49 9 370 0 369 299 40 263 50 69 
49 9 370 0 369 300 38 263 50 69 
49 9 370 0 369 301 36 263 50 69 
49 9 370 0 369 302 36 263 50 69 
49 9 370 0 369 303 35 263 52 69 
49 9 370 0 369 304 36 263 48 69 
49 9 370 0 369 305 33 263 52 72 
49 9 370 0 369 306 33 263 52 72 
49 9 370 0 369 307 30 263 54 72 
49 9 370 0 369 308 30 263 54 72 
49 9 370 0 369 309 27 263 58 72 
49 9 370 0 369 310 27 262 58 75 
49 9 370 0 369 311 25 262 58 75 
49 9 370 0 369 312 25 262 56 75 
49 9 370 0 369 313 23 262 56 75 
49 9 370 0 369 314 23 262 56 75 
49 9 370 0 369 315 20 262 58 75 
49 9 370 0 369 316 18 262 58 75 
49 9 370 0 369 317 18 262 58 75 
49 9 370 0 369 318 18 262 56 75 
49 9 370 0 369 319 16 262 56 75 
49 9 370 0 369 320 16 264 56 75 
49 9 370 0 369 321 14 264 56 75 
49 9 370 0 369 322 11 264 58 75 
49 9 370 0 369 323 11 264 58 75 
49 9 370 0 369 324 9 264 58 75 
49 9 370 0 369 325 9 264 58 75 
49 9 370 0 369 326 9 264 56 75 
49 9 370 0 369 327 7 264 56 75 
49 9 370 0 369 328 7 264 56 75 
49 9 370 0 369 329 4 264 58 75 
49 9 370 0 369 330 4 266 58 73 
49 9 370 0 369 331 2 266 58 73 
49 9 370 0 369 332 2 266 56 73 
49 9 370 0 369 333 0 266 56 73 
49 9 370 0 369 334 0 266 56 73 
49 9 370 0 369 335 0 266 54 73 
49 9 370 0 369 336 0 266 53 73 
49 9 370 0 369 337 0 266 53 73 
49 9 370 0 369 338 0 266 51 73 
49 9 370 0 369 339 0 266 49 73 
49 9 370 0 369 340 0 266 49 73 
49 9 370 0 369 341 0 266 47 73 
49 9 370 0 369 342 0 266 45 73 
49 9 370 0 369 343 0 266 43 73 
49 9 370 0 369 344 0 266 40 73 
49 9 370 0 369 345 0 266 40 73 
49 9 370 0 369 346 0 266 38 73 
49 9 370 0 369 347 0 266 35 73 
49 9 370 0 369 348 0 266 34 73 
49 9 370 0 369 349 0 266 31 73 
49 9 370 0 369 350 0 266 31 73 
49 9 370 0 369 351 0 264 28 75 
49 9 370 0 369 352 0 264 25 75 
49 9 370 0 369 353 0 264 24 75 
49 9 370 0 369 354 0 264 24 75 
49 9 370 0 369 355 0 264 21 75 
49 9 370 0 369 356 0 264 18 75 
49 9 370 0 369 357 0 264 18 75 
49 9 370 0 369 358 0 264 15 75 
49 9 370 0 369 359 0 264 12 75 
49 9 370 0 369 360 0 264 12 75 
49 9 370 0 369 361 0 264 12 75 
49 9 370 0 369 362 0 264 12 75 
49 9 370 0 369 363 0 264 12 75 
49 9 370 0 369 364 0 264 12 75 
49 9 370 0 369 365 0 264 12 75 
49 9 370 0 369 366 0 264 12 75 
49 9 370 0 369 367 0 264 12 75 
49 9 370 0 369 368 0 264 12 75 
49 9 370 0 369 369 0 264 12 75 
