1 5 237 714 950 714 709 643 110 70 
1 5 237 714 950 715 709 643 110 70 
1 5 237 714 950 716 709 643 110 70 
1 5 237 714 950 717 709 643 110 70 
1 5 237 714 950 718 709 643 110 70 
1 5 237 714 950 719 709 643 110 70 
1 5 237 714 950 720 709 643 110 70 
1 5 237 714 950 721 709 643 110 70 
1 5 237 714 950 722 709 643 110 70 
1 5 237 714 950 723 709 643 110 70 
1 5 237 714 950 724 709 643 110 70 
1 5 237 714 950 725 709 643 110 70 
1 5 237 714 950 726 709 643 110 70 
1 5 237 714 950 727 709 643 110 70 
1 5 237 714 950 728 709 643 110 70 
1 5 237 714 950 729 709 643 110 70 
1 5 237 714 950 730 709 643 110 70 
1 5 237 714 950 731 709 643 110 70 
1 5 237 714 950 732 709 643 110 70 
1 5 237 714 950 733 709 643 110 70 
1 5 237 714 950 734 709 643 110 70 
1 5 237 714 950 735 709 643 110 70 
1 5 237 714 950 736 709 643 110 70 
1 5 237 714 950 737 709 643 110 70 
1 5 237 714 950 738 709 643 110 70 
1 5 237 714 950 739 709 643 110 70 
1 5 237 714 950 740 709 643 110 70 
1 5 237 714 950 741 709 643 110 70 
1 5 237 714 950 742 709 643 110 70 
1 5 237 714 950 743 709 643 110 70 
1 5 237 714 950 744 709 643 110 70 
1 5 237 714 950 745 709 643 110 70 
1 5 237 714 950 746 709 643 110 70 
1 5 237 714 950 747 709 643 110 70 
1 5 237 714 950 748 709 643 110 70 
1 5 237 714 950 749 709 643 110 70 
1 5 237 714 950 750 709 643 110 70 
1 5 237 714 950 751 709 643 110 70 
1 5 237 714 950 752 709 643 110 70 
1 5 237 714 950 753 709 643 110 70 
1 5 237 714 950 754 709 643 110 70 
1 5 237 714 950 755 709 643 110 70 
1 5 237 714 950 756 709 643 110 70 
1 5 237 714 950 757 709 643 110 70 
1 5 237 714 950 758 709 643 110 70 
1 5 237 714 950 759 709 643 110 70 
1 5 237 714 950 760 709 643 110 70 
1 5 237 714 950 761 709 643 110 70 
1 5 237 714 950 762 709 643 110 70 
1 5 237 714 950 763 709 643 110 70 
1 5 237 714 950 764 709 643 110 70 
1 5 237 714 950 765 709 643 110 70 
1 5 237 714 950 766 709 643 110 70 
1 5 237 714 950 767 709 643 110 70 
1 5 237 714 950 768 709 643 110 70 
1 5 237 714 950 769 709 643 110 70 
1 5 237 714 950 770 709 643 110 70 
1 5 237 714 950 771 709 643 110 70 
1 5 237 714 950 772 709 643 110 70 
1 5 237 714 950 773 709 643 110 70 
1 5 237 714 950 774 709 643 110 70 
1 5 237 714 950 775 709 643 110 70 
1 5 237 714 950 776 709 643 110 70 
1 5 237 714 950 777 709 643 110 70 
1 5 237 714 950 778 709 643 110 70 
1 5 237 714 950 779 709 643 110 70 
1 5 237 714 950 780 709 643 110 70 
1 5 237 714 950 781 709 643 110 70 
1 5 237 714 950 782 709 643 110 70 
1 5 237 714 950 783 709 643 110 70 
1 5 237 714 950 784 709 643 110 70 
1 5 237 714 950 785 709 643 110 70 
1 5 237 714 950 786 709 643 110 70 
1 5 237 714 950 787 709 643 110 70 
1 5 237 714 950 788 709 643 110 70 
1 5 237 714 950 789 709 643 110 70 
1 5 237 714 950 790 709 643 110 70 
1 5 237 714 950 791 709 643 110 70 
1 5 237 714 950 792 709 643 110 70 
1 5 237 714 950 793 709 643 110 70 
1 5 237 714 950 794 709 643 110 70 
1 5 237 714 950 795 709 643 110 70 
1 5 237 714 950 796 709 643 110 70 
1 5 237 714 950 797 709 643 110 70 
1 5 237 714 950 798 709 643 110 70 
1 5 237 714 950 799 709 643 110 70 
1 5 237 714 950 800 709 643 110 70 
1 5 237 714 950 801 709 643 110 70 
1 5 237 714 950 802 709 643 110 70 
1 5 237 714 950 803 709 643 110 70 
1 5 237 714 950 804 709 643 110 70 
1 5 237 714 950 805 709 643 110 70 
1 5 237 714 950 806 709 643 110 70 
1 5 237 714 950 807 709 643 110 70 
1 5 237 714 950 808 709 643 110 70 
1 5 237 714 950 809 709 643 110 70 
1 5 237 714 950 810 709 643 110 70 
1 5 237 714 950 811 709 643 110 70 
1 5 237 714 950 812 709 643 110 70 
1 5 237 714 950 813 709 643 110 70 
1 5 237 714 950 814 709 643 110 70 
1 5 237 714 950 815 709 643 110 70 
1 5 237 714 950 816 709 643 110 70 
1 5 237 714 950 817 709 643 110 70 
1 5 237 714 950 818 709 643 110 70 
1 5 237 714 950 819 709 643 110 70 
1 5 237 714 950 820 709 643 110 70 
1 5 237 714 950 821 709 643 110 70 
1 5 237 714 950 822 709 643 110 70 
1 5 237 714 950 823 709 643 110 70 
1 5 237 714 950 824 709 643 110 70 
1 5 237 714 950 825 709 643 110 70 
1 5 237 714 950 826 709 643 110 70 
1 5 237 714 950 827 709 643 110 70 
1 5 237 714 950 828 709 643 110 70 
1 5 237 714 950 829 709 643 110 70 
1 5 237 714 950 830 709 643 110 70 
1 5 237 714 950 831 709 643 110 70 
1 5 237 714 950 832 709 643 110 70 
1 5 237 714 950 833 709 643 110 70 
1 5 237 714 950 834 709 643 110 70 
1 5 237 714 950 835 709 643 110 70 
1 5 237 714 950 836 709 643 110 70 
1 5 237 714 950 837 709 643 110 70 
1 5 237 714 950 838 709 643 110 70 
1 5 237 714 950 839 709 643 110 70 
1 5 237 714 950 840 709 643 110 70 
1 5 237 714 950 841 709 643 110 70 
1 5 237 714 950 842 709 643 110 70 
1 5 237 714 950 843 709 643 110 70 
1 5 237 714 950 844 709 643 110 70 
1 5 237 714 950 845 709 643 110 70 
1 5 237 714 950 846 709 643 110 70 
1 5 237 714 950 847 709 643 110 70 
1 5 237 714 950 848 709 643 110 70 
1 5 237 714 950 849 709 643 110 70 
1 5 237 714 950 850 709 643 110 70 
1 5 237 714 950 851 709 643 110 70 
1 5 237 714 950 852 709 643 110 70 
1 5 237 714 950 853 709 643 110 70 
1 5 237 714 950 854 709 643 110 70 
1 5 237 714 950 855 709 643 110 70 
1 5 237 714 950 856 709 643 110 70 
1 5 237 714 950 857 709 643 110 70 
1 5 237 714 950 858 709 643 110 70 
1 5 237 714 950 859 709 643 110 70 
1 5 237 714 950 860 709 643 110 70 
1 5 237 714 950 861 709 643 110 70 
1 5 237 714 950 862 709 643 110 70 
1 5 237 714 950 863 709 643 110 70 
1 5 237 714 950 864 709 643 110 70 
1 5 237 714 950 865 709 643 110 70 
1 5 237 714 950 866 709 643 110 70 
1 5 237 714 950 867 709 643 110 70 
1 5 237 714 950 868 709 643 110 70 
1 5 237 714 950 869 709 643 110 70 
1 5 237 714 950 870 709 643 110 70 
1 5 237 714 950 871 709 643 110 70 
1 5 237 714 950 872 709 643 110 70 
1 5 237 714 950 873 709 643 110 70 
1 5 237 714 950 874 709 643 110 70 
1 5 237 714 950 875 709 643 110 70 
1 5 237 714 950 876 709 643 110 70 
1 5 237 714 950 877 709 643 110 70 
1 5 237 714 950 878 709 643 110 70 
1 5 237 714 950 879 709 643 110 70 
1 5 237 714 950 880 709 643 110 70 
1 5 237 714 950 881 709 643 110 70 
1 5 237 714 950 882 709 643 110 70 
1 5 237 714 950 883 709 643 110 70 
1 5 237 714 950 884 709 643 110 70 
1 5 237 714 950 885 709 643 110 70 
1 5 237 714 950 886 709 643 110 70 
1 5 237 714 950 887 709 643 110 70 
1 5 237 714 950 888 709 643 110 70 
1 5 237 714 950 889 709 643 110 70 
1 5 237 714 950 890 709 643 110 70 
1 5 237 714 950 891 709 643 110 70 
1 5 237 714 950 892 709 643 110 70 
1 5 237 714 950 893 709 643 110 70 
1 5 237 714 950 894 709 643 110 70 
1 5 237 714 950 895 709 643 110 70 
1 5 237 714 950 896 709 643 110 70 
1 5 237 714 950 897 709 643 110 70 
1 5 237 714 950 898 709 643 110 70 
1 5 237 714 950 899 709 643 110 70 
1 5 237 714 950 900 709 643 110 70 
1 5 237 714 950 901 709 643 110 70 
1 5 237 714 950 902 709 643 110 70 
1 5 237 714 950 903 709 643 110 70 
1 5 237 714 950 904 709 643 110 70 
1 5 237 714 950 905 709 643 110 70 
1 5 237 714 950 906 709 643 110 70 
1 5 237 714 950 907 709 643 110 70 
1 5 237 714 950 908 709 643 110 70 
1 5 237 714 950 909 709 643 110 70 
1 5 237 714 950 910 709 643 110 70 
1 5 237 714 950 911 709 643 110 70 
1 5 237 714 950 912 709 643 110 70 
1 5 237 714 950 913 709 643 110 70 
1 5 237 714 950 914 709 643 110 70 
1 5 237 714 950 915 709 643 110 70 
1 5 237 714 950 916 709 643 110 70 
1 5 237 714 950 917 709 643 110 70 
1 5 237 714 950 918 709 643 110 70 
1 5 237 714 950 919 709 643 110 70 
1 5 237 714 950 920 709 643 110 70 
1 5 237 714 950 921 709 643 110 70 
1 5 237 714 950 922 709 643 110 70 
1 5 237 714 950 923 709 643 110 70 
1 5 237 714 950 924 709 643 110 70 
1 5 237 714 950 925 709 643 110 70 
1 5 237 714 950 926 709 643 110 70 
1 5 237 714 950 927 709 643 110 70 
1 5 237 714 950 928 709 643 110 70 
1 5 237 714 950 929 709 643 110 70 
1 5 237 714 950 930 709 643 110 70 
1 5 237 714 950 931 709 643 110 70 
1 5 237 714 950 932 709 643 110 70 
1 5 237 714 950 933 709 643 110 70 
1 5 237 714 950 934 709 643 110 70 
1 5 237 714 950 935 709 643 110 70 
1 5 237 714 950 936 709 643 110 70 
1 5 237 714 950 937 709 643 110 70 
1 5 237 714 950 938 709 643 110 70 
1 5 237 714 950 939 709 643 110 70 
1 5 237 714 950 940 709 643 110 70 
1 5 237 714 950 941 709 643 110 70 
1 5 237 714 950 942 709 643 110 70 
1 5 237 714 950 943 709 643 110 70 
1 5 237 714 950 944 709 643 110 70 
1 5 237 714 950 945 709 643 110 70 
1 5 237 714 950 946 709 643 110 70 
1 5 237 714 950 947 709 643 110 70 
1 5 237 714 950 948 709 643 110 70 
1 5 237 714 950 949 709 643 110 70 
1 5 237 714 950 950 709 643 110 70 
3 5 273 1015 1287 1015 753 358 120 105 
3 5 273 1015 1287 1016 753 358 120 105 
3 5 273 1015 1287 1017 753 358 120 105 
3 5 273 1015 1287 1018 753 358 120 105 
3 5 273 1015 1287 1019 753 358 120 105 
3 5 273 1015 1287 1020 753 358 120 105 
3 5 273 1015 1287 1021 753 358 120 105 
3 5 273 1015 1287 1022 753 358 120 105 
3 5 273 1015 1287 1023 753 358 120 105 
3 5 273 1015 1287 1024 753 358 120 105 
3 5 273 1015 1287 1025 753 358 120 105 
3 5 273 1015 1287 1026 753 358 120 105 
3 5 273 1015 1287 1027 753 358 120 105 
3 5 273 1015 1287 1028 753 358 120 105 
3 5 273 1015 1287 1029 753 358 120 105 
3 5 273 1015 1287 1030 753 358 120 105 
3 5 273 1015 1287 1031 753 358 120 105 
3 5 273 1015 1287 1032 753 358 120 105 
3 5 273 1015 1287 1033 753 358 120 105 
3 5 273 1015 1287 1034 753 358 120 105 
3 5 273 1015 1287 1035 753 358 120 105 
3 5 273 1015 1287 1036 753 358 120 105 
3 5 273 1015 1287 1037 753 358 120 105 
3 5 273 1015 1287 1038 753 358 120 105 
3 5 273 1015 1287 1039 753 358 120 105 
3 5 273 1015 1287 1040 753 358 120 105 
3 5 273 1015 1287 1041 753 358 120 105 
3 5 273 1015 1287 1042 753 358 120 105 
3 5 273 1015 1287 1043 753 358 120 105 
3 5 273 1015 1287 1044 753 358 120 105 
3 5 273 1015 1287 1045 753 358 120 105 
3 5 273 1015 1287 1046 753 358 120 105 
3 5 273 1015 1287 1047 753 358 120 105 
3 5 273 1015 1287 1048 753 358 120 105 
3 5 273 1015 1287 1049 753 358 120 105 
3 5 273 1015 1287 1050 753 358 120 105 
3 5 273 1015 1287 1051 753 358 120 105 
3 5 273 1015 1287 1052 753 358 120 105 
3 5 273 1015 1287 1053 753 358 120 105 
3 5 273 1015 1287 1054 753 358 120 105 
3 5 273 1015 1287 1055 753 358 120 105 
3 5 273 1015 1287 1056 753 358 120 105 
3 5 273 1015 1287 1057 753 358 120 105 
3 5 273 1015 1287 1058 753 358 120 105 
3 5 273 1015 1287 1059 753 358 120 105 
3 5 273 1015 1287 1060 753 358 120 105 
3 5 273 1015 1287 1061 753 358 120 105 
3 5 273 1015 1287 1062 753 358 120 105 
3 5 273 1015 1287 1063 753 358 120 105 
3 5 273 1015 1287 1064 753 358 120 105 
3 5 273 1015 1287 1065 753 358 120 105 
3 5 273 1015 1287 1066 753 358 120 105 
3 5 273 1015 1287 1067 753 358 120 105 
3 5 273 1015 1287 1068 753 358 120 105 
3 5 273 1015 1287 1069 753 358 120 105 
3 5 273 1015 1287 1070 753 358 120 105 
3 5 273 1015 1287 1071 753 358 120 105 
3 5 273 1015 1287 1072 753 358 120 105 
3 5 273 1015 1287 1073 753 358 120 105 
3 5 273 1015 1287 1074 753 358 120 105 
3 5 273 1015 1287 1075 753 358 120 105 
3 5 273 1015 1287 1076 753 358 120 105 
3 5 273 1015 1287 1077 753 358 120 105 
3 5 273 1015 1287 1078 753 358 120 105 
3 5 273 1015 1287 1079 753 358 120 105 
3 5 273 1015 1287 1080 753 358 120 105 
3 5 273 1015 1287 1081 753 358 120 105 
3 5 273 1015 1287 1082 753 358 120 105 
3 5 273 1015 1287 1083 753 358 120 105 
3 5 273 1015 1287 1084 753 358 120 105 
3 5 273 1015 1287 1085 753 358 120 105 
3 5 273 1015 1287 1086 753 358 120 105 
3 5 273 1015 1287 1087 753 358 120 105 
3 5 273 1015 1287 1088 753 358 120 105 
3 5 273 1015 1287 1089 753 358 120 105 
3 5 273 1015 1287 1090 753 358 120 105 
3 5 273 1015 1287 1091 753 358 120 105 
3 5 273 1015 1287 1092 753 358 120 105 
3 5 273 1015 1287 1093 753 358 120 105 
3 5 273 1015 1287 1094 753 358 120 105 
3 5 273 1015 1287 1095 753 358 120 105 
3 5 273 1015 1287 1096 753 358 120 105 
3 5 273 1015 1287 1097 753 358 120 105 
3 5 273 1015 1287 1098 753 358 120 105 
3 5 273 1015 1287 1099 753 358 120 105 
3 5 273 1015 1287 1100 753 358 120 105 
3 5 273 1015 1287 1101 753 358 120 105 
3 5 273 1015 1287 1102 753 358 120 105 
3 5 273 1015 1287 1103 753 358 120 105 
3 5 273 1015 1287 1104 753 358 120 105 
3 5 273 1015 1287 1105 753 358 120 105 
3 5 273 1015 1287 1106 753 358 120 105 
3 5 273 1015 1287 1107 753 358 120 105 
3 5 273 1015 1287 1108 753 358 120 105 
3 5 273 1015 1287 1109 753 358 120 105 
3 5 273 1015 1287 1110 753 358 120 105 
3 5 273 1015 1287 1111 753 358 120 105 
3 5 273 1015 1287 1112 753 358 120 105 
3 5 273 1015 1287 1113 753 358 120 105 
3 5 273 1015 1287 1114 753 358 120 105 
3 5 273 1015 1287 1115 753 358 120 105 
3 5 273 1015 1287 1116 753 358 120 105 
3 5 273 1015 1287 1117 753 358 120 105 
3 5 273 1015 1287 1118 753 358 120 105 
3 5 273 1015 1287 1119 753 358 120 105 
3 5 273 1015 1287 1120 753 358 120 105 
3 5 273 1015 1287 1121 753 358 120 105 
3 5 273 1015 1287 1122 753 358 120 105 
3 5 273 1015 1287 1123 753 358 120 105 
3 5 273 1015 1287 1124 753 358 120 105 
3 5 273 1015 1287 1125 753 358 120 105 
3 5 273 1015 1287 1126 753 358 120 105 
3 5 273 1015 1287 1127 753 358 120 105 
3 5 273 1015 1287 1128 753 358 120 105 
3 5 273 1015 1287 1129 753 358 120 105 
3 5 273 1015 1287 1130 753 358 120 105 
3 5 273 1015 1287 1131 753 358 120 105 
3 5 273 1015 1287 1132 753 358 120 105 
3 5 273 1015 1287 1133 753 358 120 105 
3 5 273 1015 1287 1134 753 358 120 105 
3 5 273 1015 1287 1135 753 358 120 105 
3 5 273 1015 1287 1136 753 358 120 105 
3 5 273 1015 1287 1137 753 358 120 105 
3 5 273 1015 1287 1138 753 358 120 105 
3 5 273 1015 1287 1139 753 358 120 105 
3 5 273 1015 1287 1140 753 358 120 105 
3 5 273 1015 1287 1141 753 358 120 105 
3 5 273 1015 1287 1142 753 358 120 105 
3 5 273 1015 1287 1143 753 358 120 105 
3 5 273 1015 1287 1144 753 358 120 105 
3 5 273 1015 1287 1145 753 358 120 105 
3 5 273 1015 1287 1146 753 358 120 105 
3 5 273 1015 1287 1147 753 358 120 105 
3 5 273 1015 1287 1148 753 358 120 105 
3 5 273 1015 1287 1149 753 358 120 105 
3 5 273 1015 1287 1150 753 358 120 105 
3 5 273 1015 1287 1151 753 358 120 105 
3 5 273 1015 1287 1152 753 358 120 105 
3 5 273 1015 1287 1153 753 358 120 105 
3 5 273 1015 1287 1154 753 358 120 105 
3 5 273 1015 1287 1155 753 358 120 105 
3 5 273 1015 1287 1156 753 358 120 105 
3 5 273 1015 1287 1157 753 358 120 105 
3 5 273 1015 1287 1158 753 358 120 105 
3 5 273 1015 1287 1159 753 358 120 105 
3 5 273 1015 1287 1160 753 358 120 105 
3 5 273 1015 1287 1161 753 358 120 105 
3 5 273 1015 1287 1162 753 358 120 105 
3 5 273 1015 1287 1163 753 358 120 105 
3 5 273 1015 1287 1164 753 358 120 105 
3 5 273 1015 1287 1165 753 358 120 105 
3 5 273 1015 1287 1166 753 358 120 105 
3 5 273 1015 1287 1167 753 358 120 105 
3 5 273 1015 1287 1168 753 358 120 105 
3 5 273 1015 1287 1169 753 358 120 105 
3 5 273 1015 1287 1170 753 358 120 105 
3 5 273 1015 1287 1171 753 358 120 105 
3 5 273 1015 1287 1172 753 358 120 105 
3 5 273 1015 1287 1173 753 358 120 105 
3 5 273 1015 1287 1174 753 358 120 105 
3 5 273 1015 1287 1175 753 358 120 105 
3 5 273 1015 1287 1176 753 358 120 105 
3 5 273 1015 1287 1177 753 358 120 105 
3 5 273 1015 1287 1178 753 358 120 105 
3 5 273 1015 1287 1179 753 358 120 105 
3 5 273 1015 1287 1180 753 358 120 105 
3 5 273 1015 1287 1181 753 358 120 105 
3 5 273 1015 1287 1182 753 358 120 105 
3 5 273 1015 1287 1183 753 358 120 105 
3 5 273 1015 1287 1184 753 358 120 105 
3 5 273 1015 1287 1185 753 358 120 105 
3 5 273 1015 1287 1186 753 358 120 105 
3 5 273 1015 1287 1187 753 358 120 105 
3 5 273 1015 1287 1188 753 358 120 105 
3 5 273 1015 1287 1189 753 358 120 105 
3 5 273 1015 1287 1190 753 358 120 105 
3 5 273 1015 1287 1191 753 358 120 105 
3 5 273 1015 1287 1192 753 358 120 105 
3 5 273 1015 1287 1193 753 358 120 105 
3 5 273 1015 1287 1194 753 358 120 105 
3 5 273 1015 1287 1195 753 358 120 105 
3 5 273 1015 1287 1196 753 358 120 105 
3 5 273 1015 1287 1197 753 358 120 105 
3 5 273 1015 1287 1198 753 358 120 105 
3 5 273 1015 1287 1199 753 358 120 105 
3 5 273 1015 1287 1200 753 358 120 105 
3 5 273 1015 1287 1201 753 358 120 105 
3 5 273 1015 1287 1202 753 358 120 105 
3 5 273 1015 1287 1203 753 358 120 105 
3 5 273 1015 1287 1204 753 358 120 105 
3 5 273 1015 1287 1205 753 358 120 105 
3 5 273 1015 1287 1206 753 358 120 105 
3 5 273 1015 1287 1207 753 358 120 105 
3 5 273 1015 1287 1208 753 358 120 105 
3 5 273 1015 1287 1209 753 358 120 105 
3 5 273 1015 1287 1210 753 358 120 105 
3 5 273 1015 1287 1211 753 358 120 105 
3 5 273 1015 1287 1212 753 358 120 105 
3 5 273 1015 1287 1213 753 358 120 105 
3 5 273 1015 1287 1214 753 358 120 105 
3 5 273 1015 1287 1215 753 358 120 105 
3 5 273 1015 1287 1216 753 358 120 105 
3 5 273 1015 1287 1217 753 358 120 105 
3 5 273 1015 1287 1218 753 358 120 105 
3 5 273 1015 1287 1219 753 358 120 105 
3 5 273 1015 1287 1220 753 358 120 105 
3 5 273 1015 1287 1221 753 358 120 105 
3 5 273 1015 1287 1222 753 358 120 105 
3 5 273 1015 1287 1223 753 358 120 105 
3 5 273 1015 1287 1224 753 358 120 105 
3 5 273 1015 1287 1225 753 358 120 105 
3 5 273 1015 1287 1226 753 358 120 105 
3 5 273 1015 1287 1227 753 358 120 105 
3 5 273 1015 1287 1228 753 358 120 105 
3 5 273 1015 1287 1229 753 358 120 105 
3 5 273 1015 1287 1230 753 358 120 105 
3 5 273 1015 1287 1231 753 358 120 105 
3 5 273 1015 1287 1232 753 358 120 105 
3 5 273 1015 1287 1233 753 358 120 105 
3 5 273 1015 1287 1234 753 358 120 105 
3 5 273 1015 1287 1235 753 358 120 105 
3 5 273 1015 1287 1236 753 358 120 105 
3 5 273 1015 1287 1237 753 358 120 105 
3 5 273 1015 1287 1238 753 358 120 105 
3 5 273 1015 1287 1239 753 358 120 105 
3 5 273 1015 1287 1240 753 358 120 105 
3 5 273 1015 1287 1241 753 358 120 105 
3 5 273 1015 1287 1242 753 358 120 105 
3 5 273 1015 1287 1243 753 358 120 105 
3 5 273 1015 1287 1244 753 358 120 105 
3 5 273 1015 1287 1245 753 358 120 105 
3 5 273 1015 1287 1246 753 358 120 105 
3 5 273 1015 1287 1247 753 358 120 105 
3 5 273 1015 1287 1248 753 358 120 105 
3 5 273 1015 1287 1249 753 358 120 105 
3 5 273 1015 1287 1250 753 358 120 105 
3 5 273 1015 1287 1251 753 358 120 105 
3 5 273 1015 1287 1252 753 358 120 105 
3 5 273 1015 1287 1253 753 358 120 105 
3 5 273 1015 1287 1254 753 358 120 105 
3 5 273 1015 1287 1255 753 358 120 105 
3 5 273 1015 1287 1256 753 358 120 105 
3 5 273 1015 1287 1257 753 358 120 105 
3 5 273 1015 1287 1258 753 358 120 105 
3 5 273 1015 1287 1259 753 358 120 105 
3 5 273 1015 1287 1260 753 358 120 105 
3 5 273 1015 1287 1261 753 358 120 105 
3 5 273 1015 1287 1262 753 358 120 105 
3 5 273 1015 1287 1263 753 358 120 105 
3 5 273 1015 1287 1264 753 358 120 105 
3 5 273 1015 1287 1265 753 358 120 105 
3 5 273 1015 1287 1266 753 358 120 105 
3 5 273 1015 1287 1267 753 358 120 105 
3 5 273 1015 1287 1268 753 358 120 105 
3 5 273 1015 1287 1269 753 358 120 105 
3 5 273 1015 1287 1270 753 358 120 105 
3 5 273 1015 1287 1271 753 358 120 105 
3 5 273 1015 1287 1272 753 358 120 105 
3 5 273 1015 1287 1273 753 358 120 105 
3 5 273 1015 1287 1274 753 358 120 105 
3 5 273 1015 1287 1275 753 358 120 105 
3 5 273 1015 1287 1276 753 358 120 105 
3 5 273 1015 1287 1277 753 358 120 105 
3 5 273 1015 1287 1278 753 358 120 105 
3 5 273 1015 1287 1279 753 358 120 105 
3 5 273 1015 1287 1280 753 358 120 105 
3 5 273 1015 1287 1281 753 358 120 105 
3 5 273 1015 1287 1282 753 358 120 105 
3 5 273 1015 1287 1283 753 358 120 105 
3 5 273 1015 1287 1284 753 358 120 105 
3 5 273 1015 1287 1285 753 358 120 105 
3 5 273 1015 1287 1286 753 358 120 105 
3 5 273 1015 1287 1287 753 358 120 105 
4 9 586 0 585 0 444 228 48 66 
4 9 586 0 585 1 444 228 48 66 
4 9 586 0 585 2 444 228 48 66 
4 9 586 0 585 3 444 229 48 66 
4 9 586 0 585 4 443 229 50 66 
4 9 586 0 585 5 443 228 50 67 
4 9 586 0 585 6 445 230 48 66 
4 9 586 0 585 7 445 229 48 67 
4 9 586 0 585 8 444 229 50 67 
4 9 586 0 585 9 444 230 50 67 
4 9 586 0 585 10 444 230 50 67 
4 9 586 0 585 11 444 230 50 67 
4 9 586 0 585 12 445 231 50 67 
4 9 586 0 585 13 445 231 50 67 
4 9 586 0 585 14 445 231 50 69 
4 9 586 0 585 15 445 232 50 67 
4 9 586 0 585 16 445 232 52 69 
4 9 586 0 585 17 445 232 52 69 
4 9 586 0 585 18 446 233 50 69 
4 9 586 0 585 19 446 233 50 69 
4 9 586 0 585 20 446 233 52 69 
4 9 586 0 585 21 446 234 52 69 
4 9 586 0 585 22 446 234 52 69 
4 9 586 0 585 23 446 234 52 70 
4 9 586 0 585 24 447 235 52 69 
4 9 586 0 585 25 447 235 52 70 
4 9 586 0 585 26 447 235 52 70 
4 9 586 0 585 27 446 236 54 70 
4 9 586 0 585 28 446 236 54 70 
4 9 586 0 585 29 446 236 54 72 
4 9 586 0 585 30 448 236 52 72 
4 9 586 0 585 31 447 237 54 70 
4 9 586 0 585 32 447 237 54 72 
4 9 586 0 585 33 447 237 54 72 
4 9 586 0 585 34 447 238 54 72 
4 9 586 0 585 35 447 238 56 72 
4 9 586 0 585 36 447 237 56 73 
4 9 586 0 585 37 448 239 54 72 
4 9 586 0 585 38 448 238 54 73 
4 9 586 0 585 39 448 238 56 73 
4 9 586 0 585 40 448 239 56 73 
4 9 586 0 585 41 448 239 56 73 
4 9 586 0 585 42 449 240 56 73 
4 9 586 0 585 43 449 240 56 73 
4 9 586 0 585 44 449 240 56 73 
4 9 586 0 585 45 449 241 56 73 
4 9 586 0 585 46 449 241 56 73 
4 9 586 0 585 47 449 242 56 73 
4 9 586 0 585 48 450 242 56 73 
4 9 586 0 585 49 450 243 56 73 
4 9 586 0 585 50 450 243 56 73 
4 9 586 0 585 51 450 244 56 73 
4 9 586 0 585 52 450 244 56 73 
4 9 586 0 585 53 450 245 56 73 
4 9 586 0 585 54 451 245 56 73 
4 9 586 0 585 55 451 246 56 73 
4 9 586 0 585 56 451 246 56 73 
4 9 586 0 585 57 451 247 56 73 
4 9 586 0 585 58 451 247 56 73 
4 9 586 0 585 59 451 247 56 73 
4 9 586 0 585 60 452 248 56 73 
4 9 586 0 585 61 452 248 56 73 
4 9 586 0 585 62 452 249 56 73 
4 9 586 0 585 63 452 249 56 73 
4 9 586 0 585 64 452 250 56 73 
4 9 586 0 585 65 452 250 56 73 
4 9 586 0 585 66 453 251 56 73 
4 9 586 0 585 67 453 251 56 73 
4 9 586 0 585 68 453 252 56 73 
4 9 586 0 585 69 453 252 56 73 
4 9 586 0 585 70 453 253 56 73 
4 9 586 0 585 71 453 253 56 73 
4 9 586 0 585 72 454 254 56 73 
4 9 586 0 585 73 454 254 56 73 
4 9 586 0 585 74 454 255 56 73 
4 9 586 0 585 75 454 255 56 73 
4 9 586 0 585 76 454 255 56 73 
4 9 586 0 585 77 455 256 56 73 
4 9 586 0 585 78 455 256 56 73 
4 9 586 0 585 79 455 257 56 73 
4 9 586 0 585 80 455 257 56 73 
4 9 586 0 585 81 455 258 56 73 
4 9 586 0 585 82 455 258 56 73 
4 9 586 0 585 83 456 259 56 73 
4 9 586 0 585 84 456 259 56 73 
4 9 586 0 585 85 456 260 56 73 
4 9 586 0 585 86 456 260 56 73 
4 9 586 0 585 87 456 261 56 73 
4 9 586 0 585 88 456 261 56 73 
4 9 586 0 585 89 457 262 56 73 
4 9 586 0 585 90 457 262 56 73 
4 9 586 0 585 91 457 262 56 73 
4 9 586 0 585 92 457 263 56 73 
4 9 586 0 585 93 457 263 56 73 
4 9 586 0 585 94 457 264 56 73 
4 9 586 0 585 95 458 264 56 73 
4 9 586 0 585 96 458 265 56 73 
4 9 586 0 585 97 458 265 56 73 
4 9 586 0 585 98 458 266 56 73 
4 9 586 0 585 99 458 266 56 73 
4 9 586 0 585 100 458 267 56 73 
4 9 586 0 585 101 459 267 56 73 
4 9 586 0 585 102 459 268 56 73 
4 9 586 0 585 103 459 268 56 73 
4 9 586 0 585 104 459 269 56 73 
4 9 586 0 585 105 459 269 56 73 
4 9 586 0 585 106 460 270 56 73 
4 9 586 0 585 107 459 270 56 73 
4 9 586 0 585 108 459 271 56 73 
4 9 586 0 585 109 459 272 56 73 
4 9 586 0 585 110 459 272 56 73 
4 9 586 0 585 111 459 273 56 73 
4 9 586 0 585 112 459 274 56 73 
4 9 586 0 585 113 459 275 56 73 
4 9 586 0 585 114 459 275 56 73 
4 9 586 0 585 115 459 276 56 73 
4 9 586 0 585 116 459 277 56 73 
4 9 586 0 585 117 459 278 56 73 
4 9 586 0 585 118 459 278 56 73 
4 9 586 0 585 119 459 279 56 73 
4 9 586 0 585 120 459 280 56 73 
4 9 586 0 585 121 459 281 56 73 
4 9 586 0 585 122 459 281 56 73 
4 9 586 0 585 123 459 282 56 73 
4 9 586 0 585 124 459 283 56 73 
4 9 586 0 585 125 459 284 56 73 
4 9 586 0 585 126 459 284 56 73 
4 9 586 0 585 127 459 285 56 73 
4 9 586 0 585 128 459 286 56 73 
4 9 586 0 585 129 459 287 56 73 
4 9 586 0 585 130 459 287 56 73 
4 9 586 0 585 131 459 288 56 73 
4 9 586 0 585 132 459 289 56 73 
4 9 586 0 585 133 459 290 56 73 
4 9 586 0 585 134 459 290 56 73 
4 9 586 0 585 135 459 291 56 73 
4 9 586 0 585 136 459 292 56 73 
4 9 586 0 585 137 459 293 56 73 
4 9 586 0 585 138 459 293 56 73 
4 9 586 0 585 139 459 294 56 73 
4 9 586 0 585 140 459 295 56 73 
4 9 586 0 585 141 459 296 56 73 
4 9 586 0 585 142 459 296 56 73 
4 9 586 0 585 143 459 297 56 73 
4 9 586 0 585 144 459 298 56 73 
4 9 586 0 585 145 459 298 56 73 
4 9 586 0 585 146 459 299 56 73 
4 9 586 0 585 147 459 300 56 73 
4 9 586 0 585 148 459 301 56 73 
4 9 586 0 585 149 459 301 56 73 
4 9 586 0 585 150 459 302 56 73 
4 9 586 0 585 151 459 303 56 73 
4 9 586 0 585 152 459 304 56 73 
4 9 586 0 585 153 459 304 56 73 
4 9 586 0 585 154 459 305 56 73 
4 9 586 0 585 155 459 306 56 73 
4 9 586 0 585 156 459 307 56 73 
4 9 586 0 585 157 459 307 56 73 
4 9 586 0 585 158 459 308 56 73 
4 9 586 0 585 159 459 309 56 73 
4 9 586 0 585 160 459 310 56 73 
4 9 586 0 585 161 459 310 56 73 
4 9 586 0 585 162 459 311 56 73 
4 9 586 0 585 163 459 312 56 73 
4 9 586 0 585 164 459 313 56 73 
4 9 586 0 585 165 459 313 56 73 
4 9 586 0 585 166 459 314 56 73 
4 9 586 0 585 167 459 315 56 73 
4 9 586 0 585 168 459 316 56 73 
4 9 586 0 585 169 459 316 56 73 
4 9 586 0 585 170 459 317 56 73 
4 9 586 0 585 171 459 318 56 73 
4 9 586 0 585 172 459 319 56 73 
4 9 586 0 585 173 459 319 56 73 
4 9 586 0 585 174 459 320 56 73 
4 9 586 0 585 175 459 321 56 73 
4 9 586 0 585 176 459 322 56 73 
4 9 586 0 585 177 459 322 56 73 
4 9 586 0 585 178 459 323 56 73 
4 9 586 0 585 179 459 324 56 73 
4 9 586 0 585 180 459 325 56 73 
4 9 586 0 585 181 459 326 56 73 
4 9 586 0 585 182 459 327 56 73 
4 9 586 0 585 183 459 327 56 73 
4 9 586 0 585 184 459 328 56 73 
4 9 586 0 585 185 460 329 54 73 
4 9 586 0 585 186 460 330 56 73 
4 9 586 0 585 187 460 331 56 73 
4 9 586 0 585 188 460 332 56 73 
4 9 586 0 585 189 460 332 56 75 
4 9 586 0 585 190 460 333 56 73 
4 9 586 0 585 191 460 334 56 73 
4 9 586 0 585 192 460 335 56 73 
4 9 586 0 585 193 461 336 54 73 
4 9 586 0 585 194 461 337 54 73 
4 9 586 0 585 195 461 337 54 75 
4 9 586 0 585 196 461 338 56 75 
4 9 586 0 585 197 461 339 56 73 
4 9 586 0 585 198 461 340 56 73 
4 9 586 0 585 199 461 341 56 73 
4 9 586 0 585 200 461 342 56 73 
4 9 586 0 585 201 461 342 56 75 
4 9 586 0 585 202 462 343 54 75 
4 9 586 0 585 203 462 344 54 73 
4 9 586 0 585 204 462 345 54 73 
4 9 586 0 585 205 462 346 56 73 
4 9 586 0 585 206 462 347 56 73 
4 9 586 0 585 207 462 347 56 75 
4 9 586 0 585 208 462 348 56 75 
4 9 586 0 585 209 462 349 56 75 
4 9 586 0 585 210 463 350 54 73 
4 9 586 0 585 211 463 351 54 73 
4 9 586 0 585 212 463 352 54 73 
4 9 586 0 585 213 463 352 54 75 
4 9 586 0 585 214 463 353 54 75 
4 9 586 0 585 215 463 354 56 75 
4 9 586 0 585 216 463 355 56 75 
4 9 586 0 585 217 463 356 56 73 
4 9 586 0 585 218 464 357 54 73 
4 9 586 0 585 219 464 357 54 75 
4 9 586 0 585 220 464 358 54 75 
4 9 586 0 585 221 464 359 54 75 
4 9 586 0 585 222 464 360 54 75 
4 9 586 0 585 223 464 361 54 73 
4 9 586 0 585 224 464 362 56 73 
4 9 586 0 585 225 464 362 56 75 
4 9 586 0 585 226 464 363 56 75 
4 9 586 0 585 227 465 364 54 75 
4 9 586 0 585 228 465 365 54 75 
4 9 586 0 585 229 465 366 54 75 
4 9 586 0 585 230 465 367 54 73 
4 9 586 0 585 231 465 367 54 75 
4 9 586 0 585 232 465 368 54 75 
4 9 586 0 585 233 465 369 54 75 
4 9 586 0 585 234 465 370 56 75 
4 9 586 0 585 235 466 371 54 75 
4 9 586 0 585 236 466 372 54 75 
4 9 586 0 585 237 466 372 54 75 
4 9 586 0 585 238 466 373 54 75 
4 9 586 0 585 239 466 374 54 75 
4 9 586 0 585 240 466 375 54 75 
4 9 586 0 585 241 466 376 54 75 
4 9 586 0 585 242 466 377 54 75 
4 9 586 0 585 243 467 378 54 75 
4 9 586 0 585 244 467 378 54 75 
4 9 586 0 585 245 467 379 54 75 
4 9 586 0 585 246 467 380 54 75 
4 9 586 0 585 247 467 381 54 75 
4 9 586 0 585 248 467 382 54 73 
4 9 586 0 585 249 467 383 54 73 
4 9 586 0 585 250 467 383 54 75 
4 9 586 0 585 251 467 384 54 75 
4 9 586 0 585 252 467 385 54 73 
4 9 586 0 585 253 468 386 54 73 
4 9 586 0 585 254 468 387 54 73 
4 9 586 0 585 255 468 388 54 73 
4 9 586 0 585 256 468 388 54 73 
4 9 586 0 585 257 468 389 54 73 
4 9 586 0 585 258 468 390 54 73 
4 9 586 0 585 259 468 391 54 73 
4 9 586 0 585 260 468 393 54 72 
4 9 586 0 585 261 468 394 54 72 
4 9 586 0 585 262 468 393 54 73 
4 9 586 0 585 263 469 394 54 73 
4 9 586 0 585 264 469 396 54 72 
4 9 586 0 585 265 469 397 54 72 
4 9 586 0 585 266 469 398 54 72 
4 9 586 0 585 267 469 399 54 72 
4 9 586 0 585 268 469 398 54 73 
4 9 586 0 585 269 469 400 54 72 
4 9 586 0 585 270 469 401 54 72 
4 9 586 0 585 271 469 402 54 72 
4 9 586 0 585 272 470 403 54 72 
4 9 586 0 585 273 470 404 54 70 
4 9 586 0 585 274 470 404 54 72 
4 9 586 0 585 275 470 405 54 72 
4 9 586 0 585 276 470 406 54 72 
4 9 586 0 585 277 470 407 54 70 
4 9 586 0 585 278 470 408 54 70 
4 9 586 0 585 279 470 409 54 70 
4 9 586 0 585 280 470 409 54 72 
4 9 586 0 585 281 470 410 54 70 
4 9 586 0 585 282 471 411 54 70 
4 9 586 0 585 283 471 412 54 70 
4 9 586 0 585 284 471 413 54 70 
4 9 586 0 585 285 471 414 54 69 
4 9 586 0 585 286 471 414 54 70 
4 9 586 0 585 287 471 415 54 70 
4 9 586 0 585 288 471 416 54 70 
4 9 586 0 585 289 471 417 54 70 
4 9 586 0 585 290 471 418 54 69 
4 9 586 0 585 291 472 419 54 69 
4 9 586 0 585 292 472 419 54 70 
4 9 586 0 585 293 472 420 54 70 
4 9 586 0 585 294 472 421 54 69 
4 9 586 0 585 295 472 422 54 69 
4 9 586 0 585 296 472 423 54 69 
4 9 586 0 585 297 472 424 54 69 
4 9 586 0 585 298 472 424 54 69 
4 9 586 0 585 299 472 425 54 69 
4 9 586 0 585 300 472 426 54 69 
4 9 586 0 585 301 473 427 54 69 
4 9 586 0 585 302 473 428 54 67 
4 9 586 0 585 303 473 429 54 67 
4 9 586 0 585 304 473 429 54 69 
4 9 586 0 585 305 473 430 54 69 
4 9 586 0 585 306 473 431 54 67 
4 9 586 0 585 307 473 432 54 67 
4 9 586 0 585 308 473 433 54 67 
4 9 586 0 585 309 473 434 54 67 
4 9 586 0 585 310 474 435 54 67 
4 9 586 0 585 311 474 435 54 69 
4 9 586 0 585 312 474 436 54 69 
4 9 586 0 585 313 474 437 54 69 
4 9 586 0 585 314 474 438 54 69 
4 9 586 0 585 315 474 439 56 69 
4 9 586 0 585 316 474 440 56 69 
4 9 586 0 585 317 475 441 54 69 
4 9 586 0 585 318 475 442 54 69 
4 9 586 0 585 319 475 443 54 69 
4 9 586 0 585 320 475 444 56 69 
4 9 586 0 585 321 475 445 56 69 
4 9 586 0 585 322 475 446 56 69 
4 9 586 0 585 323 476 447 54 69 
4 9 586 0 585 324 476 448 54 69 
4 9 586 0 585 325 476 449 56 69 
4 9 586 0 585 326 476 450 56 69 
4 9 586 0 585 327 476 451 56 69 
4 9 586 0 585 328 476 452 56 69 
4 9 586 0 585 329 477 453 54 69 
4 9 586 0 585 330 477 454 56 69 
4 9 586 0 585 331 477 455 56 69 
4 9 586 0 585 332 477 456 56 69 
4 9 586 0 585 333 477 457 56 70 
4 9 586 0 585 334 477 458 56 70 
4 9 586 0 585 335 478 459 56 70 
4 9 586 0 585 336 478 460 56 70 
4 9 586 0 585 337 478 461 56 70 
4 9 586 0 585 338 478 462 56 70 
4 9 586 0 585 339 477 463 58 70 
4 9 586 0 585 340 477 464 58 70 
4 9 586 0 585 341 479 465 56 70 
4 9 586 0 585 342 479 466 56 70 
4 9 586 0 585 343 479 467 56 70 
4 9 586 0 585 344 478 468 58 70 
4 9 586 0 585 345 478 468 58 72 
4 9 586 0 585 346 478 469 58 72 
4 9 586 0 585 347 480 470 56 72 
4 9 586 0 585 348 480 471 56 72 
4 9 586 0 585 349 479 472 58 72 
4 9 586 0 585 350 479 473 58 72 
4 9 586 0 585 351 479 474 58 72 
4 9 586 0 585 352 479 475 58 72 
4 9 586 0 585 353 481 476 56 72 
4 9 586 0 585 354 480 477 58 72 
4 9 586 0 585 355 480 478 58 72 
4 9 586 0 585 356 480 478 58 73 
4 9 586 0 585 357 480 479 58 73 
4 9 586 0 585 358 480 480 60 73 
4 9 586 0 585 359 481 481 58 73 
4 9 586 0 585 360 481 482 58 73 
4 9 586 0 585 361 481 483 58 73 
4 9 586 0 585 362 481 484 58 73 
4 9 586 0 585 363 481 485 60 73 
4 9 586 0 585 364 481 486 60 73 
4 9 586 0 585 365 482 487 58 73 
4 9 586 0 585 366 482 488 58 73 
4 9 586 0 585 367 482 489 58 73 
4 9 586 0 585 368 482 490 60 73 
4 9 586 0 585 369 482 491 60 73 
4 9 586 0 585 370 482 492 60 73 
4 9 586 0 585 371 483 493 58 73 
4 9 586 0 585 372 483 494 58 73 
4 9 586 0 585 373 483 495 60 73 
4 9 586 0 585 374 483 496 60 73 
4 9 586 0 585 375 483 497 60 73 
4 9 586 0 585 376 483 498 60 73 
4 9 586 0 585 377 484 499 60 75 
4 9 586 0 585 378 484 499 60 75 
4 9 586 0 585 379 484 500 60 75 
4 9 586 0 585 380 484 501 60 75 
4 9 586 0 585 381 484 502 60 75 
4 9 586 0 585 382 485 503 60 75 
4 9 586 0 585 383 485 504 60 75 
4 9 586 0 585 384 485 505 60 75 
4 9 586 0 585 385 485 506 60 75 
4 9 586 0 585 386 485 507 60 75 
4 9 586 0 585 387 486 508 60 75 
4 9 586 0 585 388 486 509 60 75 
4 9 586 0 585 389 486 510 60 75 
4 9 586 0 585 390 486 511 60 75 
4 9 586 0 585 391 486 512 60 75 
4 9 586 0 585 392 487 513 60 75 
4 9 586 0 585 393 487 514 60 75 
4 9 586 0 585 394 487 515 60 75 
4 9 586 0 585 395 487 516 60 75 
4 9 586 0 585 396 487 517 60 75 
4 9 586 0 585 397 488 518 60 75 
4 9 586 0 585 398 488 519 60 75 
4 9 586 0 585 399 488 520 60 75 
4 9 586 0 585 400 488 521 60 75 
4 9 586 0 585 401 488 522 60 75 
4 9 586 0 585 402 489 523 60 75 
4 9 586 0 585 403 489 524 60 75 
4 9 586 0 585 404 489 525 60 75 
4 9 586 0 585 405 489 526 60 75 
4 9 586 0 585 406 489 527 60 75 
4 9 586 0 585 407 490 528 60 75 
4 9 586 0 585 408 490 529 60 75 
4 9 586 0 585 409 490 530 60 75 
4 9 586 0 585 410 490 530 60 75 
4 9 586 0 585 411 490 531 60 75 
4 9 586 0 585 412 491 532 60 75 
4 9 586 0 585 413 491 533 60 75 
4 9 586 0 585 414 491 534 60 75 
4 9 586 0 585 415 491 535 60 75 
4 9 586 0 585 416 491 536 60 75 
4 9 586 0 585 417 492 537 60 75 
4 9 586 0 585 418 492 538 60 75 
4 9 586 0 585 419 492 539 60 75 
4 9 586 0 585 420 492 540 60 75 
4 9 586 0 585 421 492 541 60 75 
4 9 586 0 585 422 493 542 60 75 
4 9 586 0 585 423 493 543 60 75 
4 9 586 0 585 424 493 544 60 75 
4 9 586 0 585 425 493 545 60 75 
4 9 586 0 585 426 493 546 60 75 
4 9 586 0 585 427 494 547 60 75 
4 9 586 0 585 428 494 548 60 75 
4 9 586 0 585 429 494 549 60 75 
4 9 586 0 585 430 494 550 60 75 
4 9 586 0 585 431 494 551 60 75 
4 9 586 0 585 432 495 552 60 75 
4 9 586 0 585 433 495 553 60 75 
4 9 586 0 585 434 495 554 60 75 
4 9 586 0 585 435 495 555 60 75 
4 9 586 0 585 436 495 556 60 75 
4 9 586 0 585 437 496 557 60 75 
4 9 586 0 585 438 496 558 60 75 
4 9 586 0 585 439 496 559 60 75 
4 9 586 0 585 440 496 560 60 75 
4 9 586 0 585 441 496 561 60 75 
4 9 586 0 585 442 497 562 60 75 
4 9 586 0 585 443 497 562 60 75 
4 9 586 0 585 444 498 563 60 75 
4 9 586 0 585 445 497 564 62 75 
4 9 586 0 585 446 498 565 62 73 
4 9 586 0 585 447 499 565 62 75 
4 9 586 0 585 448 499 566 62 75 
4 9 586 0 585 449 500 567 62 75 
4 9 586 0 585 450 501 568 62 73 
4 9 586 0 585 451 501 568 64 75 
4 9 586 0 585 452 502 569 64 75 
4 9 586 0 585 453 501 570 66 75 
4 9 586 0 585 454 503 571 64 73 
4 9 586 0 585 455 504 571 64 75 
4 9 586 0 585 456 503 572 66 75 
4 9 586 0 585 457 504 573 66 75 
4 9 586 0 585 458 505 574 66 73 
4 9 586 0 585 459 505 574 68 75 
4 9 586 0 585 460 506 575 66 75 
4 9 586 0 585 461 507 576 66 75 
4 9 586 0 585 462 507 577 68 73 
4 9 586 0 585 463 508 577 68 75 
4 9 586 0 585 464 507 578 70 75 
4 9 586 0 585 465 509 579 68 75 
4 9 586 0 585 466 510 580 68 73 
4 9 586 0 585 467 509 580 70 75 
4 9 586 0 585 468 510 581 70 75 
4 9 586 0 585 469 511 582 70 75 
4 9 586 0 585 470 511 583 72 73 
4 9 586 0 585 471 512 583 70 75 
4 9 586 0 585 472 513 584 70 75 
4 9 586 0 585 473 513 585 72 75 
4 9 586 0 585 474 514 586 72 73 
4 9 586 0 585 475 513 586 74 75 
4 9 586 0 585 476 514 587 74 75 
4 9 586 0 585 477 516 588 72 75 
4 9 586 0 585 478 515 589 74 73 
4 9 586 0 585 479 516 589 74 75 
4 9 586 0 585 480 517 590 74 75 
4 9 586 0 585 481 517 591 76 75 
4 9 586 0 585 482 518 592 76 73 
4 9 586 0 585 483 519 592 74 75 
4 9 586 0 585 484 519 593 76 75 
4 9 586 0 585 485 520 594 76 75 
4 9 586 0 585 486 519 595 78 73 
4 9 586 0 585 487 520 595 78 75 
4 9 586 0 585 488 521 596 78 75 
4 9 586 0 585 489 521 597 78 75 
4 9 586 0 585 490 522 598 78 73 
4 9 586 0 585 491 523 598 78 75 
4 9 586 0 585 492 523 599 80 75 
4 9 586 0 585 493 524 600 80 75 
4 9 586 0 585 494 525 601 80 75 
4 9 586 0 585 495 527 601 80 75 
4 9 586 0 585 496 529 602 80 73 
4 9 586 0 585 497 531 603 80 73 
4 9 586 0 585 498 533 605 80 72 
4 9 586 0 585 499 536 604 78 73 
4 9 586 0 585 500 538 606 78 72 
4 9 586 0 585 501 540 607 78 72 
4 9 586 0 585 502 542 608 78 70 
4 9 586 0 585 503 544 608 78 72 
4 9 586 0 585 504 546 609 78 70 
4 9 586 0 585 505 548 610 78 69 
4 9 586 0 585 506 550 610 78 70 
4 9 586 0 585 507 552 611 78 69 
4 9 586 0 585 508 554 612 78 69 
4 9 586 0 585 509 557 612 76 69 
4 9 586 0 585 510 559 613 76 67 
4 9 586 0 585 511 561 614 76 67 
4 9 586 0 585 512 561 614 78 67 
4 9 586 0 585 513 564 616 76 66 
4 9 586 0 585 514 566 617 76 66 
4 9 586 0 585 515 568 617 76 66 
4 9 586 0 585 516 569 618 76 64 
4 9 586 0 585 517 571 619 76 64 
4 9 586 0 585 518 573 619 76 64 
4 9 586 0 585 519 575 620 74 63 
4 9 586 0 585 520 576 620 76 64 
4 9 586 0 585 521 578 621 76 63 
4 9 586 0 585 522 580 622 74 61 
4 9 586 0 585 523 581 622 76 63 
4 9 586 0 585 524 583 623 74 61 
4 9 586 0 585 525 584 623 76 61 
4 9 586 0 585 526 586 624 74 61 
4 9 586 0 585 527 587 624 76 61 
4 9 586 0 585 528 589 626 74 60 
4 9 586 0 585 529 591 627 74 60 
4 9 586 0 585 530 593 627 74 60 
4 9 586 0 585 531 595 627 74 60 
4 9 586 0 585 532 598 628 74 58 
4 9 586 0 585 533 600 628 74 58 
4 9 586 0 585 534 604 629 72 57 
4 9 586 0 585 535 605 629 74 57 
4 9 586 0 585 536 607 629 74 57 
4 9 586 0 585 537 609 630 74 55 
4 9 586 0 585 538 611 630 74 55 
4 9 586 0 585 539 615 632 72 54 
4 9 586 0 585 540 617 631 72 55 
4 9 586 0 585 541 618 631 74 55 
4 9 586 0 585 542 620 633 74 54 
4 9 586 0 585 543 622 633 74 54 
4 9 586 0 585 544 625 633 72 54 
4 9 586 0 585 545 627 634 72 52 
4 9 586 0 585 546 627 634 74 52 
4 9 586 0 585 547 629 634 74 52 
4 9 586 0 585 548 631 635 74 51 
4 9 586 0 585 549 633 635 74 51 
4 9 586 0 585 550 636 636 72 49 
4 9 586 0 585 551 636 636 74 49 
4 9 586 0 585 552 638 636 74 49 
4 9 586 0 585 553 640 638 74 48 
4 9 586 0 585 554 641 638 74 48 
4 9 586 0 585 555 643 638 74 48 
4 9 586 0 585 556 645 638 74 48 
4 9 586 0 585 557 646 639 74 46 
4 9 586 0 585 558 648 639 74 46 
4 9 586 0 585 559 649 639 74 46 
4 9 586 0 585 560 651 640 74 45 
4 9 586 0 585 561 652 640 74 45 
4 9 586 0 585 562 654 640 74 45 
4 9 586 0 585 563 655 641 74 43 
4 9 586 0 585 564 657 641 74 43 
4 9 586 0 585 565 658 641 74 43 
4 9 586 0 585 566 660 642 74 43 
4 9 586 0 585 567 660 642 74 43 
4 9 586 0 585 568 661 642 74 43 
4 9 586 0 585 569 662 643 74 43 
4 9 586 0 585 570 663 643 74 43 
4 9 586 0 585 571 664 643 74 43 
4 9 586 0 585 572 665 644 74 43 
4 9 586 0 585 573 666 644 74 43 
4 9 586 0 585 574 667 645 74 43 
4 9 586 0 585 575 668 645 74 43 
4 9 586 0 585 576 669 645 74 43 
4 9 586 0 585 577 670 646 74 43 
4 9 586 0 585 578 671 646 74 43 
4 9 586 0 585 579 672 646 74 43 
4 9 586 0 585 580 673 647 74 43 
4 9 586 0 585 581 674 647 74 43 
4 9 586 0 585 582 675 648 74 43 
4 9 586 0 585 583 675 648 74 43 
4 9 586 0 585 584 676 648 74 43 
4 9 586 0 585 585 677 649 74 43 
5 9 1168 0 1167 0 915 279 44 73 
5 9 1168 0 1167 1 915 279 44 73 
5 9 1168 0 1167 2 915 280 44 73 
5 9 1168 0 1167 3 915 282 44 72 
5 9 1168 0 1167 4 916 283 44 72 
5 9 1168 0 1167 5 916 282 44 73 
5 9 1168 0 1167 6 916 284 44 72 
5 9 1168 0 1167 7 916 285 44 72 
5 9 1168 0 1167 8 917 286 44 72 
5 9 1168 0 1167 9 917 287 44 70 
5 9 1168 0 1167 10 917 287 44 72 
5 9 1168 0 1167 11 916 288 46 72 
5 9 1168 0 1167 12 918 289 44 70 
5 9 1168 0 1167 13 918 290 44 70 
5 9 1168 0 1167 14 918 291 44 70 
5 9 1168 0 1167 15 917 291 46 70 
5 9 1168 0 1167 16 919 292 44 70 
5 9 1168 0 1167 17 919 293 44 70 
5 9 1168 0 1167 18 918 294 46 69 
5 9 1168 0 1167 19 918 295 46 69 
5 9 1168 0 1167 20 920 295 44 70 
5 9 1168 0 1167 21 920 296 44 69 
5 9 1168 0 1167 22 919 297 46 69 
5 9 1168 0 1167 23 919 298 46 67 
5 9 1168 0 1167 24 921 299 44 67 
5 9 1168 0 1167 25 921 299 44 69 
5 9 1168 0 1167 26 920 300 46 67 
5 9 1168 0 1167 27 920 301 46 67 
5 9 1168 0 1167 28 922 302 44 67 
5 9 1168 0 1167 29 921 302 46 67 
5 9 1168 0 1167 30 921 303 46 67 
5 9 1168 0 1167 31 921 304 46 67 
5 9 1168 0 1167 32 923 306 44 66 
5 9 1168 0 1167 33 922 307 46 66 
5 9 1168 0 1167 34 922 306 46 67 
5 9 1168 0 1167 35 922 308 46 66 
5 9 1168 0 1167 36 923 309 46 66 
5 9 1168 0 1167 37 923 310 46 66 
5 9 1168 0 1167 38 923 311 46 64 
5 9 1168 0 1167 39 925 311 44 66 
5 9 1168 0 1167 40 924 312 46 66 
5 9 1168 0 1167 41 924 313 46 64 
5 9 1168 0 1167 42 924 314 46 64 
5 9 1168 0 1167 43 925 315 46 64 
5 9 1168 0 1167 44 925 315 46 64 
5 9 1168 0 1167 45 925 316 46 64 
5 9 1168 0 1167 46 925 317 46 64 
5 9 1168 0 1167 47 925 318 46 64 
5 9 1168 0 1167 48 925 319 46 64 
5 9 1168 0 1167 49 925 319 46 64 
5 9 1168 0 1167 50 926 320 46 64 
5 9 1168 0 1167 51 926 321 46 64 
5 9 1168 0 1167 52 926 322 46 64 
5 9 1168 0 1167 53 926 323 46 64 
5 9 1168 0 1167 54 926 323 46 64 
5 9 1168 0 1167 55 926 324 46 64 
5 9 1168 0 1167 56 927 325 46 64 
5 9 1168 0 1167 57 927 326 46 64 
5 9 1168 0 1167 58 927 327 46 64 
5 9 1168 0 1167 59 927 328 46 64 
5 9 1168 0 1167 60 927 328 46 64 
5 9 1168 0 1167 61 927 329 46 64 
5 9 1168 0 1167 62 928 330 46 64 
5 9 1168 0 1167 63 928 331 46 64 
5 9 1168 0 1167 64 928 332 46 64 
5 9 1168 0 1167 65 928 332 46 64 
5 9 1168 0 1167 66 928 333 46 64 
5 9 1168 0 1167 67 928 334 46 64 
5 9 1168 0 1167 68 929 335 46 64 
5 9 1168 0 1167 69 929 336 46 64 
5 9 1168 0 1167 70 929 336 46 64 
5 9 1168 0 1167 71 929 337 46 64 
5 9 1168 0 1167 72 929 338 46 64 
5 9 1168 0 1167 73 929 339 46 64 
5 9 1168 0 1167 74 930 340 46 64 
5 9 1168 0 1167 75 930 341 46 64 
5 9 1168 0 1167 76 930 341 46 64 
5 9 1168 0 1167 77 930 342 46 64 
5 9 1168 0 1167 78 930 343 46 64 
5 9 1168 0 1167 79 930 344 46 64 
5 9 1168 0 1167 80 931 345 46 64 
5 9 1168 0 1167 81 931 345 46 64 
5 9 1168 0 1167 82 931 346 46 64 
5 9 1168 0 1167 83 931 347 46 64 
5 9 1168 0 1167 84 931 348 46 64 
5 9 1168 0 1167 85 931 349 46 64 
5 9 1168 0 1167 86 932 350 46 64 
5 9 1168 0 1167 87 932 350 46 64 
5 9 1168 0 1167 88 932 351 46 64 
5 9 1168 0 1167 89 932 352 46 64 
5 9 1168 0 1167 90 932 353 46 64 
5 9 1168 0 1167 91 932 354 46 64 
5 9 1168 0 1167 92 932 355 46 64 
5 9 1168 0 1167 93 932 356 46 64 
5 9 1168 0 1167 94 932 356 46 64 
5 9 1168 0 1167 95 932 357 46 64 
5 9 1168 0 1167 96 932 358 46 64 
5 9 1168 0 1167 97 932 359 46 64 
5 9 1168 0 1167 98 932 360 46 64 
5 9 1168 0 1167 99 932 361 46 64 
5 9 1168 0 1167 100 932 362 46 64 
5 9 1168 0 1167 101 932 363 46 64 
5 9 1168 0 1167 102 932 363 46 64 
5 9 1168 0 1167 103 932 364 46 64 
5 9 1168 0 1167 104 932 365 46 64 
5 9 1168 0 1167 105 932 366 46 64 
5 9 1168 0 1167 106 932 367 46 64 
5 9 1168 0 1167 107 932 368 46 64 
5 9 1168 0 1167 108 932 369 46 64 
5 9 1168 0 1167 109 932 369 46 64 
5 9 1168 0 1167 110 932 370 46 64 
5 9 1168 0 1167 111 932 371 46 64 
5 9 1168 0 1167 112 932 372 46 64 
5 9 1168 0 1167 113 932 373 46 64 
5 9 1168 0 1167 114 932 374 46 64 
5 9 1168 0 1167 115 932 375 46 64 
5 9 1168 0 1167 116 932 376 46 64 
5 9 1168 0 1167 117 932 376 46 64 
5 9 1168 0 1167 118 932 377 46 64 
5 9 1168 0 1167 119 932 378 46 64 
5 9 1168 0 1167 120 932 379 46 64 
5 9 1168 0 1167 121 932 380 46 64 
5 9 1168 0 1167 122 932 381 46 64 
5 9 1168 0 1167 123 932 382 46 64 
5 9 1168 0 1167 124 932 382 46 64 
5 9 1168 0 1167 125 932 383 46 64 
5 9 1168 0 1167 126 932 384 46 64 
5 9 1168 0 1167 127 932 385 46 64 
5 9 1168 0 1167 128 932 386 46 64 
5 9 1168 0 1167 129 932 387 46 64 
5 9 1168 0 1167 130 932 388 46 64 
5 9 1168 0 1167 131 933 389 46 64 
5 9 1168 0 1167 132 931 389 46 64 
5 9 1168 0 1167 133 930 389 46 64 
5 9 1168 0 1167 134 928 389 48 64 
5 9 1168 0 1167 135 927 390 46 64 
5 9 1168 0 1167 136 926 390 46 64 
5 9 1168 0 1167 137 924 390 48 64 
5 9 1168 0 1167 138 923 391 48 64 
5 9 1168 0 1167 139 922 391 46 64 
5 9 1168 0 1167 140 920 391 48 64 
5 9 1168 0 1167 141 919 391 48 64 
5 9 1168 0 1167 142 918 392 48 64 
5 9 1168 0 1167 143 916 392 48 64 
5 9 1168 0 1167 144 915 392 48 64 
5 9 1168 0 1167 145 912 393 50 64 
5 9 1168 0 1167 146 911 393 50 64 
5 9 1168 0 1167 147 911 393 48 64 
5 9 1168 0 1167 148 908 394 50 64 
5 9 1168 0 1167 149 907 394 50 64 
5 9 1168 0 1167 150 906 394 50 64 
5 9 1168 0 1167 151 904 394 50 64 
5 9 1168 0 1167 152 903 395 50 64 
5 9 1168 0 1167 153 902 395 50 64 
5 9 1168 0 1167 154 900 395 52 64 
5 9 1168 0 1167 155 899 396 50 64 
5 9 1168 0 1167 156 897 396 52 64 
5 9 1168 0 1167 157 896 396 52 64 
5 9 1168 0 1167 158 895 396 52 64 
5 9 1168 0 1167 159 893 397 52 64 
5 9 1168 0 1167 160 892 397 52 64 
5 9 1168 0 1167 161 891 397 52 64 
5 9 1168 0 1167 162 888 398 54 64 
5 9 1168 0 1167 163 888 398 52 64 
5 9 1168 0 1167 164 887 398 52 64 
5 9 1168 0 1167 165 884 399 54 64 
5 9 1168 0 1167 166 883 399 54 64 
5 9 1168 0 1167 167 881 399 54 64 
5 9 1168 0 1167 168 880 399 54 64 
5 9 1168 0 1167 169 879 400 54 64 
5 9 1168 0 1167 170 877 400 56 64 
5 9 1168 0 1167 171 876 400 54 64 
5 9 1168 0 1167 172 875 401 54 64 
5 9 1168 0 1167 173 873 401 56 64 
5 9 1168 0 1167 174 872 401 56 64 
5 9 1168 0 1167 175 871 402 56 64 
5 9 1168 0 1167 176 869 401 56 66 
5 9 1168 0 1167 177 868 401 56 66 
5 9 1168 0 1167 178 867 401 56 66 
5 9 1168 0 1167 179 864 401 58 66 
5 9 1168 0 1167 180 863 401 58 66 
5 9 1168 0 1167 181 862 401 58 66 
5 9 1168 0 1167 182 861 400 58 67 
5 9 1168 0 1167 183 859 400 60 67 
5 9 1168 0 1167 184 858 400 60 67 
5 9 1168 0 1167 185 857 400 60 67 
5 9 1168 0 1167 186 854 400 62 67 
5 9 1168 0 1167 187 853 400 62 67 
5 9 1168 0 1167 188 852 400 62 69 
5 9 1168 0 1167 189 850 400 64 69 
5 9 1168 0 1167 190 849 400 62 69 
5 9 1168 0 1167 191 848 400 62 69 
5 9 1168 0 1167 192 847 400 62 69 
5 9 1168 0 1167 193 845 400 64 69 
5 9 1168 0 1167 194 844 400 64 69 
5 9 1168 0 1167 195 843 400 64 70 
5 9 1168 0 1167 196 840 400 66 70 
5 9 1168 0 1167 197 839 400 66 70 
5 9 1168 0 1167 198 838 400 66 70 
5 9 1168 0 1167 199 837 400 66 70 
5 9 1168 0 1167 200 835 400 68 70 
5 9 1168 0 1167 201 834 400 68 72 
5 9 1168 0 1167 202 833 400 68 72 
5 9 1168 0 1167 203 830 400 70 72 
5 9 1168 0 1167 204 829 400 70 72 
5 9 1168 0 1167 205 828 400 70 72 
5 9 1168 0 1167 206 827 399 70 73 
5 9 1168 0 1167 207 826 398 70 73 
5 9 1168 0 1167 208 826 398 70 73 
5 9 1168 0 1167 209 827 398 68 73 
5 9 1168 0 1167 210 825 398 70 73 
5 9 1168 0 1167 211 826 398 68 73 
5 9 1168 0 1167 212 826 398 68 73 
5 9 1168 0 1167 213 825 398 68 73 
5 9 1168 0 1167 214 825 398 68 73 
5 9 1168 0 1167 215 825 398 66 73 
5 9 1168 0 1167 216 824 398 68 73 
5 9 1168 0 1167 217 824 398 66 73 
5 9 1168 0 1167 218 824 397 66 73 
5 9 1168 0 1167 219 823 397 66 73 
5 9 1168 0 1167 220 823 397 66 73 
5 9 1168 0 1167 221 824 397 64 73 
5 9 1168 0 1167 222 822 397 66 73 
5 9 1168 0 1167 223 823 397 64 73 
5 9 1168 0 1167 224 823 397 64 73 
5 9 1168 0 1167 225 822 397 64 73 
5 9 1168 0 1167 226 822 397 64 73 
5 9 1168 0 1167 227 822 397 62 73 
5 9 1168 0 1167 228 822 397 62 73 
5 9 1168 0 1167 229 821 398 62 72 
5 9 1168 0 1167 230 821 396 62 73 
5 9 1168 0 1167 231 822 396 60 73 
5 9 1168 0 1167 232 820 396 62 73 
5 9 1168 0 1167 233 821 396 60 73 
5 9 1168 0 1167 234 821 396 60 73 
5 9 1168 0 1167 235 820 396 60 73 
5 9 1168 0 1167 236 820 396 60 73 
5 9 1168 0 1167 237 820 396 58 73 
5 9 1168 0 1167 238 819 396 60 73 
5 9 1168 0 1167 239 819 396 58 73 
5 9 1168 0 1167 240 819 396 58 73 
5 9 1168 0 1167 241 819 396 58 73 
5 9 1168 0 1167 242 819 396 58 73 
5 9 1168 0 1167 243 819 396 58 73 
5 9 1168 0 1167 244 819 396 58 73 
5 9 1168 0 1167 245 819 396 58 73 
5 9 1168 0 1167 246 819 396 58 73 
5 9 1168 0 1167 247 819 396 58 73 
5 9 1168 0 1167 248 819 396 58 73 
5 9 1168 0 1167 249 819 396 58 73 
5 9 1168 0 1167 250 819 396 58 73 
5 9 1168 0 1167 251 819 396 58 73 
5 9 1168 0 1167 252 819 396 58 73 
5 9 1168 0 1167 253 819 396 58 73 
5 9 1168 0 1167 254 819 396 58 73 
5 9 1168 0 1167 255 819 396 58 73 
5 9 1168 0 1167 256 819 396 58 73 
5 9 1168 0 1167 257 819 396 58 73 
5 9 1168 0 1167 258 819 396 58 73 
5 9 1168 0 1167 259 819 396 58 73 
5 9 1168 0 1167 260 819 396 58 73 
5 9 1168 0 1167 261 819 396 58 73 
5 9 1168 0 1167 262 819 396 58 73 
5 9 1168 0 1167 263 819 396 58 73 
5 9 1168 0 1167 264 819 396 58 73 
5 9 1168 0 1167 265 819 396 58 73 
5 9 1168 0 1167 266 819 396 58 73 
5 9 1168 0 1167 267 819 396 58 73 
5 9 1168 0 1167 268 819 396 58 73 
5 9 1168 0 1167 269 819 396 58 73 
5 9 1168 0 1167 270 819 396 58 73 
5 9 1168 0 1167 271 819 396 58 73 
5 9 1168 0 1167 272 819 396 58 73 
5 9 1168 0 1167 273 819 396 58 73 
5 9 1168 0 1167 274 819 396 58 73 
5 9 1168 0 1167 275 819 396 58 73 
5 9 1168 0 1167 276 819 396 58 73 
5 9 1168 0 1167 277 819 396 58 73 
5 9 1168 0 1167 278 819 396 58 73 
5 9 1168 0 1167 279 819 396 58 73 
5 9 1168 0 1167 280 819 396 58 73 
5 9 1168 0 1167 281 819 396 58 73 
5 9 1168 0 1167 282 819 396 58 73 
5 9 1168 0 1167 283 819 396 58 73 
5 9 1168 0 1167 284 819 396 58 73 
5 9 1168 0 1167 285 819 396 58 73 
5 9 1168 0 1167 286 819 396 58 73 
5 9 1168 0 1167 287 819 396 58 73 
5 9 1168 0 1167 288 819 396 58 73 
5 9 1168 0 1167 289 819 396 58 73 
5 9 1168 0 1167 290 819 396 58 73 
5 9 1168 0 1167 291 819 396 58 73 
5 9 1168 0 1167 292 819 396 58 73 
5 9 1168 0 1167 293 819 396 58 73 
5 9 1168 0 1167 294 819 396 58 73 
5 9 1168 0 1167 295 819 396 58 73 
5 9 1168 0 1167 296 819 396 58 73 
5 9 1168 0 1167 297 819 396 58 73 
5 9 1168 0 1167 298 819 396 58 73 
5 9 1168 0 1167 299 819 396 58 73 
5 9 1168 0 1167 300 819 396 58 73 
5 9 1168 0 1167 301 819 396 58 73 
5 9 1168 0 1167 302 819 396 58 73 
5 9 1168 0 1167 303 819 396 58 73 
5 9 1168 0 1167 304 819 396 58 73 
5 9 1168 0 1167 305 819 396 58 73 
5 9 1168 0 1167 306 819 396 58 73 
5 9 1168 0 1167 307 819 396 58 73 
5 9 1168 0 1167 308 819 396 58 73 
5 9 1168 0 1167 309 819 396 58 73 
5 9 1168 0 1167 310 819 396 58 73 
5 9 1168 0 1167 311 819 396 58 73 
5 9 1168 0 1167 312 819 396 58 73 
5 9 1168 0 1167 313 819 396 58 73 
5 9 1168 0 1167 314 819 396 58 73 
5 9 1168 0 1167 315 819 396 58 73 
5 9 1168 0 1167 316 819 396 58 73 
5 9 1168 0 1167 317 819 396 58 73 
5 9 1168 0 1167 318 819 396 58 73 
5 9 1168 0 1167 319 819 396 58 73 
5 9 1168 0 1167 320 819 396 58 73 
5 9 1168 0 1167 321 819 396 58 73 
5 9 1168 0 1167 322 819 396 58 73 
5 9 1168 0 1167 323 819 396 58 73 
5 9 1168 0 1167 324 819 396 58 73 
5 9 1168 0 1167 325 819 396 58 73 
5 9 1168 0 1167 326 819 396 58 73 
5 9 1168 0 1167 327 819 396 58 73 
5 9 1168 0 1167 328 819 396 58 73 
5 9 1168 0 1167 329 819 396 58 73 
5 9 1168 0 1167 330 819 396 58 73 
5 9 1168 0 1167 331 819 396 58 73 
5 9 1168 0 1167 332 819 396 58 73 
5 9 1168 0 1167 333 819 396 58 73 
5 9 1168 0 1167 334 819 396 58 73 
5 9 1168 0 1167 335 819 396 58 73 
5 9 1168 0 1167 336 819 396 58 73 
5 9 1168 0 1167 337 819 396 58 73 
5 9 1168 0 1167 338 819 396 58 73 
5 9 1168 0 1167 339 819 396 58 73 
5 9 1168 0 1167 340 819 396 58 73 
5 9 1168 0 1167 341 819 396 58 73 
5 9 1168 0 1167 342 819 396 58 73 
5 9 1168 0 1167 343 819 396 58 73 
5 9 1168 0 1167 344 819 396 58 73 
5 9 1168 0 1167 345 819 396 58 73 
5 9 1168 0 1167 346 819 396 58 73 
5 9 1168 0 1167 347 819 396 58 73 
5 9 1168 0 1167 348 819 396 58 73 
5 9 1168 0 1167 349 819 396 58 73 
5 9 1168 0 1167 350 819 396 58 73 
5 9 1168 0 1167 351 819 396 58 73 
5 9 1168 0 1167 352 819 396 58 73 
5 9 1168 0 1167 353 819 396 58 73 
5 9 1168 0 1167 354 819 396 58 73 
5 9 1168 0 1167 355 819 396 58 73 
5 9 1168 0 1167 356 819 396 58 73 
5 9 1168 0 1167 357 819 396 58 73 
5 9 1168 0 1167 358 819 396 58 73 
5 9 1168 0 1167 359 819 396 58 73 
5 9 1168 0 1167 360 819 396 58 73 
5 9 1168 0 1167 361 819 396 58 73 
5 9 1168 0 1167 362 818 397 58 72 
5 9 1168 0 1167 363 817 397 58 72 
5 9 1168 0 1167 364 816 397 58 72 
5 9 1168 0 1167 365 815 397 58 72 
5 9 1168 0 1167 366 815 397 58 72 
5 9 1168 0 1167 367 814 397 58 72 
5 9 1168 0 1167 368 813 397 58 72 
5 9 1168 0 1167 369 812 398 58 69 
5 9 1168 0 1167 370 811 398 58 69 
5 9 1168 0 1167 371 811 398 58 69 
5 9 1168 0 1167 372 810 398 58 69 
5 9 1168 0 1167 373 809 398 58 69 
5 9 1168 0 1167 374 808 398 58 69 
5 9 1168 0 1167 375 807 398 58 69 
5 9 1168 0 1167 376 807 398 58 69 
5 9 1168 0 1167 377 806 400 58 66 
5 9 1168 0 1167 378 805 400 58 66 
5 9 1168 0 1167 379 804 400 58 66 
5 9 1168 0 1167 380 803 400 58 66 
5 9 1168 0 1167 381 803 400 58 66 
5 9 1168 0 1167 382 802 400 58 66 
5 9 1168 0 1167 383 801 400 58 66 
5 9 1168 0 1167 384 800 400 58 66 
5 9 1168 0 1167 385 800 401 58 64 
5 9 1168 0 1167 386 800 401 58 64 
5 9 1168 0 1167 387 800 401 58 64 
5 9 1168 0 1167 388 800 401 58 64 
5 9 1168 0 1167 389 800 401 58 64 
5 9 1168 0 1167 390 800 401 58 64 
5 9 1168 0 1167 391 800 401 58 64 
5 9 1168 0 1167 392 800 401 58 64 
5 9 1168 0 1167 393 800 401 58 64 
5 9 1168 0 1167 394 800 401 58 64 
5 9 1168 0 1167 395 800 401 58 64 
5 9 1168 0 1167 396 800 401 58 64 
5 9 1168 0 1167 397 800 401 58 64 
5 9 1168 0 1167 398 800 401 58 64 
5 9 1168 0 1167 399 800 401 58 64 
5 9 1168 0 1167 400 800 401 58 64 
5 9 1168 0 1167 401 800 401 58 64 
5 9 1168 0 1167 402 800 401 58 64 
5 9 1168 0 1167 403 800 401 58 64 
5 9 1168 0 1167 404 800 401 58 64 
5 9 1168 0 1167 405 800 401 58 64 
5 9 1168 0 1167 406 800 401 58 64 
5 9 1168 0 1167 407 800 401 58 64 
5 9 1168 0 1167 408 800 401 58 64 
5 9 1168 0 1167 409 800 401 58 64 
5 9 1168 0 1167 410 800 401 58 64 
5 9 1168 0 1167 411 800 401 58 64 
5 9 1168 0 1167 412 800 401 58 64 
5 9 1168 0 1167 413 800 401 58 64 
5 9 1168 0 1167 414 800 401 58 64 
5 9 1168 0 1167 415 800 401 58 64 
5 9 1168 0 1167 416 800 401 58 64 
5 9 1168 0 1167 417 800 401 58 64 
5 9 1168 0 1167 418 800 401 58 64 
5 9 1168 0 1167 419 800 401 58 64 
5 9 1168 0 1167 420 800 401 58 64 
5 9 1168 0 1167 421 800 401 58 64 
5 9 1168 0 1167 422 800 401 58 64 
5 9 1168 0 1167 423 800 401 58 64 
5 9 1168 0 1167 424 800 401 58 64 
5 9 1168 0 1167 425 800 401 58 64 
5 9 1168 0 1167 426 800 401 58 64 
5 9 1168 0 1167 427 800 401 58 64 
5 9 1168 0 1167 428 800 401 58 64 
5 9 1168 0 1167 429 800 401 58 64 
5 9 1168 0 1167 430 800 401 58 64 
5 9 1168 0 1167 431 800 401 58 64 
5 9 1168 0 1167 432 800 401 58 64 
5 9 1168 0 1167 433 800 401 58 64 
5 9 1168 0 1167 434 800 401 58 64 
5 9 1168 0 1167 435 800 401 58 64 
5 9 1168 0 1167 436 800 401 58 64 
5 9 1168 0 1167 437 800 401 58 64 
5 9 1168 0 1167 438 800 401 58 64 
5 9 1168 0 1167 439 800 401 58 64 
5 9 1168 0 1167 440 800 401 58 64 
5 9 1168 0 1167 441 800 401 58 64 
5 9 1168 0 1167 442 800 401 58 64 
5 9 1168 0 1167 443 800 401 58 64 
5 9 1168 0 1167 444 800 401 58 64 
5 9 1168 0 1167 445 800 401 58 64 
5 9 1168 0 1167 446 800 401 58 64 
5 9 1168 0 1167 447 800 401 58 64 
5 9 1168 0 1167 448 800 401 58 64 
5 9 1168 0 1167 449 800 401 58 64 
5 9 1168 0 1167 450 800 401 58 64 
5 9 1168 0 1167 451 800 401 58 64 
5 9 1168 0 1167 452 800 401 58 64 
5 9 1168 0 1167 453 800 401 58 64 
5 9 1168 0 1167 454 800 401 58 64 
5 9 1168 0 1167 455 800 401 58 64 
5 9 1168 0 1167 456 800 401 58 64 
5 9 1168 0 1167 457 800 401 58 64 
5 9 1168 0 1167 458 800 401 58 64 
5 9 1168 0 1167 459 800 401 58 64 
5 9 1168 0 1167 460 800 401 58 64 
5 9 1168 0 1167 461 800 401 58 64 
5 9 1168 0 1167 462 800 401 58 64 
5 9 1168 0 1167 463 800 401 58 64 
5 9 1168 0 1167 464 800 401 58 64 
5 9 1168 0 1167 465 800 401 58 64 
5 9 1168 0 1167 466 800 401 58 64 
5 9 1168 0 1167 467 800 401 58 64 
5 9 1168 0 1167 468 800 401 58 64 
5 9 1168 0 1167 469 800 401 58 64 
5 9 1168 0 1167 470 800 401 58 64 
5 9 1168 0 1167 471 800 401 58 64 
5 9 1168 0 1167 472 800 401 58 64 
5 9 1168 0 1167 473 800 401 58 64 
5 9 1168 0 1167 474 800 401 58 64 
5 9 1168 0 1167 475 800 401 58 64 
5 9 1168 0 1167 476 800 401 58 64 
5 9 1168 0 1167 477 800 401 58 64 
5 9 1168 0 1167 478 800 401 58 64 
5 9 1168 0 1167 479 800 401 58 64 
5 9 1168 0 1167 480 800 401 58 64 
5 9 1168 0 1167 481 800 401 58 64 
5 9 1168 0 1167 482 800 401 58 64 
5 9 1168 0 1167 483 800 401 58 64 
5 9 1168 0 1167 484 800 401 58 64 
5 9 1168 0 1167 485 800 401 58 64 
5 9 1168 0 1167 486 800 401 58 64 
5 9 1168 0 1167 487 800 401 58 64 
5 9 1168 0 1167 488 800 401 58 64 
5 9 1168 0 1167 489 800 401 58 64 
5 9 1168 0 1167 490 800 401 58 64 
5 9 1168 0 1167 491 800 401 58 64 
5 9 1168 0 1167 492 800 401 58 64 
5 9 1168 0 1167 493 800 401 58 64 
5 9 1168 0 1167 494 800 401 58 64 
5 9 1168 0 1167 495 800 401 58 64 
5 9 1168 0 1167 496 800 401 58 64 
5 9 1168 0 1167 497 800 401 58 64 
5 9 1168 0 1167 498 800 401 58 64 
5 9 1168 0 1167 499 800 401 58 64 
5 9 1168 0 1167 500 800 401 58 64 
5 9 1168 0 1167 501 800 401 58 64 
5 9 1168 0 1167 502 800 401 58 64 
5 9 1168 0 1167 503 800 401 58 64 
5 9 1168 0 1167 504 800 401 58 64 
5 9 1168 0 1167 505 800 401 58 64 
5 9 1168 0 1167 506 800 401 58 64 
5 9 1168 0 1167 507 800 401 58 64 
5 9 1168 0 1167 508 800 401 58 64 
5 9 1168 0 1167 509 800 401 58 64 
5 9 1168 0 1167 510 800 401 58 64 
5 9 1168 0 1167 511 800 401 58 64 
5 9 1168 0 1167 512 800 401 58 64 
5 9 1168 0 1167 513 800 401 58 64 
5 9 1168 0 1167 514 800 401 58 64 
5 9 1168 0 1167 515 800 401 58 64 
5 9 1168 0 1167 516 800 401 58 64 
5 9 1168 0 1167 517 800 401 58 64 
5 9 1168 0 1167 518 800 401 58 64 
5 9 1168 0 1167 519 800 401 58 64 
5 9 1168 0 1167 520 800 401 58 64 
5 9 1168 0 1167 521 800 401 58 64 
5 9 1168 0 1167 522 800 401 58 64 
5 9 1168 0 1167 523 800 401 58 64 
5 9 1168 0 1167 524 800 401 58 64 
5 9 1168 0 1167 525 800 401 58 64 
5 9 1168 0 1167 526 800 401 58 64 
5 9 1168 0 1167 527 800 401 58 64 
5 9 1168 0 1167 528 800 401 58 64 
5 9 1168 0 1167 529 800 401 58 64 
5 9 1168 0 1167 530 800 400 58 64 
5 9 1168 0 1167 531 801 400 58 64 
5 9 1168 0 1167 532 801 400 58 64 
5 9 1168 0 1167 533 802 400 58 64 
5 9 1168 0 1167 534 802 400 58 64 
5 9 1168 0 1167 535 803 399 58 64 
5 9 1168 0 1167 536 803 399 58 64 
5 9 1168 0 1167 537 804 399 58 64 
5 9 1168 0 1167 538 804 399 58 64 
5 9 1168 0 1167 539 805 399 58 64 
5 9 1168 0 1167 540 805 399 58 64 
5 9 1168 0 1167 541 805 399 58 64 
5 9 1168 0 1167 542 805 399 58 64 
5 9 1168 0 1167 543 805 399 58 64 
5 9 1168 0 1167 544 805 399 58 64 
5 9 1168 0 1167 545 805 399 58 64 
5 9 1168 0 1167 546 805 399 58 64 
5 9 1168 0 1167 547 805 399 58 64 
5 9 1168 0 1167 548 805 399 58 64 
5 9 1168 0 1167 549 805 399 58 64 
5 9 1168 0 1167 550 805 399 58 64 
5 9 1168 0 1167 551 805 399 58 64 
5 9 1168 0 1167 552 805 399 58 64 
5 9 1168 0 1167 553 805 399 58 64 
5 9 1168 0 1167 554 805 399 58 64 
5 9 1168 0 1167 555 805 399 58 64 
5 9 1168 0 1167 556 805 399 58 64 
5 9 1168 0 1167 557 805 399 58 64 
5 9 1168 0 1167 558 805 399 58 64 
5 9 1168 0 1167 559 805 399 58 64 
5 9 1168 0 1167 560 805 399 58 64 
5 9 1168 0 1167 561 805 399 58 64 
5 9 1168 0 1167 562 805 399 58 64 
5 9 1168 0 1167 563 805 399 58 64 
5 9 1168 0 1167 564 805 399 58 64 
5 9 1168 0 1167 565 805 399 58 64 
5 9 1168 0 1167 566 805 399 58 64 
5 9 1168 0 1167 567 805 399 58 64 
5 9 1168 0 1167 568 805 399 58 64 
5 9 1168 0 1167 569 805 399 58 64 
5 9 1168 0 1167 570 805 399 58 64 
5 9 1168 0 1167 571 805 399 58 64 
5 9 1168 0 1167 572 805 399 58 64 
5 9 1168 0 1167 573 805 399 58 64 
5 9 1168 0 1167 574 805 399 58 64 
5 9 1168 0 1167 575 805 399 58 64 
5 9 1168 0 1167 576 805 399 58 64 
5 9 1168 0 1167 577 805 399 58 64 
5 9 1168 0 1167 578 805 399 58 64 
5 9 1168 0 1167 579 805 399 58 64 
5 9 1168 0 1167 580 805 399 58 64 
5 9 1168 0 1167 581 805 399 58 64 
5 9 1168 0 1167 582 805 399 58 64 
5 9 1168 0 1167 583 805 399 58 64 
5 9 1168 0 1167 584 805 399 58 64 
5 9 1168 0 1167 585 805 399 58 64 
5 9 1168 0 1167 586 805 399 58 64 
5 9 1168 0 1167 587 805 399 58 64 
5 9 1168 0 1167 588 805 399 58 64 
5 9 1168 0 1167 589 805 399 58 64 
5 9 1168 0 1167 590 805 399 58 64 
5 9 1168 0 1167 591 805 399 58 64 
5 9 1168 0 1167 592 805 399 58 64 
5 9 1168 0 1167 593 805 399 58 64 
5 9 1168 0 1167 594 805 399 58 64 
5 9 1168 0 1167 595 805 399 58 64 
5 9 1168 0 1167 596 805 399 58 64 
5 9 1168 0 1167 597 805 399 58 64 
5 9 1168 0 1167 598 805 399 58 64 
5 9 1168 0 1167 599 805 399 58 64 
5 9 1168 0 1167 600 805 399 58 64 
5 9 1168 0 1167 601 805 399 58 64 
5 9 1168 0 1167 602 805 399 58 64 
5 9 1168 0 1167 603 805 399 58 64 
5 9 1168 0 1167 604 805 399 58 64 
5 9 1168 0 1167 605 805 399 58 64 
5 9 1168 0 1167 606 805 399 58 64 
5 9 1168 0 1167 607 805 399 58 64 
5 9 1168 0 1167 608 805 399 58 64 
5 9 1168 0 1167 609 805 399 58 64 
5 9 1168 0 1167 610 805 399 58 64 
5 9 1168 0 1167 611 805 399 58 64 
5 9 1168 0 1167 612 805 399 58 64 
5 9 1168 0 1167 613 805 399 58 64 
5 9 1168 0 1167 614 805 399 58 64 
5 9 1168 0 1167 615 805 399 58 64 
5 9 1168 0 1167 616 805 399 58 64 
5 9 1168 0 1167 617 805 399 58 64 
5 9 1168 0 1167 618 805 399 58 64 
5 9 1168 0 1167 619 805 399 58 64 
5 9 1168 0 1167 620 805 399 58 64 
5 9 1168 0 1167 621 805 399 58 64 
5 9 1168 0 1167 622 805 399 58 64 
5 9 1168 0 1167 623 805 399 58 64 
5 9 1168 0 1167 624 805 399 58 64 
5 9 1168 0 1167 625 805 399 58 64 
5 9 1168 0 1167 626 805 399 58 64 
5 9 1168 0 1167 627 805 399 58 64 
5 9 1168 0 1167 628 805 399 58 64 
5 9 1168 0 1167 629 805 399 58 64 
5 9 1168 0 1167 630 805 399 58 64 
5 9 1168 0 1167 631 805 399 58 64 
5 9 1168 0 1167 632 805 399 58 64 
5 9 1168 0 1167 633 805 399 58 64 
5 9 1168 0 1167 634 805 399 58 64 
5 9 1168 0 1167 635 805 399 58 64 
5 9 1168 0 1167 636 805 399 58 64 
5 9 1168 0 1167 637 805 399 58 64 
5 9 1168 0 1167 638 805 399 58 64 
5 9 1168 0 1167 639 805 399 58 64 
5 9 1168 0 1167 640 805 399 58 64 
5 9 1168 0 1167 641 805 399 58 64 
5 9 1168 0 1167 642 805 399 58 64 
5 9 1168 0 1167 643 805 399 58 64 
5 9 1168 0 1167 644 805 399 58 64 
5 9 1168 0 1167 645 805 399 58 64 
5 9 1168 0 1167 646 805 399 58 64 
5 9 1168 0 1167 647 805 399 58 64 
5 9 1168 0 1167 648 805 399 58 64 
5 9 1168 0 1167 649 805 399 58 64 
5 9 1168 0 1167 650 805 399 58 64 
5 9 1168 0 1167 651 805 399 58 64 
5 9 1168 0 1167 652 805 399 58 64 
5 9 1168 0 1167 653 805 399 58 64 
5 9 1168 0 1167 654 805 399 58 64 
5 9 1168 0 1167 655 805 399 58 64 
5 9 1168 0 1167 656 805 399 58 64 
5 9 1168 0 1167 657 805 399 58 64 
5 9 1168 0 1167 658 805 399 58 64 
5 9 1168 0 1167 659 805 399 58 64 
5 9 1168 0 1167 660 805 399 58 64 
5 9 1168 0 1167 661 805 399 58 64 
5 9 1168 0 1167 662 805 399 58 64 
5 9 1168 0 1167 663 805 399 58 64 
5 9 1168 0 1167 664 805 399 58 64 
5 9 1168 0 1167 665 805 399 58 64 
5 9 1168 0 1167 666 805 399 58 64 
5 9 1168 0 1167 667 805 399 58 64 
5 9 1168 0 1167 668 805 399 58 64 
5 9 1168 0 1167 669 805 399 58 64 
5 9 1168 0 1167 670 805 399 58 64 
5 9 1168 0 1167 671 805 399 58 64 
5 9 1168 0 1167 672 805 399 58 64 
5 9 1168 0 1167 673 805 399 58 64 
5 9 1168 0 1167 674 805 399 58 64 
5 9 1168 0 1167 675 805 399 58 64 
5 9 1168 0 1167 676 805 399 58 64 
5 9 1168 0 1167 677 805 399 58 64 
5 9 1168 0 1167 678 805 399 58 64 
5 9 1168 0 1167 679 805 399 58 64 
5 9 1168 0 1167 680 805 399 58 64 
5 9 1168 0 1167 681 805 399 58 64 
5 9 1168 0 1167 682 805 399 58 64 
5 9 1168 0 1167 683 805 399 58 64 
5 9 1168 0 1167 684 805 399 58 64 
5 9 1168 0 1167 685 805 399 58 64 
5 9 1168 0 1167 686 805 399 58 64 
5 9 1168 0 1167 687 805 399 58 64 
5 9 1168 0 1167 688 805 399 58 64 
5 9 1168 0 1167 689 805 399 58 64 
5 9 1168 0 1167 690 805 399 58 64 
5 9 1168 0 1167 691 805 399 58 64 
5 9 1168 0 1167 692 805 399 58 64 
5 9 1168 0 1167 693 805 399 58 64 
5 9 1168 0 1167 694 805 399 58 64 
5 9 1168 0 1167 695 805 399 58 64 
5 9 1168 0 1167 696 805 399 58 64 
5 9 1168 0 1167 697 805 399 58 64 
5 9 1168 0 1167 698 805 399 58 64 
5 9 1168 0 1167 699 805 399 58 64 
5 9 1168 0 1167 700 805 399 58 64 
5 9 1168 0 1167 701 805 399 58 64 
5 9 1168 0 1167 702 805 399 58 64 
5 9 1168 0 1167 703 805 399 58 64 
5 9 1168 0 1167 704 805 399 58 64 
5 9 1168 0 1167 705 805 399 58 64 
5 9 1168 0 1167 706 805 399 58 64 
5 9 1168 0 1167 707 805 399 58 64 
5 9 1168 0 1167 708 805 399 58 64 
5 9 1168 0 1167 709 805 399 58 64 
5 9 1168 0 1167 710 805 399 58 64 
5 9 1168 0 1167 711 805 399 58 64 
5 9 1168 0 1167 712 805 399 58 64 
5 9 1168 0 1167 713 805 399 58 64 
5 9 1168 0 1167 714 805 399 58 64 
5 9 1168 0 1167 715 805 399 58 64 
5 9 1168 0 1167 716 805 399 58 64 
5 9 1168 0 1167 717 805 399 58 64 
5 9 1168 0 1167 718 805 399 58 64 
5 9 1168 0 1167 719 805 399 58 64 
5 9 1168 0 1167 720 805 399 58 64 
5 9 1168 0 1167 721 805 399 58 64 
5 9 1168 0 1167 722 805 399 58 64 
5 9 1168 0 1167 723 805 399 58 64 
5 9 1168 0 1167 724 805 399 58 64 
5 9 1168 0 1167 725 805 399 58 64 
5 9 1168 0 1167 726 805 399 58 64 
5 9 1168 0 1167 727 805 399 58 64 
5 9 1168 0 1167 728 805 399 58 64 
5 9 1168 0 1167 729 805 399 58 64 
5 9 1168 0 1167 730 805 399 58 64 
5 9 1168 0 1167 731 805 399 58 64 
5 9 1168 0 1167 732 805 399 58 64 
5 9 1168 0 1167 733 805 399 58 64 
5 9 1168 0 1167 734 805 399 58 64 
5 9 1168 0 1167 735 805 399 58 64 
5 9 1168 0 1167 736 805 399 58 64 
5 9 1168 0 1167 737 805 399 58 64 
5 9 1168 0 1167 738 805 399 58 64 
5 9 1168 0 1167 739 805 399 58 64 
5 9 1168 0 1167 740 805 399 58 64 
5 9 1168 0 1167 741 805 399 58 64 
5 9 1168 0 1167 742 805 399 58 64 
5 9 1168 0 1167 743 805 399 58 64 
5 9 1168 0 1167 744 805 399 58 64 
5 9 1168 0 1167 745 805 399 58 64 
5 9 1168 0 1167 746 805 399 58 64 
5 9 1168 0 1167 747 805 399 58 64 
5 9 1168 0 1167 748 805 399 58 64 
5 9 1168 0 1167 749 805 399 58 64 
5 9 1168 0 1167 750 805 399 58 64 
5 9 1168 0 1167 751 805 399 58 64 
5 9 1168 0 1167 752 805 399 58 64 
5 9 1168 0 1167 753 805 399 58 64 
5 9 1168 0 1167 754 805 399 58 64 
5 9 1168 0 1167 755 805 399 58 64 
5 9 1168 0 1167 756 805 399 58 64 
5 9 1168 0 1167 757 805 399 58 64 
5 9 1168 0 1167 758 805 399 58 64 
5 9 1168 0 1167 759 805 399 58 64 
5 9 1168 0 1167 760 805 399 58 64 
5 9 1168 0 1167 761 805 399 58 64 
5 9 1168 0 1167 762 805 399 58 64 
5 9 1168 0 1167 763 805 399 58 64 
5 9 1168 0 1167 764 805 399 58 64 
5 9 1168 0 1167 765 805 399 58 64 
5 9 1168 0 1167 766 805 399 58 64 
5 9 1168 0 1167 767 805 399 58 64 
5 9 1168 0 1167 768 805 399 58 64 
5 9 1168 0 1167 769 805 399 58 64 
5 9 1168 0 1167 770 805 399 58 64 
5 9 1168 0 1167 771 805 399 58 64 
5 9 1168 0 1167 772 805 399 58 64 
5 9 1168 0 1167 773 805 399 58 64 
5 9 1168 0 1167 774 805 399 58 64 
5 9 1168 0 1167 775 805 399 58 64 
5 9 1168 0 1167 776 805 399 58 64 
5 9 1168 0 1167 777 805 399 58 64 
5 9 1168 0 1167 778 805 399 58 64 
5 9 1168 0 1167 779 805 399 58 64 
5 9 1168 0 1167 780 805 399 58 64 
5 9 1168 0 1167 781 805 399 58 64 
5 9 1168 0 1167 782 805 399 58 64 
5 9 1168 0 1167 783 805 399 58 64 
5 9 1168 0 1167 784 805 399 58 64 
5 9 1168 0 1167 785 805 399 58 64 
5 9 1168 0 1167 786 805 399 58 64 
5 9 1168 0 1167 787 805 399 58 64 
5 9 1168 0 1167 788 805 399 58 64 
5 9 1168 0 1167 789 805 399 58 64 
5 9 1168 0 1167 790 805 399 58 64 
5 9 1168 0 1167 791 805 399 58 64 
5 9 1168 0 1167 792 805 399 58 64 
5 9 1168 0 1167 793 805 399 58 64 
5 9 1168 0 1167 794 805 399 58 64 
5 9 1168 0 1167 795 805 399 58 64 
5 9 1168 0 1167 796 805 399 58 64 
5 9 1168 0 1167 797 805 399 58 64 
5 9 1168 0 1167 798 805 399 58 64 
5 9 1168 0 1167 799 805 399 58 64 
5 9 1168 0 1167 800 805 399 58 64 
5 9 1168 0 1167 801 805 399 58 64 
5 9 1168 0 1167 802 805 399 58 64 
5 9 1168 0 1167 803 805 399 58 64 
5 9 1168 0 1167 804 805 399 58 64 
5 9 1168 0 1167 805 805 399 58 64 
5 9 1168 0 1167 806 805 399 58 64 
5 9 1168 0 1167 807 806 399 58 64 
5 9 1168 0 1167 808 806 399 58 64 
5 9 1168 0 1167 809 806 399 58 64 
5 9 1168 0 1167 810 806 399 58 64 
5 9 1168 0 1167 811 806 399 58 64 
5 9 1168 0 1167 812 806 399 58 64 
5 9 1168 0 1167 813 806 399 58 64 
5 9 1168 0 1167 814 806 399 58 64 
5 9 1168 0 1167 815 806 399 58 64 
5 9 1168 0 1167 816 806 399 58 64 
5 9 1168 0 1167 817 806 399 58 64 
5 9 1168 0 1167 818 806 399 58 64 
5 9 1168 0 1167 819 806 399 58 64 
5 9 1168 0 1167 820 806 399 58 64 
5 9 1168 0 1167 821 806 399 58 64 
5 9 1168 0 1167 822 806 399 58 64 
5 9 1168 0 1167 823 806 399 58 64 
5 9 1168 0 1167 824 807 399 58 64 
5 9 1168 0 1167 825 807 399 58 64 
5 9 1168 0 1167 826 807 399 58 64 
5 9 1168 0 1167 827 807 399 58 64 
5 9 1168 0 1167 828 807 399 58 64 
5 9 1168 0 1167 829 807 399 58 64 
5 9 1168 0 1167 830 807 399 58 64 
5 9 1168 0 1167 831 807 399 58 64 
5 9 1168 0 1167 832 807 399 58 64 
5 9 1168 0 1167 833 807 399 58 64 
5 9 1168 0 1167 834 807 399 58 64 
5 9 1168 0 1167 835 807 399 58 64 
5 9 1168 0 1167 836 807 399 58 64 
5 9 1168 0 1167 837 807 399 58 64 
5 9 1168 0 1167 838 807 399 58 64 
5 9 1168 0 1167 839 807 399 58 64 
5 9 1168 0 1167 840 808 399 58 64 
5 9 1168 0 1167 841 808 399 58 64 
5 9 1168 0 1167 842 808 399 58 64 
5 9 1168 0 1167 843 808 399 58 64 
5 9 1168 0 1167 844 808 399 58 64 
5 9 1168 0 1167 845 808 399 58 64 
5 9 1168 0 1167 846 808 399 58 64 
5 9 1168 0 1167 847 808 399 58 64 
5 9 1168 0 1167 848 808 399 58 64 
5 9 1168 0 1167 849 808 399 58 64 
5 9 1168 0 1167 850 808 399 58 64 
5 9 1168 0 1167 851 808 399 58 64 
5 9 1168 0 1167 852 808 399 58 64 
5 9 1168 0 1167 853 808 399 58 64 
5 9 1168 0 1167 854 808 399 58 64 
5 9 1168 0 1167 855 808 399 58 64 
5 9 1168 0 1167 856 809 399 58 64 
5 9 1168 0 1167 857 808 398 58 64 
5 9 1168 0 1167 858 808 398 58 64 
5 9 1168 0 1167 859 808 398 58 64 
5 9 1168 0 1167 860 808 398 58 64 
5 9 1168 0 1167 861 807 398 58 64 
5 9 1168 0 1167 862 807 398 58 64 
5 9 1168 0 1167 863 807 398 58 64 
5 9 1168 0 1167 864 807 398 58 64 
5 9 1168 0 1167 865 807 398 58 64 
5 9 1168 0 1167 866 806 398 58 64 
5 9 1168 0 1167 867 806 398 58 64 
5 9 1168 0 1167 868 806 398 58 64 
5 9 1168 0 1167 869 806 398 58 64 
5 9 1168 0 1167 870 806 398 58 64 
5 9 1168 0 1167 871 805 398 58 64 
5 9 1168 0 1167 872 805 398 58 64 
5 9 1168 0 1167 873 805 398 58 64 
5 9 1168 0 1167 874 805 398 58 64 
5 9 1168 0 1167 875 804 398 58 64 
5 9 1168 0 1167 876 804 398 58 64 
5 9 1168 0 1167 877 804 398 58 64 
5 9 1168 0 1167 878 804 398 58 64 
5 9 1168 0 1167 879 804 398 58 64 
5 9 1168 0 1167 880 803 397 58 64 
5 9 1168 0 1167 881 803 397 58 64 
5 9 1168 0 1167 882 803 397 58 64 
5 9 1168 0 1167 883 803 397 58 64 
5 9 1168 0 1167 884 803 397 58 64 
5 9 1168 0 1167 885 802 397 58 64 
5 9 1168 0 1167 886 802 397 58 64 
5 9 1168 0 1167 887 802 397 58 64 
5 9 1168 0 1167 888 802 397 58 64 
5 9 1168 0 1167 889 801 397 58 64 
5 9 1168 0 1167 890 801 397 58 64 
5 9 1168 0 1167 891 801 397 58 64 
5 9 1168 0 1167 892 801 397 58 64 
5 9 1168 0 1167 893 801 397 58 64 
5 9 1168 0 1167 894 800 397 58 64 
5 9 1168 0 1167 895 800 397 58 64 
5 9 1168 0 1167 896 800 397 58 64 
5 9 1168 0 1167 897 800 397 58 64 
5 9 1168 0 1167 898 800 397 58 64 
5 9 1168 0 1167 899 799 397 58 64 
5 9 1168 0 1167 900 799 397 58 64 
5 9 1168 0 1167 901 799 397 58 64 
5 9 1168 0 1167 902 799 397 58 64 
5 9 1168 0 1167 903 799 397 58 64 
5 9 1168 0 1167 904 798 397 58 64 
5 9 1168 0 1167 905 798 397 58 64 
5 9 1168 0 1167 906 798 397 58 64 
5 9 1168 0 1167 907 798 397 58 64 
5 9 1168 0 1167 908 798 397 58 64 
5 9 1168 0 1167 909 798 397 58 64 
5 9 1168 0 1167 910 798 397 58 64 
5 9 1168 0 1167 911 798 397 58 64 
5 9 1168 0 1167 912 798 397 58 64 
5 9 1168 0 1167 913 798 397 58 64 
5 9 1168 0 1167 914 798 397 58 64 
5 9 1168 0 1167 915 797 397 58 64 
5 9 1168 0 1167 916 797 397 58 64 
5 9 1168 0 1167 917 797 397 58 64 
5 9 1168 0 1167 918 797 397 58 64 
5 9 1168 0 1167 919 797 397 58 64 
5 9 1168 0 1167 920 797 397 58 64 
5 9 1168 0 1167 921 797 397 58 64 
5 9 1168 0 1167 922 797 397 58 64 
5 9 1168 0 1167 923 797 397 58 64 
5 9 1168 0 1167 924 797 397 58 64 
5 9 1168 0 1167 925 797 397 58 64 
5 9 1168 0 1167 926 796 397 58 64 
5 9 1168 0 1167 927 796 397 58 64 
5 9 1168 0 1167 928 796 397 58 64 
5 9 1168 0 1167 929 796 397 58 64 
5 9 1168 0 1167 930 796 397 58 64 
5 9 1168 0 1167 931 796 397 58 64 
5 9 1168 0 1167 932 796 397 58 64 
5 9 1168 0 1167 933 796 397 58 64 
5 9 1168 0 1167 934 796 397 58 64 
5 9 1168 0 1167 935 796 397 58 64 
5 9 1168 0 1167 936 796 397 58 64 
5 9 1168 0 1167 937 795 397 58 64 
5 9 1168 0 1167 938 795 397 58 64 
5 9 1168 0 1167 939 795 397 58 64 
5 9 1168 0 1167 940 795 397 58 64 
5 9 1168 0 1167 941 795 397 58 64 
5 9 1168 0 1167 942 795 397 58 64 
5 9 1168 0 1167 943 795 397 58 64 
5 9 1168 0 1167 944 795 397 58 64 
5 9 1168 0 1167 945 795 397 58 64 
5 9 1168 0 1167 946 795 397 58 64 
5 9 1168 0 1167 947 795 397 58 64 
5 9 1168 0 1167 948 795 396 58 64 
5 9 1168 0 1167 949 795 396 58 64 
5 9 1168 0 1167 950 795 396 58 64 
5 9 1168 0 1167 951 795 396 58 64 
5 9 1168 0 1167 952 795 396 58 64 
5 9 1168 0 1167 953 795 396 58 64 
5 9 1168 0 1167 954 795 396 58 64 
5 9 1168 0 1167 955 795 396 58 64 
5 9 1168 0 1167 956 795 395 58 64 
5 9 1168 0 1167 957 795 395 58 64 
5 9 1168 0 1167 958 795 395 58 64 
5 9 1168 0 1167 959 795 395 58 64 
5 9 1168 0 1167 960 795 395 58 64 
5 9 1168 0 1167 961 795 395 58 64 
5 9 1168 0 1167 962 795 395 58 64 
5 9 1168 0 1167 963 795 395 58 64 
5 9 1168 0 1167 964 795 394 58 64 
5 9 1168 0 1167 965 795 394 58 64 
5 9 1168 0 1167 966 795 394 58 64 
5 9 1168 0 1167 967 795 394 58 64 
5 9 1168 0 1167 968 795 394 58 64 
5 9 1168 0 1167 969 795 394 58 64 
5 9 1168 0 1167 970 795 394 58 64 
5 9 1168 0 1167 971 795 394 58 64 
5 9 1168 0 1167 972 795 393 58 64 
5 9 1168 0 1167 973 795 393 58 64 
5 9 1168 0 1167 974 795 393 58 64 
5 9 1168 0 1167 975 795 393 58 64 
5 9 1168 0 1167 976 795 393 58 64 
5 9 1168 0 1167 977 795 393 58 64 
5 9 1168 0 1167 978 795 393 58 64 
5 9 1168 0 1167 979 795 393 58 64 
5 9 1168 0 1167 980 795 393 58 64 
5 9 1168 0 1167 981 794 392 58 64 
5 9 1168 0 1167 982 794 392 58 64 
5 9 1168 0 1167 983 794 392 58 64 
5 9 1168 0 1167 984 794 392 58 64 
5 9 1168 0 1167 985 794 392 58 64 
5 9 1168 0 1167 986 794 392 58 64 
5 9 1168 0 1167 987 794 391 58 66 
5 9 1168 0 1167 988 794 391 58 66 
5 9 1168 0 1167 989 794 391 58 66 
5 9 1168 0 1167 990 794 391 58 66 
5 9 1168 0 1167 991 794 391 58 66 
5 9 1168 0 1167 992 794 391 58 66 
5 9 1168 0 1167 993 794 389 58 67 
5 9 1168 0 1167 994 794 389 58 67 
5 9 1168 0 1167 995 794 389 58 67 
5 9 1168 0 1167 996 794 389 58 67 
5 9 1168 0 1167 997 794 389 58 67 
5 9 1168 0 1167 998 794 389 58 67 
5 9 1168 0 1167 999 794 389 58 67 
5 9 1168 0 1167 1000 794 388 58 69 
5 9 1168 0 1167 1001 794 388 58 69 
5 9 1168 0 1167 1002 794 388 58 69 
5 9 1168 0 1167 1003 794 388 58 69 
5 9 1168 0 1167 1004 794 388 58 69 
5 9 1168 0 1167 1005 794 388 58 69 
5 9 1168 0 1167 1006 794 387 58 70 
5 9 1168 0 1167 1007 794 387 58 70 
5 9 1168 0 1167 1008 794 387 58 70 
5 9 1168 0 1167 1009 794 387 58 70 
5 9 1168 0 1167 1010 794 387 58 70 
5 9 1168 0 1167 1011 794 387 58 70 
5 9 1168 0 1167 1012 794 386 58 72 
5 9 1168 0 1167 1013 794 386 58 72 
5 9 1168 0 1167 1014 794 386 58 72 
5 9 1168 0 1167 1015 794 386 58 72 
5 9 1168 0 1167 1016 794 386 58 72 
5 9 1168 0 1167 1017 794 386 58 72 
5 9 1168 0 1167 1018 794 384 58 73 
5 9 1168 0 1167 1019 794 384 58 73 
5 9 1168 0 1167 1020 794 384 58 73 
5 9 1168 0 1167 1021 794 384 58 73 
5 9 1168 0 1167 1022 794 384 58 73 
5 9 1168 0 1167 1023 794 384 58 73 
5 9 1168 0 1167 1024 794 384 58 75 
5 9 1168 0 1167 1025 793 384 58 75 
5 9 1168 0 1167 1026 793 384 58 75 
5 9 1168 0 1167 1027 793 384 58 75 
5 9 1168 0 1167 1028 793 384 58 75 
5 9 1168 0 1167 1029 793 384 58 75 
5 9 1168 0 1167 1030 793 384 58 75 
5 9 1168 0 1167 1031 793 384 58 75 
5 9 1168 0 1167 1032 793 384 58 75 
5 9 1168 0 1167 1033 793 384 58 75 
5 9 1168 0 1167 1034 793 384 58 75 
5 9 1168 0 1167 1035 793 384 58 75 
5 9 1168 0 1167 1036 793 384 58 75 
5 9 1168 0 1167 1037 793 384 58 75 
5 9 1168 0 1167 1038 793 384 58 75 
5 9 1168 0 1167 1039 793 384 58 75 
5 9 1168 0 1167 1040 793 384 58 75 
5 9 1168 0 1167 1041 793 384 58 75 
5 9 1168 0 1167 1042 793 384 58 75 
5 9 1168 0 1167 1043 793 384 58 75 
5 9 1168 0 1167 1044 793 384 58 75 
5 9 1168 0 1167 1045 792 384 58 75 
5 9 1168 0 1167 1046 792 384 58 75 
5 9 1168 0 1167 1047 792 384 58 75 
5 9 1168 0 1167 1048 792 384 58 75 
5 9 1168 0 1167 1049 792 384 58 75 
5 9 1168 0 1167 1050 792 384 58 75 
5 9 1168 0 1167 1051 792 384 58 75 
5 9 1168 0 1167 1052 792 384 58 75 
5 9 1168 0 1167 1053 792 384 58 75 
5 9 1168 0 1167 1054 792 384 58 75 
5 9 1168 0 1167 1055 792 384 58 75 
5 9 1168 0 1167 1056 792 384 58 75 
5 9 1168 0 1167 1057 792 384 58 75 
5 9 1168 0 1167 1058 792 384 58 75 
5 9 1168 0 1167 1059 792 384 58 75 
5 9 1168 0 1167 1060 792 384 58 75 
5 9 1168 0 1167 1061 792 384 58 75 
5 9 1168 0 1167 1062 792 384 58 75 
5 9 1168 0 1167 1063 792 384 58 75 
5 9 1168 0 1167 1064 792 384 58 75 
5 9 1168 0 1167 1065 792 384 58 75 
5 9 1168 0 1167 1066 792 384 58 75 
5 9 1168 0 1167 1067 792 384 58 75 
5 9 1168 0 1167 1068 792 384 58 75 
5 9 1168 0 1167 1069 792 384 58 75 
5 9 1168 0 1167 1070 792 384 58 75 
5 9 1168 0 1167 1071 792 384 58 75 
5 9 1168 0 1167 1072 792 384 58 75 
5 9 1168 0 1167 1073 792 384 58 75 
5 9 1168 0 1167 1074 792 384 58 75 
5 9 1168 0 1167 1075 792 384 58 75 
5 9 1168 0 1167 1076 792 384 58 75 
5 9 1168 0 1167 1077 792 384 58 75 
5 9 1168 0 1167 1078 792 384 58 75 
5 9 1168 0 1167 1079 792 384 58 75 
5 9 1168 0 1167 1080 792 384 58 75 
5 9 1168 0 1167 1081 792 384 58 75 
5 9 1168 0 1167 1082 792 384 58 75 
5 9 1168 0 1167 1083 792 384 58 75 
5 9 1168 0 1167 1084 792 384 58 75 
5 9 1168 0 1167 1085 792 384 58 75 
5 9 1168 0 1167 1086 792 384 58 75 
5 9 1168 0 1167 1087 792 384 58 75 
5 9 1168 0 1167 1088 792 384 58 75 
5 9 1168 0 1167 1089 792 384 58 75 
5 9 1168 0 1167 1090 792 384 58 75 
5 9 1168 0 1167 1091 792 384 58 75 
5 9 1168 0 1167 1092 792 384 58 75 
5 9 1168 0 1167 1093 792 384 58 75 
5 9 1168 0 1167 1094 792 384 58 75 
5 9 1168 0 1167 1095 792 384 58 75 
5 9 1168 0 1167 1096 792 384 58 75 
5 9 1168 0 1167 1097 792 384 58 75 
5 9 1168 0 1167 1098 792 384 58 75 
5 9 1168 0 1167 1099 792 384 58 75 
5 9 1168 0 1167 1100 792 384 58 75 
5 9 1168 0 1167 1101 792 384 58 75 
5 9 1168 0 1167 1102 792 384 58 75 
5 9 1168 0 1167 1103 792 384 58 75 
5 9 1168 0 1167 1104 792 384 58 75 
5 9 1168 0 1167 1105 792 384 58 75 
5 9 1168 0 1167 1106 792 384 58 75 
5 9 1168 0 1167 1107 792 384 58 75 
5 9 1168 0 1167 1108 792 384 58 75 
5 9 1168 0 1167 1109 792 384 58 75 
5 9 1168 0 1167 1110 792 384 58 75 
5 9 1168 0 1167 1111 792 384 58 75 
5 9 1168 0 1167 1112 792 384 58 75 
5 9 1168 0 1167 1113 792 384 58 75 
5 9 1168 0 1167 1114 792 384 58 75 
5 9 1168 0 1167 1115 792 384 58 75 
5 9 1168 0 1167 1116 792 384 58 75 
5 9 1168 0 1167 1117 792 384 58 75 
5 9 1168 0 1167 1118 792 384 58 75 
5 9 1168 0 1167 1119 792 384 58 75 
5 9 1168 0 1167 1120 792 384 58 75 
5 9 1168 0 1167 1121 792 384 58 75 
5 9 1168 0 1167 1122 792 384 58 75 
5 9 1168 0 1167 1123 792 384 58 75 
5 9 1168 0 1167 1124 792 384 58 75 
5 9 1168 0 1167 1125 792 384 58 75 
5 9 1168 0 1167 1126 792 384 58 75 
5 9 1168 0 1167 1127 792 384 58 75 
5 9 1168 0 1167 1128 791 381 58 78 
5 9 1168 0 1167 1129 790 378 60 81 
5 9 1168 0 1167 1130 790 376 60 84 
5 9 1168 0 1167 1131 788 372 62 88 
5 9 1168 0 1167 1132 788 369 62 91 
5 9 1168 0 1167 1133 787 367 64 94 
5 9 1168 0 1167 1134 787 363 64 99 
5 9 1168 0 1167 1135 785 361 66 100 
5 9 1168 0 1167 1136 785 358 68 105 
5 9 1168 0 1167 1137 785 358 68 105 
5 9 1168 0 1167 1138 785 358 68 105 
5 9 1168 0 1167 1139 785 358 68 105 
5 9 1168 0 1167 1140 785 358 68 105 
5 9 1168 0 1167 1141 785 358 68 105 
5 9 1168 0 1167 1142 785 358 68 105 
5 9 1168 0 1167 1143 785 358 68 105 
5 9 1168 0 1167 1144 785 358 68 105 
5 9 1168 0 1167 1145 785 358 68 105 
5 9 1168 0 1167 1146 785 358 68 105 
5 9 1168 0 1167 1147 785 358 68 105 
5 9 1168 0 1167 1148 785 358 68 105 
5 9 1168 0 1167 1149 785 358 68 105 
5 9 1168 0 1167 1150 785 358 68 105 
5 9 1168 0 1167 1151 785 358 68 105 
5 9 1168 0 1167 1152 785 358 68 105 
5 9 1168 0 1167 1153 785 358 68 105 
5 9 1168 0 1167 1154 785 358 68 105 
5 9 1168 0 1167 1155 785 358 68 105 
5 9 1168 0 1167 1156 785 358 68 105 
5 9 1168 0 1167 1157 785 358 68 105 
5 9 1168 0 1167 1158 785 358 68 105 
5 9 1168 0 1167 1159 785 358 68 105 
5 9 1168 0 1167 1160 785 358 68 105 
5 9 1168 0 1167 1161 785 358 68 105 
5 9 1168 0 1167 1162 785 358 68 105 
5 9 1168 0 1167 1163 785 358 68 105 
5 9 1168 0 1167 1164 785 358 68 105 
5 9 1168 0 1167 1165 785 358 68 105 
5 9 1168 0 1167 1166 785 358 68 105 
5 9 1168 0 1167 1167 785 358 68 105 
