2 11 124 101 224 1  0 0 0 0 0 0 0 0 0 0 0 0 0 0 0 0 0 0 0 1
3 11 71 385 455 1  0 0 0 0 1 0 0 0 0 0 0 0 0 0 0 0 0 0 0 0
4 12 76 686 761 1  0 0 0 0 0 0 0 0 0 0 1 0 0 0 0 0 0 0 0 0
5 9 520 0 519 1  0 0 0 0 0 0 0 0 1 0 0 0 0 0 0 0 0 0 0 0
6 9 500 0 499 1  0 0 0 0 0 1 0 0 0 0 0 0 0 0 0 0 0 0 0 0
7 9 366 0 365 1  0 0 0 0 0 0 1 0 0 0 0 0 0 0 0 0 0 0 0 0
8 9 195 0 194 1  0 0 0 1 0 0 0 0 0 0 0 0 0 0 0 0 0 0 0 0
9 9 457 0 456 1  0 0 0 0 1 0 0 0 0 0 0 0 0 0 0 0 0 0 0 0
10 9 871 0 870 1  0 0 0 0 0 0 0 0 0 0 0 0 0 0 0 1 0 0 0 0
11 9 771 341 1111 2  0 0 0 0 0 0 0 0 0 1 0 1 0 0 0 0 0 0 0 0
12 9 166 473 638 1  0 0 0 0 0 0 0 0 0 0 0 0 0 1 0 0 0 0 0 0
13 9 101 759 859 1  0 0 0 0 0 0 0 0 0 0 1 0 0 0 0 0 0 0 0 0
