0 6 135 643 777 643 666 137 121 110 
0 6 135 643 777 644 666 137 121 110 
0 6 135 643 777 645 666 137 121 110 
0 6 135 643 777 646 666 137 121 110 
0 6 135 643 777 647 666 137 121 110 
0 6 135 643 777 648 666 137 121 110 
0 6 135 643 777 649 666 137 121 110 
0 6 135 643 777 650 666 137 121 110 
0 6 135 643 777 651 666 137 121 110 
0 6 135 643 777 652 666 137 121 110 
0 6 135 643 777 653 666 137 121 110 
0 6 135 643 777 654 666 137 121 110 
0 6 135 643 777 655 666 137 121 110 
0 6 135 643 777 656 666 137 121 110 
0 6 135 643 777 657 666 137 121 110 
0 6 135 643 777 658 666 137 121 110 
0 6 135 643 777 659 666 137 121 110 
0 6 135 643 777 660 666 137 121 110 
0 6 135 643 777 661 666 137 121 110 
0 6 135 643 777 662 666 137 121 110 
0 6 135 643 777 663 666 137 121 110 
0 6 135 643 777 664 666 137 121 110 
0 6 135 643 777 665 666 137 121 110 
0 6 135 643 777 666 666 137 121 110 
0 6 135 643 777 667 666 137 121 110 
0 6 135 643 777 668 666 137 121 110 
0 6 135 643 777 669 666 137 121 110 
0 6 135 643 777 670 666 137 121 110 
0 6 135 643 777 671 666 137 121 110 
0 6 135 643 777 672 666 137 121 110 
0 6 135 643 777 673 666 137 121 110 
0 6 135 643 777 674 666 137 121 110 
0 6 135 643 777 675 666 137 121 110 
0 6 135 643 777 676 666 137 121 110 
0 6 135 643 777 677 666 137 121 110 
0 6 135 643 777 678 666 137 121 110 
0 6 135 643 777 679 666 137 121 110 
0 6 135 643 777 680 666 137 121 110 
0 6 135 643 777 681 666 137 121 110 
0 6 135 643 777 682 666 137 121 110 
0 6 135 643 777 683 666 137 121 110 
0 6 135 643 777 684 666 137 121 110 
0 6 135 643 777 685 666 137 121 110 
0 6 135 643 777 686 666 137 121 110 
0 6 135 643 777 687 666 137 121 110 
0 6 135 643 777 688 666 137 121 110 
0 6 135 643 777 689 666 137 121 110 
0 6 135 643 777 690 666 137 121 110 
0 6 135 643 777 691 666 137 121 110 
0 6 135 643 777 692 666 137 121 110 
0 6 135 643 777 693 666 137 121 110 
0 6 135 643 777 694 666 137 121 110 
0 6 135 643 777 695 666 137 121 110 
0 6 135 643 777 696 666 137 121 110 
0 6 135 643 777 697 666 137 121 110 
0 6 135 643 777 698 666 137 121 110 
0 6 135 643 777 699 666 137 121 110 
0 6 135 643 777 700 666 137 121 110 
0 6 135 643 777 701 666 137 121 110 
0 6 135 643 777 702 666 137 121 110 
0 6 135 643 777 703 666 137 121 110 
0 6 135 643 777 704 666 137 121 110 
0 6 135 643 777 705 666 137 121 110 
0 6 135 643 777 706 666 137 121 110 
0 6 135 643 777 707 666 137 121 110 
0 6 135 643 777 708 666 137 121 110 
0 6 135 643 777 709 666 137 121 110 
0 6 135 643 777 710 666 137 121 110 
0 6 135 643 777 711 666 137 121 110 
0 6 135 643 777 712 666 137 121 110 
0 6 135 643 777 713 666 137 121 110 
0 6 135 643 777 714 666 137 121 110 
0 6 135 643 777 715 666 137 121 110 
0 6 135 643 777 716 666 137 121 110 
0 6 135 643 777 717 666 137 121 110 
0 6 135 643 777 718 666 137 121 110 
0 6 135 643 777 719 666 137 121 110 
0 6 135 643 777 720 666 137 121 110 
0 6 135 643 777 721 666 137 121 110 
0 6 135 643 777 722 666 137 121 110 
0 6 135 643 777 723 666 137 121 110 
0 6 135 643 777 724 666 137 121 110 
0 6 135 643 777 725 666 137 121 110 
0 6 135 643 777 726 666 137 121 110 
0 6 135 643 777 727 666 137 121 110 
0 6 135 643 777 728 666 137 121 110 
0 6 135 643 777 729 666 137 121 110 
0 6 135 643 777 730 666 137 121 110 
0 6 135 643 777 731 666 137 121 110 
0 6 135 643 777 732 666 137 121 110 
0 6 135 643 777 733 666 137 121 110 
0 6 135 643 777 734 666 137 121 110 
0 6 135 643 777 735 666 137 121 110 
0 6 135 643 777 736 666 137 121 110 
0 6 135 643 777 737 666 137 121 110 
0 6 135 643 777 738 666 137 121 110 
0 6 135 643 777 739 666 137 121 110 
0 6 135 643 777 740 666 137 121 110 
0 6 135 643 777 741 666 137 121 110 
0 6 135 643 777 742 666 137 121 110 
0 6 135 643 777 743 666 137 121 110 
0 6 135 643 777 744 666 137 121 110 
0 6 135 643 777 745 666 137 121 110 
0 6 135 643 777 746 666 137 121 110 
0 6 135 643 777 747 666 137 121 110 
0 6 135 643 777 748 666 137 121 110 
0 6 135 643 777 749 666 137 121 110 
0 6 135 643 777 750 666 137 121 110 
0 6 135 643 777 751 666 137 121 110 
0 6 135 643 777 752 666 137 121 110 
0 6 135 643 777 753 666 137 121 110 
0 6 135 643 777 754 666 137 121 110 
0 6 135 643 777 755 666 137 121 110 
0 6 135 643 777 756 666 137 121 110 
0 6 135 643 777 757 666 137 121 110 
0 6 135 643 777 758 666 137 121 110 
0 6 135 643 777 759 666 137 121 110 
0 6 135 643 777 760 666 137 121 110 
0 6 135 643 777 761 666 137 121 110 
0 6 135 643 777 762 666 137 121 110 
0 6 135 643 777 763 666 137 121 110 
0 6 135 643 777 764 666 137 121 110 
0 6 135 643 777 765 666 137 121 110 
0 6 135 643 777 766 666 137 121 110 
0 6 135 643 777 767 666 137 121 110 
0 6 135 643 777 768 666 137 121 110 
0 6 135 643 777 769 666 137 121 110 
0 6 135 643 777 770 666 137 121 110 
0 6 135 643 777 771 666 137 121 110 
0 6 135 643 777 772 666 137 121 110 
0 6 135 643 777 773 666 137 121 110 
0 6 135 643 777 774 666 137 121 110 
0 6 135 643 777 775 666 137 121 110 
0 6 135 643 777 776 666 137 121 110 
0 6 135 643 777 777 666 137 121 110 
