1 697 0 443 476 21 49 1
1 697 1 443 475 21 49 1
1 697 2 444 475 21 49 1
1 697 3 444 475 21 49 1
1 697 4 445 475 21 49 1
1 697 5 445 474 21 50 1
1 697 6 446 474 21 49 1
1 697 7 446 474 21 49 1
1 697 8 447 474 21 49 1
1 697 9 448 474 21 49 1
1 697 10 448 473 21 50 1
1 697 11 449 473 21 49 1
1 697 12 449 473 21 49 1
1 697 13 450 473 21 49 1
1 697 14 450 472 21 50 1
1 697 15 451 472 21 50 1
1 697 16 451 472 21 49 1
1 697 17 452 472 21 49 1
1 697 18 453 472 21 49 1
1 697 19 453 471 21 50 1
1 697 20 454 471 21 50 1
1 697 21 454 471 21 50 1
1 697 22 455 471 21 49 1
1 697 23 455 470 21 50 1
1 697 24 456 470 21 50 1
1 697 25 457 470 21 50 1
1 697 26 457 470 21 50 1
1 697 27 458 470 21 49 1
1 697 28 458 469 21 50 1
1 697 29 459 469 21 50 1
1 697 30 459 469 21 50 1
1 697 31 460 469 21 50 1
1 697 32 461 469 21 50 1
1 697 33 461 468 21 50 1
1 697 34 462 468 21 50 1
1 697 35 462 468 21 50 1
1 697 36 463 468 21 50 1
1 697 37 463 467 21 50 1
1 697 38 464 467 21 50 1
1 697 39 464 467 21 50 1
1 697 40 465 467 21 50 1
1 697 41 465 467 21 50 1
1 697 42 466 466 21 50 1
1 697 43 466 466 21 50 1
1 697 44 467 466 21 50 1
1 697 45 467 466 21 50 1
1 697 46 468 466 21 49 1
1 697 47 468 465 21 50 1
1 697 48 469 465 21 50 1
1 697 49 469 465 21 50 1
1 697 50 470 465 21 50 1
1 697 51 470 465 21 49 1
1 697 52 471 464 21 50 1
1 697 53 471 464 21 50 1
1 697 54 472 464 21 50 1
1 697 55 472 464 21 50 1
1 697 56 473 463 21 50 1
1 697 57 473 463 21 50 1
1 697 58 474 463 21 50 1
1 697 59 474 463 21 50 1
1 697 60 475 463 21 49 1
1 697 61 475 462 21 50 1
1 697 62 476 462 21 50 1
1 697 63 476 462 21 50 1
1 697 64 477 462 21 50 1
1 697 65 477 462 21 49 1
1 697 66 478 461 21 50 1
1 697 67 478 461 21 50 1
1 697 68 479 461 21 50 1
1 697 69 479 461 21 50 1
1 697 70 480 461 21 49 1
1 697 71 480 460 21 50 1
1 697 72 481 460 21 50 1
1 697 73 481 460 21 50 1
1 697 74 482 460 21 49 1
1 697 75 482 460 21 49 1
1 697 76 483 459 21 50 1
1 697 77 483 459 21 50 1
1 697 78 484 459 21 50 1
1 697 79 484 459 21 49 1
1 697 80 485 458 21 50 1
1 697 81 485 458 21 50 1
1 697 82 486 458 21 50 1
1 697 83 486 458 21 50 1
1 697 84 487 458 21 49 1
1 697 85 487 457 21 50 1
1 697 86 488 457 21 50 1
1 697 87 489 457 20 50 1
1 697 88 489 457 21 49 1
1 697 89 490 457 20 49 1
1 697 90 490 456 21 50 1
1 697 91 491 456 20 50 1
1 697 92 491 456 21 50 1
1 697 93 492 456 20 49 1
1 697 94 492 456 21 49 1
1 697 95 493 455 20 50 1
1 697 96 493 455 21 50 1
1 697 97 494 455 20 50 1
1 697 98 494 455 21 49 1
1 697 99 495 455 20 49 1
1 697 100 495 454 21 50 1
1 697 101 496 454 20 50 1
1 697 102 496 454 21 49 1
1 697 103 497 454 20 49 1
1 697 104 497 453 21 50 1
1 697 105 498 453 20 50 1
1 697 106 498 453 21 50 1
1 697 107 499 453 20 49 1
1 697 108 499 453 21 49 1
1 697 109 500 452 20 50 1
1 697 110 500 452 21 50 1
1 697 111 501 452 20 50 1
1 697 112 501 452 21 49 1
1 697 113 502 452 20 49 1
1 697 114 502 451 21 50 1
1 697 115 503 451 20 50 1
1 697 116 503 451 21 49 1
1 697 117 504 451 20 49 1
1 697 118 504 451 21 49 1
1 697 119 505 450 20 50 1
1 697 120 505 450 21 50 1
1 697 121 506 450 20 49 1
1 697 122 506 450 21 49 1
1 697 123 507 450 20 49 1
1 697 124 507 449 21 50 1
1 697 125 508 449 20 50 1
1 697 126 508 449 21 49 1
1 697 127 509 449 20 49 1
1 697 128 509 448 21 50 1
1 697 129 510 448 20 50 1
1 697 130 510 448 21 49 1
1 697 131 511 448 20 49 1
1 697 132 511 448 21 49 1
1 697 133 512 447 20 50 1
1 697 134 512 447 21 50 1
1 697 135 513 447 20 49 1
1 697 136 513 447 21 49 1
1 697 137 514 447 20 49 1
1 697 138 514 446 21 50 1
1 697 139 515 446 20 50 1
1 697 140 515 446 21 49 1
1 697 141 516 446 20 49 1
1 697 142 517 446 20 49 1
1 697 143 517 445 20 50 1
1 697 144 518 445 20 49 1
1 697 145 518 445 20 49 1
1 697 146 519 445 20 49 1
1 697 147 519 445 20 49 1
1 697 148 520 444 20 50 1
1 697 149 520 444 20 49 1
1 697 150 521 444 20 49 1
1 697 151 521 444 20 49 1
1 697 152 522 443 20 50 1
1 697 153 522 443 20 50 1
1 697 154 523 443 20 49 1
1 697 155 523 443 20 49 1
1 697 156 524 443 20 49 1
1 697 157 524 442 20 50 1
1 697 158 525 442 20 49 1
1 697 159 525 442 20 49 1
1 697 160 526 442 20 49 1
1 697 161 526 442 20 49 1
1 697 162 527 441 20 50 1
1 697 163 527 441 20 49 1
1 697 164 528 441 20 49 1
1 697 165 528 441 20 49 1
1 697 166 529 441 20 49 1
1 697 167 529 440 20 50 1
1 697 168 530 440 20 49 1
1 697 169 530 440 20 49 1
1 697 170 531 440 20 49 1
1 697 171 531 440 20 49 1
1 697 172 532 439 20 49 1
1 697 173 532 439 20 49 1
1 697 174 533 439 20 49 1
1 697 175 533 439 20 49 1
1 697 176 534 438 20 50 1
1 697 177 534 438 20 49 1
1 697 178 535 438 20 49 1
1 697 179 535 438 20 49 1
1 697 180 536 438 20 49 1
1 697 181 536 437 20 50 1
1 697 182 537 437 20 49 1
1 697 183 537 437 20 49 1
1 697 184 538 437 20 49 1
1 697 185 538 437 20 49 1
1 697 186 539 436 20 49 1
1 697 187 539 436 20 49 1
1 697 188 540 436 20 49 1
1 697 189 540 436 20 49 1
1 697 190 541 436 20 49 1
1 697 191 541 435 20 49 1
1 697 192 542 435 20 49 1
1 697 193 542 435 20 49 1
1 697 194 543 435 20 49 1
1 697 195 544 435 20 49 1
1 697 196 544 434 20 49 1
1 697 197 544 434 20 49 1
1 697 198 544 434 20 49 1
1 697 199 544 434 20 49 1
1 697 200 545 434 20 48 1
1 697 201 545 434 20 48 1
1 697 202 545 433 20 49 1
1 697 203 545 433 20 49 1
1 697 204 546 433 19 49 1
1 697 205 546 433 20 48 1
1 697 206 546 433 20 48 1
1 697 207 546 433 20 48 1
1 697 208 547 432 19 49 1
1 697 209 547 432 19 49 1
1 697 210 547 432 20 48 1
1 697 211 547 432 20 48 1
1 697 212 547 432 20 48 1
1 697 213 548 432 19 48 1
1 697 214 548 431 20 49 1
1 697 215 548 431 20 48 1
1 697 216 548 431 20 48 1
1 697 217 549 431 19 48 1
1 697 218 549 431 19 48 1
1 697 219 549 431 20 48 1
1 697 220 549 430 20 48 1
1 697 221 550 430 19 48 1
1 697 222 550 430 19 48 1
1 697 223 550 430 19 48 1
1 697 224 550 430 20 48 1
1 697 225 551 430 19 47 1
1 697 226 551 429 19 48 1
1 697 227 551 429 19 48 1
1 697 228 551 429 20 48 1
1 697 229 551 429 20 48 1
1 697 230 552 429 19 47 1
1 697 231 552 429 19 47 1
1 697 232 552 428 19 48 1
1 697 233 552 428 20 48 1
1 697 234 553 428 19 48 1
1 697 235 553 428 19 47 1
1 697 236 553 428 19 47 1
1 697 237 553 428 19 47 1
1 697 238 554 428 19 47 1
1 697 239 554 427 19 47 1
1 697 240 554 427 19 47 1
1 697 241 554 427 19 47 1
1 697 242 555 427 19 47 1
1 697 243 555 427 19 47 1
1 697 244 555 427 19 46 1
1 697 245 555 426 19 47 1
1 697 246 555 426 19 47 1
1 697 247 556 426 19 47 1
1 697 248 556 426 19 47 1
1 697 249 556 426 19 46 1
1 697 250 556 426 19 46 1
1 697 251 557 425 18 47 1
1 697 252 557 425 19 47 1
1 697 253 557 425 19 47 1
1 697 254 557 425 19 46 1
1 697 255 558 425 18 46 1
1 697 256 558 425 19 46 1
1 697 257 558 424 19 47 1
1 697 258 558 424 19 47 1
1 697 259 559 424 18 46 1
1 697 260 559 424 18 46 1
1 697 261 559 424 19 46 1
1 697 262 559 424 19 46 1
1 697 263 559 423 19 47 1
1 697 264 560 423 18 46 1
1 697 265 560 423 18 46 1
1 697 266 560 423 19 46 1
1 697 267 560 423 19 46 1
1 697 268 561 423 18 46 1
1 697 269 561 422 18 46 1
1 697 270 561 422 19 46 1
1 697 271 561 422 19 46 1
1 697 272 562 422 18 46 1
1 697 273 562 422 18 46 1
1 697 274 562 422 18 45 1
1 697 275 562 421 19 46 1
1 697 276 563 421 18 46 1
1 697 277 563 421 18 46 1
1 697 278 563 421 18 46 1
1 697 279 563 421 18 45 1
1 697 280 563 421 19 45 1
1 697 281 564 420 18 46 1
1 697 282 564 420 18 46 1
1 697 283 564 420 18 46 1
1 697 284 564 420 19 45 1
1 697 285 565 420 18 45 1
1 697 286 565 420 18 45 1
1 697 287 565 419 18 46 1
1 697 288 565 419 18 46 1
1 697 289 566 419 18 45 1
1 697 290 566 419 18 45 1
1 697 291 566 419 18 45 1
1 697 292 566 419 18 45 1
1 697 293 567 419 18 45 1
1 697 294 567 418 18 45 1
1 697 295 567 418 18 45 1
1 697 296 567 418 18 45 1
1 697 297 568 418 18 45 1
1 697 298 568 418 18 44 1
1 697 299 568 417 18 45 1
1 697 300 568 417 18 45 1
1 697 301 569 417 18 45 1
1 697 302 569 417 18 45 1
1 697 303 569 417 18 44 1
1 697 304 570 417 18 44 1
1 697 305 570 416 18 45 1
1 697 306 570 416 18 45 1
1 697 307 570 416 18 45 1
1 697 308 571 416 18 44 1
1 697 309 571 416 18 44 1
1 697 310 571 415 18 45 1
1 697 311 571 415 18 45 1
1 697 312 572 415 18 45 1
1 697 313 572 415 18 44 1
1 697 314 572 415 18 44 1
1 697 315 573 415 18 44 1
1 697 316 573 414 18 45 1
1 697 317 573 414 18 45 1
1 697 318 573 414 18 44 1
1 697 319 574 414 18 44 1
1 697 320 574 414 18 44 1
1 697 321 574 414 18 44 1
1 697 322 574 413 18 45 1
1 697 323 575 413 18 44 1
1 697 324 575 413 18 44 1
1 697 325 575 413 18 44 1
1 697 326 576 413 18 44 1
1 697 327 576 412 18 45 1
1 697 328 576 412 18 44 1
1 697 329 576 412 18 44 1
1 697 330 577 412 18 44 1
1 697 331 577 412 18 44 1
1 697 332 577 412 18 44 1
1 697 333 577 411 18 44 1
1 697 334 578 411 18 44 1
1 697 335 578 411 18 44 1
1 697 336 578 411 18 44 1
1 697 337 579 411 18 44 1
1 697 338 579 410 18 44 1
1 697 339 579 410 18 44 1
1 697 340 579 410 18 44 1
1 697 341 580 410 18 44 1
1 697 342 580 410 18 44 1
1 697 343 580 410 18 43 1
1 697 344 580 409 18 44 1
1 697 345 581 409 18 44 1
1 697 346 581 409 18 44 1
1 697 347 581 409 18 44 1
1 697 348 582 409 18 43 1
1 697 349 582 409 18 43 1
1 697 350 582 408 18 44 1
1 697 351 582 408 18 44 1
1 697 352 583 408 18 44 1
1 697 353 583 408 18 43 1
1 697 354 583 408 18 43 1
1 697 355 583 407 18 44 1
1 697 356 584 407 18 44 1
1 697 357 584 407 18 44 1
1 697 358 584 407 18 43 1
1 697 359 585 407 18 43 1
1 697 360 585 407 18 43 1
1 697 361 585 406 18 44 1
1 697 362 585 406 18 44 1
1 697 363 586 406 18 43 1
1 697 364 586 406 18 43 1
1 697 365 586 406 18 43 1
1 697 366 586 405 18 44 1
1 697 367 587 405 18 44 1
1 697 368 587 405 18 43 1
1 697 369 587 405 18 43 1
1 697 370 588 405 18 43 1
1 697 371 588 405 18 43 1
1 697 372 588 404 18 44 1
1 697 373 588 404 18 43 1
1 697 374 589 404 18 43 1
1 697 375 589 404 18 43 1
1 697 376 589 404 18 43 1
1 697 377 590 404 18 43 1
1 697 378 590 403 18 43 1
1 697 379 590 403 18 43 1
1 697 380 590 403 18 43 1
1 697 381 591 403 18 43 1
1 697 382 591 403 18 43 1
1 697 383 591 403 18 43 1
1 697 384 592 403 18 42 1
1 697 385 592 402 18 43 1
1 697 386 592 402 18 43 1
1 697 387 593 402 18 43 1
1 697 388 593 402 18 43 1
1 697 389 593 402 18 43 1
1 697 390 593 402 18 42 1
1 697 391 594 402 18 42 1
1 697 392 594 401 18 43 1
1 697 393 594 401 18 43 1
1 697 394 595 401 18 43 1
1 697 395 595 401 18 43 1
1 697 396 595 401 18 43 1
1 697 397 596 401 18 42 1
1 697 398 596 401 18 42 1
1 697 399 596 400 18 43 1
1 697 400 597 400 17 43 1
1 697 401 597 400 18 43 1
1 697 402 597 400 18 43 1
1 697 403 597 400 18 42 1
1 697 404 598 400 18 42 1
1 697 405 598 400 18 42 1
1 697 406 598 399 18 43 1
1 697 407 599 399 18 43 1
1 697 408 599 399 18 43 1
1 697 409 599 399 18 42 1
1 697 410 600 399 18 42 1
1 697 411 600 399 18 42 1
1 697 412 600 399 18 42 1
1 697 413 600 398 18 43 1
1 697 414 601 398 18 43 1
1 697 415 601 398 18 43 1
1 697 416 601 398 18 42 1
1 697 417 602 398 18 42 1
1 697 418 602 398 18 42 1
1 697 419 602 398 18 42 1
1 697 420 603 398 18 42 1
1 697 421 603 397 18 43 1
1 697 422 603 397 18 42 1
1 697 423 604 397 17 42 1
1 697 424 604 397 18 42 1
1 697 425 604 397 18 42 1
1 697 426 604 397 18 42 1
1 697 427 605 397 18 42 1
1 697 428 605 396 18 43 1
1 697 429 605 396 18 42 1
1 697 430 606 396 18 42 1
1 697 431 606 396 18 42 1
1 697 432 606 396 18 42 1
1 697 433 607 396 18 42 1
1 697 434 607 396 18 42 1
1 697 435 607 395 18 42 1
1 697 436 607 395 18 42 1
1 697 437 608 395 18 42 1
1 697 438 608 395 18 42 1
1 697 439 608 395 18 42 1
1 697 440 609 395 18 42 1
1 697 441 609 395 18 41 1
1 697 442 609 394 18 42 1
1 697 443 610 394 18 42 1
1 697 444 610 394 18 42 1
1 697 445 610 394 18 42 1
1 697 446 611 394 17 42 1
1 697 447 611 394 18 42 1
1 697 448 611 394 18 41 1
1 697 449 611 393 18 42 1
1 697 450 612 393 18 42 1
1 697 451 612 393 18 42 1
1 697 452 612 393 18 42 1
1 697 453 613 393 18 42 1
1 697 454 613 393 18 41 1
1 697 455 613 393 18 41 1
1 697 456 614 393 18 41 1
1 697 457 614 392 18 42 1
1 697 458 614 392 18 42 1
1 697 459 614 392 18 42 1
1 697 460 615 392 18 42 1
1 697 461 615 392 18 41 1
1 697 462 615 392 18 41 1
1 697 463 616 392 18 41 1
1 697 464 616 391 18 42 1
1 697 465 616 391 18 42 1
1 697 466 617 391 18 42 1
1 697 467 617 391 18 41 1
1 697 468 617 391 18 41 1
1 697 469 618 391 17 41 1
1 697 470 618 391 18 41 1
1 697 471 618 390 18 42 1
1 697 472 618 390 18 42 1
1 697 473 619 390 18 41 1
1 697 474 619 390 18 41 1
1 697 475 619 390 18 41 1
1 697 476 620 390 18 41 1
1 697 477 620 390 18 41 1
1 697 478 620 389 18 42 1
1 697 479 621 389 18 42 1
1 697 480 621 389 18 41 1
1 697 481 621 389 18 41 1
1 697 482 621 389 18 41 1
1 697 483 622 389 18 41 1
1 697 484 622 389 18 41 1
1 697 485 622 388 18 42 1
1 697 486 623 388 18 41 1
1 697 487 623 388 18 41 1
1 697 488 623 388 18 41 1
1 697 489 624 388 18 41 1
1 697 490 624 388 18 41 1
1 697 491 624 388 18 41 1
1 697 492 625 388 18 41 1
1 697 493 625 387 18 41 1
1 697 494 625 387 18 41 1
1 697 495 625 387 18 41 1
1 697 496 625 387 18 41 1
1 697 497 625 387 18 41 1
1 697 498 625 387 18 41 1
1 697 499 625 387 18 41 1
1 697 500 626 386 18 41 1
1 697 501 626 386 18 41 1
1 697 502 626 386 18 41 1
1 697 503 626 386 18 41 1
1 697 504 626 386 18 41 1
1 697 505 626 386 18 41 1
1 697 506 626 386 18 41 1
1 697 507 627 385 18 41 1
1 697 508 627 385 18 41 1
1 697 509 627 385 18 41 1
1 697 510 627 385 18 41 1
1 697 511 627 385 18 41 1
1 697 512 627 385 18 41 1
1 697 513 627 385 18 41 1
1 697 514 628 384 18 41 1
1 697 515 628 384 18 41 1
1 697 516 628 384 18 41 1
1 697 517 628 384 18 41 1
1 697 518 628 384 18 41 1
1 697 519 628 384 18 41 1
1 697 520 628 384 18 41 1
1 697 521 629 383 18 41 1
1 697 522 629 383 18 41 1
1 697 523 629 383 18 41 1
1 697 524 629 383 18 41 1
1 697 525 629 383 18 41 1
1 697 526 629 383 18 41 1
1 697 527 629 383 18 41 1
1 697 528 630 382 18 41 1
1 697 529 630 382 18 41 1
1 697 530 630 382 18 41 1
1 697 531 630 382 18 41 1
1 697 532 630 382 18 41 1
1 697 533 630 382 18 41 1
1 697 534 630 382 18 41 1
1 697 535 631 381 18 41 1
1 697 536 631 381 18 41 1
1 697 537 631 381 18 41 1
1 697 538 631 381 18 41 1
1 697 539 631 381 18 41 1
1 697 540 631 381 18 41 1
1 697 541 631 381 18 41 1
1 697 542 632 381 18 41 1
1 697 543 631 380 18 41 1
1 697 544 631 380 18 41 1
1 697 545 631 380 18 41 1
1 697 546 631 380 18 41 1
1 697 547 631 380 18 41 1
1 697 548 631 380 18 41 1
1 697 549 631 380 18 41 1
1 697 550 631 379 18 41 1
1 697 551 631 379 18 41 1
1 697 552 631 379 18 41 1
1 697 553 631 379 18 41 1
1 697 554 631 379 18 41 1
1 697 555 631 379 18 41 1
1 697 556 631 379 18 41 1
1 697 557 631 379 18 41 1
1 697 558 631 378 18 41 1
1 697 559 631 378 18 41 1
1 697 560 631 378 18 41 1
1 697 561 631 378 18 41 1
1 697 562 631 378 18 41 1
1 697 563 631 378 18 41 1
1 697 564 631 378 18 41 1
1 697 565 631 378 18 41 1
1 697 566 630 377 18 41 1
1 697 567 630 377 18 41 1
1 697 568 630 377 18 41 1
1 697 569 630 377 18 41 1
1 697 570 630 377 18 41 1
1 697 571 630 377 18 41 1
1 697 572 630 377 18 41 1
1 697 573 630 376 18 41 1
1 697 574 630 376 18 41 1
1 697 575 630 376 18 41 1
1 697 576 630 376 18 41 1
1 697 577 630 376 18 41 1
1 697 578 630 376 18 41 1
1 697 579 630 376 18 41 1
1 697 580 630 376 18 41 1
1 697 581 630 375 18 41 1
1 697 582 630 375 18 41 1
1 697 583 630 375 18 41 1
1 697 584 630 375 18 41 1
1 697 585 630 375 18 41 1
1 697 586 630 375 18 41 1
1 697 587 630 375 18 41 1
1 697 588 630 375 18 41 1
1 697 589 629 374 18 41 1
1 697 590 629 374 18 40 1
1 697 591 629 374 17 39 1
1 697 592 628 374 18 39 1
1 697 593 628 374 18 38 1
1 697 594 628 374 17 37 1
1 697 595 627 374 18 37 1
1 697 596 627 373 17 37 1
1 697 597 627 373 17 36 1
1 697 598 626 373 18 35 1
1 697 599 626 373 17 35 1
1 697 600 625 373 18 34 1
1 697 601 625 373 18 33 1
1 697 602 625 373 17 33 1
1 697 603 624 372 18 33 1
1 697 604 624 372 17 32 1
1 697 605 624 372 17 32 1
1 697 606 623 372 18 31 1
1 697 607 623 372 17 30 1
1 697 608 623 372 17 30 1
1 697 609 622 371 18 30 1
1 697 610 622 371 17 29 1
1 697 611 622 371 17 28 1
1 697 612 621 371 17 28 1
1 697 613 621 371 17 27 1
1 697 614 621 371 17 26 1
1 697 615 620 370 17 27 1
1 697 616 620 370 17 26 1
1 697 617 620 370 17 25 1
1 697 618 619 370 17 25 1
1 697 619 619 370 17 24 1
1 697 620 619 370 17 24 1
1 697 621 618 370 17 23 1
1 697 622 618 370 17 23 1
1 697 623 618 370 17 23 1
1 697 624 618 370 17 23 1
1 697 625 618 370 17 23 1
1 697 626 618 370 17 23 1
1 697 627 618 370 17 23 1
1 697 628 618 370 17 23 1
1 697 629 618 370 17 23 1
1 697 630 618 370 17 23 1
1 697 631 618 370 17 23 1
1 697 632 618 371 16 22 1
1 697 633 618 371 16 22 1
1 697 634 618 371 16 22 1
1 697 635 618 371 16 22 1
1 697 636 618 371 16 22 1
1 697 637 618 371 16 22 1
1 697 638 618 371 16 22 1
1 697 639 618 371 16 22 1
1 697 640 618 371 16 22 1
1 697 641 618 371 16 22 1
1 697 642 618 371 16 22 1
1 697 643 618 372 15 21 1
1 697 644 618 372 15 21 1
1 697 645 618 372 15 21 1
1 697 646 618 372 15 21 1
1 697 647 618 372 15 21 1
1 697 648 618 372 15 21 1
1 697 649 618 372 15 21 1
1 697 650 618 372 15 21 1
1 697 651 618 372 15 21 1
1 697 652 618 372 15 21 1
1 697 653 618 372 15 21 1
1 697 654 618 373 15 20 1
1 697 655 618 373 14 20 1
1 697 656 618 373 14 20 1
1 697 657 618 373 14 20 1
1 697 658 617 373 15 20 1
1 697 659 617 373 15 20 1
1 697 660 617 373 15 20 1
1 697 661 617 373 15 20 1
1 697 662 617 373 15 20 1
1 697 663 617 373 15 20 1
1 697 664 617 373 15 20 1
1 697 665 617 373 15 20 1
1 697 666 617 374 14 19 1
1 697 667 617 374 14 19 1
1 697 668 617 374 14 19 1
1 697 669 617 374 14 19 1
1 697 670 617 374 14 19 1
1 697 671 617 374 14 19 1
1 697 672 617 374 14 19 1
1 697 673 617 374 14 19 1
1 697 674 617 374 14 19 1
1 697 675 617 374 14 19 1
1 697 676 617 374 14 19 1
1 697 677 617 374 14 19 1
1 697 678 617 375 13 18 1
1 697 679 617 375 13 18 1
1 697 680 617 375 13 18 1
1 697 681 617 375 13 18 1
1 697 682 617 375 13 18 1
1 697 683 617 375 13 18 1
1 697 684 617 375 13 18 1
1 697 685 617 375 13 18 1
1 697 686 617 375 13 18 1
1 697 687 617 375 13 18 1
1 697 688 617 375 13 18 1
1 697 689 617 375 13 18 1
1 697 690 617 376 13 18 1
1 697 691 617 376 13 18 1
1 697 692 617 376 13 18 1
1 697 693 617 376 13 18 1
1 697 694 617 376 13 18 1
1 697 695 617 376 13 18 1
1 697 696 617 376 13 18 1
2 1021 0 577 375 65 44 2
2 1021 1 577 375 65 44 2
2 1021 2 577 375 65 44 2
2 1021 3 577 375 65 44 2
2 1021 4 577 375 65 44 2
2 1021 5 577 375 65 44 2
2 1021 6 577 375 65 44 2
2 1021 7 577 375 65 44 2
2 1021 8 577 375 65 44 2
2 1021 9 577 375 65 44 2
2 1021 10 577 375 65 44 2
2 1021 11 577 375 65 44 2
2 1021 12 577 375 65 44 2
2 1021 13 577 375 65 44 2
2 1021 14 577 375 65 44 2
2 1021 15 577 375 65 44 2
2 1021 16 577 375 65 44 2
2 1021 17 577 375 65 44 2
2 1021 18 577 375 65 44 2
2 1021 19 577 375 65 44 2
2 1021 20 577 375 65 44 2
2 1021 21 577 375 65 44 2
2 1021 22 577 375 65 44 2
2 1021 23 577 375 65 44 2
2 1021 24 577 375 65 44 2
2 1021 25 577 375 65 44 2
2 1021 26 577 375 65 44 2
2 1021 27 577 375 65 44 2
2 1021 28 577 375 65 44 2
2 1021 29 577 375 65 44 2
2 1021 30 577 375 65 44 2
2 1021 31 577 375 65 44 2
2 1021 32 577 375 65 44 2
2 1021 33 577 375 65 44 2
2 1021 34 577 375 65 44 2
2 1021 35 577 375 65 44 2
2 1021 36 577 375 65 44 2
2 1021 37 577 375 65 44 2
2 1021 38 577 375 65 44 2
2 1021 39 577 375 65 44 2
2 1021 40 577 375 65 44 2
2 1021 41 577 375 65 44 2
2 1021 42 577 375 65 44 2
2 1021 43 577 375 65 44 2
2 1021 44 577 375 65 44 2
2 1021 45 577 375 65 44 2
2 1021 46 577 375 65 44 2
2 1021 47 577 375 65 44 2
2 1021 48 577 375 65 44 2
2 1021 49 577 375 65 44 2
2 1021 50 577 375 65 44 2
2 1021 51 577 375 65 44 2
2 1021 52 577 375 65 44 2
2 1021 53 577 375 65 44 2
2 1021 54 577 375 65 44 2
2 1021 55 577 375 65 44 2
2 1021 56 577 375 65 44 2
2 1021 57 577 375 65 44 2
2 1021 58 577 375 65 44 2
2 1021 59 577 375 65 44 2
2 1021 60 577 375 65 44 2
2 1021 61 577 375 65 44 2
2 1021 62 577 375 65 44 2
2 1021 63 577 375 65 44 2
2 1021 64 577 375 65 44 2
2 1021 65 577 375 65 44 2
2 1021 66 577 375 65 44 2
2 1021 67 577 375 65 44 2
2 1021 68 577 375 65 44 2
2 1021 69 577 375 65 44 2
2 1021 70 577 375 65 44 2
2 1021 71 577 375 65 44 2
2 1021 72 577 375 65 44 2
2 1021 73 577 375 65 44 2
2 1021 74 577 375 65 44 2
2 1021 75 577 375 65 44 2
2 1021 76 577 375 65 44 2
2 1021 77 577 375 65 44 2
2 1021 78 577 375 65 44 2
2 1021 79 577 375 65 44 2
2 1021 80 577 375 65 44 2
2 1021 81 577 375 65 44 2
2 1021 82 577 375 65 44 2
2 1021 83 577 375 65 44 2
2 1021 84 577 375 65 44 2
2 1021 85 577 375 65 44 2
2 1021 86 577 375 65 44 2
2 1021 87 577 375 65 44 2
2 1021 88 577 375 65 44 2
2 1021 89 577 375 65 44 2
2 1021 90 577 375 65 44 2
2 1021 91 577 375 65 44 2
2 1021 92 577 375 65 44 2
2 1021 93 577 375 65 44 2
2 1021 94 577 375 65 44 2
2 1021 95 577 375 65 44 2
2 1021 96 577 375 65 44 2
2 1021 97 577 375 65 44 2
2 1021 98 577 375 65 44 2
2 1021 99 577 375 65 44 2
2 1021 100 577 375 65 44 2
2 1021 101 577 375 65 44 2
2 1021 102 577 375 65 44 2
2 1021 103 577 375 65 44 2
2 1021 104 577 375 65 44 2
2 1021 105 577 375 65 44 2
2 1021 106 577 375 65 44 2
2 1021 107 577 375 65 44 2
2 1021 108 577 375 65 44 2
2 1021 109 577 375 65 44 2
2 1021 110 577 375 65 44 2
2 1021 111 577 375 65 44 2
2 1021 112 577 375 65 44 2
2 1021 113 577 375 65 44 2
2 1021 114 577 375 65 44 2
2 1021 115 577 375 65 44 2
2 1021 116 577 375 65 44 2
2 1021 117 577 375 65 44 2
2 1021 118 577 375 65 44 2
2 1021 119 577 375 65 44 2
2 1021 120 577 375 65 44 2
2 1021 121 577 375 65 44 2
2 1021 122 577 375 65 44 2
2 1021 123 577 375 65 44 2
2 1021 124 577 375 65 44 2
2 1021 125 577 375 65 44 2
2 1021 126 577 375 65 44 2
2 1021 127 577 375 65 44 2
2 1021 128 577 375 65 44 2
2 1021 129 577 375 65 44 2
2 1021 130 577 375 65 44 2
2 1021 131 577 375 65 44 2
2 1021 132 577 375 65 44 2
2 1021 133 577 375 65 44 2
2 1021 134 577 375 65 44 2
2 1021 135 577 375 65 44 2
2 1021 136 577 375 65 44 2
2 1021 137 577 375 65 44 2
2 1021 138 577 375 65 44 2
2 1021 139 577 375 65 44 2
2 1021 140 577 375 65 44 2
2 1021 141 577 375 65 44 2
2 1021 142 577 375 65 44 2
2 1021 143 577 375 65 44 2
2 1021 144 577 375 65 44 2
2 1021 145 577 375 65 44 2
2 1021 146 577 375 65 44 2
2 1021 147 577 375 65 44 2
2 1021 148 577 375 65 44 2
2 1021 149 577 375 65 44 2
2 1021 150 577 375 65 44 2
2 1021 151 577 375 65 44 2
2 1021 152 577 375 65 44 2
2 1021 153 577 375 65 44 2
2 1021 154 577 375 65 44 2
2 1021 155 577 375 65 44 2
2 1021 156 577 375 65 44 2
2 1021 157 577 375 65 44 2
2 1021 158 577 375 65 44 2
2 1021 159 577 375 65 44 2
2 1021 160 577 375 65 44 2
2 1021 161 577 375 65 44 2
2 1021 162 577 375 65 44 2
2 1021 163 577 375 65 44 2
2 1021 164 577 375 65 44 2
2 1021 165 577 375 65 44 2
2 1021 166 577 375 65 44 2
2 1021 167 577 375 65 44 2
2 1021 168 577 375 65 44 2
2 1021 169 577 375 65 44 2
2 1021 170 577 375 65 44 2
2 1021 171 577 375 65 44 2
2 1021 172 577 375 65 44 2
2 1021 173 577 375 65 44 2
2 1021 174 577 375 65 44 2
2 1021 175 577 375 65 44 2
2 1021 176 577 375 65 44 2
2 1021 177 577 375 65 44 2
2 1021 178 577 375 65 44 2
2 1021 179 577 375 65 44 2
2 1021 180 577 375 65 44 2
2 1021 181 577 375 65 44 2
2 1021 182 577 375 65 44 2
2 1021 183 577 375 65 44 2
2 1021 184 577 375 65 44 2
2 1021 185 577 375 65 44 2
2 1021 186 577 375 65 44 2
2 1021 187 577 375 65 44 2
2 1021 188 577 375 65 44 2
2 1021 189 577 375 65 44 2
2 1021 190 577 375 65 44 2
2 1021 191 577 375 65 44 2
2 1021 192 577 375 65 44 2
2 1021 193 577 375 65 44 2
2 1021 194 577 375 65 44 2
2 1021 195 577 375 65 44 2
2 1021 196 577 375 65 44 2
2 1021 197 577 375 65 44 2
2 1021 198 577 375 65 44 2
2 1021 199 577 375 65 44 2
2 1021 200 577 375 65 44 2
2 1021 201 577 375 65 44 2
2 1021 202 577 375 65 44 2
2 1021 203 577 375 65 44 2
2 1021 204 577 375 65 44 2
2 1021 205 577 375 65 44 2
2 1021 206 577 375 65 44 2
2 1021 207 577 375 65 44 2
2 1021 208 577 375 65 44 2
2 1021 209 577 375 65 44 2
2 1021 210 577 375 65 44 2
2 1021 211 577 375 65 44 2
2 1021 212 577 375 65 44 2
2 1021 213 577 375 65 44 2
2 1021 214 577 375 65 44 2
2 1021 215 577 375 65 44 2
2 1021 216 577 375 65 44 2
2 1021 217 577 375 65 44 2
2 1021 218 577 375 65 44 2
2 1021 219 577 375 65 44 2
2 1021 220 577 375 65 44 2
2 1021 221 577 375 65 44 2
2 1021 222 577 375 65 44 2
2 1021 223 577 375 65 44 2
2 1021 224 577 375 65 44 2
2 1021 225 577 375 65 44 2
2 1021 226 577 375 65 44 2
2 1021 227 577 375 65 44 2
2 1021 228 577 375 65 44 2
2 1021 229 577 375 65 44 2
2 1021 230 577 375 65 44 2
2 1021 231 577 375 65 44 2
2 1021 232 577 375 65 44 2
2 1021 233 577 375 65 44 2
2 1021 234 577 375 65 44 2
2 1021 235 577 375 65 44 2
2 1021 236 577 375 65 44 2
2 1021 237 577 375 65 44 2
2 1021 238 577 375 65 44 2
2 1021 239 577 375 65 44 2
2 1021 240 577 375 65 44 2
2 1021 241 577 375 65 44 2
2 1021 242 577 375 65 44 2
2 1021 243 577 375 65 44 2
2 1021 244 577 375 65 44 2
2 1021 245 577 375 65 44 2
2 1021 246 577 375 65 44 2
2 1021 247 577 375 65 44 2
2 1021 248 577 375 65 44 2
2 1021 249 577 375 65 44 2
2 1021 250 577 375 65 44 2
2 1021 251 577 375 65 44 2
2 1021 252 577 375 65 44 2
2 1021 253 577 375 65 44 2
2 1021 254 577 375 65 44 2
2 1021 255 577 375 65 44 2
2 1021 256 577 375 65 44 2
2 1021 257 577 375 65 44 2
2 1021 258 577 375 65 44 2
2 1021 259 577 375 65 44 2
2 1021 260 577 375 65 44 2
2 1021 261 577 375 65 44 2
2 1021 262 577 375 65 44 2
2 1021 263 577 375 65 44 2
2 1021 264 577 375 65 44 2
2 1021 265 577 375 65 44 2
2 1021 266 577 375 65 44 2
2 1021 267 577 375 65 44 2
2 1021 268 577 375 65 44 2
2 1021 269 577 375 65 44 2
2 1021 270 577 375 65 44 2
2 1021 271 577 375 65 44 2
2 1021 272 577 375 65 44 2
2 1021 273 577 375 65 44 2
2 1021 274 577 375 65 44 2
2 1021 275 577 375 65 44 2
2 1021 276 577 375 65 44 2
2 1021 277 577 375 65 44 2
2 1021 278 577 375 65 44 2
2 1021 279 577 375 65 44 2
2 1021 280 577 375 65 44 2
2 1021 281 577 375 65 44 2
2 1021 282 577 375 65 44 2
2 1021 283 577 375 65 44 2
2 1021 284 577 375 65 44 2
2 1021 285 577 375 65 44 2
2 1021 286 577 375 65 44 2
2 1021 287 577 375 65 44 2
2 1021 288 577 375 65 44 2
2 1021 289 577 375 65 44 2
2 1021 290 577 375 65 44 2
2 1021 291 577 375 65 44 2
2 1021 292 577 375 65 44 2
2 1021 293 577 375 65 44 2
2 1021 294 577 375 65 44 2
2 1021 295 577 375 65 44 2
2 1021 296 577 375 65 44 2
2 1021 297 577 375 65 44 2
2 1021 298 577 375 65 44 2
2 1021 299 577 375 65 44 2
2 1021 300 577 375 65 44 2
2 1021 301 577 375 65 44 2
2 1021 302 577 375 65 44 2
2 1021 303 577 375 65 44 2
2 1021 304 577 375 65 44 2
2 1021 305 577 375 65 44 2
2 1021 306 577 375 65 44 2
2 1021 307 577 375 65 44 2
2 1021 308 577 375 65 44 2
2 1021 309 577 375 65 44 2
2 1021 310 577 375 65 44 2
2 1021 311 577 375 65 44 2
2 1021 312 577 375 65 44 2
2 1021 313 577 375 65 44 2
2 1021 314 577 375 65 44 2
2 1021 315 577 375 65 44 2
2 1021 316 577 375 65 44 2
2 1021 317 577 375 65 44 2
2 1021 318 577 375 65 44 2
2 1021 319 577 375 65 44 2
2 1021 320 577 375 65 44 2
2 1021 321 577 375 65 44 2
2 1021 322 577 375 65 44 2
2 1021 323 577 375 65 44 2
2 1021 324 577 375 65 44 2
2 1021 325 577 375 65 44 2
2 1021 326 577 375 65 44 2
2 1021 327 577 375 65 44 2
2 1021 328 577 375 65 44 2
2 1021 329 577 375 65 44 2
2 1021 330 577 375 65 44 2
2 1021 331 577 375 65 44 2
2 1021 332 577 375 65 44 2
2 1021 333 577 375 65 44 2
2 1021 334 577 375 65 44 2
2 1021 335 577 375 65 44 2
2 1021 336 577 375 65 44 2
2 1021 337 577 375 65 44 2
2 1021 338 577 375 65 44 2
2 1021 339 577 375 65 44 2
2 1021 340 577 375 65 44 2
2 1021 341 577 375 65 44 2
2 1021 342 577 375 65 44 2
2 1021 343 577 375 65 44 2
2 1021 344 577 375 65 44 2
2 1021 345 577 375 65 44 2
2 1021 346 577 375 65 44 2
2 1021 347 577 375 65 44 2
2 1021 348 577 375 65 44 2
2 1021 349 577 375 65 44 2
2 1021 350 577 375 65 44 2
2 1021 351 577 375 65 44 2
2 1021 352 577 375 65 44 2
2 1021 353 577 375 65 44 2
2 1021 354 577 375 65 44 2
2 1021 355 577 375 65 44 2
2 1021 356 577 375 65 44 2
2 1021 357 577 375 65 44 2
2 1021 358 577 375 65 44 2
2 1021 359 577 375 65 44 2
2 1021 360 577 375 65 44 2
2 1021 361 577 375 65 44 2
2 1021 362 577 375 65 44 2
2 1021 363 577 375 65 44 2
2 1021 364 577 375 65 44 2
2 1021 365 577 375 65 44 2
2 1021 366 577 375 65 44 2
2 1021 367 577 375 65 44 2
2 1021 368 577 375 65 44 2
2 1021 369 577 375 65 44 2
2 1021 370 577 375 65 44 2
2 1021 371 577 375 65 44 2
2 1021 372 577 375 65 44 2
2 1021 373 577 375 65 44 2
2 1021 374 577 375 65 44 2
2 1021 375 577 375 65 44 2
2 1021 376 577 375 65 44 2
2 1021 377 577 375 65 44 2
2 1021 378 577 375 65 44 2
2 1021 379 577 375 65 44 2
2 1021 380 577 375 65 44 2
2 1021 381 577 375 65 44 2
2 1021 382 577 375 65 44 2
2 1021 383 577 375 65 44 2
2 1021 384 577 375 65 44 2
2 1021 385 577 375 65 44 2
2 1021 386 577 375 65 44 2
2 1021 387 577 375 65 44 2
2 1021 388 577 375 65 44 2
2 1021 389 577 375 65 44 2
2 1021 390 577 375 65 44 2
2 1021 391 577 375 65 44 2
2 1021 392 577 375 65 44 2
2 1021 393 577 375 65 44 2
2 1021 394 577 375 65 44 2
2 1021 395 577 375 65 44 2
2 1021 396 577 375 65 44 2
2 1021 397 577 375 65 44 2
2 1021 398 577 375 65 44 2
2 1021 399 577 375 65 44 2
2 1021 400 577 375 65 44 2
2 1021 401 577 375 65 44 2
2 1021 402 577 375 65 44 2
2 1021 403 577 375 65 44 2
2 1021 404 577 375 65 44 2
2 1021 405 577 375 65 44 2
2 1021 406 577 375 65 44 2
2 1021 407 577 375 65 44 2
2 1021 408 577 375 65 44 2
2 1021 409 577 375 65 44 2
2 1021 410 577 375 65 44 2
2 1021 411 577 375 65 44 2
2 1021 412 577 375 65 44 2
2 1021 413 577 375 65 44 2
2 1021 414 577 375 65 44 2
2 1021 415 577 375 65 44 2
2 1021 416 577 375 65 44 2
2 1021 417 577 375 65 44 2
2 1021 418 577 375 65 44 2
2 1021 419 577 375 65 44 2
2 1021 420 577 375 65 44 2
2 1021 421 577 375 65 44 2
2 1021 422 577 375 65 44 2
2 1021 423 577 375 65 44 2
2 1021 424 577 375 65 44 2
2 1021 425 577 375 65 44 2
2 1021 426 577 375 65 44 2
2 1021 427 577 375 65 44 2
2 1021 428 577 375 65 44 2
2 1021 429 577 375 65 44 2
2 1021 430 577 375 65 44 2
2 1021 431 577 375 65 44 2
2 1021 432 577 375 65 44 2
2 1021 433 577 375 65 44 2
2 1021 434 577 375 65 44 2
2 1021 435 577 375 65 44 2
2 1021 436 577 375 65 44 2
2 1021 437 577 375 65 44 2
2 1021 438 577 375 65 44 2
2 1021 439 577 375 65 44 2
2 1021 440 577 375 65 44 2
2 1021 441 577 375 65 44 2
2 1021 442 577 375 65 44 2
2 1021 443 577 375 65 44 2
2 1021 444 577 375 65 44 2
2 1021 445 577 375 65 44 2
2 1021 446 577 375 65 44 2
2 1021 447 577 375 65 44 2
2 1021 448 577 375 65 44 2
2 1021 449 577 375 65 44 2
2 1021 450 577 375 65 44 2
2 1021 451 577 375 65 44 2
2 1021 452 577 375 65 44 2
2 1021 453 577 375 65 44 2
2 1021 454 577 375 65 44 2
2 1021 455 577 375 65 44 2
2 1021 456 577 375 65 44 2
2 1021 457 577 375 65 44 2
2 1021 458 577 375 65 44 2
2 1021 459 577 375 65 44 2
2 1021 460 577 375 65 44 2
2 1021 461 577 375 65 44 2
2 1021 462 577 375 65 44 2
2 1021 463 577 375 65 44 2
2 1021 464 577 375 65 44 2
2 1021 465 577 375 65 44 2
2 1021 466 577 375 65 44 2
2 1021 467 577 375 65 44 2
2 1021 468 577 375 65 44 2
2 1021 469 577 375 65 44 2
2 1021 470 577 375 65 44 2
2 1021 471 577 375 65 44 2
2 1021 472 577 375 65 44 2
2 1021 473 577 375 65 44 2
2 1021 474 577 375 65 44 2
2 1021 475 577 375 65 44 2
2 1021 476 577 375 65 44 2
2 1021 477 577 375 65 44 2
2 1021 478 577 375 65 44 2
2 1021 479 577 375 65 44 2
2 1021 480 577 375 65 44 2
2 1021 481 577 375 65 44 2
2 1021 482 577 375 65 44 2
2 1021 483 577 375 65 44 2
2 1021 484 577 375 65 44 2
2 1021 485 577 375 65 44 2
2 1021 486 577 375 65 44 2
2 1021 487 577 375 65 44 2
2 1021 488 577 375 65 44 2
2 1021 489 577 375 65 44 2
2 1021 490 577 375 65 44 2
2 1021 491 577 375 65 44 2
2 1021 492 577 375 65 44 2
2 1021 493 577 375 65 44 2
2 1021 494 577 375 65 44 2
2 1021 495 577 375 65 44 2
2 1021 496 577 375 65 44 2
2 1021 497 577 375 65 44 2
2 1021 498 577 375 65 44 2
2 1021 499 577 375 65 44 2
2 1021 500 577 375 65 44 2
2 1021 501 577 375 65 44 2
2 1021 502 577 375 65 44 2
2 1021 503 577 375 65 44 2
2 1021 504 577 375 65 44 2
2 1021 505 577 375 65 44 2
2 1021 506 577 375 65 44 2
2 1021 507 577 375 65 44 2
2 1021 508 577 375 65 44 2
2 1021 509 577 375 65 44 2
2 1021 510 577 375 65 44 2
2 1021 511 577 375 65 44 2
2 1021 512 577 375 65 44 2
2 1021 513 577 375 65 44 2
2 1021 514 577 375 65 44 2
2 1021 515 577 375 65 44 2
2 1021 516 577 375 65 44 2
2 1021 517 577 375 65 44 2
2 1021 518 577 375 65 44 2
2 1021 519 577 375 65 44 2
2 1021 520 577 375 65 44 2
2 1021 521 577 375 65 44 2
2 1021 522 577 375 65 44 2
2 1021 523 577 375 65 44 2
2 1021 524 577 375 65 44 2
2 1021 525 577 375 65 44 2
2 1021 526 577 375 65 44 2
2 1021 527 577 375 65 44 2
2 1021 528 577 375 65 44 2
2 1021 529 577 375 65 44 2
2 1021 530 577 375 65 44 2
2 1021 531 577 375 65 44 2
2 1021 532 577 375 65 44 2
2 1021 533 577 375 65 44 2
2 1021 534 577 375 65 44 2
2 1021 535 577 375 65 44 2
2 1021 536 577 375 65 44 2
2 1021 537 577 375 65 44 2
2 1021 538 577 375 65 44 2
2 1021 539 577 375 65 44 2
2 1021 540 577 375 65 44 2
2 1021 541 577 375 65 44 2
2 1021 542 577 375 65 44 2
2 1021 543 577 375 65 44 2
2 1021 544 577 375 65 44 2
2 1021 545 577 375 65 44 2
2 1021 546 577 375 65 44 2
2 1021 547 577 375 65 44 2
2 1021 548 577 375 65 44 2
2 1021 549 577 375 65 44 2
2 1021 550 577 375 65 44 2
2 1021 551 577 375 65 44 2
2 1021 552 577 375 65 44 2
2 1021 553 577 375 65 44 2
2 1021 554 577 375 65 44 2
2 1021 555 577 375 65 44 2
2 1021 556 577 375 65 44 2
2 1021 557 577 375 65 44 2
2 1021 558 577 375 65 44 2
2 1021 559 577 375 65 44 2
2 1021 560 577 375 65 44 2
2 1021 561 577 375 65 44 2
2 1021 562 577 375 65 44 2
2 1021 563 577 375 65 44 2
2 1021 564 577 375 65 44 2
2 1021 565 577 375 65 44 2
2 1021 566 577 375 65 44 2
2 1021 567 577 375 65 44 2
2 1021 568 577 375 65 44 2
2 1021 569 577 375 65 44 2
2 1021 570 577 375 65 44 2
2 1021 571 577 375 65 44 2
2 1021 572 577 375 65 44 2
2 1021 573 577 375 65 44 2
2 1021 574 577 375 65 44 2
2 1021 575 577 375 65 44 2
2 1021 576 577 375 65 44 2
2 1021 577 577 375 65 44 2
2 1021 578 577 375 65 44 2
2 1021 579 577 375 65 44 2
2 1021 580 577 375 65 44 2
2 1021 581 577 375 65 44 2
2 1021 582 577 375 65 44 2
2 1021 583 577 375 65 44 2
2 1021 584 577 375 65 44 2
2 1021 585 577 375 65 44 2
2 1021 586 577 375 65 44 2
2 1021 587 577 375 65 44 2
2 1021 588 577 375 65 44 2
2 1021 589 577 375 65 44 2
2 1021 590 577 375 65 44 2
2 1021 591 577 375 65 44 2
2 1021 592 577 375 65 44 2
2 1021 593 577 375 65 44 2
2 1021 594 577 375 65 44 2
2 1021 595 577 375 65 44 2
2 1021 596 577 375 65 44 2
2 1021 597 577 375 65 44 2
2 1021 598 577 375 65 44 2
2 1021 599 577 375 65 44 2
2 1021 600 577 375 65 44 2
2 1021 601 577 375 65 44 2
2 1021 602 577 375 65 44 2
2 1021 603 577 375 65 44 2
2 1021 604 577 375 65 44 2
2 1021 605 577 375 65 44 2
2 1021 606 577 375 65 44 2
2 1021 607 577 375 65 44 2
2 1021 608 577 375 65 44 2
2 1021 609 577 375 65 44 2
2 1021 610 577 375 65 44 2
2 1021 611 577 375 65 44 2
2 1021 612 577 375 65 44 2
2 1021 613 577 375 65 44 2
2 1021 614 577 375 65 44 2
2 1021 615 577 375 65 44 2
2 1021 616 577 375 65 44 2
2 1021 617 577 375 65 44 2
2 1021 618 577 375 65 44 2
2 1021 619 577 375 65 44 2
2 1021 620 577 375 65 44 2
2 1021 621 577 375 65 44 2
2 1021 622 577 375 65 44 2
2 1021 623 577 375 65 44 2
2 1021 624 577 375 65 44 2
2 1021 625 577 375 65 44 2
2 1021 626 577 375 65 44 2
2 1021 627 577 375 65 44 2
2 1021 628 577 375 65 44 2
2 1021 629 577 375 65 44 2
2 1021 630 577 375 65 44 2
2 1021 631 577 375 65 44 2
2 1021 632 577 375 65 44 2
2 1021 633 577 375 65 44 2
2 1021 634 577 375 65 44 2
2 1021 635 577 375 65 44 2
2 1021 636 577 375 65 44 2
2 1021 637 577 375 65 44 2
2 1021 638 577 375 65 44 2
2 1021 639 577 375 65 44 2
2 1021 640 577 375 65 44 2
2 1021 641 577 375 65 44 2
2 1021 642 577 375 65 44 2
2 1021 643 577 375 65 44 2
2 1021 644 577 375 65 44 2
2 1021 645 577 375 65 44 2
2 1021 646 577 375 65 44 2
2 1021 647 577 375 65 44 2
2 1021 648 577 375 65 44 2
2 1021 649 577 375 65 44 2
2 1021 650 577 375 65 44 2
2 1021 651 577 375 65 44 2
2 1021 652 577 375 65 44 2
2 1021 653 577 375 65 44 2
2 1021 654 577 375 65 44 2
2 1021 655 577 375 65 44 2
2 1021 656 577 375 65 44 2
2 1021 657 577 375 65 44 2
2 1021 658 577 375 65 44 2
2 1021 659 577 375 65 44 2
2 1021 660 577 375 65 44 2
2 1021 661 577 375 65 44 2
2 1021 662 577 375 65 44 2
2 1021 663 577 375 65 44 2
2 1021 664 577 375 65 44 2
2 1021 665 577 375 65 44 2
2 1021 666 577 375 65 44 2
2 1021 667 577 375 65 44 2
2 1021 668 577 375 65 44 2
2 1021 669 577 375 65 44 2
2 1021 670 577 375 65 44 2
2 1021 671 577 375 65 44 2
2 1021 672 577 375 65 44 2
2 1021 673 577 375 65 44 2
2 1021 674 577 375 65 44 2
2 1021 675 577 375 65 44 2
2 1021 676 577 375 65 44 2
2 1021 677 577 375 65 44 2
2 1021 678 577 375 65 44 2
2 1021 679 577 375 65 44 2
2 1021 680 577 375 65 44 2
2 1021 681 577 375 65 44 2
2 1021 682 577 375 65 44 2
2 1021 683 577 375 65 44 2
2 1021 684 577 375 65 44 2
2 1021 685 577 375 65 44 2
2 1021 686 577 375 65 44 2
2 1021 687 577 375 65 44 2
2 1021 688 577 375 65 44 2
2 1021 689 577 375 65 44 2
2 1021 690 577 375 65 44 2
2 1021 691 577 375 65 44 2
2 1021 692 577 375 65 44 2
2 1021 693 577 375 65 44 2
2 1021 694 577 375 65 44 2
2 1021 695 577 375 65 44 2
2 1021 696 577 375 65 44 2
2 1021 697 577 375 65 44 2
2 1021 698 577 375 65 44 2
2 1021 699 577 375 65 44 2
2 1021 700 577 375 65 44 2
2 1021 701 577 375 65 44 2
2 1021 702 577 375 65 44 2
2 1021 703 577 375 65 44 2
2 1021 704 577 375 65 44 2
2 1021 705 577 375 65 44 2
2 1021 706 577 375 65 44 2
2 1021 707 577 375 65 44 2
2 1021 708 577 375 65 44 2
2 1021 709 577 375 65 44 2
2 1021 710 577 375 65 44 2
2 1021 711 577 375 65 44 2
2 1021 712 577 375 65 44 2
2 1021 713 577 375 65 44 2
2 1021 714 577 375 65 44 2
2 1021 715 577 375 65 44 2
2 1021 716 577 375 65 44 2
2 1021 717 577 375 65 44 2
2 1021 718 577 375 65 44 2
2 1021 719 577 375 65 44 2
2 1021 720 577 375 65 44 2
2 1021 721 577 375 65 44 2
2 1021 722 577 375 65 44 2
2 1021 723 577 375 65 44 2
2 1021 724 577 375 65 44 2
2 1021 725 577 375 65 44 2
2 1021 726 577 375 65 44 2
2 1021 727 577 375 65 44 2
2 1021 728 577 375 65 44 2
2 1021 729 577 375 65 44 2
2 1021 730 577 375 65 44 2
2 1021 731 577 375 65 44 2
2 1021 732 577 375 65 44 2
2 1021 733 577 375 65 44 2
2 1021 734 577 375 65 44 2
2 1021 735 577 375 65 44 2
2 1021 736 577 375 65 44 2
2 1021 737 577 375 65 44 2
2 1021 738 577 375 65 44 2
2 1021 739 577 375 65 44 2
2 1021 740 577 375 65 44 2
2 1021 741 577 375 65 44 2
2 1021 742 577 375 65 44 2
2 1021 743 577 375 65 44 2
2 1021 744 577 375 65 44 2
2 1021 745 577 375 65 44 2
2 1021 746 577 375 65 44 2
2 1021 747 577 375 65 44 2
2 1021 748 577 375 65 44 2
2 1021 749 577 375 65 44 2
2 1021 750 577 375 65 44 2
2 1021 751 577 375 65 44 2
2 1021 752 577 375 65 44 2
2 1021 753 577 375 65 44 2
2 1021 754 577 375 65 44 2
2 1021 755 577 375 65 44 2
2 1021 756 577 375 65 44 2
2 1021 757 577 375 65 44 2
2 1021 758 577 375 65 44 2
2 1021 759 577 375 65 44 2
2 1021 760 577 375 65 44 2
2 1021 761 577 375 65 44 2
2 1021 762 577 375 65 44 2
2 1021 763 577 375 65 44 2
2 1021 764 577 375 65 44 2
2 1021 765 577 375 65 44 2
2 1021 766 577 375 65 44 2
2 1021 767 577 375 65 44 2
2 1021 768 577 375 65 44 2
2 1021 769 577 375 65 44 2
2 1021 770 577 375 65 44 2
2 1021 771 577 375 65 44 2
2 1021 772 577 375 65 44 2
2 1021 773 577 375 65 44 2
2 1021 774 577 375 65 44 2
2 1021 775 577 375 65 44 2
2 1021 776 577 375 65 44 2
2 1021 777 577 375 65 44 2
2 1021 778 577 375 65 44 2
2 1021 779 577 375 65 44 2
2 1021 780 577 375 65 44 2
2 1021 781 577 375 65 44 2
2 1021 782 577 375 65 44 2
2 1021 783 577 375 65 44 2
2 1021 784 577 375 65 44 2
2 1021 785 577 375 65 44 2
2 1021 786 577 375 65 44 2
2 1021 787 577 375 65 44 2
2 1021 788 577 375 65 44 2
2 1021 789 577 375 65 44 2
2 1021 790 577 375 65 44 2
2 1021 791 577 375 65 44 2
2 1021 792 577 375 65 44 2
2 1021 793 577 375 65 44 2
2 1021 794 577 375 65 44 2
2 1021 795 577 375 65 44 2
2 1021 796 577 375 65 44 2
2 1021 797 577 375 65 44 2
2 1021 798 577 375 65 44 2
2 1021 799 577 375 65 44 2
2 1021 800 577 375 65 44 2
2 1021 801 577 375 65 44 2
2 1021 802 577 375 65 44 2
2 1021 803 577 375 65 44 2
2 1021 804 577 375 65 44 2
2 1021 805 577 375 65 44 2
2 1021 806 577 375 65 44 2
2 1021 807 577 375 65 44 2
2 1021 808 577 375 65 44 2
2 1021 809 577 375 65 44 2
2 1021 810 577 375 65 44 2
2 1021 811 577 375 65 44 2
2 1021 812 577 375 65 44 2
2 1021 813 577 375 65 44 2
2 1021 814 577 375 65 44 2
2 1021 815 577 375 65 44 2
2 1021 816 577 375 65 44 2
2 1021 817 577 375 65 44 2
2 1021 818 577 375 65 44 2
2 1021 819 577 375 65 44 2
2 1021 820 577 375 65 44 2
2 1021 821 577 375 65 44 2
2 1021 822 577 375 65 44 2
2 1021 823 577 375 65 44 2
2 1021 824 577 375 65 44 2
2 1021 825 577 375 65 44 2
2 1021 826 577 375 65 44 2
2 1021 827 577 375 65 44 2
2 1021 828 577 375 65 44 2
2 1021 829 577 375 65 44 2
2 1021 830 577 375 65 44 2
2 1021 831 577 375 65 44 2
2 1021 832 577 375 65 44 2
2 1021 833 577 375 65 44 2
2 1021 834 577 375 65 44 2
2 1021 835 577 375 65 44 2
2 1021 836 577 375 65 44 2
2 1021 837 577 375 65 44 2
2 1021 838 577 375 65 44 2
2 1021 839 577 375 65 44 2
2 1021 840 577 375 65 44 2
2 1021 841 577 375 65 44 2
2 1021 842 577 375 65 44 2
2 1021 843 577 375 65 44 2
2 1021 844 577 375 65 44 2
2 1021 845 577 375 65 44 2
2 1021 846 577 375 65 44 2
2 1021 847 577 375 65 44 2
2 1021 848 577 375 65 44 2
2 1021 849 577 375 65 44 2
2 1021 850 577 375 65 44 2
2 1021 851 577 375 65 44 2
2 1021 852 577 375 65 44 2
2 1021 853 577 375 65 44 2
2 1021 854 577 375 65 44 2
2 1021 855 577 375 65 44 2
2 1021 856 577 375 65 44 2
2 1021 857 577 375 65 44 2
2 1021 858 577 375 65 44 2
2 1021 859 577 375 65 44 2
2 1021 860 577 375 65 44 2
2 1021 861 577 375 65 44 2
2 1021 862 577 375 65 44 2
2 1021 863 577 375 65 44 2
2 1021 864 577 375 65 44 2
2 1021 865 577 375 65 44 2
2 1021 866 577 375 65 44 2
2 1021 867 577 375 65 44 2
2 1021 868 577 375 65 44 2
2 1021 869 577 375 65 44 2
2 1021 870 577 375 65 44 2
2 1021 871 577 375 65 44 2
2 1021 872 577 375 65 44 2
2 1021 873 577 375 65 44 2
2 1021 874 577 375 65 44 2
2 1021 875 577 375 65 44 2
2 1021 876 577 375 65 44 2
2 1021 877 577 375 65 44 2
2 1021 878 577 375 65 44 2
2 1021 879 577 375 65 44 2
2 1021 880 577 375 65 44 2
2 1021 881 577 375 65 44 2
2 1021 882 577 375 65 44 2
2 1021 883 577 375 65 44 2
2 1021 884 577 375 65 44 2
2 1021 885 577 375 65 44 2
2 1021 886 577 375 65 44 2
2 1021 887 577 375 65 44 2
2 1021 888 577 375 65 44 2
2 1021 889 577 375 65 44 2
2 1021 890 577 375 65 44 2
2 1021 891 577 375 65 44 2
2 1021 892 577 375 65 44 2
2 1021 893 577 375 65 44 2
2 1021 894 577 375 65 44 2
2 1021 895 577 375 65 44 2
2 1021 896 577 375 65 44 2
2 1021 897 577 375 65 44 2
2 1021 898 577 375 65 44 2
2 1021 899 577 375 65 44 2
2 1021 900 577 375 65 44 2
2 1021 901 577 375 65 44 2
2 1021 902 577 375 65 44 2
2 1021 903 577 375 65 44 2
2 1021 904 577 375 65 44 2
2 1021 905 577 375 65 44 2
2 1021 906 577 375 65 44 2
2 1021 907 577 375 65 44 2
2 1021 908 577 375 65 44 2
2 1021 909 577 375 65 44 2
2 1021 910 577 375 65 44 2
2 1021 911 577 375 65 44 2
2 1021 912 577 375 65 44 2
2 1021 913 577 375 65 44 2
2 1021 914 577 375 65 44 2
2 1021 915 577 375 65 44 2
2 1021 916 577 375 65 44 2
2 1021 917 577 375 65 44 2
2 1021 918 577 375 65 44 2
2 1021 919 577 375 65 44 2
2 1021 920 577 375 65 44 2
2 1021 921 577 375 65 44 2
2 1021 922 577 375 65 44 2
2 1021 923 577 375 65 44 2
2 1021 924 577 375 65 44 2
2 1021 925 577 375 65 44 2
2 1021 926 577 375 65 44 2
2 1021 927 577 375 65 44 2
2 1021 928 577 375 65 44 2
2 1021 929 577 375 65 44 2
2 1021 930 577 375 65 44 2
2 1021 931 577 375 65 44 2
2 1021 932 577 375 65 44 2
2 1021 933 577 375 65 44 2
2 1021 934 577 375 65 44 2
2 1021 935 577 375 65 44 2
2 1021 936 577 375 65 44 2
2 1021 937 577 375 65 44 2
2 1021 938 577 375 65 44 2
2 1021 939 577 375 65 44 2
2 1021 940 577 375 65 44 2
2 1021 941 577 375 65 44 2
2 1021 942 577 375 65 44 2
2 1021 943 577 375 65 44 2
2 1021 944 577 375 65 44 2
2 1021 945 577 375 65 44 2
2 1021 946 577 375 65 44 2
2 1021 947 577 375 65 44 2
2 1021 948 577 375 65 44 2
2 1021 949 577 375 65 44 2
2 1021 950 577 375 65 44 2
2 1021 951 577 375 65 44 2
2 1021 952 577 375 65 44 2
2 1021 953 577 375 65 44 2
2 1021 954 577 375 65 44 2
2 1021 955 577 375 65 44 2
2 1021 956 577 375 65 44 2
2 1021 957 577 375 65 44 2
2 1021 958 577 375 65 44 2
2 1021 959 577 375 65 44 2
2 1021 960 577 375 65 44 2
2 1021 961 577 375 65 44 2
2 1021 962 577 375 65 44 2
2 1021 963 577 375 65 44 2
2 1021 964 577 375 65 44 2
2 1021 965 577 375 65 44 2
2 1021 966 577 375 65 44 2
2 1021 967 577 375 65 44 2
2 1021 968 577 375 65 44 2
2 1021 969 577 375 65 44 2
2 1021 970 577 375 65 44 2
2 1021 971 577 375 65 44 2
2 1021 972 577 375 65 44 2
2 1021 973 577 375 65 44 2
2 1021 974 577 375 65 44 2
2 1021 975 576 374 65 44 2
2 1021 976 576 374 65 44 2
2 1021 977 576 374 65 44 2
2 1021 978 576 374 65 44 2
2 1021 979 576 374 65 44 2
2 1021 980 576 374 65 44 2
2 1021 981 576 374 65 44 2
2 1021 982 576 374 65 44 2
2 1021 983 576 374 65 44 2
2 1021 984 575 373 65 44 2
2 1021 985 575 373 65 44 2
2 1021 986 575 373 65 44 2
2 1021 987 575 373 65 44 2
2 1021 988 575 373 65 44 2
2 1021 989 575 373 65 44 2
2 1021 990 575 373 65 44 2
2 1021 991 575 373 65 44 2
2 1021 992 575 373 65 44 2
2 1021 993 575 373 65 44 2
2 1021 994 574 372 65 44 2
2 1021 995 574 372 65 44 2
2 1021 996 574 372 65 44 2
2 1021 997 574 372 65 44 2
2 1021 998 574 372 65 44 2
2 1021 999 574 372 65 44 2
2 1021 1000 574 372 65 44 2
2 1021 1001 574 372 65 44 2
2 1021 1002 574 372 65 44 2
2 1021 1003 573 371 65 44 2
2 1021 1004 573 371 65 44 2
2 1021 1005 573 371 65 44 2
2 1021 1006 573 371 65 44 2
2 1021 1007 573 371 65 44 2
2 1021 1008 573 371 65 44 2
2 1021 1009 573 371 65 44 2
2 1021 1010 573 371 65 44 2
2 1021 1011 573 371 65 44 2
2 1021 1012 573 371 65 44 2
2 1021 1013 573 371 65 44 2
2 1021 1014 573 371 65 44 2
2 1021 1015 573 371 65 44 2
2 1021 1016 573 371 65 44 2
2 1021 1017 573 371 65 44 2
2 1021 1018 573 371 65 44 2
2 1021 1019 573 371 65 44 2
2 1021 1020 573 371 65 44 2
