39 5 138 682 819 682 698 426 112 101 
39 5 138 682 819 683 698 426 112 101 
39 5 138 682 819 684 698 426 112 101 
39 5 138 682 819 685 698 426 112 101 
39 5 138 682 819 686 698 426 112 101 
39 5 138 682 819 687 698 426 112 101 
39 5 138 682 819 688 698 426 112 101 
39 5 138 682 819 689 698 426 112 101 
39 5 138 682 819 690 698 426 112 101 
39 5 138 682 819 691 698 426 112 101 
39 5 138 682 819 692 698 426 112 101 
39 5 138 682 819 693 698 426 112 101 
39 5 138 682 819 694 698 426 112 101 
39 5 138 682 819 695 698 426 112 101 
39 5 138 682 819 696 698 426 112 101 
39 5 138 682 819 697 698 426 112 101 
39 5 138 682 819 698 698 426 112 101 
39 5 138 682 819 699 698 426 112 101 
39 5 138 682 819 700 698 426 112 101 
39 5 138 682 819 701 698 426 112 101 
39 5 138 682 819 702 698 426 112 101 
39 5 138 682 819 703 698 426 112 101 
39 5 138 682 819 704 698 426 112 101 
39 5 138 682 819 705 698 426 112 101 
39 5 138 682 819 706 698 426 112 101 
39 5 138 682 819 707 698 426 112 101 
39 5 138 682 819 708 698 426 112 101 
39 5 138 682 819 709 698 426 112 101 
39 5 138 682 819 710 698 426 112 101 
39 5 138 682 819 711 698 426 112 101 
39 5 138 682 819 712 698 426 112 101 
39 5 138 682 819 713 698 426 112 101 
39 5 138 682 819 714 698 426 112 101 
39 5 138 682 819 715 698 426 112 101 
39 5 138 682 819 716 698 426 112 101 
39 5 138 682 819 717 698 426 112 101 
39 5 138 682 819 718 698 426 112 101 
39 5 138 682 819 719 698 426 112 101 
39 5 138 682 819 720 698 426 112 101 
39 5 138 682 819 721 698 426 112 101 
39 5 138 682 819 722 698 426 112 101 
39 5 138 682 819 723 698 426 112 101 
39 5 138 682 819 724 698 426 112 101 
39 5 138 682 819 725 698 426 112 101 
39 5 138 682 819 726 698 426 112 101 
39 5 138 682 819 727 698 426 112 101 
39 5 138 682 819 728 698 426 112 101 
39 5 138 682 819 729 698 426 112 101 
39 5 138 682 819 730 698 426 112 101 
39 5 138 682 819 731 698 426 112 101 
39 5 138 682 819 732 698 426 112 101 
39 5 138 682 819 733 698 426 112 101 
39 5 138 682 819 734 698 426 112 101 
39 5 138 682 819 735 698 426 112 101 
39 5 138 682 819 736 698 426 112 101 
39 5 138 682 819 737 698 426 112 101 
39 5 138 682 819 738 698 426 112 101 
39 5 138 682 819 739 698 426 112 101 
39 5 138 682 819 740 698 426 112 101 
39 5 138 682 819 741 698 426 112 101 
39 5 138 682 819 742 698 426 112 101 
39 5 138 682 819 743 698 426 112 101 
39 5 138 682 819 744 698 426 112 101 
39 5 138 682 819 745 698 426 112 101 
39 5 138 682 819 746 698 426 112 101 
39 5 138 682 819 747 698 426 112 101 
39 5 138 682 819 748 698 426 112 101 
39 5 138 682 819 749 698 426 112 101 
39 5 138 682 819 750 698 426 112 101 
39 5 138 682 819 751 698 426 112 101 
39 5 138 682 819 752 698 426 112 101 
39 5 138 682 819 753 698 426 112 101 
39 5 138 682 819 754 698 426 112 101 
39 5 138 682 819 755 698 426 112 101 
39 5 138 682 819 756 698 426 112 101 
39 5 138 682 819 757 698 426 112 101 
39 5 138 682 819 758 698 426 112 101 
39 5 138 682 819 759 698 426 112 101 
39 5 138 682 819 760 698 426 112 101 
39 5 138 682 819 761 698 426 112 101 
39 5 138 682 819 762 698 426 112 101 
39 5 138 682 819 763 698 426 112 101 
39 5 138 682 819 764 698 426 112 101 
39 5 138 682 819 765 698 426 112 101 
39 5 138 682 819 766 698 426 112 101 
39 5 138 682 819 767 698 426 112 101 
39 5 138 682 819 768 698 426 112 101 
39 5 138 682 819 769 698 426 112 101 
39 5 138 682 819 770 698 426 112 101 
39 5 138 682 819 771 698 426 112 101 
39 5 138 682 819 772 698 426 112 101 
39 5 138 682 819 773 698 426 112 101 
39 5 138 682 819 774 698 426 112 101 
39 5 138 682 819 775 698 426 112 101 
39 5 138 682 819 776 698 426 112 101 
39 5 138 682 819 777 698 426 112 101 
39 5 138 682 819 778 698 426 112 101 
39 5 138 682 819 779 698 426 112 101 
39 5 138 682 819 780 698 426 112 101 
39 5 138 682 819 781 698 426 112 101 
39 5 138 682 819 782 698 426 112 101 
39 5 138 682 819 783 698 426 112 101 
39 5 138 682 819 784 698 426 112 101 
39 5 138 682 819 785 698 426 112 101 
39 5 138 682 819 786 698 426 112 101 
39 5 138 682 819 787 698 426 112 101 
39 5 138 682 819 788 698 426 112 101 
39 5 138 682 819 789 698 426 112 101 
39 5 138 682 819 790 698 426 112 101 
39 5 138 682 819 791 698 426 112 101 
39 5 138 682 819 792 698 426 112 101 
39 5 138 682 819 793 698 426 112 101 
39 5 138 682 819 794 698 426 112 101 
39 5 138 682 819 795 698 426 112 101 
39 5 138 682 819 796 698 426 112 101 
39 5 138 682 819 797 698 426 112 101 
39 5 138 682 819 798 698 426 112 101 
39 5 138 682 819 799 698 426 112 101 
39 5 138 682 819 800 698 426 112 101 
39 5 138 682 819 801 698 426 112 101 
39 5 138 682 819 802 698 426 112 101 
39 5 138 682 819 803 698 426 112 101 
39 5 138 682 819 804 698 426 112 101 
39 5 138 682 819 805 698 426 112 101 
39 5 138 682 819 806 698 426 112 101 
39 5 138 682 819 807 698 426 112 101 
39 5 138 682 819 808 698 426 112 101 
39 5 138 682 819 809 698 426 112 101 
39 5 138 682 819 810 698 426 112 101 
39 5 138 682 819 811 698 426 112 101 
39 5 138 682 819 812 698 426 112 101 
39 5 138 682 819 813 698 426 112 101 
39 5 138 682 819 814 698 426 112 101 
39 5 138 682 819 815 698 426 112 101 
39 5 138 682 819 816 698 426 112 101 
39 5 138 682 819 817 698 426 112 101 
39 5 138 682 819 818 698 426 112 101 
39 5 138 682 819 819 698 426 112 101 
