0 5 832 657 1488 657 85 891 204 182 
0 5 832 657 1488 658 85 891 204 182 
0 5 832 657 1488 659 85 891 204 182 
0 5 832 657 1488 660 85 891 204 182 
0 5 832 657 1488 661 85 891 204 182 
0 5 832 657 1488 662 85 891 204 182 
0 5 832 657 1488 663 85 891 204 182 
0 5 832 657 1488 664 85 891 204 182 
0 5 832 657 1488 665 85 891 204 182 
0 5 832 657 1488 666 85 891 204 182 
0 5 832 657 1488 667 85 891 204 182 
0 5 832 657 1488 668 85 891 204 182 
0 5 832 657 1488 669 85 891 204 182 
0 5 832 657 1488 670 85 891 204 182 
0 5 832 657 1488 671 85 891 204 182 
0 5 832 657 1488 672 85 891 204 182 
0 5 832 657 1488 673 85 891 204 182 
0 5 832 657 1488 674 85 891 204 182 
0 5 832 657 1488 675 85 891 204 182 
0 5 832 657 1488 676 85 891 204 182 
0 5 832 657 1488 677 85 891 204 182 
0 5 832 657 1488 678 85 891 204 182 
0 5 832 657 1488 679 85 891 204 182 
0 5 832 657 1488 680 85 891 204 182 
0 5 832 657 1488 681 85 891 204 182 
0 5 832 657 1488 682 85 891 204 182 
0 5 832 657 1488 683 85 891 204 182 
0 5 832 657 1488 684 85 891 204 182 
0 5 832 657 1488 685 85 891 204 182 
0 5 832 657 1488 686 85 891 204 182 
0 5 832 657 1488 687 85 891 204 182 
0 5 832 657 1488 688 85 891 204 182 
0 5 832 657 1488 689 85 891 204 182 
0 5 832 657 1488 690 85 891 204 182 
0 5 832 657 1488 691 85 891 204 182 
0 5 832 657 1488 692 85 891 204 182 
0 5 832 657 1488 693 85 891 204 182 
0 5 832 657 1488 694 85 891 204 182 
0 5 832 657 1488 695 85 891 204 182 
0 5 832 657 1488 696 85 891 204 182 
0 5 832 657 1488 697 85 891 204 182 
0 5 832 657 1488 698 85 891 204 182 
0 5 832 657 1488 699 85 891 204 182 
0 5 832 657 1488 700 85 891 204 182 
0 5 832 657 1488 701 85 891 204 182 
0 5 832 657 1488 702 85 891 204 182 
0 5 832 657 1488 703 85 891 204 182 
0 5 832 657 1488 704 85 891 204 182 
0 5 832 657 1488 705 85 891 204 182 
0 5 832 657 1488 706 85 891 204 182 
0 5 832 657 1488 707 85 891 204 182 
0 5 832 657 1488 708 85 891 204 182 
0 5 832 657 1488 709 85 891 204 182 
0 5 832 657 1488 710 85 891 204 182 
0 5 832 657 1488 711 85 891 204 182 
0 5 832 657 1488 712 85 891 204 182 
0 5 832 657 1488 713 85 891 204 182 
0 5 832 657 1488 714 85 891 204 182 
0 5 832 657 1488 715 85 891 204 182 
0 5 832 657 1488 716 85 891 204 182 
0 5 832 657 1488 717 85 891 204 182 
0 5 832 657 1488 718 85 891 204 182 
0 5 832 657 1488 719 85 891 204 182 
0 5 832 657 1488 720 85 891 204 182 
0 5 832 657 1488 721 85 891 204 182 
0 5 832 657 1488 722 85 891 204 182 
0 5 832 657 1488 723 85 891 204 182 
0 5 832 657 1488 724 85 891 204 182 
0 5 832 657 1488 725 85 891 204 182 
0 5 832 657 1488 726 85 891 204 182 
0 5 832 657 1488 727 85 891 204 182 
0 5 832 657 1488 728 85 891 204 182 
0 5 832 657 1488 729 85 891 204 182 
0 5 832 657 1488 730 85 891 204 182 
0 5 832 657 1488 731 85 891 204 182 
0 5 832 657 1488 732 85 891 204 182 
0 5 832 657 1488 733 85 891 204 182 
0 5 832 657 1488 734 85 891 204 182 
0 5 832 657 1488 735 85 891 204 182 
0 5 832 657 1488 736 85 891 204 182 
0 5 832 657 1488 737 85 891 204 182 
0 5 832 657 1488 738 85 891 204 182 
0 5 832 657 1488 739 85 891 204 182 
0 5 832 657 1488 740 85 891 204 182 
0 5 832 657 1488 741 85 891 204 182 
0 5 832 657 1488 742 85 891 204 182 
0 5 832 657 1488 743 85 891 204 182 
0 5 832 657 1488 744 85 891 204 182 
0 5 832 657 1488 745 85 891 204 182 
0 5 832 657 1488 746 85 891 204 182 
0 5 832 657 1488 747 85 891 204 182 
0 5 832 657 1488 748 85 891 204 182 
0 5 832 657 1488 749 85 891 204 182 
0 5 832 657 1488 750 85 891 204 182 
0 5 832 657 1488 751 85 891 204 182 
0 5 832 657 1488 752 85 891 204 182 
0 5 832 657 1488 753 85 891 204 182 
0 5 832 657 1488 754 85 891 204 182 
0 5 832 657 1488 755 85 891 204 182 
0 5 832 657 1488 756 85 891 204 182 
0 5 832 657 1488 757 85 891 204 182 
0 5 832 657 1488 758 85 891 204 182 
0 5 832 657 1488 759 85 891 204 182 
0 5 832 657 1488 760 85 891 204 182 
0 5 832 657 1488 761 85 891 204 182 
0 5 832 657 1488 762 85 891 204 182 
0 5 832 657 1488 763 85 891 204 182 
0 5 832 657 1488 764 85 891 204 182 
0 5 832 657 1488 765 85 891 204 182 
0 5 832 657 1488 766 85 891 204 182 
0 5 832 657 1488 767 85 891 204 182 
0 5 832 657 1488 768 85 891 204 182 
0 5 832 657 1488 769 85 891 204 182 
0 5 832 657 1488 770 85 891 204 182 
0 5 832 657 1488 771 85 891 204 182 
0 5 832 657 1488 772 85 891 204 182 
0 5 832 657 1488 773 85 891 204 182 
0 5 832 657 1488 774 85 891 204 182 
0 5 832 657 1488 775 85 891 204 182 
0 5 832 657 1488 776 85 891 204 182 
0 5 832 657 1488 777 85 891 204 182 
0 5 832 657 1488 778 85 891 204 182 
0 5 832 657 1488 779 85 891 204 182 
0 5 832 657 1488 780 85 891 204 182 
0 5 832 657 1488 781 85 891 204 182 
0 5 832 657 1488 782 85 891 204 182 
0 5 832 657 1488 783 85 891 204 182 
0 5 832 657 1488 784 85 891 204 182 
0 5 832 657 1488 785 85 891 204 182 
0 5 832 657 1488 786 85 891 204 182 
0 5 832 657 1488 787 85 891 204 182 
0 5 832 657 1488 788 85 891 204 182 
0 5 832 657 1488 789 85 891 204 182 
0 5 832 657 1488 790 85 891 204 182 
0 5 832 657 1488 791 85 891 204 182 
0 5 832 657 1488 792 85 891 204 182 
0 5 832 657 1488 793 85 891 204 182 
0 5 832 657 1488 794 85 891 204 182 
0 5 832 657 1488 795 85 891 204 182 
0 5 832 657 1488 796 85 891 204 182 
0 5 832 657 1488 797 85 891 204 182 
0 5 832 657 1488 798 85 891 204 182 
0 5 832 657 1488 799 85 891 204 182 
0 5 832 657 1488 800 85 891 204 182 
0 5 832 657 1488 801 85 891 204 182 
0 5 832 657 1488 802 85 891 204 182 
0 5 832 657 1488 803 85 891 204 182 
0 5 832 657 1488 804 85 891 204 182 
0 5 832 657 1488 805 85 891 204 182 
0 5 832 657 1488 806 85 891 204 182 
0 5 832 657 1488 807 85 891 204 182 
0 5 832 657 1488 808 85 891 204 182 
0 5 832 657 1488 809 85 891 204 182 
0 5 832 657 1488 810 85 891 204 182 
0 5 832 657 1488 811 85 891 204 182 
0 5 832 657 1488 812 85 891 204 182 
0 5 832 657 1488 813 85 891 204 182 
0 5 832 657 1488 814 85 891 204 182 
0 5 832 657 1488 815 85 891 204 182 
0 5 832 657 1488 816 85 891 204 182 
0 5 832 657 1488 817 85 891 204 182 
0 5 832 657 1488 818 85 891 204 182 
0 5 832 657 1488 819 85 891 204 182 
0 5 832 657 1488 820 85 891 204 182 
0 5 832 657 1488 821 85 891 204 182 
0 5 832 657 1488 822 85 891 204 182 
0 5 832 657 1488 823 85 891 204 182 
0 5 832 657 1488 824 85 891 204 182 
0 5 832 657 1488 825 85 891 204 182 
0 5 832 657 1488 826 85 891 204 182 
0 5 832 657 1488 827 85 891 204 182 
0 5 832 657 1488 828 85 891 204 182 
0 5 832 657 1488 829 85 891 204 182 
0 5 832 657 1488 830 85 891 204 182 
0 5 832 657 1488 831 85 891 204 182 
0 5 832 657 1488 832 85 891 204 182 
0 5 832 657 1488 833 85 891 204 182 
0 5 832 657 1488 834 85 891 204 182 
0 5 832 657 1488 835 85 891 204 182 
0 5 832 657 1488 836 85 891 204 182 
0 5 832 657 1488 837 85 891 204 182 
0 5 832 657 1488 838 85 891 204 182 
0 5 832 657 1488 839 85 891 204 182 
0 5 832 657 1488 840 85 891 204 182 
0 5 832 657 1488 841 85 891 204 182 
0 5 832 657 1488 842 85 891 204 182 
0 5 832 657 1488 843 85 891 204 182 
0 5 832 657 1488 844 85 891 204 182 
0 5 832 657 1488 845 85 891 204 182 
0 5 832 657 1488 846 85 891 204 182 
0 5 832 657 1488 847 85 891 204 182 
0 5 832 657 1488 848 85 891 204 182 
0 5 832 657 1488 849 85 891 204 182 
0 5 832 657 1488 850 85 891 204 182 
0 5 832 657 1488 851 85 891 204 182 
0 5 832 657 1488 852 85 891 204 182 
0 5 832 657 1488 853 85 891 204 182 
0 5 832 657 1488 854 85 891 204 182 
0 5 832 657 1488 855 85 891 204 182 
0 5 832 657 1488 856 85 891 204 182 
0 5 832 657 1488 857 85 891 204 182 
0 5 832 657 1488 858 85 891 204 182 
0 5 832 657 1488 859 85 891 204 182 
0 5 832 657 1488 860 85 891 204 182 
0 5 832 657 1488 861 85 891 204 182 
0 5 832 657 1488 862 85 891 204 182 
0 5 832 657 1488 863 85 891 204 182 
0 5 832 657 1488 864 85 891 204 182 
0 5 832 657 1488 865 85 891 204 182 
0 5 832 657 1488 866 85 891 204 182 
0 5 832 657 1488 867 85 891 204 182 
0 5 832 657 1488 868 85 891 204 182 
0 5 832 657 1488 869 85 891 204 182 
0 5 832 657 1488 870 85 891 204 182 
0 5 832 657 1488 871 85 891 204 182 
0 5 832 657 1488 872 85 891 204 182 
0 5 832 657 1488 873 85 891 204 182 
0 5 832 657 1488 874 85 891 204 182 
0 5 832 657 1488 875 85 891 204 182 
0 5 832 657 1488 876 85 891 204 182 
0 5 832 657 1488 877 85 891 204 182 
0 5 832 657 1488 878 85 891 204 182 
0 5 832 657 1488 879 85 891 204 182 
0 5 832 657 1488 880 85 891 204 182 
0 5 832 657 1488 881 85 891 204 182 
0 5 832 657 1488 882 85 891 204 182 
0 5 832 657 1488 883 85 891 204 182 
0 5 832 657 1488 884 85 891 204 182 
0 5 832 657 1488 885 85 891 204 182 
0 5 832 657 1488 886 85 891 204 182 
0 5 832 657 1488 887 85 891 204 182 
0 5 832 657 1488 888 85 891 204 182 
0 5 832 657 1488 889 85 891 204 182 
0 5 832 657 1488 890 85 891 204 182 
0 5 832 657 1488 891 85 891 204 182 
0 5 832 657 1488 892 85 891 204 182 
0 5 832 657 1488 893 85 891 204 182 
0 5 832 657 1488 894 85 891 204 182 
0 5 832 657 1488 895 85 891 204 182 
0 5 832 657 1488 896 85 891 204 182 
0 5 832 657 1488 897 85 891 204 182 
0 5 832 657 1488 898 85 891 204 182 
0 5 832 657 1488 899 85 891 204 182 
0 5 832 657 1488 900 85 891 204 182 
0 5 832 657 1488 901 85 891 204 182 
0 5 832 657 1488 902 85 891 204 182 
0 5 832 657 1488 903 85 891 204 182 
0 5 832 657 1488 904 85 891 204 182 
0 5 832 657 1488 905 85 891 204 182 
0 5 832 657 1488 906 85 891 204 182 
0 5 832 657 1488 907 85 891 204 182 
0 5 832 657 1488 908 85 891 204 182 
0 5 832 657 1488 909 85 891 204 182 
0 5 832 657 1488 910 85 891 204 182 
0 5 832 657 1488 911 85 891 204 182 
0 5 832 657 1488 912 85 891 204 182 
0 5 832 657 1488 913 85 891 204 182 
0 5 832 657 1488 914 85 891 204 182 
0 5 832 657 1488 915 85 891 204 182 
0 5 832 657 1488 916 85 891 204 182 
0 5 832 657 1488 917 85 891 204 182 
0 5 832 657 1488 918 85 891 204 182 
0 5 832 657 1488 919 85 891 204 182 
0 5 832 657 1488 920 85 891 204 182 
0 5 832 657 1488 921 85 891 204 182 
0 5 832 657 1488 922 85 891 204 182 
0 5 832 657 1488 923 85 891 204 182 
0 5 832 657 1488 924 85 891 204 182 
0 5 832 657 1488 925 85 891 204 182 
0 5 832 657 1488 926 85 891 204 182 
0 5 832 657 1488 927 85 891 204 182 
0 5 832 657 1488 928 85 891 204 182 
0 5 832 657 1488 929 85 891 204 182 
0 5 832 657 1488 930 85 891 204 182 
0 5 832 657 1488 931 85 891 204 182 
0 5 832 657 1488 932 85 891 204 182 
0 5 832 657 1488 933 85 891 204 182 
0 5 832 657 1488 934 85 891 204 182 
0 5 832 657 1488 935 85 891 204 182 
0 5 832 657 1488 936 85 891 204 182 
0 5 832 657 1488 937 85 891 204 182 
0 5 832 657 1488 938 85 891 204 182 
0 5 832 657 1488 939 85 891 204 182 
0 5 832 657 1488 940 85 891 204 182 
0 5 832 657 1488 941 85 891 204 182 
0 5 832 657 1488 942 85 891 204 182 
0 5 832 657 1488 943 85 891 204 182 
0 5 832 657 1488 944 85 891 204 182 
0 5 832 657 1488 945 85 891 204 182 
0 5 832 657 1488 946 85 891 204 182 
0 5 832 657 1488 947 85 891 204 182 
0 5 832 657 1488 948 85 891 204 182 
0 5 832 657 1488 949 85 891 204 182 
0 5 832 657 1488 950 85 891 204 182 
0 5 832 657 1488 951 85 891 204 182 
0 5 832 657 1488 952 85 891 204 182 
0 5 832 657 1488 953 85 891 204 182 
0 5 832 657 1488 954 85 891 204 182 
0 5 832 657 1488 955 85 891 204 182 
0 5 832 657 1488 956 85 891 204 182 
0 5 832 657 1488 957 85 891 204 182 
0 5 832 657 1488 958 85 891 204 182 
0 5 832 657 1488 959 85 891 204 182 
0 5 832 657 1488 960 85 891 204 182 
0 5 832 657 1488 961 85 891 204 182 
0 5 832 657 1488 962 85 891 204 182 
0 5 832 657 1488 963 85 891 204 182 
0 5 832 657 1488 964 85 891 204 182 
0 5 832 657 1488 965 85 891 204 182 
0 5 832 657 1488 966 85 891 204 182 
0 5 832 657 1488 967 85 891 204 182 
0 5 832 657 1488 968 85 891 204 182 
0 5 832 657 1488 969 85 891 204 182 
0 5 832 657 1488 970 85 891 204 182 
0 5 832 657 1488 971 85 891 204 182 
0 5 832 657 1488 972 85 891 204 182 
0 5 832 657 1488 973 85 891 204 182 
0 5 832 657 1488 974 85 891 204 182 
0 5 832 657 1488 975 85 891 204 182 
0 5 832 657 1488 976 85 891 204 182 
0 5 832 657 1488 977 85 891 204 182 
0 5 832 657 1488 978 85 891 204 182 
0 5 832 657 1488 979 85 891 204 182 
0 5 832 657 1488 980 85 891 204 182 
0 5 832 657 1488 981 85 891 204 182 
0 5 832 657 1488 982 85 891 204 182 
0 5 832 657 1488 983 85 891 204 182 
0 5 832 657 1488 984 85 891 204 182 
0 5 832 657 1488 985 85 891 204 182 
0 5 832 657 1488 986 85 891 204 182 
0 5 832 657 1488 987 85 891 204 182 
0 5 832 657 1488 988 85 891 204 182 
0 5 832 657 1488 989 85 891 204 182 
0 5 832 657 1488 990 85 891 204 182 
0 5 832 657 1488 991 85 891 204 182 
0 5 832 657 1488 992 85 891 204 182 
0 5 832 657 1488 993 85 891 204 182 
0 5 832 657 1488 994 85 891 204 182 
0 5 832 657 1488 995 85 891 204 182 
0 5 832 657 1488 996 85 891 204 182 
0 5 832 657 1488 997 85 891 204 182 
0 5 832 657 1488 998 85 891 204 182 
0 5 832 657 1488 999 85 891 204 182 
0 5 832 657 1488 1000 85 891 204 182 
0 5 832 657 1488 1001 85 891 204 182 
0 5 832 657 1488 1002 85 891 204 182 
0 5 832 657 1488 1003 85 891 204 182 
0 5 832 657 1488 1004 85 891 204 182 
0 5 832 657 1488 1005 85 891 204 182 
0 5 832 657 1488 1006 85 891 204 182 
0 5 832 657 1488 1007 85 891 204 182 
0 5 832 657 1488 1008 85 891 204 182 
0 5 832 657 1488 1009 85 891 204 182 
0 5 832 657 1488 1010 85 891 204 182 
0 5 832 657 1488 1011 85 891 204 182 
0 5 832 657 1488 1012 85 891 204 182 
0 5 832 657 1488 1013 85 891 204 182 
0 5 832 657 1488 1014 85 891 204 182 
0 5 832 657 1488 1015 85 891 204 182 
0 5 832 657 1488 1016 85 891 204 182 
0 5 832 657 1488 1017 85 891 204 182 
0 5 832 657 1488 1018 85 891 204 182 
0 5 832 657 1488 1019 85 891 204 182 
0 5 832 657 1488 1020 85 891 204 182 
0 5 832 657 1488 1021 85 891 204 182 
0 5 832 657 1488 1022 85 891 204 182 
0 5 832 657 1488 1023 85 891 204 182 
0 5 832 657 1488 1024 85 891 204 182 
0 5 832 657 1488 1025 85 891 204 182 
0 5 832 657 1488 1026 85 891 204 182 
0 5 832 657 1488 1027 85 891 204 182 
0 5 832 657 1488 1028 85 891 204 182 
0 5 832 657 1488 1029 85 891 204 182 
0 5 832 657 1488 1030 85 891 204 182 
0 5 832 657 1488 1031 85 891 204 182 
0 5 832 657 1488 1032 85 891 204 182 
0 5 832 657 1488 1033 85 891 204 182 
0 5 832 657 1488 1034 85 891 204 182 
0 5 832 657 1488 1035 85 891 204 182 
0 5 832 657 1488 1036 85 891 204 182 
0 5 832 657 1488 1037 85 891 204 182 
0 5 832 657 1488 1038 85 891 204 182 
0 5 832 657 1488 1039 85 891 204 182 
0 5 832 657 1488 1040 85 891 204 182 
0 5 832 657 1488 1041 85 891 204 182 
0 5 832 657 1488 1042 85 891 204 182 
0 5 832 657 1488 1043 85 891 204 182 
0 5 832 657 1488 1044 85 891 204 182 
0 5 832 657 1488 1045 85 891 204 182 
0 5 832 657 1488 1046 85 891 204 182 
0 5 832 657 1488 1047 85 891 204 182 
0 5 832 657 1488 1048 85 891 204 182 
0 5 832 657 1488 1049 85 891 204 182 
0 5 832 657 1488 1050 85 891 204 182 
0 5 832 657 1488 1051 85 891 204 182 
0 5 832 657 1488 1052 85 891 204 182 
0 5 832 657 1488 1053 85 891 204 182 
0 5 832 657 1488 1054 85 891 204 182 
0 5 832 657 1488 1055 85 891 204 182 
0 5 832 657 1488 1056 85 891 204 182 
0 5 832 657 1488 1057 85 891 204 182 
0 5 832 657 1488 1058 85 891 204 182 
0 5 832 657 1488 1059 85 891 204 182 
0 5 832 657 1488 1060 85 891 204 182 
0 5 832 657 1488 1061 85 891 204 182 
0 5 832 657 1488 1062 85 891 204 182 
0 5 832 657 1488 1063 85 891 204 182 
0 5 832 657 1488 1064 85 891 204 182 
0 5 832 657 1488 1065 85 891 204 182 
0 5 832 657 1488 1066 85 891 204 182 
0 5 832 657 1488 1067 85 891 204 182 
0 5 832 657 1488 1068 85 891 204 182 
0 5 832 657 1488 1069 85 891 204 182 
0 5 832 657 1488 1070 85 891 204 182 
0 5 832 657 1488 1071 85 891 204 182 
0 5 832 657 1488 1072 85 891 204 182 
0 5 832 657 1488 1073 85 891 204 182 
0 5 832 657 1488 1074 85 891 204 182 
0 5 832 657 1488 1075 85 891 204 182 
0 5 832 657 1488 1076 85 891 204 182 
0 5 832 657 1488 1077 85 891 204 182 
0 5 832 657 1488 1078 85 891 204 182 
0 5 832 657 1488 1079 85 891 204 182 
0 5 832 657 1488 1080 85 891 204 182 
0 5 832 657 1488 1081 85 891 204 182 
0 5 832 657 1488 1082 85 891 204 182 
0 5 832 657 1488 1083 85 891 204 182 
0 5 832 657 1488 1084 85 891 204 182 
0 5 832 657 1488 1085 85 891 204 182 
0 5 832 657 1488 1086 85 891 204 182 
0 5 832 657 1488 1087 85 891 204 182 
0 5 832 657 1488 1088 85 891 204 182 
0 5 832 657 1488 1089 85 891 204 182 
0 5 832 657 1488 1090 85 891 204 182 
0 5 832 657 1488 1091 85 891 204 182 
0 5 832 657 1488 1092 85 891 204 182 
0 5 832 657 1488 1093 85 891 204 182 
0 5 832 657 1488 1094 85 891 204 182 
0 5 832 657 1488 1095 85 891 204 182 
0 5 832 657 1488 1096 85 891 204 182 
0 5 832 657 1488 1097 85 891 204 182 
0 5 832 657 1488 1098 85 891 204 182 
0 5 832 657 1488 1099 85 891 204 182 
0 5 832 657 1488 1100 85 891 204 182 
0 5 832 657 1488 1101 85 891 204 182 
0 5 832 657 1488 1102 85 891 204 182 
0 5 832 657 1488 1103 85 891 204 182 
0 5 832 657 1488 1104 85 891 204 182 
0 5 832 657 1488 1105 85 891 204 182 
0 5 832 657 1488 1106 85 891 204 182 
0 5 832 657 1488 1107 85 891 204 182 
0 5 832 657 1488 1108 85 891 204 182 
0 5 832 657 1488 1109 85 891 204 182 
0 5 832 657 1488 1110 85 891 204 182 
0 5 832 657 1488 1111 85 891 204 182 
0 5 832 657 1488 1112 85 891 204 182 
0 5 832 657 1488 1113 85 891 204 182 
0 5 832 657 1488 1114 85 891 204 182 
0 5 832 657 1488 1115 85 891 204 182 
0 5 832 657 1488 1116 85 891 204 182 
0 5 832 657 1488 1117 85 891 204 182 
0 5 832 657 1488 1118 85 891 204 182 
0 5 832 657 1488 1119 85 891 204 182 
0 5 832 657 1488 1120 85 891 204 182 
0 5 832 657 1488 1121 85 891 204 182 
0 5 832 657 1488 1122 85 891 204 182 
0 5 832 657 1488 1123 85 891 204 182 
0 5 832 657 1488 1124 85 891 204 182 
0 5 832 657 1488 1125 85 891 204 182 
0 5 832 657 1488 1126 85 891 204 182 
0 5 832 657 1488 1127 85 891 204 182 
0 5 832 657 1488 1128 85 891 204 182 
0 5 832 657 1488 1129 85 891 204 182 
0 5 832 657 1488 1130 85 891 204 182 
0 5 832 657 1488 1131 85 891 204 182 
0 5 832 657 1488 1132 85 891 204 182 
0 5 832 657 1488 1133 85 891 204 182 
0 5 832 657 1488 1134 85 891 204 182 
0 5 832 657 1488 1135 85 891 204 182 
0 5 832 657 1488 1136 85 891 204 182 
0 5 832 657 1488 1137 85 891 204 182 
0 5 832 657 1488 1138 85 891 204 182 
0 5 832 657 1488 1139 85 891 204 182 
0 5 832 657 1488 1140 85 891 204 182 
0 5 832 657 1488 1141 85 891 204 182 
0 5 832 657 1488 1142 85 891 204 182 
0 5 832 657 1488 1143 85 891 204 182 
0 5 832 657 1488 1144 85 891 204 182 
0 5 832 657 1488 1145 85 891 204 182 
0 5 832 657 1488 1146 85 891 204 182 
0 5 832 657 1488 1147 85 891 204 182 
0 5 832 657 1488 1148 85 891 204 182 
0 5 832 657 1488 1149 85 891 204 182 
0 5 832 657 1488 1150 85 891 204 182 
0 5 832 657 1488 1151 85 891 204 182 
0 5 832 657 1488 1152 85 891 204 182 
0 5 832 657 1488 1153 85 891 204 182 
0 5 832 657 1488 1154 85 891 204 182 
0 5 832 657 1488 1155 85 891 204 182 
0 5 832 657 1488 1156 85 891 204 182 
0 5 832 657 1488 1157 85 891 204 182 
0 5 832 657 1488 1158 85 891 204 182 
0 5 832 657 1488 1159 85 891 204 182 
0 5 832 657 1488 1160 85 891 204 182 
0 5 832 657 1488 1161 85 891 204 182 
0 5 832 657 1488 1162 85 891 204 182 
0 5 832 657 1488 1163 85 891 204 182 
0 5 832 657 1488 1164 85 891 204 182 
0 5 832 657 1488 1165 85 891 204 182 
0 5 832 657 1488 1166 85 891 204 182 
0 5 832 657 1488 1167 85 891 204 182 
0 5 832 657 1488 1168 85 891 204 182 
0 5 832 657 1488 1169 85 891 204 182 
0 5 832 657 1488 1170 85 891 204 182 
0 5 832 657 1488 1171 85 891 204 182 
0 5 832 657 1488 1172 85 891 204 182 
0 5 832 657 1488 1173 85 891 204 182 
0 5 832 657 1488 1174 85 891 204 182 
0 5 832 657 1488 1175 85 891 204 182 
0 5 832 657 1488 1176 85 891 204 182 
0 5 832 657 1488 1177 85 891 204 182 
0 5 832 657 1488 1178 85 891 204 182 
0 5 832 657 1488 1179 85 891 204 182 
0 5 832 657 1488 1180 85 891 204 182 
0 5 832 657 1488 1181 85 891 204 182 
0 5 832 657 1488 1182 85 891 204 182 
0 5 832 657 1488 1183 85 891 204 182 
0 5 832 657 1488 1184 85 891 204 182 
0 5 832 657 1488 1185 85 891 204 182 
0 5 832 657 1488 1186 85 891 204 182 
0 5 832 657 1488 1187 85 891 204 182 
0 5 832 657 1488 1188 85 891 204 182 
0 5 832 657 1488 1189 85 891 204 182 
0 5 832 657 1488 1190 85 891 204 182 
0 5 832 657 1488 1191 85 891 204 182 
0 5 832 657 1488 1192 85 891 204 182 
0 5 832 657 1488 1193 85 891 204 182 
0 5 832 657 1488 1194 85 891 204 182 
0 5 832 657 1488 1195 85 891 204 182 
0 5 832 657 1488 1196 85 891 204 182 
0 5 832 657 1488 1197 85 891 204 182 
0 5 832 657 1488 1198 85 891 204 182 
0 5 832 657 1488 1199 85 891 204 182 
0 5 832 657 1488 1200 85 891 204 182 
0 5 832 657 1488 1201 85 891 204 182 
0 5 832 657 1488 1202 85 891 204 182 
0 5 832 657 1488 1203 85 891 204 182 
0 5 832 657 1488 1204 85 891 204 182 
0 5 832 657 1488 1205 85 891 204 182 
0 5 832 657 1488 1206 85 891 204 182 
0 5 832 657 1488 1207 85 891 204 182 
0 5 832 657 1488 1208 85 891 204 182 
0 5 832 657 1488 1209 85 891 204 182 
0 5 832 657 1488 1210 85 891 204 182 
0 5 832 657 1488 1211 85 891 204 182 
0 5 832 657 1488 1212 85 891 204 182 
0 5 832 657 1488 1213 85 891 204 182 
0 5 832 657 1488 1214 85 891 204 182 
0 5 832 657 1488 1215 85 891 204 182 
0 5 832 657 1488 1216 85 891 204 182 
0 5 832 657 1488 1217 85 891 204 182 
0 5 832 657 1488 1218 85 891 204 182 
0 5 832 657 1488 1219 85 891 204 182 
0 5 832 657 1488 1220 85 891 204 182 
0 5 832 657 1488 1221 85 891 204 182 
0 5 832 657 1488 1222 85 891 204 182 
0 5 832 657 1488 1223 85 891 204 182 
0 5 832 657 1488 1224 85 891 204 182 
0 5 832 657 1488 1225 85 891 204 182 
0 5 832 657 1488 1226 85 891 204 182 
0 5 832 657 1488 1227 85 891 204 182 
0 5 832 657 1488 1228 85 891 204 182 
0 5 832 657 1488 1229 85 891 204 182 
0 5 832 657 1488 1230 85 891 204 182 
0 5 832 657 1488 1231 85 891 204 182 
0 5 832 657 1488 1232 85 891 204 182 
0 5 832 657 1488 1233 85 891 204 182 
0 5 832 657 1488 1234 85 891 204 182 
0 5 832 657 1488 1235 85 891 204 182 
0 5 832 657 1488 1236 85 891 204 182 
0 5 832 657 1488 1237 85 891 204 182 
0 5 832 657 1488 1238 85 891 204 182 
0 5 832 657 1488 1239 85 891 204 182 
0 5 832 657 1488 1240 85 891 204 182 
0 5 832 657 1488 1241 85 891 204 182 
0 5 832 657 1488 1242 85 891 204 182 
0 5 832 657 1488 1243 85 891 204 182 
0 5 832 657 1488 1244 85 891 204 182 
0 5 832 657 1488 1245 85 891 204 182 
0 5 832 657 1488 1246 85 891 204 182 
0 5 832 657 1488 1247 85 891 204 182 
0 5 832 657 1488 1248 85 891 204 182 
0 5 832 657 1488 1249 85 891 204 182 
0 5 832 657 1488 1250 85 891 204 182 
0 5 832 657 1488 1251 85 891 204 182 
0 5 832 657 1488 1252 85 891 204 182 
0 5 832 657 1488 1253 85 891 204 182 
0 5 832 657 1488 1254 85 891 204 182 
0 5 832 657 1488 1255 85 891 204 182 
0 5 832 657 1488 1256 85 891 204 182 
0 5 832 657 1488 1257 85 891 204 182 
0 5 832 657 1488 1258 85 891 204 182 
0 5 832 657 1488 1259 85 891 204 182 
0 5 832 657 1488 1260 85 891 204 182 
0 5 832 657 1488 1261 85 891 204 182 
0 5 832 657 1488 1262 85 891 204 182 
0 5 832 657 1488 1263 85 891 204 182 
0 5 832 657 1488 1264 85 891 204 182 
0 5 832 657 1488 1265 85 891 204 182 
0 5 832 657 1488 1266 85 891 204 182 
0 5 832 657 1488 1267 85 891 204 182 
0 5 832 657 1488 1268 85 891 204 182 
0 5 832 657 1488 1269 85 891 204 182 
0 5 832 657 1488 1270 85 891 204 182 
0 5 832 657 1488 1271 85 891 204 182 
0 5 832 657 1488 1272 85 891 204 182 
0 5 832 657 1488 1273 85 891 204 182 
0 5 832 657 1488 1274 85 891 204 182 
0 5 832 657 1488 1275 85 891 204 182 
0 5 832 657 1488 1276 85 891 204 182 
0 5 832 657 1488 1277 85 891 204 182 
0 5 832 657 1488 1278 85 891 204 182 
0 5 832 657 1488 1279 85 891 204 182 
0 5 832 657 1488 1280 85 891 204 182 
0 5 832 657 1488 1281 85 891 204 182 
0 5 832 657 1488 1282 85 891 204 182 
0 5 832 657 1488 1283 85 891 204 182 
0 5 832 657 1488 1284 85 891 204 182 
0 5 832 657 1488 1285 85 891 204 182 
0 5 832 657 1488 1286 85 891 204 182 
0 5 832 657 1488 1287 85 891 204 182 
0 5 832 657 1488 1288 85 891 204 182 
0 5 832 657 1488 1289 85 891 204 182 
0 5 832 657 1488 1290 85 891 204 182 
0 5 832 657 1488 1291 85 891 204 182 
0 5 832 657 1488 1292 85 891 204 182 
0 5 832 657 1488 1293 85 891 204 182 
0 5 832 657 1488 1294 85 891 204 182 
0 5 832 657 1488 1295 85 891 204 182 
0 5 832 657 1488 1296 85 891 204 182 
0 5 832 657 1488 1297 85 891 204 182 
0 5 832 657 1488 1298 85 891 204 182 
0 5 832 657 1488 1299 85 891 204 182 
0 5 832 657 1488 1300 85 891 204 182 
0 5 832 657 1488 1301 85 891 204 182 
0 5 832 657 1488 1302 85 891 204 182 
0 5 832 657 1488 1303 85 891 204 182 
0 5 832 657 1488 1304 85 891 204 182 
0 5 832 657 1488 1305 85 891 204 182 
0 5 832 657 1488 1306 85 891 204 182 
0 5 832 657 1488 1307 85 891 204 182 
0 5 832 657 1488 1308 85 891 204 182 
0 5 832 657 1488 1309 85 891 204 182 
0 5 832 657 1488 1310 85 891 204 182 
0 5 832 657 1488 1311 85 891 204 182 
0 5 832 657 1488 1312 85 891 204 182 
0 5 832 657 1488 1313 85 891 204 182 
0 5 832 657 1488 1314 85 891 204 182 
0 5 832 657 1488 1315 85 891 204 182 
0 5 832 657 1488 1316 85 891 204 182 
0 5 832 657 1488 1317 85 891 204 182 
0 5 832 657 1488 1318 85 891 204 182 
0 5 832 657 1488 1319 85 891 204 182 
0 5 832 657 1488 1320 85 891 204 182 
0 5 832 657 1488 1321 85 891 204 182 
0 5 832 657 1488 1322 85 891 204 182 
0 5 832 657 1488 1323 85 891 204 182 
0 5 832 657 1488 1324 85 891 204 182 
0 5 832 657 1488 1325 85 891 204 182 
0 5 832 657 1488 1326 85 891 204 182 
0 5 832 657 1488 1327 85 891 204 182 
0 5 832 657 1488 1328 85 891 204 182 
0 5 832 657 1488 1329 85 891 204 182 
0 5 832 657 1488 1330 85 891 204 182 
0 5 832 657 1488 1331 85 891 204 182 
0 5 832 657 1488 1332 85 891 204 182 
0 5 832 657 1488 1333 85 891 204 182 
0 5 832 657 1488 1334 85 891 204 182 
0 5 832 657 1488 1335 85 891 204 182 
0 5 832 657 1488 1336 85 891 204 182 
0 5 832 657 1488 1337 85 891 204 182 
0 5 832 657 1488 1338 85 891 204 182 
0 5 832 657 1488 1339 85 891 204 182 
0 5 832 657 1488 1340 85 891 204 182 
0 5 832 657 1488 1341 85 891 204 182 
0 5 832 657 1488 1342 85 891 204 182 
0 5 832 657 1488 1343 85 891 204 182 
0 5 832 657 1488 1344 85 891 204 182 
0 5 832 657 1488 1345 85 891 204 182 
0 5 832 657 1488 1346 85 891 204 182 
0 5 832 657 1488 1347 85 891 204 182 
0 5 832 657 1488 1348 85 891 204 182 
0 5 832 657 1488 1349 85 891 204 182 
0 5 832 657 1488 1350 85 891 204 182 
0 5 832 657 1488 1351 85 891 204 182 
0 5 832 657 1488 1352 85 891 204 182 
0 5 832 657 1488 1353 85 891 204 182 
0 5 832 657 1488 1354 85 891 204 182 
0 5 832 657 1488 1355 85 891 204 182 
0 5 832 657 1488 1356 85 891 204 182 
0 5 832 657 1488 1357 85 891 204 182 
0 5 832 657 1488 1358 85 891 204 182 
0 5 832 657 1488 1359 85 891 204 182 
0 5 832 657 1488 1360 85 891 204 182 
0 5 832 657 1488 1361 85 891 204 182 
0 5 832 657 1488 1362 85 891 204 182 
0 5 832 657 1488 1363 85 891 204 182 
0 5 832 657 1488 1364 85 891 204 182 
0 5 832 657 1488 1365 85 891 204 182 
0 5 832 657 1488 1366 85 891 204 182 
0 5 832 657 1488 1367 85 891 204 182 
0 5 832 657 1488 1368 85 891 204 182 
0 5 832 657 1488 1369 85 891 204 182 
0 5 832 657 1488 1370 85 891 204 182 
0 5 832 657 1488 1371 85 891 204 182 
0 5 832 657 1488 1372 85 891 204 182 
0 5 832 657 1488 1373 85 891 204 182 
0 5 832 657 1488 1374 85 891 204 182 
0 5 832 657 1488 1375 85 891 204 182 
0 5 832 657 1488 1376 85 891 204 182 
0 5 832 657 1488 1377 85 891 204 182 
0 5 832 657 1488 1378 85 891 204 182 
0 5 832 657 1488 1379 85 891 204 182 
0 5 832 657 1488 1380 85 891 204 182 
0 5 832 657 1488 1381 85 891 204 182 
0 5 832 657 1488 1382 85 891 204 182 
0 5 832 657 1488 1383 85 891 204 182 
0 5 832 657 1488 1384 85 891 204 182 
0 5 832 657 1488 1385 85 891 204 182 
0 5 832 657 1488 1386 85 891 204 182 
0 5 832 657 1488 1387 85 891 204 182 
0 5 832 657 1488 1388 85 891 204 182 
0 5 832 657 1488 1389 85 891 204 182 
0 5 832 657 1488 1390 85 891 204 182 
0 5 832 657 1488 1391 85 891 204 182 
0 5 832 657 1488 1392 85 891 204 182 
0 5 832 657 1488 1393 85 891 204 182 
0 5 832 657 1488 1394 85 891 204 182 
0 5 832 657 1488 1395 85 891 204 182 
0 5 832 657 1488 1396 85 891 204 182 
0 5 832 657 1488 1397 85 891 204 182 
0 5 832 657 1488 1398 85 891 204 182 
0 5 832 657 1488 1399 85 891 204 182 
0 5 832 657 1488 1400 85 891 204 182 
0 5 832 657 1488 1401 85 891 204 182 
0 5 832 657 1488 1402 85 891 204 182 
0 5 832 657 1488 1403 85 891 204 182 
0 5 832 657 1488 1404 85 891 204 182 
0 5 832 657 1488 1405 85 891 204 182 
0 5 832 657 1488 1406 85 891 204 182 
0 5 832 657 1488 1407 85 891 204 182 
0 5 832 657 1488 1408 85 891 204 182 
0 5 832 657 1488 1409 85 891 204 182 
0 5 832 657 1488 1410 85 891 204 182 
0 5 832 657 1488 1411 85 891 204 182 
0 5 832 657 1488 1412 85 891 204 182 
0 5 832 657 1488 1413 85 891 204 182 
0 5 832 657 1488 1414 85 891 204 182 
0 5 832 657 1488 1415 85 891 204 182 
0 5 832 657 1488 1416 85 891 204 182 
0 5 832 657 1488 1417 85 891 204 182 
0 5 832 657 1488 1418 85 891 204 182 
0 5 832 657 1488 1419 85 891 204 182 
0 5 832 657 1488 1420 85 891 204 182 
0 5 832 657 1488 1421 85 891 204 182 
0 5 832 657 1488 1422 85 891 204 182 
0 5 832 657 1488 1423 85 891 204 182 
0 5 832 657 1488 1424 85 891 204 182 
0 5 832 657 1488 1425 85 891 204 182 
0 5 832 657 1488 1426 85 891 204 182 
0 5 832 657 1488 1427 85 891 204 182 
0 5 832 657 1488 1428 85 891 204 182 
0 5 832 657 1488 1429 85 891 204 182 
0 5 832 657 1488 1430 85 891 204 182 
0 5 832 657 1488 1431 85 891 204 182 
0 5 832 657 1488 1432 85 891 204 182 
0 5 832 657 1488 1433 85 891 204 182 
0 5 832 657 1488 1434 85 891 204 182 
0 5 832 657 1488 1435 85 891 204 182 
0 5 832 657 1488 1436 85 891 204 182 
0 5 832 657 1488 1437 85 891 204 182 
0 5 832 657 1488 1438 85 891 204 182 
0 5 832 657 1488 1439 85 891 204 182 
0 5 832 657 1488 1440 85 891 204 182 
0 5 832 657 1488 1441 85 891 204 182 
0 5 832 657 1488 1442 85 891 204 182 
0 5 832 657 1488 1443 85 891 204 182 
0 5 832 657 1488 1444 85 891 204 182 
0 5 832 657 1488 1445 85 891 204 182 
0 5 832 657 1488 1446 85 891 204 182 
0 5 832 657 1488 1447 85 891 204 182 
0 5 832 657 1488 1448 85 891 204 182 
0 5 832 657 1488 1449 85 891 204 182 
0 5 832 657 1488 1450 85 891 204 182 
0 5 832 657 1488 1451 85 891 204 182 
0 5 832 657 1488 1452 85 891 204 182 
0 5 832 657 1488 1453 85 891 204 182 
0 5 832 657 1488 1454 85 891 204 182 
0 5 832 657 1488 1455 85 891 204 182 
0 5 832 657 1488 1456 85 891 204 182 
0 5 832 657 1488 1457 85 891 204 182 
0 5 832 657 1488 1458 85 891 204 182 
0 5 832 657 1488 1459 85 891 204 182 
0 5 832 657 1488 1460 85 891 204 182 
0 5 832 657 1488 1461 85 891 204 182 
0 5 832 657 1488 1462 85 891 204 182 
0 5 832 657 1488 1463 85 891 204 182 
0 5 832 657 1488 1464 85 891 204 182 
0 5 832 657 1488 1465 85 891 204 182 
0 5 832 657 1488 1466 85 891 204 182 
0 5 832 657 1488 1467 85 891 204 182 
0 5 832 657 1488 1468 85 891 204 182 
0 5 832 657 1488 1469 85 891 204 182 
0 5 832 657 1488 1470 85 891 204 182 
0 5 832 657 1488 1471 85 891 204 182 
0 5 832 657 1488 1472 85 891 204 182 
0 5 832 657 1488 1473 85 891 204 182 
0 5 832 657 1488 1474 85 891 204 182 
0 5 832 657 1488 1475 85 891 204 182 
0 5 832 657 1488 1476 85 891 204 182 
0 5 832 657 1488 1477 85 891 204 182 
0 5 832 657 1488 1478 85 891 204 182 
0 5 832 657 1488 1479 85 891 204 182 
0 5 832 657 1488 1480 85 891 204 182 
0 5 832 657 1488 1481 85 891 204 182 
0 5 832 657 1488 1482 85 891 204 182 
0 5 832 657 1488 1483 85 891 204 182 
0 5 832 657 1488 1484 85 891 204 182 
0 5 832 657 1488 1485 85 891 204 182 
0 5 832 657 1488 1486 85 891 204 182 
0 5 832 657 1488 1487 85 891 204 182 
0 5 832 657 1488 1488 85 891 204 182 
