30 10 168 45 212 45 0 654 36 120 
30 10 168 45 212 46 0 657 39 120 
30 10 168 45 212 47 0 657 39 120 
30 10 168 45 212 48 0 660 43 120 
30 10 168 45 212 49 0 660 43 120 
30 10 168 45 212 50 0 662 48 120 
30 10 168 45 212 51 0 662 48 120 
30 10 168 45 212 52 0 661 48 124 
30 10 168 45 212 53 0 665 48 120 
30 10 168 45 212 54 0 664 51 124 
30 10 168 45 212 55 0 667 50 123 
30 10 168 45 212 56 0 667 50 123 
30 10 168 45 212 57 0 669 54 124 
30 10 168 45 212 58 0 668 54 129 
30 10 168 45 212 59 0 672 53 124 
30 10 168 45 212 60 0 671 57 127 
30 10 168 45 212 61 0 675 57 123 
30 10 168 45 212 62 0 674 57 127 
30 10 168 45 212 63 0 676 59 129 
30 10 168 45 212 64 0 676 59 129 
30 10 168 45 212 65 0 679 59 127 
30 10 168 45 212 66 0 679 63 132 
30 10 168 45 212 67 0 682 62 127 
30 10 168 45 212 68 0 682 62 132 
30 10 168 45 212 69 0 684 67 129 
30 10 168 45 212 70 0 684 67 132 
30 10 168 45 212 71 0 687 65 132 
30 10 168 45 212 72 0 687 68 132 
30 10 168 45 212 73 0 690 68 132 
30 10 168 45 212 74 0 689 68 135 
30 10 168 45 212 75 0 689 73 135 
30 10 168 45 212 76 0 691 71 136 
30 10 168 45 212 77 0 690 71 141 
30 10 168 45 212 78 0 694 76 136 
30 10 168 45 212 79 0 693 76 139 
30 10 168 45 212 80 0 697 75 135 
30 10 168 45 212 81 0 696 78 139 
30 10 168 45 212 82 0 698 78 141 
30 10 168 45 212 83 0 698 78 141 
30 10 168 45 212 84 1 701 80 139 
30 10 168 45 212 85 1 701 80 144 
30 10 168 45 212 86 1 704 80 139 
30 10 168 45 212 87 0 704 85 144 
30 10 168 45 212 88 4 706 80 141 
30 10 168 45 212 89 4 706 80 144 
30 10 168 45 212 90 3 709 84 144 
30 10 168 45 212 91 3 709 84 144 
30 10 168 45 212 92 6 712 80 144 
30 10 168 45 212 93 4 711 86 147 
30 10 168 45 212 94 4 714 86 144 
30 10 168 45 212 95 4 713 86 148 
30 10 168 45 212 96 7 716 86 148 
30 10 168 45 212 97 7 716 86 148 
30 10 168 45 212 98 7 719 86 147 
30 10 168 45 212 99 7 721 86 148 
30 10 168 45 212 100 7 721 86 148 
30 10 168 45 212 101 11 724 84 148 
30 10 168 45 212 102 11 727 84 147 
30 10 168 45 212 103 11 726 84 151 
30 10 168 45 212 104 11 729 84 148 
30 10 168 45 212 105 11 732 84 148 
30 10 168 45 212 106 12 731 86 151 
30 10 168 45 212 107 12 734 86 151 
30 10 168 45 212 108 12 737 86 148 
30 10 168 45 212 109 12 736 86 153 
30 10 168 45 212 110 12 739 86 151 
30 10 168 45 212 111 15 742 86 151 
30 10 168 45 212 112 15 742 86 151 
30 10 168 45 212 113 15 744 86 153 
30 10 168 45 212 114 15 747 86 151 
30 10 168 45 212 115 19 750 84 151 
30 10 168 45 212 116 15 750 86 151 
30 10 168 45 212 117 15 752 86 153 
30 10 168 45 212 118 15 755 86 151 
30 10 168 45 212 119 15 755 86 151 
30 10 168 45 212 120 15 758 86 151 
30 10 168 45 212 121 15 760 86 153 
30 10 168 45 212 122 15 760 86 156 
30 10 168 45 212 123 15 763 86 151 
30 10 168 45 212 124 15 766 86 151 
30 10 168 45 212 125 15 766 86 156 
30 10 168 45 212 126 15 768 86 156 
30 10 168 45 212 127 15 771 86 151 
30 10 168 45 212 128 15 771 86 156 
30 10 168 45 212 129 15 774 86 156 
30 10 168 45 212 130 15 776 86 156 
30 10 168 45 212 131 15 779 86 151 
30 10 168 45 212 132 15 779 86 156 
30 10 168 45 212 133 15 782 86 156 
30 10 168 45 212 134 15 784 86 153 
30 10 168 45 212 135 15 784 86 156 
30 10 168 45 212 136 15 787 86 156 
30 10 168 45 212 137 15 790 86 156 
30 10 168 45 212 138 15 790 86 156 
30 10 168 45 212 139 15 792 86 156 
30 10 168 45 212 140 15 795 86 156 
30 10 168 45 212 141 15 794 86 160 
30 10 168 45 212 142 15 798 86 156 
30 10 168 45 212 143 15 800 86 156 
30 10 168 45 212 144 15 799 86 160 
30 10 168 45 212 145 15 802 86 160 
30 10 168 45 212 146 15 806 86 156 
30 10 168 45 212 147 15 808 86 156 
30 10 168 45 212 148 15 807 86 160 
30 10 168 45 212 149 15 811 86 156 
30 10 168 45 212 150 15 814 86 156 
30 10 168 45 212 151 15 813 86 159 
30 10 168 45 212 152 15 815 86 160 
30 10 168 45 212 153 15 819 86 156 
30 10 168 45 212 154 15 818 86 160 
30 10 168 45 212 155 15 821 86 159 
30 10 168 45 212 156 15 823 86 160 
30 10 168 45 212 157 15 823 86 160 
30 10 168 45 212 158 15 826 86 160 
30 10 168 45 212 159 15 829 86 159 
30 10 168 45 212 160 15 831 86 160 
30 10 168 45 212 161 12 835 86 156 
30 10 168 45 212 162 12 838 86 156 
30 10 168 45 212 163 12 840 86 156 
30 10 168 45 212 164 11 843 84 156 
30 10 168 45 212 165 11 846 84 156 
30 10 168 45 212 166 11 848 84 153 
30 10 168 45 212 167 7 851 86 151 
30 10 168 45 212 168 7 854 86 151 
30 10 168 45 212 169 7 856 86 153 
30 10 168 45 212 170 4 859 86 151 
30 10 168 45 212 171 4 863 86 147 
30 10 168 45 212 172 4 865 86 148 
30 10 168 45 212 173 3 868 84 148 
30 10 168 45 212 174 3 871 84 147 
30 10 168 45 212 175 3 873 84 148 
30 10 168 45 212 176 3 876 84 148 
30 10 168 45 212 177 0 879 85 147 
30 10 168 45 212 178 1 881 80 148 
30 10 168 45 212 179 1 884 80 148 
30 10 168 45 212 180 0 887 78 147 
30 10 168 45 212 181 0 889 78 148 
30 10 168 45 212 182 0 892 75 148 
30 10 168 45 212 183 0 895 76 147 
30 10 168 45 212 184 0 897 71 148 
30 10 168 45 212 185 0 900 71 148 
30 10 168 45 212 186 0 903 68 147 
30 10 168 45 212 187 0 905 65 148 
30 10 168 45 212 188 0 908 65 148 
30 10 168 45 212 189 0 911 62 147 
30 10 168 45 212 190 0 913 62 148 
30 10 168 45 212 191 0 920 58 144 
30 10 168 45 212 192 0 922 58 144 
30 10 168 45 212 193 0 925 56 144 
30 10 168 45 212 194 0 928 56 144 
30 10 168 45 212 195 0 930 51 144 
30 10 168 45 212 196 0 933 48 144 
30 10 168 45 212 197 0 936 48 143 
30 10 168 45 212 198 0 938 45 141 
30 10 168 45 212 199 0 941 47 138 
30 10 168 45 212 200 0 944 42 135 
30 10 168 45 212 201 0 946 42 133 
30 10 168 45 212 202 0 949 39 130 
30 10 168 45 212 203 0 952 39 127 
30 10 168 45 212 204 0 954 36 125 
30 10 168 45 212 205 0 960 36 118 
30 10 168 45 212 206 0 960 36 118 
30 10 168 45 212 207 0 960 36 118 
30 10 168 45 212 208 0 960 36 118 
30 10 168 45 212 209 0 960 36 118 
30 10 168 45 212 210 0 960 36 118 
30 10 168 45 212 211 0 960 36 118 
30 10 168 45 212 212 0 960 36 118 
31 9 165 45 209 45 0 654 36 120 
31 9 165 45 209 46 0 657 39 120 
31 9 165 45 209 47 0 657 39 120 
31 9 165 45 209 48 0 660 43 120 
31 9 165 45 209 49 0 660 43 120 
31 9 165 45 209 50 0 662 48 120 
31 9 165 45 209 51 0 662 48 120 
31 9 165 45 209 52 0 661 48 124 
31 9 165 45 209 53 0 665 48 120 
31 9 165 45 209 54 0 664 51 124 
31 9 165 45 209 55 0 667 50 123 
31 9 165 45 209 56 0 667 50 123 
31 9 165 45 209 57 0 669 54 124 
31 9 165 45 209 58 0 668 54 129 
31 9 165 45 209 59 0 672 53 124 
31 9 165 45 209 60 0 671 57 127 
31 9 165 45 209 61 0 675 57 123 
31 9 165 45 209 62 0 674 57 127 
31 9 165 45 209 63 0 676 59 129 
31 9 165 45 209 64 0 676 59 129 
31 9 165 45 209 65 0 679 59 127 
31 9 165 45 209 66 0 679 63 132 
31 9 165 45 209 67 0 682 62 127 
31 9 165 45 209 68 0 682 62 132 
31 9 165 45 209 69 0 684 67 129 
31 9 165 45 209 70 0 684 67 132 
31 9 165 45 209 71 0 687 65 132 
31 9 165 45 209 72 0 687 68 132 
31 9 165 45 209 73 0 690 68 132 
31 9 165 45 209 74 0 689 68 135 
31 9 165 45 209 75 0 689 73 135 
31 9 165 45 209 76 0 691 71 136 
31 9 165 45 209 77 0 690 71 141 
31 9 165 45 209 78 0 694 76 136 
31 9 165 45 209 79 0 693 76 139 
31 9 165 45 209 80 0 697 75 135 
31 9 165 45 209 81 0 696 78 139 
31 9 165 45 209 82 0 698 78 141 
31 9 165 45 209 83 0 698 78 141 
31 9 165 45 209 84 1 701 80 139 
31 9 165 45 209 85 1 701 80 144 
31 9 165 45 209 86 1 704 80 139 
31 9 165 45 209 87 0 704 85 144 
31 9 165 45 209 88 4 706 80 141 
31 9 165 45 209 89 4 706 80 144 
31 9 165 45 209 90 3 709 84 144 
31 9 165 45 209 91 3 709 84 144 
31 9 165 45 209 92 6 712 80 144 
31 9 165 45 209 93 4 711 86 147 
31 9 165 45 209 94 4 714 86 144 
31 9 165 45 209 95 4 713 86 148 
31 9 165 45 209 96 7 716 86 148 
31 9 165 45 209 97 7 716 86 148 
31 9 165 45 209 98 7 719 86 147 
31 9 165 45 209 99 7 721 86 148 
31 9 165 45 209 100 7 721 86 148 
31 9 165 45 209 101 11 724 84 148 
31 9 165 45 209 102 11 727 84 147 
31 9 165 45 209 103 11 726 84 151 
31 9 165 45 209 104 11 729 84 148 
31 9 165 45 209 105 11 732 84 148 
31 9 165 45 209 106 12 731 86 151 
31 9 165 45 209 107 12 734 86 151 
31 9 165 45 209 108 12 737 86 148 
31 9 165 45 209 109 12 736 86 153 
31 9 165 45 209 110 12 739 86 151 
31 9 165 45 209 111 15 742 86 151 
31 9 165 45 209 112 15 742 86 151 
31 9 165 45 209 113 15 744 86 153 
31 9 165 45 209 114 15 747 86 151 
31 9 165 45 209 115 19 750 84 151 
31 9 165 45 209 116 15 750 86 151 
31 9 165 45 209 117 15 752 86 153 
31 9 165 45 209 118 15 755 86 151 
31 9 165 45 209 119 15 755 86 151 
31 9 165 45 209 120 15 758 86 151 
31 9 165 45 209 121 15 760 86 153 
31 9 165 45 209 122 15 760 86 156 
31 9 165 45 209 123 15 763 86 151 
31 9 165 45 209 124 15 766 86 151 
31 9 165 45 209 125 15 766 86 156 
31 9 165 45 209 126 15 768 86 156 
31 9 165 45 209 127 15 771 86 151 
31 9 165 45 209 128 15 771 86 156 
31 9 165 45 209 129 15 774 86 156 
31 9 165 45 209 130 15 776 86 156 
31 9 165 45 209 131 15 779 86 151 
31 9 165 45 209 132 15 779 86 156 
31 9 165 45 209 133 15 782 86 156 
31 9 165 45 209 134 15 784 86 153 
31 9 165 45 209 135 15 784 86 156 
31 9 165 45 209 136 15 787 86 156 
31 9 165 45 209 137 15 790 86 156 
31 9 165 45 209 138 15 790 86 156 
31 9 165 45 209 139 15 792 86 156 
31 9 165 45 209 140 15 795 86 156 
31 9 165 45 209 141 15 794 86 160 
31 9 165 45 209 142 15 798 86 156 
31 9 165 45 209 143 15 800 86 156 
31 9 165 45 209 144 15 799 86 160 
31 9 165 45 209 145 15 802 86 160 
31 9 165 45 209 146 15 806 86 156 
31 9 165 45 209 147 15 808 86 156 
31 9 165 45 209 148 15 807 86 160 
31 9 165 45 209 149 15 811 86 156 
31 9 165 45 209 150 15 814 86 156 
31 9 165 45 209 151 15 813 86 159 
31 9 165 45 209 152 15 815 86 160 
31 9 165 45 209 153 15 819 86 156 
31 9 165 45 209 154 15 818 86 160 
31 9 165 45 209 155 15 821 86 159 
31 9 165 45 209 156 15 823 86 160 
31 9 165 45 209 157 15 823 86 160 
31 9 165 45 209 158 15 826 86 160 
31 9 165 45 209 159 15 829 86 159 
31 9 165 45 209 160 15 831 86 160 
31 9 165 45 209 161 12 835 86 156 
31 9 165 45 209 162 12 838 86 156 
31 9 165 45 209 163 12 840 86 156 
31 9 165 45 209 164 11 843 84 156 
31 9 165 45 209 165 11 846 84 156 
31 9 165 45 209 166 11 848 84 153 
31 9 165 45 209 167 7 851 86 151 
31 9 165 45 209 168 7 854 86 151 
31 9 165 45 209 169 7 856 86 153 
31 9 165 45 209 170 4 859 86 151 
31 9 165 45 209 171 4 863 86 147 
31 9 165 45 209 172 4 865 86 148 
31 9 165 45 209 173 3 868 84 148 
31 9 165 45 209 174 3 871 84 147 
31 9 165 45 209 175 3 873 84 148 
31 9 165 45 209 176 3 876 84 148 
31 9 165 45 209 177 0 879 85 147 
31 9 165 45 209 178 1 881 80 148 
31 9 165 45 209 179 1 884 80 148 
31 9 165 45 209 180 0 887 78 147 
31 9 165 45 209 181 0 889 78 148 
31 9 165 45 209 182 0 892 75 148 
31 9 165 45 209 183 0 895 76 147 
31 9 165 45 209 184 0 897 71 148 
31 9 165 45 209 185 0 900 71 148 
31 9 165 45 209 186 0 903 68 147 
31 9 165 45 209 187 0 905 65 148 
31 9 165 45 209 188 0 908 65 148 
31 9 165 45 209 189 0 911 62 147 
31 9 165 45 209 190 0 913 62 148 
31 9 165 45 209 191 0 920 58 144 
31 9 165 45 209 192 0 922 58 144 
31 9 165 45 209 193 0 925 56 144 
31 9 165 45 209 194 0 928 56 144 
31 9 165 45 209 195 0 930 51 144 
31 9 165 45 209 196 0 933 48 144 
31 9 165 45 209 197 0 936 48 143 
31 9 165 45 209 198 0 938 45 141 
31 9 165 45 209 199 0 941 47 138 
31 9 165 45 209 200 0 944 42 135 
31 9 165 45 209 201 0 946 42 133 
31 9 165 45 209 202 0 949 39 130 
31 9 165 45 209 203 0 952 39 127 
31 9 165 45 209 204 0 954 36 125 
31 9 165 45 209 205 0 960 36 118 
31 9 165 45 209 206 0 960 36 118 
31 9 165 45 209 207 0 960 36 118 
31 9 165 45 209 208 0 960 36 118 
31 9 165 45 209 209 0 960 36 118 
