2 9 422 0 421 0 410 298 54 81 
2 9 422 0 421 1 410 298 52 81 
2 9 422 0 421 2 410 298 52 81 
2 9 422 0 421 3 407 298 54 81 
2 9 422 0 421 4 407 298 54 81 
2 9 422 0 421 5 405 298 54 81 
2 9 422 0 421 6 405 298 54 81 
2 9 422 0 421 7 403 298 54 81 
2 9 422 0 421 8 403 298 54 81 
2 9 422 0 421 9 403 298 52 81 
2 9 422 0 421 10 403 298 52 81 
2 9 422 0 421 11 401 298 52 81 
2 9 422 0 421 12 401 298 52 81 
2 9 422 0 421 13 398 300 54 81 
2 9 422 0 421 14 398 300 54 81 
2 9 422 0 421 15 398 300 54 81 
2 9 422 0 421 16 396 300 54 81 
2 9 422 0 421 17 396 300 54 81 
2 9 422 0 421 18 394 300 54 81 
2 9 422 0 421 19 394 300 54 81 
2 9 422 0 421 20 394 300 52 81 
2 9 422 0 421 21 394 300 52 81 
2 9 422 0 421 22 391 300 54 81 
2 9 422 0 421 23 391 300 54 81 
2 9 422 0 421 24 389 300 54 81 
2 9 422 0 421 25 389 302 54 79 
2 9 422 0 421 26 387 302 54 79 
2 9 422 0 421 27 387 302 54 79 
2 9 422 0 421 28 387 302 52 79 
2 9 422 0 421 29 387 302 52 79 
2 9 422 0 421 30 387 302 52 79 
2 9 422 0 421 31 385 302 52 79 
2 9 422 0 421 32 385 302 52 79 
2 9 422 0 421 33 382 302 54 79 
2 9 422 0 421 34 382 302 54 79 
2 9 422 0 421 35 380 302 54 79 
2 9 422 0 421 36 380 302 54 79 
2 9 422 0 421 37 378 304 54 79 
2 9 422 0 421 38 378 304 54 79 
2 9 422 0 421 39 378 304 52 79 
2 9 422 0 421 40 378 304 52 79 
2 9 422 0 421 41 375 304 54 79 
2 9 422 0 421 42 375 304 54 79 
2 9 422 0 421 43 373 304 54 79 
2 9 422 0 421 44 373 304 54 79 
2 9 422 0 421 45 373 304 54 79 
2 9 422 0 421 46 371 304 54 79 
2 9 422 0 421 47 371 304 54 79 
2 9 422 0 421 48 371 304 52 79 
2 9 422 0 421 49 371 306 52 79 
2 9 422 0 421 50 369 306 52 79 
2 9 422 0 421 51 369 306 52 79 
2 9 422 0 421 52 366 306 54 79 
2 9 422 0 421 53 366 306 54 79 
2 9 422 0 421 54 364 306 54 79 
2 9 422 0 421 55 364 306 54 79 
2 9 422 0 421 56 362 306 54 79 
2 9 422 0 421 57 362 306 54 79 
2 9 422 0 421 58 362 306 52 79 
2 9 422 0 421 59 362 306 52 79 
2 9 422 0 421 60 362 306 52 79 
2 9 422 0 421 61 359 307 54 81 
2 9 422 0 421 62 359 307 54 81 
2 9 422 0 421 63 357 307 54 81 
2 9 422 0 421 64 357 307 54 81 
2 9 422 0 421 65 355 307 54 81 
2 9 422 0 421 66 355 307 54 81 
2 9 422 0 421 67 355 307 52 81 
2 9 422 0 421 68 355 307 52 81 
2 9 422 0 421 69 353 307 52 81 
2 9 422 0 421 70 353 307 52 81 
2 9 422 0 421 71 350 307 54 81 
2 9 422 0 421 72 350 307 54 81 
2 9 422 0 421 73 350 309 54 79 
2 9 422 0 421 74 348 309 54 79 
2 9 422 0 421 75 346 309 54 79 
2 9 422 0 421 76 346 309 54 79 
2 9 422 0 421 77 346 309 52 79 
2 9 422 0 421 78 346 309 52 79 
2 9 422 0 421 79 343 309 54 79 
2 9 422 0 421 80 341 309 54 79 
2 9 422 0 421 81 341 309 54 79 
2 9 422 0 421 82 339 309 54 79 
2 9 422 0 421 83 339 311 54 79 
2 9 422 0 421 84 339 311 52 79 
2 9 422 0 421 85 337 311 52 79 
2 9 422 0 421 86 337 311 52 79 
2 9 422 0 421 87 334 311 54 79 
2 9 422 0 421 88 334 311 54 79 
2 9 422 0 421 89 332 311 54 79 
2 9 422 0 421 90 330 311 54 79 
2 9 422 0 421 91 330 311 54 79 
2 9 422 0 421 92 330 311 52 79 
2 9 422 0 421 93 330 313 52 79 
2 9 422 0 421 94 327 313 54 79 
2 9 422 0 421 95 325 313 54 79 
2 9 422 0 421 96 325 313 54 79 
2 9 422 0 421 97 323 313 54 79 
2 9 422 0 421 98 323 313 54 79 
2 9 422 0 421 99 323 313 52 79 
2 9 422 0 421 100 321 313 52 79 
2 9 422 0 421 101 321 313 52 79 
2 9 422 0 421 102 318 313 54 79 
2 9 422 0 421 103 318 314 54 81 
2 9 422 0 421 104 316 314 54 81 
2 9 422 0 421 105 316 314 54 81 
2 9 422 0 421 106 314 314 54 81 
2 9 422 0 421 107 314 314 52 81 
2 9 422 0 421 108 314 314 52 81 
2 9 422 0 421 109 311 314 54 81 
2 9 422 0 421 110 311 314 54 81 
2 9 422 0 421 111 309 314 54 81 
2 9 422 0 421 112 307 314 54 81 
2 9 422 0 421 113 307 316 54 81 
2 9 422 0 421 114 307 316 52 81 
2 9 422 0 421 115 307 316 52 81 
2 9 422 0 421 116 305 316 52 81 
2 9 422 0 421 117 302 316 54 81 
2 9 422 0 421 118 302 316 54 81 
2 9 422 0 421 119 300 316 54 81 
2 9 422 0 421 120 300 316 54 81 
2 9 422 0 421 121 298 316 54 81 
2 9 422 0 421 122 298 316 52 81 
2 9 422 0 421 123 298 318 52 79 
2 9 422 0 421 124 295 318 54 79 
2 9 422 0 421 125 295 318 54 79 
2 9 422 0 421 126 293 318 54 79 
2 9 422 0 421 127 291 318 54 79 
2 9 422 0 421 128 291 318 54 79 
2 9 422 0 421 129 291 318 52 79 
2 9 422 0 421 130 291 318 52 79 
2 9 422 0 421 131 289 318 52 79 
2 9 422 0 421 132 289 320 52 79 
2 9 422 0 421 133 286 320 54 79 
2 9 422 0 421 134 284 320 54 79 
2 9 422 0 421 135 284 320 54 79 
2 9 422 0 421 136 282 320 54 79 
2 9 422 0 421 137 282 320 54 79 
2 9 422 0 421 138 282 320 52 79 
2 9 422 0 421 139 282 320 52 82 
2 9 422 0 421 140 279 320 54 82 
2 9 422 0 421 141 279 322 54 79 
2 9 422 0 421 142 277 322 54 79 
2 9 422 0 421 143 277 322 54 79 
2 9 422 0 421 144 275 322 54 79 
2 9 422 0 421 145 275 322 54 79 
2 9 422 0 421 146 275 322 52 82 
2 9 422 0 421 147 275 322 52 82 
2 9 422 0 421 148 273 322 52 82 
2 9 422 0 421 149 273 322 52 82 
2 9 422 0 421 150 270 323 54 81 
2 9 422 0 421 151 268 323 54 81 
2 9 422 0 421 152 268 323 54 82 
2 9 422 0 421 153 266 323 54 82 
2 9 422 0 421 154 266 323 54 82 
2 9 422 0 421 155 266 323 52 82 
2 9 422 0 421 156 266 323 52 82 
2 9 422 0 421 157 263 323 54 82 
2 9 422 0 421 158 263 323 54 82 
2 9 422 0 421 159 261 325 54 82 
2 9 422 0 421 160 261 325 54 82 
2 9 422 0 421 161 259 325 54 82 
2 9 422 0 421 162 259 325 54 82 
2 9 422 0 421 163 259 325 52 82 
2 9 422 0 421 164 259 325 52 82 
2 9 422 0 421 165 257 324 52 85 
2 9 422 0 421 166 257 324 52 85 
2 9 422 0 421 167 254 324 54 85 
2 9 422 0 421 168 254 327 54 82 
2 9 422 0 421 169 252 327 54 82 
2 9 422 0 421 170 250 327 54 82 
2 9 422 0 421 171 250 327 54 82 
2 9 422 0 421 172 250 326 52 85 
2 9 422 0 421 173 250 326 52 85 
2 9 422 0 421 174 247 326 54 85 
2 9 422 0 421 175 247 326 54 85 
2 9 422 0 421 176 245 326 54 85 
2 9 422 0 421 177 245 329 54 82 
2 9 422 0 421 178 243 328 54 85 
2 9 422 0 421 179 243 328 54 85 
2 9 422 0 421 180 243 328 52 85 
2 9 422 0 421 181 243 328 52 85 
2 9 422 0 421 182 241 328 52 85 
2 9 422 0 421 183 241 328 52 85 
2 9 422 0 421 184 238 328 54 85 
2 9 422 0 421 185 238 328 54 87 
2 9 422 0 421 186 236 329 54 85 
2 9 422 0 421 187 234 329 54 85 
2 9 422 0 421 188 234 329 54 85 
2 9 422 0 421 189 234 329 52 85 
2 9 422 0 421 190 234 329 52 85 
2 9 422 0 421 191 231 329 54 88 
2 9 422 0 421 192 231 329 54 88 
2 9 422 0 421 193 229 329 54 88 
2 9 422 0 421 194 229 329 54 88 
2 9 422 0 421 195 227 331 54 85 
2 9 422 0 421 196 227 331 54 85 
2 9 422 0 421 197 227 331 52 85 
2 9 422 0 421 198 227 331 52 88 
2 9 422 0 421 199 225 331 52 88 
2 9 422 0 421 200 225 331 52 88 
2 9 422 0 421 201 222 331 54 88 
2 9 422 0 421 202 222 331 54 88 
2 9 422 0 421 203 220 331 54 88 
2 9 422 0 421 204 220 333 54 88 
2 9 422 0 421 205 218 333 54 88 
2 9 422 0 421 206 218 333 52 88 
2 9 422 0 421 207 218 333 52 88 
2 9 422 0 421 208 215 333 54 88 
2 9 422 0 421 209 215 333 54 88 
2 9 422 0 421 210 213 333 54 88 
2 9 422 0 421 211 213 335 54 87 
2 9 422 0 421 212 211 335 54 87 
2 9 422 0 421 213 211 335 52 87 
2 9 422 0 421 214 211 335 52 87 
2 9 422 0 421 215 209 335 52 87 
2 9 422 0 421 216 209 335 52 87 
2 9 422 0 421 217 206 337 54 87 
2 9 422 0 421 218 206 337 54 87 
2 9 422 0 421 219 204 337 54 87 
2 9 422 0 421 220 202 337 54 87 
2 9 422 0 421 221 202 337 54 87 
2 9 422 0 421 222 202 337 52 87 
2 9 422 0 421 223 202 338 52 88 
2 9 422 0 421 224 199 338 54 88 
2 9 422 0 421 225 199 338 54 88 
2 9 422 0 421 226 197 338 54 88 
2 9 422 0 421 227 195 338 54 88 
2 9 422 0 421 228 195 338 54 88 
2 9 422 0 421 229 195 338 52 88 
2 9 422 0 421 230 195 340 52 88 
2 9 422 0 421 231 193 340 52 88 
2 9 422 0 421 232 193 340 52 88 
2 9 422 0 421 233 190 340 54 88 
2 9 422 0 421 234 188 340 54 88 
2 9 422 0 421 235 188 340 54 88 
2 9 422 0 421 236 186 342 54 88 
2 9 422 0 421 237 186 342 54 88 
2 9 422 0 421 238 186 342 52 88 
2 9 422 0 421 239 186 342 52 88 
2 9 422 0 421 240 183 342 54 88 
2 9 422 0 421 241 181 342 54 88 
2 9 422 0 421 242 181 344 54 87 
2 9 422 0 421 243 179 344 54 87 
2 9 422 0 421 244 179 344 54 87 
2 9 422 0 421 245 179 344 52 87 
2 9 422 0 421 246 179 344 52 87 
2 9 422 0 421 247 177 344 52 87 
2 9 422 0 421 248 174 344 54 87 
2 9 422 0 421 249 174 345 54 88 
2 9 422 0 421 250 172 345 54 88 
2 9 422 0 421 251 172 345 54 88 
2 9 422 0 421 252 170 345 54 88 
2 9 422 0 421 253 170 345 54 88 
2 9 422 0 421 254 170 345 52 88 
2 9 422 0 421 255 167 347 54 88 
2 9 422 0 421 256 167 347 54 88 
2 9 422 0 421 257 165 347 54 88 
2 9 422 0 421 258 165 347 54 88 
2 9 422 0 421 259 163 347 54 88 
2 9 422 0 421 260 163 347 54 88 
2 9 422 0 421 261 163 349 52 88 
2 9 422 0 421 262 161 349 52 88 
2 9 422 0 421 263 161 349 52 88 
2 9 422 0 421 264 158 349 54 88 
2 9 422 0 421 265 158 349 54 88 
2 9 422 0 421 266 156 349 54 88 
2 9 422 0 421 267 156 351 54 87 
2 9 422 0 421 268 154 351 54 87 
2 9 422 0 421 269 154 351 52 87 
2 9 422 0 421 270 151 351 54 87 
2 9 422 0 421 271 151 351 54 87 
2 9 422 0 421 272 149 351 54 87 
2 9 422 0 421 273 147 351 54 87 
2 9 422 0 421 274 147 351 54 87 
2 9 422 0 421 275 147 351 52 87 
2 9 422 0 421 276 145 351 52 87 
2 9 422 0 421 277 145 351 52 87 
2 9 422 0 421 278 142 351 54 87 
2 9 422 0 421 279 140 351 54 87 
2 9 422 0 421 280 138 351 54 87 
2 9 422 0 421 281 138 351 54 87 
2 9 422 0 421 282 138 351 52 87 
2 9 422 0 421 283 135 351 54 87 
2 9 422 0 421 284 135 351 54 87 
2 9 422 0 421 285 133 351 54 87 
2 9 422 0 421 286 131 351 54 87 
2 9 422 0 421 287 131 351 54 87 
2 9 422 0 421 288 131 351 52 87 
2 9 422 0 421 289 129 351 52 87 
2 9 422 0 421 290 126 351 54 87 
2 9 422 0 421 291 126 351 54 87 
2 9 422 0 421 292 124 351 54 87 
2 9 422 0 421 293 122 351 54 87 
2 9 422 0 421 294 122 351 54 87 
2 9 422 0 421 295 122 351 52 87 
2 9 422 0 421 296 119 351 54 87 
2 9 422 0 421 297 119 351 54 87 
2 9 422 0 421 298 117 351 54 87 
2 9 422 0 421 299 115 351 54 87 
2 9 422 0 421 300 115 353 54 87 
2 9 422 0 421 301 110 353 64 87 
2 9 422 0 421 302 106 353 72 90 
2 9 422 0 421 303 102 353 78 91 
2 9 422 0 421 304 100 353 80 91 
2 9 422 0 421 305 99 353 78 91 
2 9 422 0 421 306 97 353 78 91 
2 9 422 0 421 307 95 353 78 91 
2 9 422 0 421 308 93 353 78 91 
2 9 422 0 421 309 93 353 78 91 
2 9 422 0 421 310 92 353 78 91 
2 9 422 0 421 311 90 353 78 91 
2 9 422 0 421 312 90 355 78 91 
2 9 422 0 421 313 88 355 78 91 
2 9 422 0 421 314 88 355 78 91 
2 9 422 0 421 315 86 355 78 91 
2 9 422 0 421 316 86 355 78 91 
2 9 422 0 421 317 84 355 80 91 
2 9 422 0 421 318 84 358 80 90 
2 9 422 0 421 319 83 358 78 90 
2 9 422 0 421 320 81 358 78 90 
2 9 422 0 421 321 79 358 78 90 
2 9 422 0 421 322 77 358 78 90 
2 9 422 0 421 323 76 358 78 90 
2 9 422 0 421 324 76 358 78 90 
2 9 422 0 421 325 74 358 78 90 
2 9 422 0 421 326 72 358 78 90 
2 9 422 0 421 327 70 360 78 90 
2 9 422 0 421 328 68 360 80 90 
2 9 422 0 421 329 67 360 78 90 
2 9 422 0 421 330 67 360 78 90 
2 9 422 0 421 331 65 360 78 90 
2 9 422 0 421 332 63 360 78 90 
2 9 422 0 421 333 63 360 78 90 
2 9 422 0 421 334 61 360 78 90 
2 9 422 0 421 335 60 360 78 90 
2 9 422 0 421 336 58 360 78 90 
2 9 422 0 421 337 56 360 78 90 
2 9 422 0 421 338 56 360 78 91 
2 9 422 0 421 339 54 360 78 91 
2 9 422 0 421 340 54 360 78 91 
2 9 422 0 421 341 52 362 80 91 
2 9 422 0 421 342 52 362 80 91 
2 9 422 0 421 343 51 362 78 91 
2 9 422 0 421 344 51 365 78 90 
2 9 422 0 421 345 49 365 78 90 
2 9 422 0 421 346 47 365 78 90 
2 9 422 0 421 347 47 365 78 90 
2 9 422 0 421 348 45 365 78 90 
2 9 422 0 421 349 44 365 78 90 
2 9 422 0 421 350 42 365 78 90 
2 9 422 0 421 351 40 365 78 90 
2 9 422 0 421 352 38 365 78 90 
2 9 422 0 421 353 38 365 78 90 
2 9 422 0 421 354 36 365 80 90 
2 9 422 0 421 355 35 365 78 90 
2 9 422 0 421 356 35 367 78 90 
2 9 422 0 421 357 33 367 78 90 
2 9 422 0 421 358 31 367 78 90 
2 9 422 0 421 359 31 369 78 90 
2 9 422 0 421 360 29 369 78 90 
2 9 422 0 421 361 28 369 78 90 
2 9 422 0 421 362 26 369 78 91 
2 9 422 0 421 363 24 369 78 91 
2 9 422 0 421 364 22 369 78 91 
2 9 422 0 421 365 22 369 78 91 
2 9 422 0 421 366 20 369 80 91 
2 9 422 0 421 367 19 369 78 91 
2 9 422 0 421 368 19 371 78 91 
2 9 422 0 421 369 17 371 78 91 
2 9 422 0 421 370 17 371 78 91 
2 9 422 0 421 371 15 371 78 91 
2 9 422 0 421 372 15 371 78 91 
2 9 422 0 421 373 13 371 78 91 
2 9 422 0 421 374 13 374 78 90 
2 9 422 0 421 375 12 374 78 90 
2 9 422 0 421 376 10 374 78 90 
2 9 422 0 421 377 8 374 78 90 
2 9 422 0 421 378 6 374 78 90 
2 9 422 0 421 379 4 374 80 90 
2 9 422 0 421 380 3 374 78 90 
2 9 422 0 421 381 1 374 78 90 
2 9 422 0 421 382 0 374 77 90 
2 9 422 0 421 383 0 374 75 90 
2 9 422 0 421 384 0 374 74 90 
2 9 422 0 421 385 0 374 74 90 
2 9 422 0 421 386 0 374 72 90 
2 9 422 0 421 387 0 374 70 90 
2 9 422 0 421 388 0 374 68 90 
2 9 422 0 421 389 0 376 68 90 
2 9 422 0 421 390 0 376 68 90 
2 9 422 0 421 391 0 376 68 90 
2 9 422 0 421 392 0 376 65 90 
2 9 422 0 421 393 0 376 65 91 
2 9 422 0 421 394 0 376 63 91 
2 9 422 0 421 395 0 376 61 91 
2 9 422 0 421 396 0 376 59 91 
2 9 422 0 421 397 0 378 59 91 
2 9 422 0 421 398 0 378 58 91 
2 9 422 0 421 399 0 378 55 91 
2 9 422 0 421 400 0 378 52 91 
2 9 422 0 421 401 0 378 52 91 
2 9 422 0 421 402 0 378 49 91 
2 9 422 0 421 403 0 378 48 91 
2 9 422 0 421 404 0 378 45 91 
2 9 422 0 421 405 0 378 45 91 
2 9 422 0 421 406 0 378 42 91 
2 9 422 0 421 407 0 378 39 91 
2 9 422 0 421 408 0 378 39 91 
2 9 422 0 421 409 0 376 34 91 
2 9 422 0 421 410 0 376 28 91 
2 9 422 0 421 411 0 376 24 91 
2 9 422 0 421 412 0 376 21 91 
2 9 422 0 421 413 0 378 18 91 
2 9 422 0 421 414 0 378 18 91 
2 9 422 0 421 415 0 378 18 91 
2 9 422 0 421 416 0 378 18 91 
2 9 422 0 421 417 0 378 18 91 
2 9 422 0 421 418 0 378 18 91 
2 9 422 0 421 419 0 378 18 91 
2 9 422 0 421 420 0 378 18 91 
2 9 422 0 421 421 0 378 18 91 
3 9 609 0 608 0 737 308 50 72 
3 9 609 0 608 1 735 308 50 72 
3 9 609 0 608 2 735 308 50 72 
3 9 609 0 608 3 733 308 50 72 
3 9 609 0 608 4 733 308 50 72 
3 9 609 0 608 5 731 308 50 72 
3 9 609 0 608 6 731 308 50 72 
3 9 609 0 608 7 730 308 50 72 
3 9 609 0 608 8 730 308 50 72 
3 9 609 0 608 9 728 307 50 73 
3 9 609 0 608 10 728 309 50 72 
3 9 609 0 608 11 728 309 50 72 
3 9 609 0 608 12 726 309 50 72 
3 9 609 0 608 13 726 309 50 72 
3 9 609 0 608 14 724 309 50 72 
3 9 609 0 608 15 724 309 50 72 
3 9 609 0 608 16 724 309 48 72 
3 9 609 0 608 17 724 309 48 72 
3 9 609 0 608 18 721 308 50 75 
3 9 609 0 608 19 721 308 50 75 
3 9 609 0 608 20 721 311 50 72 
3 9 609 0 608 21 719 311 50 72 
3 9 609 0 608 22 719 311 50 72 
3 9 609 0 608 23 717 311 50 72 
3 9 609 0 608 24 717 311 50 72 
3 9 609 0 608 25 715 311 50 72 
3 9 609 0 608 26 715 310 50 75 
3 9 609 0 608 27 714 310 50 75 
3 9 609 0 608 28 714 310 50 75 
3 9 609 0 608 29 712 310 50 75 
3 9 609 0 608 30 712 313 50 72 
3 9 609 0 608 31 712 313 50 72 
3 9 609 0 608 32 710 313 50 72 
3 9 609 0 608 33 710 313 50 72 
3 9 609 0 608 34 708 313 50 72 
3 9 609 0 608 35 708 312 50 75 
3 9 609 0 608 36 708 312 48 75 
3 9 609 0 608 37 708 312 48 75 
3 9 609 0 608 38 705 312 50 75 
3 9 609 0 608 39 705 312 50 75 
3 9 609 0 608 40 705 315 50 72 
3 9 609 0 608 41 703 315 50 72 
3 9 609 0 608 42 703 315 50 72 
3 9 609 0 608 43 701 314 50 73 
3 9 609 0 608 44 701 314 50 73 
3 9 609 0 608 45 699 314 50 73 
3 9 609 0 608 46 699 314 50 73 
3 9 609 0 608 47 698 314 50 73 
3 9 609 0 608 48 698 314 50 73 
3 9 609 0 608 49 696 314 50 73 
3 9 609 0 608 50 696 316 50 72 
3 9 609 0 608 51 696 316 50 72 
3 9 609 0 608 52 694 315 50 75 
3 9 609 0 608 53 694 315 50 75 
3 9 609 0 608 54 692 315 50 75 
3 9 609 0 608 55 692 315 50 75 
3 9 609 0 608 56 692 315 48 75 
3 9 609 0 608 57 692 315 48 75 
3 9 609 0 608 58 689 315 50 75 
3 9 609 0 608 59 689 315 50 75 
3 9 609 0 608 60 689 317 50 75 
3 9 609 0 608 61 687 317 50 75 
3 9 609 0 608 62 687 317 50 75 
3 9 609 0 608 63 685 317 50 75 
3 9 609 0 608 64 685 317 50 75 
3 9 609 0 608 65 683 317 50 75 
3 9 609 0 608 66 683 317 50 75 
3 9 609 0 608 67 682 317 50 75 
3 9 609 0 608 68 682 317 50 75 
3 9 609 0 608 69 680 317 50 75 
3 9 609 0 608 70 680 317 50 75 
3 9 609 0 608 71 678 317 50 75 
3 9 609 0 608 72 678 317 50 78 
3 9 609 0 608 73 676 317 50 78 
3 9 609 0 608 74 676 317 50 78 
3 9 609 0 608 75 675 317 52 78 
3 9 609 0 608 76 676 317 48 78 
3 9 609 0 608 77 673 317 52 78 
3 9 609 0 608 78 673 317 50 78 
3 9 609 0 608 79 670 317 54 78 
3 9 609 0 608 80 671 317 50 78 
3 9 609 0 608 81 668 317 54 78 
3 9 609 0 608 82 669 317 50 78 
3 9 609 0 608 83 666 317 54 78 
3 9 609 0 608 84 667 319 50 78 
3 9 609 0 608 85 667 319 50 78 
3 9 609 0 608 86 666 319 50 78 
3 9 609 0 608 87 666 319 50 78 
3 9 609 0 608 88 664 319 50 78 
3 9 609 0 608 89 664 319 50 78 
3 9 609 0 608 90 661 319 54 78 
3 9 609 0 608 91 662 319 50 78 
3 9 609 0 608 92 659 319 54 78 
3 9 609 0 608 93 660 319 50 78 
3 9 609 0 608 94 659 319 52 78 
3 9 609 0 608 95 660 319 48 78 
3 9 609 0 608 96 657 318 52 79 
3 9 609 0 608 97 657 318 50 79 
3 9 609 0 608 98 654 318 54 79 
3 9 609 0 608 99 655 318 50 79 
3 9 609 0 608 100 652 318 54 79 
3 9 609 0 608 101 653 318 50 79 
3 9 609 0 608 102 650 318 54 79 
3 9 609 0 608 103 650 318 54 79 
3 9 609 0 608 104 650 318 52 79 
3 9 609 0 608 105 650 318 52 79 
3 9 609 0 608 106 647 318 54 79 
3 9 609 0 608 107 647 318 54 79 
3 9 609 0 608 108 648 320 50 79 
3 9 609 0 608 109 645 320 54 79 
3 9 609 0 608 110 646 320 50 79 
3 9 609 0 608 111 643 320 54 79 
3 9 609 0 608 112 644 320 50 79 
3 9 609 0 608 113 643 320 52 79 
3 9 609 0 608 114 644 320 48 79 
3 9 609 0 608 115 641 320 52 79 
3 9 609 0 608 116 641 320 50 79 
3 9 609 0 608 117 638 320 54 79 
3 9 609 0 608 118 638 320 54 79 
3 9 609 0 608 119 636 320 54 79 
3 9 609 0 608 120 636 320 54 82 
3 9 609 0 608 121 634 320 54 82 
3 9 609 0 608 122 634 320 54 82 
3 9 609 0 608 123 634 320 52 82 
3 9 609 0 608 124 634 320 52 82 
3 9 609 0 608 125 631 320 54 82 
3 9 609 0 608 126 631 320 54 82 
3 9 609 0 608 127 629 320 54 82 
3 9 609 0 608 128 629 320 54 82 
3 9 609 0 608 129 627 320 54 82 
3 9 609 0 608 130 627 320 54 82 
3 9 609 0 608 131 627 322 54 82 
3 9 609 0 608 132 627 322 52 82 
3 9 609 0 608 133 625 322 52 82 
3 9 609 0 608 134 625 322 52 82 
3 9 609 0 608 135 622 322 54 82 
3 9 609 0 608 136 622 322 54 82 
3 9 609 0 608 137 620 322 54 82 
3 9 609 0 608 138 620 322 54 82 
3 9 609 0 608 139 618 322 54 82 
3 9 609 0 608 140 618 322 54 82 
3 9 609 0 608 141 618 322 52 82 
3 9 609 0 608 142 618 322 52 82 
3 9 609 0 608 143 615 322 54 82 
3 9 609 0 608 144 615 322 54 82 
3 9 609 0 608 145 613 322 54 82 
3 9 609 0 608 146 611 322 54 82 
3 9 609 0 608 147 611 322 54 82 
3 9 609 0 608 148 611 322 52 82 
3 9 609 0 608 149 611 322 52 82 
3 9 609 0 608 150 609 322 52 82 
3 9 609 0 608 151 609 323 52 82 
3 9 609 0 608 152 606 323 54 82 
3 9 609 0 608 153 606 323 54 82 
3 9 609 0 608 154 604 323 54 82 
3 9 609 0 608 155 604 323 54 82 
3 9 609 0 608 156 602 323 54 82 
3 9 609 0 608 157 602 323 54 82 
3 9 609 0 608 158 602 323 52 82 
3 9 609 0 608 159 599 323 54 82 
3 9 609 0 608 160 599 323 54 82 
3 9 609 0 608 161 597 323 54 82 
3 9 609 0 608 162 597 323 54 82 
3 9 609 0 608 163 595 323 54 82 
3 9 609 0 608 164 595 323 54 82 
3 9 609 0 608 165 595 323 52 82 
3 9 609 0 608 166 595 323 52 82 
3 9 609 0 608 167 593 323 52 82 
3 9 609 0 608 168 593 323 52 82 
3 9 609 0 608 169 590 323 54 82 
3 9 609 0 608 170 590 323 54 82 
3 9 609 0 608 171 588 325 54 82 
3 9 609 0 608 172 586 325 54 82 
3 9 609 0 608 173 586 325 54 82 
3 9 609 0 608 174 586 325 52 82 
3 9 609 0 608 175 586 325 52 82 
3 9 609 0 608 176 583 325 54 82 
3 9 609 0 608 177 583 325 54 82 
3 9 609 0 608 178 581 325 54 82 
3 9 609 0 608 179 581 325 54 82 
3 9 609 0 608 180 579 325 54 82 
3 9 609 0 608 181 579 325 54 82 
3 9 609 0 608 182 579 325 52 82 
3 9 609 0 608 183 579 325 52 82 
3 9 609 0 608 184 577 325 52 82 
3 9 609 0 608 185 574 325 54 82 
3 9 609 0 608 186 574 325 54 82 
3 9 609 0 608 187 572 325 54 82 
3 9 609 0 608 188 572 325 54 82 
3 9 609 0 608 189 570 325 54 82 
3 9 609 0 608 190 570 325 54 82 
3 9 609 0 608 191 570 327 52 82 
3 9 609 0 608 192 570 327 52 82 
3 9 609 0 608 193 567 327 54 82 
3 9 609 0 608 194 567 327 54 82 
3 9 609 0 608 195 565 327 54 82 
3 9 609 0 608 196 565 327 54 82 
3 9 609 0 608 197 563 327 54 82 
3 9 609 0 608 198 563 327 52 82 
3 9 609 0 608 199 563 327 52 82 
3 9 609 0 608 200 561 327 52 82 
3 9 609 0 608 201 561 327 52 82 
3 9 609 0 608 202 558 327 54 82 
3 9 609 0 608 203 558 327 54 82 
3 9 609 0 608 204 556 327 54 82 
3 9 609 0 608 205 556 327 54 82 
3 9 609 0 608 206 554 327 54 82 
3 9 609 0 608 207 554 327 54 82 
3 9 609 0 608 208 554 327 52 82 
3 9 609 0 608 209 554 327 52 82 
3 9 609 0 608 210 551 327 54 82 
3 9 609 0 608 211 551 329 54 82 
3 9 609 0 608 212 549 329 54 82 
3 9 609 0 608 213 547 329 54 82 
3 9 609 0 608 214 547 329 54 82 
3 9 609 0 608 215 547 329 52 82 
3 9 609 0 608 216 547 329 52 82 
3 9 609 0 608 217 545 329 52 82 
3 9 609 0 608 218 542 329 54 82 
3 9 609 0 608 219 542 329 54 82 
3 9 609 0 608 220 540 329 54 82 
3 9 609 0 608 221 540 329 54 82 
3 9 609 0 608 222 538 330 54 84 
3 9 609 0 608 223 538 330 52 84 
3 9 609 0 608 224 538 330 52 84 
3 9 609 0 608 225 535 330 54 84 
3 9 609 0 608 226 535 330 54 84 
3 9 609 0 608 227 533 330 54 84 
3 9 609 0 608 228 531 330 54 84 
3 9 609 0 608 229 531 330 54 84 
3 9 609 0 608 230 531 330 52 84 
3 9 609 0 608 231 531 330 52 84 
3 9 609 0 608 232 529 330 52 84 
3 9 609 0 608 233 526 332 54 82 
3 9 609 0 608 234 526 332 54 82 
3 9 609 0 608 235 524 332 54 82 
3 9 609 0 608 236 524 332 54 82 
3 9 609 0 608 237 522 332 54 82 
3 9 609 0 608 238 522 332 52 82 
3 9 609 0 608 239 522 332 52 82 
3 9 609 0 608 240 519 332 54 82 
3 9 609 0 608 241 519 332 54 82 
3 9 609 0 608 242 517 332 54 82 
3 9 609 0 608 243 517 334 54 82 
3 9 609 0 608 244 515 334 54 82 
3 9 609 0 608 245 515 334 52 82 
3 9 609 0 608 246 515 334 52 82 
3 9 609 0 608 247 513 334 52 82 
3 9 609 0 608 248 513 334 52 82 
3 9 609 0 608 249 510 334 54 82 
3 9 609 0 608 250 508 334 54 82 
3 9 609 0 608 251 508 334 54 82 
3 9 609 0 608 252 506 334 54 82 
3 9 609 0 608 253 506 334 54 82 
3 9 609 0 608 254 506 336 52 82 
3 9 609 0 608 255 503 336 54 82 
3 9 609 0 608 256 503 336 54 82 
3 9 609 0 608 257 501 336 54 82 
3 9 609 0 608 258 501 336 54 82 
3 9 609 0 608 259 499 336 54 82 
3 9 609 0 608 260 499 336 52 82 
3 9 609 0 608 261 499 336 52 82 
3 9 609 0 608 262 497 336 52 82 
3 9 609 0 608 263 497 336 52 82 
3 9 609 0 608 264 494 336 54 82 
3 9 609 0 608 265 492 338 54 82 
3 9 609 0 608 266 492 338 54 82 
3 9 609 0 608 267 490 338 54 82 
3 9 609 0 608 268 490 338 54 82 
3 9 609 0 608 269 490 338 52 82 
3 9 609 0 608 270 487 338 54 82 
3 9 609 0 608 271 487 338 54 82 
3 9 609 0 608 272 485 338 54 82 
3 9 609 0 608 273 485 338 54 82 
3 9 609 0 608 274 483 338 54 82 
3 9 609 0 608 275 483 339 54 82 
3 9 609 0 608 276 483 339 52 82 
3 9 609 0 608 277 481 339 52 82 
3 9 609 0 608 278 481 339 52 82 
3 9 609 0 608 279 478 339 54 82 
3 9 609 0 608 280 475 339 58 82 
3 9 609 0 608 281 476 339 54 82 
3 9 609 0 608 282 474 339 54 82 
3 9 609 0 608 283 473 339 56 82 
3 9 609 0 608 284 474 339 52 82 
3 9 609 0 608 285 471 339 56 82 
3 9 609 0 608 286 468 339 58 82 
3 9 609 0 608 287 469 339 54 82 
3 9 609 0 608 288 466 338 58 85 
3 9 609 0 608 289 467 338 54 85 
3 9 609 0 608 290 466 338 56 85 
3 9 609 0 608 291 464 338 56 85 
3 9 609 0 608 292 465 338 52 85 
3 9 609 0 608 293 462 338 56 85 
3 9 609 0 608 294 459 338 58 85 
3 9 609 0 608 295 459 338 58 85 
3 9 609 0 608 296 457 338 58 85 
3 9 609 0 608 297 457 338 56 85 
3 9 609 0 608 298 457 338 56 85 
3 9 609 0 608 299 455 338 56 85 
3 9 609 0 608 300 455 340 56 85 
3 9 609 0 608 301 449 340 64 88 
3 9 609 0 608 302 446 339 70 91 
3 9 609 0 608 303 442 339 78 96 
3 9 609 0 608 304 440 339 78 96 
3 9 609 0 608 305 438 339 78 96 
3 9 609 0 608 306 438 339 78 96 
3 9 609 0 608 307 436 337 80 96 
3 9 609 0 608 308 435 337 78 96 
3 9 609 0 608 309 435 337 78 96 
3 9 609 0 608 310 433 336 78 96 
3 9 609 0 608 311 431 334 78 96 
3 9 609 0 608 312 429 332 78 96 
3 9 609 0 608 313 428 334 78 96 
3 9 609 0 608 314 428 336 78 96 
3 9 609 0 608 315 428 337 78 96 
3 9 609 0 608 316 428 337 78 96 
3 9 609 0 608 317 428 339 78 93 
3 9 609 0 608 318 428 342 78 90 
3 9 609 0 608 319 426 342 78 90 
3 9 609 0 608 320 424 342 78 90 
3 9 609 0 608 321 422 342 78 90 
3 9 609 0 608 322 420 342 80 90 
3 9 609 0 608 323 419 342 78 90 
3 9 609 0 608 324 419 342 78 90 
3 9 609 0 608 325 417 342 78 90 
3 9 609 0 608 326 415 342 78 90 
3 9 609 0 608 327 415 342 78 90 
3 9 609 0 608 328 413 342 78 90 
3 9 609 0 608 329 412 342 78 90 
3 9 609 0 608 330 412 342 78 90 
3 9 609 0 608 331 410 342 78 90 
3 9 609 0 608 332 410 342 78 90 
3 9 609 0 608 333 410 342 78 90 
3 9 609 0 608 334 408 342 78 90 
3 9 609 0 608 335 406 342 78 90 
3 9 609 0 608 336 404 342 80 90 
3 9 609 0 608 337 403 342 78 90 
3 9 609 0 608 338 403 342 78 90 
3 9 609 0 608 339 401 342 78 90 
3 9 609 0 608 340 401 342 78 90 
3 9 609 0 608 341 399 344 78 90 
3 9 609 0 608 342 399 344 78 90 
3 9 609 0 608 343 397 344 78 90 
3 9 609 0 608 344 397 344 78 91 
3 9 609 0 608 345 396 344 78 90 
3 9 609 0 608 346 396 344 78 90 
3 9 609 0 608 347 396 344 78 90 
3 9 609 0 608 348 394 344 78 90 
3 9 609 0 608 349 394 344 78 90 
3 9 609 0 608 350 394 344 78 90 
3 9 609 0 608 351 392 344 78 90 
3 9 609 0 608 352 392 344 78 90 
3 9 609 0 608 353 392 344 78 90 
3 9 609 0 608 354 390 344 78 90 
3 9 609 0 608 355 388 344 80 90 
3 9 609 0 608 356 388 344 80 91 
3 9 609 0 608 357 387 344 78 91 
3 9 609 0 608 358 387 344 78 91 
3 9 609 0 608 359 387 344 78 91 
3 9 609 0 608 360 385 344 78 91 
3 9 609 0 608 361 385 344 78 91 
3 9 609 0 608 362 385 344 78 91 
3 9 609 0 608 363 383 344 78 91 
3 9 609 0 608 364 383 344 78 91 
3 9 609 0 608 365 383 344 78 91 
3 9 609 0 608 366 381 344 78 91 
3 9 609 0 608 367 381 344 78 91 
3 9 609 0 608 368 381 344 78 91 
3 9 609 0 608 369 380 344 78 91 
3 9 609 0 608 370 378 344 78 91 
3 9 609 0 608 371 378 346 78 91 
3 9 609 0 608 372 376 346 78 91 
3 9 609 0 608 373 374 346 78 91 
3 9 609 0 608 374 374 349 78 90 
3 9 609 0 608 375 372 349 80 90 
3 9 609 0 608 376 371 349 78 90 
3 9 609 0 608 377 369 349 78 90 
3 9 609 0 608 378 369 349 78 90 
3 9 609 0 608 379 367 349 78 90 
3 9 609 0 608 380 367 349 78 90 
3 9 609 0 608 381 367 349 78 90 
3 9 609 0 608 382 365 349 78 90 
3 9 609 0 608 383 364 349 78 90 
3 9 609 0 608 384 362 349 78 90 
3 9 609 0 608 385 362 349 78 90 
3 9 609 0 608 386 360 349 78 90 
3 9 609 0 608 387 360 349 78 90 
3 9 609 0 608 388 358 349 78 90 
3 9 609 0 608 389 358 351 78 90 
3 9 609 0 608 390 356 351 80 90 
3 9 609 0 608 391 356 351 80 90 
3 9 609 0 608 392 355 351 78 90 
3 9 609 0 608 393 355 353 78 90 
3 9 609 0 608 394 351 353 78 90 
3 9 609 0 608 395 349 353 78 90 
3 9 609 0 608 396 348 353 78 90 
3 9 609 0 608 397 346 353 78 90 
3 9 609 0 608 398 344 353 78 90 
3 9 609 0 608 399 344 353 78 90 
3 9 609 0 608 400 342 353 78 90 
3 9 609 0 608 401 342 353 78 91 
3 9 609 0 608 402 340 353 80 91 
3 9 609 0 608 403 339 353 78 91 
3 9 609 0 608 404 337 353 78 91 
3 9 609 0 608 405 337 353 78 91 
3 9 609 0 608 406 335 353 78 91 
3 9 609 0 608 407 333 353 78 91 
3 9 609 0 608 408 332 353 78 91 
3 9 609 0 608 409 330 353 78 90 
3 9 609 0 608 410 328 353 78 90 
3 9 609 0 608 411 326 353 78 90 
3 9 609 0 608 412 326 353 78 90 
3 9 609 0 608 413 324 353 80 90 
3 9 609 0 608 414 323 353 78 90 
3 9 609 0 608 415 323 353 78 90 
3 9 609 0 608 416 321 353 78 90 
3 9 609 0 608 417 319 353 78 90 
3 9 609 0 608 418 319 353 78 90 
3 9 609 0 608 419 317 353 78 90 
3 9 609 0 608 420 317 353 78 90 
3 9 609 0 608 421 316 353 78 90 
3 9 609 0 608 422 316 353 78 90 
3 9 609 0 608 423 314 353 78 90 
3 9 609 0 608 424 312 353 78 90 
3 9 609 0 608 425 310 353 78 90 
3 9 609 0 608 426 308 353 80 91 
3 9 609 0 608 427 307 353 78 91 
3 9 609 0 608 428 305 353 78 91 
3 9 609 0 608 429 305 353 78 91 
3 9 609 0 608 430 303 353 78 91 
3 9 609 0 608 431 303 353 78 91 
3 9 609 0 608 432 301 353 78 91 
3 9 609 0 608 433 300 353 78 91 
3 9 609 0 608 434 298 353 78 91 
3 9 609 0 608 435 296 353 78 91 
3 9 609 0 608 436 296 353 78 91 
3 9 609 0 608 437 294 353 78 91 
3 9 609 0 608 438 294 353 78 91 
3 9 609 0 608 439 292 353 80 91 
3 9 609 0 608 440 292 353 80 91 
3 9 609 0 608 441 292 353 80 91 
3 9 609 0 608 442 289 353 78 91 
3 9 609 0 608 443 287 353 78 91 
3 9 609 0 608 444 285 353 78 91 
3 9 609 0 608 445 284 353 78 91 
3 9 609 0 608 446 282 355 78 91 
3 9 609 0 608 447 280 355 78 91 
3 9 609 0 608 448 280 355 78 91 
3 9 609 0 608 449 278 355 78 91 
3 9 609 0 608 450 278 355 78 91 
3 9 609 0 608 451 276 355 80 91 
3 9 609 0 608 452 275 355 78 91 
3 9 609 0 608 453 273 355 78 91 
3 9 609 0 608 454 271 355 78 91 
3 9 609 0 608 455 271 358 78 90 
3 9 609 0 608 456 269 355 78 91 
3 9 609 0 608 457 268 355 78 91 
3 9 609 0 608 458 266 353 78 91 
3 9 609 0 608 459 264 353 78 91 
3 9 609 0 608 460 264 353 78 91 
3 9 609 0 608 461 262 353 78 91 
3 9 609 0 608 462 260 353 80 91 
3 9 609 0 608 463 260 355 80 91 
3 9 609 0 608 464 259 355 78 91 
3 9 609 0 608 465 259 358 78 90 
3 9 609 0 608 466 257 358 78 90 
3 9 609 0 608 467 257 358 78 90 
3 9 609 0 608 468 255 358 78 90 
3 9 609 0 608 469 255 358 78 90 
3 9 609 0 608 470 253 358 78 90 
3 9 609 0 608 471 253 358 78 90 
3 9 609 0 608 472 252 358 78 90 
3 9 609 0 608 473 250 358 78 90 
3 9 609 0 608 474 248 358 78 90 
3 9 609 0 608 475 246 358 78 90 
3 9 609 0 608 476 246 358 78 90 
3 9 609 0 608 477 244 358 80 90 
3 9 609 0 608 478 243 358 78 90 
3 9 609 0 608 479 241 358 78 90 
3 9 609 0 608 480 241 358 78 90 
3 9 609 0 608 481 239 358 78 90 
3 9 609 0 608 482 239 358 78 90 
3 9 609 0 608 483 237 358 78 90 
3 9 609 0 608 484 237 360 78 90 
3 9 609 0 608 485 236 360 78 90 
3 9 609 0 608 486 234 360 78 90 
3 9 609 0 608 487 234 360 78 90 
3 9 609 0 608 488 232 360 78 90 
3 9 609 0 608 489 232 360 78 90 
3 9 609 0 608 490 230 360 78 90 
3 9 609 0 608 491 230 360 78 90 
3 9 609 0 608 492 230 360 78 90 
3 9 609 0 608 493 228 360 80 90 
3 9 609 0 608 494 228 360 80 90 
3 9 609 0 608 495 228 360 80 90 
3 9 609 0 608 496 228 360 80 91 
3 9 609 0 608 497 227 360 78 91 
3 9 609 0 608 498 227 360 78 91 
3 9 609 0 608 499 227 360 78 91 
3 9 609 0 608 500 227 360 78 91 
3 9 609 0 608 501 227 360 78 91 
3 9 609 0 608 502 227 360 78 91 
3 9 609 0 608 503 227 360 78 91 
3 9 609 0 608 504 227 360 78 91 
3 9 609 0 608 505 225 360 78 91 
3 9 609 0 608 506 225 360 78 91 
3 9 609 0 608 507 225 360 78 91 
3 9 609 0 608 508 225 360 78 91 
3 9 609 0 608 509 225 360 78 91 
3 9 609 0 608 510 225 360 78 91 
3 9 609 0 608 511 225 360 78 91 
3 9 609 0 608 512 225 360 78 91 
3 9 609 0 608 513 225 360 78 91 
3 9 609 0 608 514 223 360 78 91 
3 9 609 0 608 515 223 360 78 91 
3 9 609 0 608 516 223 360 78 91 
3 9 609 0 608 517 223 360 78 91 
3 9 609 0 608 518 223 360 78 91 
3 9 609 0 608 519 223 360 78 91 
3 9 609 0 608 520 223 360 78 91 
3 9 609 0 608 521 223 360 78 91 
3 9 609 0 608 522 223 360 78 91 
3 9 609 0 608 523 221 360 78 91 
3 9 609 0 608 524 221 360 78 91 
3 9 609 0 608 525 221 360 78 91 
3 9 609 0 608 526 221 360 78 91 
3 9 609 0 608 527 221 360 78 91 
3 9 609 0 608 528 220 360 78 91 
3 9 609 0 608 529 220 360 78 91 
3 9 609 0 608 530 220 360 78 91 
3 9 609 0 608 531 220 360 78 91 
3 9 609 0 608 532 220 360 78 91 
3 9 609 0 608 533 220 362 78 91 
3 9 609 0 608 534 218 362 78 91 
3 9 609 0 608 535 218 362 78 91 
3 9 609 0 608 536 216 362 78 91 
3 9 609 0 608 537 216 362 78 91 
3 9 609 0 608 538 214 362 78 91 
3 9 609 0 608 539 214 362 78 91 
3 9 609 0 608 540 212 362 80 91 
3 9 609 0 608 541 212 362 80 91 
3 9 609 0 608 542 211 362 78 91 
3 9 609 0 608 543 211 362 78 91 
3 9 609 0 608 544 211 362 78 91 
3 9 609 0 608 545 211 362 78 91 
3 9 609 0 608 546 211 362 78 91 
3 9 609 0 608 547 211 362 78 91 
3 9 609 0 608 548 211 362 78 91 
3 9 609 0 608 549 211 362 78 91 
3 9 609 0 608 550 209 362 78 91 
3 9 609 0 608 551 209 362 78 91 
3 9 609 0 608 552 209 362 78 91 
3 9 609 0 608 553 209 362 78 91 
3 9 609 0 608 554 209 362 78 91 
3 9 609 0 608 555 209 362 78 91 
3 9 609 0 608 556 209 362 78 91 
3 9 609 0 608 557 209 362 78 91 
3 9 609 0 608 558 207 362 78 91 
3 9 609 0 608 559 207 362 78 91 
3 9 609 0 608 560 207 362 78 91 
3 9 609 0 608 561 207 362 78 91 
3 9 609 0 608 562 207 362 78 91 
3 9 609 0 608 563 207 362 78 91 
3 9 609 0 608 564 207 362 78 91 
3 9 609 0 608 565 207 362 78 91 
3 9 609 0 608 566 207 362 78 91 
3 9 609 0 608 567 205 362 78 91 
3 9 609 0 608 568 205 362 78 91 
3 9 609 0 608 569 204 362 78 91 
3 9 609 0 608 570 204 362 78 91 
3 9 609 0 608 571 204 362 78 91 
3 9 609 0 608 572 202 362 78 91 
3 9 609 0 608 573 202 362 78 91 
3 9 609 0 608 574 202 362 78 91 
3 9 609 0 608 575 200 362 78 91 
3 9 609 0 608 576 200 362 78 91 
3 9 609 0 608 577 198 362 78 91 
3 9 609 0 608 578 198 362 78 91 
3 9 609 0 608 579 196 362 80 91 
3 9 609 0 608 580 196 365 80 90 
3 9 609 0 608 581 195 365 78 90 
3 9 609 0 608 582 193 365 78 90 
3 9 609 0 608 583 191 365 78 90 
3 9 609 0 608 584 189 365 78 90 
3 9 609 0 608 585 189 367 78 90 
3 9 609 0 608 586 188 367 78 90 
3 9 609 0 608 587 186 367 78 90 
3 9 609 0 608 588 184 367 78 90 
3 9 609 0 608 589 184 367 78 90 
3 9 609 0 608 590 182 367 78 90 
3 9 609 0 608 591 182 367 78 90 
3 9 609 0 608 592 182 367 78 90 
3 9 609 0 608 593 182 369 78 90 
3 9 609 0 608 594 180 369 80 90 
3 9 609 0 608 595 179 369 78 90 
3 9 609 0 608 596 177 369 78 90 
3 9 609 0 608 597 177 369 78 91 
3 9 609 0 608 598 175 369 78 91 
3 9 609 0 608 599 173 369 78 91 
3 9 609 0 608 600 172 369 78 91 
3 9 609 0 608 601 173 368 74 93 
3 9 609 0 608 602 173 368 74 93 
3 9 609 0 608 603 174 368 70 93 
3 9 609 0 608 604 174 368 70 93 
3 9 609 0 608 605 175 368 66 93 
3 9 609 0 608 606 175 368 66 93 
3 9 609 0 608 607 176 368 64 93 
3 9 609 0 608 608 176 368 64 96 
