0 322 0 197 240 21 46 1
0 322 1 197 240 21 44 1
0 322 2 197 240 21 44 1
0 322 3 197 240 21 44 1
0 322 4 197 240 21 44 1
0 322 5 197 240 21 44 1
0 322 6 197 240 21 44 1
0 322 7 197 240 21 44 1
0 322 8 197 240 21 44 1
0 322 9 199 240 21 44 1
0 322 10 199 240 21 44 1
0 322 11 199 240 21 44 1
0 322 12 199 240 21 44 1
0 322 13 199 240 21 44 1
0 322 14 199 240 21 44 1
0 322 15 199 240 21 44 1
0 322 16 199 240 21 44 1
0 322 17 200 240 22 44 1
0 322 18 200 240 22 44 1
0 322 19 200 240 22 44 1
0 322 20 200 240 22 44 1
0 322 21 200 240 22 44 1
0 322 22 200 240 22 44 1
0 322 23 200 240 22 44 1
0 322 24 200 240 22 44 1
0 322 25 200 240 22 44 1
0 322 26 202 240 22 42 1
0 322 27 202 240 22 42 1
0 322 28 202 240 22 42 1
0 322 29 202 240 22 42 1
0 322 30 202 240 22 42 1
0 322 31 202 240 22 42 1
0 322 32 202 240 22 42 1
0 322 33 202 240 22 42 1
0 322 34 204 240 21 42 1
0 322 35 204 240 21 42 1
0 322 36 204 240 21 42 1
0 322 37 204 240 21 42 1
0 322 38 204 240 21 42 1
0 322 39 204 240 21 42 1
0 322 40 204 240 21 42 1
0 322 41 204 240 21 42 1
0 322 42 204 240 21 42 1
0 322 43 206 240 21 42 1
0 322 44 206 240 21 42 1
0 322 45 206 240 21 42 1
0 322 46 206 240 21 42 1
0 322 47 206 240 21 42 1
0 322 48 206 240 21 42 1
0 322 49 206 240 21 42 1
0 322 50 206 240 21 42 1
0 322 51 208 240 21 42 1
0 322 52 208 240 21 40 1
0 322 53 208 240 21 40 1
0 322 54 208 240 21 40 1
0 322 55 208 240 21 40 1
0 322 56 208 240 21 40 1
0 322 57 208 240 21 40 1
0 322 58 208 240 21 40 1
0 322 59 208 240 21 40 1
0 322 60 209 240 22 40 1
0 322 61 209 240 22 40 1
0 322 62 209 240 22 40 1
0 322 63 209 240 22 40 1
0 322 64 209 240 22 40 1
0 322 65 209 240 22 40 1
0 322 66 209 240 22 40 1
0 322 67 209 240 22 40 1
0 322 68 211 240 21 40 1
0 322 69 211 240 21 40 1
0 322 70 211 240 21 40 1
0 322 71 211 240 21 40 1
0 322 72 211 240 21 40 1
0 322 73 211 240 21 40 1
0 322 74 211 240 21 40 1
0 322 75 211 240 21 40 1
0 322 76 211 240 21 40 1
0 322 77 213 240 21 39 1
0 322 78 213 240 21 39 1
0 322 79 213 240 21 39 1
0 322 80 213 240 21 39 1
0 322 81 213 240 21 39 1
0 322 82 213 240 21 39 1
0 322 83 213 240 21 39 1
0 322 84 213 240 21 39 1
0 322 85 215 240 21 39 1
0 322 86 215 240 21 39 1
0 322 87 215 240 21 39 1
0 322 88 215 240 21 39 1
0 322 89 215 240 21 39 1
0 322 90 215 240 21 39 1
0 322 91 215 240 21 39 1
0 322 92 215 240 21 39 1
0 322 93 215 240 21 39 1
0 322 94 216 240 22 39 1
0 322 95 216 240 22 39 1
0 322 96 216 240 22 39 1
0 322 97 216 240 22 39 1
0 322 98 216 240 22 39 1
0 322 99 216 240 22 39 1
0 322 100 216 240 22 39 1
0 322 101 216 240 22 39 1
0 322 102 218 240 22 39 1
0 322 103 218 240 22 39 1
0 322 104 218 240 22 39 1
0 322 105 218 240 22 39 1
0 322 106 218 240 22 39 1
0 322 107 218 240 22 39 1
0 322 108 218 240 22 39 1
0 322 109 218 240 22 39 1
0 322 110 218 240 22 39 1
0 322 111 218 240 22 39 1
0 322 112 218 240 22 39 1
0 322 113 218 240 22 39 1
0 322 114 218 240 22 39 1
0 322 115 218 240 22 39 1
0 322 116 218 240 22 39 1
0 322 117 218 240 22 39 1
0 322 118 218 240 22 39 1
0 322 119 218 240 22 39 1
0 322 120 218 240 22 39 1
0 322 121 218 240 22 39 1
0 322 122 218 240 22 39 1
0 322 123 218 240 22 39 1
0 322 124 218 240 22 39 1
0 322 125 218 240 22 39 1
0 322 126 218 240 22 39 1
0 322 127 218 240 22 39 1
0 322 128 218 240 22 39 1
0 322 129 218 240 22 39 1
0 322 130 218 240 22 39 1
0 322 131 218 240 22 39 1
0 322 132 218 240 22 39 1
0 322 133 216 238 22 39 1
0 322 134 216 238 22 39 1
0 322 135 216 238 22 39 1
0 322 136 216 238 22 39 1
0 322 137 216 238 22 39 1
0 322 138 216 238 22 39 1
0 322 139 216 238 22 39 1
0 322 140 216 238 22 39 1
0 322 141 216 238 22 39 1
0 322 142 216 238 22 39 1
0 322 143 216 238 22 39 1
0 322 144 216 238 22 39 1
0 322 145 216 238 22 39 1
0 322 146 216 238 22 39 1
0 322 147 216 238 22 39 1
0 322 148 216 238 22 39 1
0 322 149 216 238 22 39 1
0 322 150 216 238 22 39 1
0 322 151 216 238 22 39 1
0 322 152 216 238 22 39 1
0 322 153 216 238 22 39 1
0 322 154 216 238 22 39 1
0 322 155 216 238 22 39 1
0 322 156 216 238 22 39 1
0 322 157 216 238 22 39 1
0 322 158 216 238 22 39 1
0 322 159 216 238 22 39 1
0 322 160 215 238 21 39 1
0 322 161 215 238 21 39 1
0 322 162 215 238 21 39 1
0 322 163 215 238 21 39 1
0 322 164 215 238 21 39 1
0 322 165 215 238 21 39 1
0 322 166 215 238 21 39 1
0 322 167 215 238 21 39 1
0 322 168 215 238 21 39 1
0 322 169 215 238 21 39 1
0 322 170 215 236 21 39 1
0 322 171 215 236 21 39 1
0 322 172 215 236 21 39 1
0 322 173 215 236 21 39 1
0 322 174 215 236 21 39 1
0 322 175 215 236 21 39 1
0 322 176 215 236 21 39 1
0 322 177 215 236 21 39 1
0 322 178 215 236 21 39 1
0 322 179 215 236 21 39 1
0 322 180 215 236 21 39 1
0 322 181 215 236 21 39 1
0 322 182 215 236 21 39 1
0 322 183 215 236 21 39 1
0 322 184 215 236 21 39 1
0 322 185 215 236 21 39 1
0 322 186 215 236 21 39 1
0 322 187 213 236 21 39 1
0 322 188 213 236 21 39 1
0 322 189 213 236 21 39 1
0 322 190 213 236 21 39 1
0 322 191 213 236 21 39 1
0 322 192 213 236 21 39 1
0 322 193 213 236 21 39 1
0 322 194 213 236 21 39 1
0 322 195 213 236 21 39 1
0 322 196 213 236 21 39 1
0 322 197 213 236 21 39 1
0 322 198 213 236 21 39 1
0 322 199 213 236 21 39 1
0 322 200 213 236 21 39 1
0 322 201 213 236 21 39 1
0 322 202 213 236 21 39 1
0 322 203 213 236 21 39 1
0 322 204 213 236 21 39 1
0 322 205 213 236 21 39 1
0 322 206 213 236 21 39 1
0 322 207 213 236 21 39 1
0 322 208 213 234 21 39 1
0 322 209 213 234 21 39 1
0 322 210 213 234 21 39 1
0 322 211 213 234 21 39 1
0 322 212 213 234 21 39 1
0 322 213 213 234 21 39 1
0 322 214 211 234 21 39 1
0 322 215 211 234 21 39 1
0 322 216 211 234 21 39 1
0 322 217 211 234 21 39 1
0 322 218 211 234 21 39 1
0 322 219 211 234 21 39 1
0 322 220 211 234 21 39 1
0 322 221 211 234 21 39 1
0 322 222 211 234 21 39 1
0 322 223 211 234 21 39 1
0 322 224 211 234 21 39 1
0 322 225 211 234 21 39 1
0 322 226 211 234 21 39 1
0 322 227 211 234 21 39 1
0 322 228 211 234 21 39 1
0 322 229 211 234 21 39 1
0 322 230 211 234 21 39 1
0 322 231 211 234 21 39 1
0 322 232 211 234 21 39 1
0 322 233 211 234 21 39 1
0 322 234 211 234 21 39 1
0 322 235 211 234 21 39 1
0 322 236 211 234 21 39 1
0 322 237 211 234 21 39 1
0 322 238 211 234 21 39 1
0 322 239 211 234 21 39 1
0 322 240 211 234 21 39 1
0 322 241 209 234 22 39 1
0 322 242 209 234 22 39 1
0 322 243 209 234 22 39 1
0 322 244 209 234 22 39 1
0 322 245 209 234 22 39 1
0 322 246 209 232 22 40 1
0 322 247 209 232 22 40 1
0 322 248 209 232 22 40 1
0 322 249 209 232 22 40 1
0 322 250 209 232 22 40 1
0 322 251 209 232 22 40 1
0 322 252 209 232 22 40 1
0 322 253 209 232 22 40 1
0 322 254 209 232 22 40 1
0 322 255 209 232 22 40 1
0 322 256 209 232 22 40 1
0 322 257 209 232 22 40 1
0 322 258 209 232 22 40 1
0 322 259 209 232 22 40 1
0 322 260 209 232 22 40 1
0 322 261 209 232 22 40 1
0 322 262 209 232 22 40 1
0 322 263 209 232 22 40 1
0 322 264 209 232 22 40 1
0 322 265 209 232 22 40 1
0 322 266 209 232 22 40 1
0 322 267 209 232 22 40 1
0 322 268 208 232 21 40 1
0 322 269 208 232 21 40 1
0 322 270 208 232 21 40 1
0 322 271 208 232 21 40 1
0 322 272 208 232 21 40 1
0 322 273 208 232 21 40 1
0 322 274 208 232 21 40 1
0 322 275 208 232 21 40 1
0 322 276 208 232 21 40 1
0 322 277 208 232 21 40 1
0 322 278 208 232 21 40 1
0 322 279 208 232 21 40 1
0 322 280 208 232 21 40 1
0 322 281 208 232 21 40 1
0 322 282 208 232 21 40 1
0 322 283 208 232 21 40 1
0 322 284 208 231 21 39 1
0 322 285 208 231 21 39 1
0 322 286 208 231 21 39 1
0 322 287 208 231 21 39 1
0 322 288 208 231 21 39 1
0 322 289 208 231 21 39 1
0 322 290 208 231 21 39 1
0 322 291 208 231 21 39 1
0 322 292 208 231 21 39 1
0 322 293 208 231 21 39 1
0 322 294 208 231 21 39 1
0 322 295 206 231 21 39 1
0 322 296 206 231 21 39 1
0 322 297 206 231 21 39 1
0 322 298 206 231 21 39 1
0 322 299 206 231 21 39 1
0 322 300 206 231 21 39 1
0 322 301 206 231 21 39 1
0 322 302 206 231 21 39 1
0 322 303 206 231 21 39 1
0 322 304 206 231 21 39 1
0 322 305 206 231 21 39 1
0 322 306 206 231 21 39 1
0 322 307 206 231 21 39 1
0 322 308 206 231 21 39 1
0 322 309 206 231 21 39 1
0 322 310 206 231 21 39 1
0 322 311 206 231 21 39 1
0 322 312 206 231 21 39 1
0 322 313 206 231 21 39 1
0 322 314 206 231 21 39 1
0 322 315 206 231 21 39 1
0 322 316 206 231 21 39 1
0 322 317 206 231 21 39 1
0 322 318 206 231 21 39 1
0 322 319 206 231 21 39 1
0 322 320 206 231 21 39 1
0 322 321 206 231 21 39 1
1 322 0 328 238 24 46 1
1 322 1 327 236 23 46 1
1 322 2 327 236 23 46 1
1 322 3 327 236 23 46 1
1 322 4 327 236 23 46 1
1 322 5 327 236 23 46 1
1 322 6 327 236 23 46 1
1 322 7 327 236 23 46 1
1 322 8 327 236 23 46 1
1 322 9 327 236 23 46 1
1 322 10 327 236 23 46 1
1 322 11 325 236 23 46 1
1 322 12 325 236 23 46 1
1 322 13 325 236 23 46 1
1 322 14 325 236 23 46 1
1 322 15 325 236 23 46 1
1 322 16 325 236 23 46 1
1 322 17 325 236 23 46 1
1 322 18 325 236 23 46 1
1 322 19 325 236 23 46 1
1 322 20 325 236 23 46 1
1 322 21 325 236 23 46 1
1 322 22 323 236 23 44 1
1 322 23 323 236 23 44 1
1 322 24 323 236 23 44 1
1 322 25 323 236 23 44 1
1 322 26 323 236 23 44 1
1 322 27 323 236 23 44 1
1 322 28 323 236 23 44 1
1 322 29 323 236 23 44 1
1 322 30 323 236 23 44 1
1 322 31 323 236 23 44 1
1 322 32 323 236 23 44 1
1 322 33 321 236 23 44 1
1 322 34 321 236 23 44 1
1 322 35 321 236 23 44 1
1 322 36 321 236 23 44 1
1 322 37 321 236 23 44 1
1 322 38 321 236 23 44 1
1 322 39 321 236 23 44 1
1 322 40 321 236 23 44 1
1 322 41 321 236 23 44 1
1 322 42 321 236 23 44 1
1 322 43 321 236 23 44 1
1 322 44 320 236 23 43 1
1 322 45 320 236 23 43 1
1 322 46 320 236 23 43 1
1 322 47 320 236 23 43 1
1 322 48 320 236 23 43 1
1 322 49 320 236 23 43 1
1 322 50 320 236 23 43 1
1 322 51 320 236 23 43 1
1 322 52 320 236 23 43 1
1 322 53 320 236 23 43 1
1 322 54 320 236 23 43 1
1 322 55 318 236 23 43 1
1 322 56 318 236 23 43 1
1 322 57 318 236 23 43 1
1 322 58 318 236 23 43 1
1 322 59 318 236 23 43 1
1 322 60 318 236 23 43 1
1 322 61 318 236 23 43 1
1 322 62 318 236 23 43 1
1 322 63 318 236 23 43 1
1 322 64 318 236 23 43 1
1 322 65 318 236 23 43 1
1 322 66 316 236 23 41 1
1 322 67 316 236 23 41 1
1 322 68 316 236 23 41 1
1 322 69 316 236 23 41 1
1 322 70 316 236 23 41 1
1 322 71 316 236 23 41 1
1 322 72 316 236 23 41 1
1 322 73 316 236 23 41 1
1 322 74 316 236 23 41 1
1 322 75 316 236 23 41 1
1 322 76 316 236 23 41 1
1 322 77 314 236 23 41 1
1 322 78 314 236 23 41 1
1 322 79 314 236 23 41 1
1 322 80 314 236 23 41 1
1 322 81 314 236 23 41 1
1 322 82 314 236 23 41 1
1 322 83 314 236 23 41 1
1 322 84 314 236 23 41 1
1 322 85 314 236 23 41 1
1 322 86 314 236 23 41 1
1 322 87 314 236 23 41 1
1 322 88 314 234 23 41 1
1 322 89 314 234 23 41 1
1 322 90 314 234 23 39 1
1 322 91 314 232 23 41 1
1 322 92 314 232 23 40 1
1 322 93 316 232 23 40 1
1 322 94 314 232 23 40 1
1 322 95 314 232 23 40 1
1 322 96 314 232 23 40 1
1 322 97 314 232 23 40 1
1 322 98 314 232 23 40 1
1 322 99 314 232 23 40 1
1 322 100 314 232 23 40 1
1 322 101 314 232 23 40 1
1 322 102 314 232 23 40 1
1 322 103 314 232 23 40 1
1 322 104 314 232 23 40 1
1 322 105 314 232 23 40 1
1 322 106 314 232 23 40 1
1 322 107 314 232 23 40 1
1 322 108 314 232 23 40 1
1 322 109 314 232 23 40 1
1 322 110 314 232 23 40 1
1 322 111 314 232 23 40 1
1 322 112 314 232 23 40 1
1 322 113 314 232 23 40 1
1 322 114 314 232 23 40 1
1 322 115 314 232 23 40 1
1 322 116 314 232 23 40 1
1 322 117 314 232 23 40 1
1 322 118 314 232 23 40 1
1 322 119 314 232 23 40 1
1 322 120 314 232 23 40 1
1 322 121 314 232 23 40 1
1 322 122 314 232 23 40 1
1 322 123 314 232 23 40 1
1 322 124 314 232 23 40 1
1 322 125 312 232 24 40 1
1 322 126 312 232 24 40 1
1 322 127 312 232 24 40 1
1 322 128 312 232 24 40 1
1 322 129 312 232 24 40 1
1 322 130 312 232 24 40 1
1 322 131 312 232 24 40 1
1 322 132 312 232 24 40 1
1 322 133 312 232 24 40 1
1 322 134 312 232 24 40 1
1 322 135 312 232 24 40 1
1 322 136 312 232 24 40 1
1 322 137 312 232 24 40 1
1 322 138 312 232 24 40 1
1 322 139 312 232 24 40 1
1 322 140 312 232 24 40 1
1 322 141 312 232 24 40 1
1 322 142 312 232 24 40 1
1 322 143 312 232 24 40 1
1 322 144 312 232 24 40 1
1 322 145 312 232 24 40 1
1 322 146 312 232 24 40 1
1 322 147 312 232 24 40 1
1 322 148 312 232 24 40 1
1 322 149 312 232 24 40 1
1 322 150 312 232 24 40 1
1 322 151 312 232 24 40 1
1 322 152 312 232 24 40 1
1 322 153 312 232 24 40 1
1 322 154 312 232 24 40 1
1 322 155 312 234 24 39 1
1 322 156 311 232 23 40 1
1 322 157 311 231 23 39 1
1 322 158 311 231 23 39 1
1 322 159 311 231 23 39 1
1 322 160 311 231 23 39 1
1 322 161 311 231 23 39 1
1 322 162 311 231 23 39 1
1 322 163 311 231 23 39 1
1 322 164 311 231 23 39 1
1 322 165 311 231 23 39 1
1 322 166 311 231 23 39 1
1 322 167 311 231 23 39 1
1 322 168 311 231 23 39 1
1 322 169 311 231 23 39 1
1 322 170 311 231 23 39 1
1 322 171 311 231 23 39 1
1 322 172 311 231 23 39 1
1 322 173 311 231 23 39 1
1 322 174 311 231 23 39 1
1 322 175 311 231 23 39 1
1 322 176 311 231 23 39 1
1 322 177 311 231 23 39 1
1 322 178 311 231 23 39 1
1 322 179 311 231 23 39 1
1 322 180 311 231 23 39 1
1 322 181 311 231 23 39 1
1 322 182 311 231 23 39 1
1 322 183 311 231 23 39 1
1 322 184 311 231 23 39 1
1 322 185 311 231 23 39 1
1 322 186 311 231 23 39 1
1 322 187 311 231 23 39 1
1 322 188 311 231 23 39 1
1 322 189 311 231 23 39 1
1 322 190 311 231 23 39 1
1 322 191 311 231 23 39 1
1 322 192 311 231 23 39 1
1 322 193 311 231 23 39 1
1 322 194 311 231 23 39 1
1 322 195 311 231 23 39 1
1 322 196 311 231 23 39 1
1 322 197 311 231 23 39 1
1 322 198 311 231 23 39 1
1 322 199 311 231 23 39 1
1 322 200 311 231 23 39 1
1 322 201 311 231 23 39 1
1 322 202 311 231 23 39 1
1 322 203 311 231 23 39 1
1 322 204 311 231 23 39 1
1 322 205 311 231 23 39 1
1 322 206 311 231 23 39 1
1 322 207 311 231 23 39 1
1 322 208 311 231 23 39 1
1 322 209 311 231 23 39 1
1 322 210 311 231 23 39 1
1 322 211 311 231 23 39 1
1 322 212 311 231 23 39 1
1 322 213 311 231 23 39 1
1 322 214 311 231 23 39 1
1 322 215 311 231 23 39 1
1 322 216 311 231 23 39 1
1 322 217 311 231 23 39 1
1 322 218 311 231 23 39 1
1 322 219 311 231 23 39 1
1 322 220 311 231 23 39 1
1 322 221 311 231 23 39 1
1 322 222 311 231 23 39 1
1 322 223 311 231 23 39 1
1 322 224 311 231 23 39 1
1 322 225 311 231 23 39 1
1 322 226 311 231 23 39 1
1 322 227 311 231 23 39 1
1 322 228 311 231 23 39 1
1 322 229 311 231 23 39 1
1 322 230 311 231 23 39 1
1 322 231 311 231 23 39 1
1 322 232 311 231 23 39 1
1 322 233 311 231 23 39 1
1 322 234 311 231 23 39 1
1 322 235 311 231 23 39 1
1 322 236 311 231 23 39 1
1 322 237 311 231 23 39 1
1 322 321 316 232 23 40 1
2 341 700 314 229 23 43 1
2 341 701 312 229 24 43 1
2 341 702 312 229 24 43 1
2 341 703 312 229 24 43 1
2 341 704 311 229 23 43 1
2 341 705 311 229 23 43 1
2 341 706 311 229 23 43 1
2 341 707 309 229 23 43 1
2 341 708 309 229 23 43 1
2 341 709 309 229 23 43 1
2 341 710 307 229 23 43 1
2 341 711 307 229 23 43 1
2 341 712 307 229 23 43 1
2 341 713 305 229 23 43 1
2 341 714 305 231 23 42 1
2 341 715 305 231 23 42 1
2 341 716 304 231 23 42 1
2 341 717 304 231 23 42 1
2 341 718 304 231 23 42 1
2 341 719 302 231 23 42 1
2 341 720 302 231 23 42 1
2 341 721 302 231 23 42 1
2 341 722 302 231 23 42 1
2 341 723 300 231 23 42 1
2 341 724 300 231 23 42 1
2 341 725 300 231 23 42 1
2 341 726 298 231 23 42 1
2 341 727 298 231 23 42 1
2 341 728 298 232 23 43 1
2 341 729 296 232 24 43 1
2 341 730 296 232 24 43 1
2 341 731 296 232 24 43 1
2 341 732 295 232 23 43 1
2 341 733 295 232 23 43 1
2 341 734 295 232 23 43 1
2 341 735 293 232 23 43 1
2 341 736 293 232 23 43 1
2 341 737 293 232 23 43 1
2 341 738 291 232 23 43 1
2 341 739 291 232 23 43 1
2 341 740 291 232 23 43 1
2 341 741 291 234 23 43 1
2 341 742 289 234 23 43 1
2 341 743 289 234 23 43 1
2 341 744 289 234 23 43 1
2 341 745 289 234 23 43 1
2 341 746 289 234 23 43 1
2 341 747 289 234 23 43 1
2 341 748 288 234 23 43 1
2 341 749 288 234 23 43 1
2 341 750 288 234 23 43 1
2 341 751 288 234 23 43 1
2 341 752 288 234 23 43 1
2 341 753 288 234 23 43 1
2 341 754 288 234 23 43 1
2 341 755 286 234 23 43 1
2 341 756 286 234 23 43 1
2 341 757 286 234 23 43 1
2 341 758 286 234 23 43 1
2 341 759 286 234 23 43 1
2 341 760 286 234 23 43 1
2 341 761 286 234 23 43 1
2 341 762 284 234 23 43 1
2 341 763 284 234 23 43 1
2 341 764 284 234 23 43 1
2 341 765 284 234 23 43 1
2 341 766 284 234 23 43 1
2 341 767 284 234 23 43 1
2 341 768 284 234 23 43 1
2 341 769 282 234 23 43 1
2 341 770 282 234 23 43 1
2 341 771 282 234 23 43 1
2 341 772 282 234 23 43 1
2 341 773 282 234 23 43 1
2 341 774 282 234 23 43 1
2 341 775 282 236 23 43 1
2 341 776 280 236 24 43 1
2 341 777 280 236 24 43 1
2 341 778 280 236 24 43 1
2 341 779 280 236 24 43 1
2 341 780 280 236 24 43 1
2 341 781 280 236 24 43 1
2 341 782 280 236 24 43 1
2 341 783 280 236 24 43 1
2 341 784 280 236 24 43 1
2 341 785 280 236 24 43 1
2 341 786 280 236 24 43 1
2 341 787 280 236 24 43 1
2 341 788 280 236 24 43 1
2 341 789 280 236 24 43 1
2 341 790 280 236 24 43 1
2 341 791 279 236 23 43 1
2 341 792 279 236 23 43 1
2 341 793 279 236 23 43 1
2 341 794 279 236 23 43 1
2 341 795 279 236 23 43 1
2 341 796 279 236 23 43 1
2 341 797 279 236 23 43 1
2 341 798 279 236 23 43 1
2 341 799 279 236 23 43 1
2 341 800 279 236 23 43 1
2 341 801 279 236 23 43 1
2 341 802 279 236 23 43 1
2 341 803 279 236 23 43 1
2 341 804 279 236 23 43 1
2 341 805 279 238 23 42 1
2 341 806 277 238 23 42 1
2 341 807 277 238 23 42 1
2 341 808 277 238 23 42 1
2 341 809 277 238 23 42 1
2 341 810 277 238 23 42 1
2 341 811 277 238 23 42 1
2 341 812 277 238 23 42 1
2 341 813 277 238 23 42 1
2 341 814 277 238 23 42 1
2 341 815 277 238 23 42 1
2 341 816 277 238 23 42 1
2 341 817 277 238 23 42 1
2 341 818 277 238 23 42 1
2 341 819 277 238 23 42 1
2 341 820 277 238 23 42 1
2 341 821 275 238 23 42 1
2 341 822 275 238 23 42 1
2 341 823 275 238 23 42 1
2 341 824 275 238 23 42 1
2 341 825 275 238 23 42 1
2 341 826 275 238 23 42 1
2 341 827 275 238 23 42 1
2 341 828 275 238 23 42 1
2 341 829 275 238 23 42 1
2 341 830 275 238 23 42 1
2 341 831 275 238 23 42 1
2 341 832 275 238 23 42 1
2 341 833 275 238 23 42 1
2 341 834 275 238 23 42 1
2 341 835 275 240 23 42 1
2 341 836 275 240 23 42 1
2 341 837 275 240 23 42 1
2 341 838 275 240 23 42 1
2 341 839 275 240 23 42 1
2 341 840 275 240 23 42 1
2 341 841 275 240 23 42 1
2 341 842 275 240 23 42 1
2 341 843 275 240 23 42 1
2 341 844 275 240 23 42 1
2 341 845 275 240 23 42 1
2 341 846 275 240 23 42 1
2 341 847 275 240 23 42 1
2 341 848 275 240 23 42 1
2 341 849 275 240 23 42 1
2 341 850 275 240 23 42 1
2 341 851 275 240 23 42 1
2 341 852 275 240 23 42 1
2 341 853 275 240 23 42 1
2 341 854 275 240 23 42 1
2 341 855 275 240 23 42 1
2 341 856 275 240 23 42 1
2 341 857 275 241 23 43 1
2 341 858 275 241 23 43 1
2 341 859 275 241 23 43 1
2 341 860 275 241 23 43 1
2 341 861 275 241 23 43 1
2 341 862 275 241 23 43 1
2 341 863 275 241 23 43 1
2 341 864 275 241 23 43 1
2 341 865 275 241 23 43 1
2 341 866 275 241 23 43 1
2 341 867 275 241 23 43 1
2 341 868 275 241 23 43 1
2 341 869 275 241 23 43 1
2 341 870 275 241 23 43 1
2 341 871 275 241 23 43 1
2 341 872 275 241 23 43 1
2 341 873 275 241 23 43 1
2 341 874 275 241 23 43 1
2 341 875 275 241 23 43 1
2 341 876 275 241 23 43 1
2 341 877 275 241 23 43 1
2 341 878 275 241 23 43 1
2 341 879 275 243 23 43 1
2 341 880 275 243 23 43 1
2 341 881 275 243 23 43 1
2 341 882 275 243 23 43 1
2 341 883 275 243 23 43 1
2 341 884 275 243 23 43 1
2 341 885 275 243 23 43 1
2 341 886 275 243 23 43 1
2 341 887 275 243 23 43 1
2 341 888 275 243 23 43 1
2 341 889 275 243 23 43 1
2 341 890 275 243 23 43 1
2 341 891 275 243 23 43 1
2 341 892 275 243 23 43 1
2 341 893 275 243 23 43 1
2 341 894 275 243 23 43 1
2 341 895 275 243 23 43 1
2 341 896 275 243 23 43 1
2 341 897 275 243 23 43 1
2 341 898 275 243 23 43 1
2 341 899 275 243 23 43 1
2 341 900 275 245 23 43 1
2 341 901 273 245 23 43 1
2 341 902 273 245 23 43 1
2 341 903 273 245 23 43 1
2 341 904 273 245 23 43 1
2 341 905 273 245 23 43 1
2 341 906 273 245 23 43 1
2 341 907 273 245 23 43 1
2 341 908 273 245 23 43 1
2 341 909 273 245 23 43 1
2 341 910 273 245 23 43 1
2 341 911 273 245 23 43 1
2 341 912 273 245 23 43 1
2 341 913 273 245 23 43 1
2 341 914 273 245 23 43 1
2 341 915 273 245 23 43 1
2 341 916 273 245 23 43 1
2 341 917 272 245 23 43 1
2 341 918 272 245 23 43 1
2 341 919 272 245 23 43 1
2 341 920 272 245 23 43 1
2 341 921 272 245 23 43 1
2 341 922 272 245 23 44 1
2 341 923 272 245 23 44 1
2 341 924 272 245 23 44 1
2 341 925 272 245 23 44 1
2 341 926 272 245 23 44 1
2 341 927 272 245 23 44 1
2 341 928 272 245 23 44 1
2 341 929 272 245 23 44 1
2 341 930 272 245 23 44 1
2 341 931 272 245 23 44 1
2 341 932 272 245 23 44 1
2 341 933 270 245 23 44 1
2 341 934 270 245 23 44 1
2 341 935 270 245 23 44 1
2 341 936 270 245 23 44 1
2 341 937 270 245 23 44 1
2 341 938 270 245 23 44 1
2 341 939 270 245 23 44 1
2 341 940 270 245 23 44 1
2 341 941 270 245 23 44 1
2 341 942 270 245 23 44 1
2 341 943 270 245 23 46 1
2 341 944 270 245 23 46 1
2 341 945 270 245 23 46 1
2 341 946 270 245 23 46 1
2 341 947 270 245 23 46 1
2 341 948 270 245 23 46 1
2 341 949 268 245 23 46 1
2 341 950 268 245 23 46 1
2 341 951 268 245 23 46 1
2 341 952 268 245 23 46 1
2 341 953 268 245 23 46 1
2 341 954 268 245 23 46 1
2 341 955 268 245 23 46 1
2 341 956 268 245 23 46 1
2 341 957 268 245 23 46 1
2 341 958 268 245 23 46 1
2 341 959 268 245 23 46 1
2 341 960 268 245 23 46 1
2 341 961 268 245 23 46 1
2 341 962 268 245 23 46 1
2 341 963 268 245 23 46 1
2 341 964 268 245 23 48 1
2 341 965 268 245 23 48 1
2 341 966 268 245 23 48 1
2 341 967 268 245 23 48 1
2 341 968 268 245 23 48 1
2 341 969 268 245 23 48 1
2 341 970 268 245 23 48 1
2 341 971 268 245 23 48 1
2 341 972 268 245 23 48 1
2 341 973 268 245 23 48 1
2 341 974 270 245 21 48 1
2 341 975 270 245 23 48 1
2 341 976 270 245 23 48 1
2 341 977 270 245 23 48 1
2 341 978 270 245 23 48 1
2 341 979 270 245 23 48 1
2 341 980 270 247 23 46 1
2 341 981 270 247 23 46 1
2 341 982 270 247 23 46 1
2 341 983 272 247 21 48 1
2 341 984 272 247 21 48 1
2 341 985 272 247 21 48 1
2 341 986 272 247 23 48 1
2 341 987 272 247 23 48 1
2 341 988 272 247 23 48 1
2 341 989 272 247 23 48 1
2 341 990 272 247 23 48 1
2 341 991 272 247 23 48 1
2 341 992 272 247 23 48 1
2 341 993 273 247 22 48 1
2 341 994 273 247 22 48 1
2 341 995 273 248 22 47 1
2 341 996 273 248 22 47 1
2 341 997 273 248 23 47 1
2 341 998 273 248 23 47 1
2 341 999 273 248 23 47 1
2 341 1000 273 248 23 47 1
2 341 1001 273 248 23 47 1
2 341 1002 275 248 21 48 1
2 341 1003 275 248 21 48 1
2 341 1004 275 248 21 48 1
2 341 1005 275 248 21 48 1
2 341 1006 275 248 21 48 1
2 341 1007 275 248 21 48 1
2 341 1008 275 248 23 48 1
2 341 1009 275 248 23 48 1
2 341 1010 275 250 23 46 1
2 341 1011 275 250 23 46 1
2 341 1012 277 250 21 46 1
2 341 1013 277 250 21 46 1
2 341 1014 277 250 21 46 1
2 341 1015 277 250 21 46 1
2 341 1016 277 250 21 46 1
2 341 1017 277 250 21 46 1
2 341 1018 277 250 21 46 1
2 341 1019 277 250 23 46 1
2 341 1020 277 250 23 46 1
2 341 1021 279 250 21 48 1
2 341 1022 279 250 21 48 1
2 341 1023 279 250 21 48 1
2 341 1024 279 250 21 48 1
2 341 1025 279 252 21 46 1
2 341 1026 279 252 21 46 1
2 341 1027 279 252 21 46 1
2 341 1028 279 252 21 46 1
2 341 1029 279 252 21 46 1
2 341 1030 279 252 23 46 1
2 341 1031 280 252 22 46 1
2 341 1032 280 252 22 46 1
2 341 1033 280 252 22 46 1
2 341 1034 280 252 22 46 1
2 341 1035 280 252 22 46 1
2 341 1036 280 252 22 46 1
2 341 1037 280 252 22 46 1
2 341 1038 280 252 22 46 1
2 341 1039 280 252 22 46 1
2 341 1040 282 254 22 46 1
3 141 900 0 366 39 53 1
3 141 901 0 366 39 53 1
3 141 902 0 366 39 53 1
3 141 903 0 366 39 53 1
3 141 904 0 366 39 53 1
3 141 905 0 366 39 53 1
3 141 906 0 366 39 53 1
3 141 907 0 366 39 53 1
3 141 908 0 366 39 53 1
3 141 909 0 366 39 53 1
3 141 910 0 366 39 53 1
3 141 911 0 366 39 53 1
3 141 912 0 366 39 53 1
3 141 913 0 366 39 53 1
3 141 914 0 366 39 53 1
3 141 915 0 366 39 53 1
3 141 916 0 366 39 53 1
3 141 917 0 366 39 53 1
3 141 918 0 366 39 53 1
3 141 919 0 366 39 53 1
3 141 920 0 366 39 53 1
3 141 921 0 366 39 53 1
3 141 922 0 366 39 53 1
3 141 923 0 366 39 53 1
3 141 924 0 366 39 53 1
3 141 925 0 366 39 53 1
3 141 926 0 366 39 53 1
3 141 927 0 366 39 53 1
3 141 928 0 366 39 53 1
3 141 929 0 366 39 53 1
3 141 930 0 366 39 53 1
3 141 931 0 366 39 53 1
3 141 932 0 366 39 53 1
3 141 933 0 366 39 53 1
3 141 934 0 366 39 53 1
3 141 935 0 366 39 53 1
3 141 936 0 366 39 53 1
3 141 937 0 366 39 53 1
3 141 938 0 366 39 53 1
3 141 939 0 366 39 53 1
3 141 940 0 366 39 53 1
3 141 941 0 366 39 53 1
3 141 942 0 366 39 53 1
3 141 943 0 366 39 53 1
3 141 944 0 366 39 53 1
3 141 945 0 366 39 53 1
3 141 946 0 366 39 53 1
3 141 947 0 366 39 53 1
3 141 948 0 366 39 53 1
3 141 949 0 366 39 53 1
3 141 950 0 366 39 53 1
3 141 951 0 366 39 53 1
3 141 952 0 366 39 53 1
3 141 953 0 366 39 53 1
3 141 954 0 366 39 53 1
3 141 955 0 366 39 53 1
3 141 956 0 366 39 53 1
3 141 957 0 366 39 53 1
3 141 958 0 366 39 53 1
3 141 959 0 366 39 53 1
3 141 960 0 366 39 53 1
3 141 961 0 366 39 53 1
3 141 962 0 366 39 53 1
3 141 963 0 366 39 53 1
3 141 964 0 366 39 53 1
3 141 965 0 366 39 53 1
3 141 966 0 366 39 53 1
3 141 967 0 366 39 53 1
3 141 968 0 366 39 53 1
3 141 969 0 366 39 53 1
3 141 970 0 366 39 53 1
3 141 971 0 366 39 53 1
3 141 972 0 366 39 53 1
3 141 973 0 366 39 53 1
3 141 974 0 366 39 53 1
3 141 975 0 366 39 53 1
3 141 976 0 366 39 53 1
3 141 977 0 366 39 53 1
3 141 978 0 366 39 53 1
3 141 979 0 366 39 53 1
3 141 980 0 366 39 53 1
3 141 981 0 366 39 53 1
3 141 982 0 366 39 53 1
3 141 983 0 366 39 53 1
3 141 984 0 366 39 53 1
3 141 985 0 366 39 53 1
3 141 986 0 366 39 53 1
3 141 987 0 366 39 53 1
3 141 988 0 366 39 53 1
3 141 989 0 366 39 53 1
3 141 990 0 366 39 53 1
3 141 991 0 366 39 53 1
3 141 992 0 366 39 53 1
3 141 993 0 366 39 53 1
3 141 994 0 366 39 53 1
3 141 995 0 366 39 53 1
3 141 996 0 366 39 53 1
3 141 997 0 366 39 53 1
3 141 998 0 366 39 53 1
3 141 999 0 366 39 53 1
3 141 1000 0 366 39 53 1
3 141 1001 0 366 39 53 1
3 141 1002 0 366 39 53 1
3 141 1003 0 366 39 53 1
3 141 1004 0 366 39 53 1
3 141 1005 0 366 39 53 1
3 141 1006 0 366 39 53 1
3 141 1007 0 366 39 53 1
3 141 1008 0 366 39 53 1
3 141 1009 0 366 39 53 1
3 141 1010 0 366 39 53 1
3 141 1011 0 366 39 53 1
3 141 1012 0 366 39 53 1
3 141 1013 0 366 39 53 1
3 141 1014 0 366 39 53 1
3 141 1015 0 366 39 53 1
3 141 1016 0 366 39 53 1
3 141 1017 0 366 39 53 1
3 141 1018 0 366 39 53 1
3 141 1019 0 366 39 53 1
3 141 1020 0 366 39 53 1
3 141 1021 0 366 39 53 1
3 141 1022 0 366 39 53 1
3 141 1023 0 366 39 53 1
3 141 1024 0 366 39 53 1
3 141 1025 0 366 39 53 1
3 141 1026 0 366 39 53 1
3 141 1027 0 366 39 53 1
3 141 1028 0 366 39 53 1
3 141 1029 0 366 39 53 1
3 141 1030 0 366 39 53 1
3 141 1031 0 366 39 53 1
3 141 1032 0 366 39 53 1
3 141 1033 0 366 39 53 1
3 141 1034 0 366 39 53 1
3 141 1035 0 366 39 53 1
3 141 1036 0 366 39 53 1
3 141 1037 0 366 39 53 1
3 141 1038 0 366 39 53 1
3 141 1039 0 366 39 53 1
3 141 1040 0 366 39 53 1
4 322 300 1 368 39 58 1
4 322 301 1 368 39 58 1
4 322 302 1 368 39 58 1
4 322 303 1 368 39 58 1
4 322 304 1 368 39 58 1
4 322 305 1 368 39 58 1
4 322 306 1 368 39 58 1
4 322 307 1 368 39 58 1
4 322 308 1 368 39 58 1
4 322 309 1 368 39 58 1
4 322 310 1 368 39 58 1
4 322 311 1 368 39 58 1
4 322 312 1 368 39 58 1
4 322 313 1 368 39 58 1
4 322 314 1 368 39 58 1
4 322 315 1 368 39 58 1
4 322 316 1 368 39 58 1
4 322 317 1 368 39 58 1
4 322 318 1 368 39 58 1
4 322 319 1 368 39 58 1
4 322 320 1 368 39 58 1
4 322 321 1 368 39 58 1
4 322 322 1 368 39 58 1
4 322 323 1 368 39 58 1
4 322 324 1 368 39 58 1
4 322 325 1 368 39 58 1
4 322 326 1 368 39 58 1
4 322 327 1 368 39 58 1
4 322 328 1 368 39 58 1
4 322 329 1 368 39 58 1
4 322 330 1 368 39 58 1
4 322 331 1 368 39 58 1
4 322 332 1 368 39 58 1
4 322 333 1 368 39 58 1
4 322 334 1 368 39 58 1
4 322 335 1 368 39 58 1
4 322 336 1 368 39 58 1
4 322 337 1 368 39 58 1
4 322 338 1 368 39 58 1
4 322 339 1 368 39 58 1
4 322 340 1 368 39 58 1
4 322 341 1 368 39 58 1
4 322 342 1 368 39 58 1
4 322 343 1 368 39 58 1
4 322 344 1 368 39 58 1
4 322 345 1 368 39 58 1
4 322 346 1 368 39 58 1
4 322 347 1 368 39 58 1
4 322 348 1 368 39 58 1
4 322 349 1 368 39 58 1
4 322 350 1 368 39 58 1
4 322 351 1 368 39 58 1
4 322 352 1 368 39 58 1
4 322 353 1 368 39 58 1
4 322 354 1 368 39 58 1
4 322 355 1 368 39 58 1
4 322 356 1 368 39 58 1
4 322 357 1 368 39 58 1
4 322 358 1 368 39 58 1
4 322 359 1 368 39 58 1
4 322 360 1 368 39 58 1
4 322 361 1 368 39 58 1
4 322 362 1 368 39 58 1
4 322 363 1 368 39 58 1
4 322 364 1 368 39 58 1
4 322 365 1 368 39 58 1
4 322 366 1 368 39 58 1
4 322 367 1 368 39 58 1
4 322 368 1 368 39 58 1
4 322 369 1 368 39 58 1
4 322 370 1 368 39 58 1
4 322 371 1 368 39 58 1
4 322 372 1 368 39 58 1
4 322 373 1 368 39 58 1
4 322 374 1 368 39 58 1
4 322 375 1 368 39 58 1
4 322 376 1 368 39 58 1
4 322 377 1 368 39 58 1
4 322 378 1 368 39 58 1
4 322 379 1 368 39 58 1
4 322 380 1 368 39 58 1
4 322 381 1 368 39 58 1
4 322 382 1 368 39 58 1
4 322 383 1 368 39 58 1
4 322 384 1 368 39 58 1
4 322 385 1 368 39 58 1
4 322 386 1 368 39 58 1
4 322 387 1 368 39 58 1
4 322 388 1 368 39 58 1
4 322 389 1 368 39 58 1
4 322 390 1 368 39 58 1
4 322 391 1 368 39 58 1
4 322 392 1 368 39 58 1
4 322 393 1 368 39 58 1
4 322 394 1 368 39 58 1
4 322 395 1 368 39 58 1
4 322 396 1 368 39 58 1
4 322 397 1 368 39 58 1
4 322 398 1 368 39 58 1
4 322 399 1 368 39 58 1
4 322 400 1 368 39 58 1
4 322 401 1 368 39 58 1
4 322 402 1 368 39 58 1
4 322 403 1 368 39 58 1
4 322 404 1 368 39 58 1
4 322 405 1 368 39 58 1
4 322 406 1 368 39 58 1
4 322 407 1 368 39 58 1
4 322 408 1 368 39 58 1
4 322 409 1 368 39 58 1
4 322 410 1 368 39 58 1
4 322 411 1 368 39 58 1
4 322 412 1 368 39 58 1
4 322 413 1 368 39 58 1
4 322 414 1 368 39 58 1
4 322 415 1 368 39 58 1
4 322 416 1 368 39 58 1
4 322 417 1 368 39 58 1
4 322 418 1 368 39 58 1
4 322 419 1 368 39 58 1
4 322 420 1 368 39 58 1
4 322 421 1 368 39 58 1
4 322 422 1 368 39 58 1
4 322 423 1 368 39 58 1
4 322 424 1 368 39 58 1
4 322 425 1 368 39 58 1
4 322 426 1 368 39 58 1
4 322 427 1 368 39 58 1
4 322 428 1 368 39 58 1
4 322 429 1 368 39 58 1
4 322 430 1 368 39 58 1
4 322 431 1 368 39 58 1
4 322 432 1 368 39 58 1
4 322 433 1 368 39 58 1
4 322 434 1 368 39 58 1
4 322 435 1 368 39 58 1
4 322 436 1 368 39 58 1
4 322 437 1 368 39 58 1
4 322 438 1 368 39 58 1
4 322 439 1 368 39 58 1
4 322 440 1 368 39 58 1
4 322 441 1 368 39 58 1
4 322 442 1 368 39 58 1
4 322 443 1 368 39 58 1
4 322 444 1 368 39 58 1
4 322 445 1 368 39 58 1
4 322 446 1 368 39 58 1
4 322 447 1 368 39 58 1
4 322 448 1 368 39 58 1
4 322 449 1 368 39 58 1
4 322 450 1 368 39 58 1
4 322 451 1 368 39 58 1
4 322 452 1 368 39 58 1
4 322 453 1 368 39 58 1
4 322 454 1 368 39 58 1
4 322 455 1 368 39 58 1
4 322 456 1 368 39 58 1
4 322 457 1 368 39 58 1
4 322 458 1 368 39 58 1
4 322 459 1 368 39 58 1
4 322 460 1 368 39 58 1
4 322 461 1 368 39 58 1
4 322 462 1 368 39 58 1
4 322 463 1 368 39 58 1
4 322 464 1 368 39 58 1
4 322 465 1 368 39 58 1
4 322 466 1 368 39 58 1
4 322 467 1 368 39 58 1
4 322 468 1 368 39 58 1
4 322 469 1 368 39 58 1
4 322 470 1 368 39 58 1
4 322 471 1 368 39 58 1
4 322 472 1 368 39 58 1
4 322 473 1 368 39 58 1
4 322 474 1 368 39 58 1
4 322 475 1 368 39 58 1
4 322 476 1 368 39 58 1
4 322 477 1 368 39 58 1
4 322 478 1 368 39 58 1
4 322 479 1 368 39 58 1
4 322 480 1 368 39 58 1
4 322 481 1 368 39 58 1
4 322 482 1 368 39 58 1
4 322 483 1 368 39 58 1
4 322 484 1 368 39 58 1
4 322 485 1 368 39 58 1
4 322 486 1 368 39 58 1
4 322 487 1 368 39 58 1
4 322 488 1 368 39 58 1
4 322 489 1 368 39 58 1
4 322 490 1 368 39 58 1
4 322 491 1 368 39 58 1
4 322 492 1 368 39 58 1
4 322 493 1 368 39 58 1
4 322 494 1 368 39 58 1
4 322 495 1 368 39 58 1
4 322 496 1 368 39 58 1
4 322 497 1 368 39 58 1
4 322 498 1 368 39 58 1
4 322 499 1 368 39 58 1
4 322 500 1 368 39 58 1
4 322 501 1 368 39 58 1
4 322 502 1 368 39 58 1
4 322 503 1 368 39 58 1
4 322 504 1 368 39 58 1
4 322 505 1 368 39 58 1
4 322 506 1 368 39 58 1
4 322 507 1 368 39 58 1
4 322 508 1 368 39 58 1
4 322 509 1 368 39 58 1
4 322 510 1 368 39 58 1
4 322 511 1 368 39 58 1
4 322 512 1 368 39 58 1
4 322 513 1 368 39 58 1
4 322 514 1 368 39 58 1
4 322 515 1 368 39 58 1
4 322 516 1 368 39 58 1
4 322 517 1 368 39 58 1
4 322 518 1 368 39 58 1
4 322 519 1 368 39 58 1
4 322 520 1 368 39 58 1
4 322 521 1 368 39 58 1
4 322 522 1 368 39 58 1
4 322 523 1 368 39 58 1
4 322 524 1 368 39 58 1
4 322 525 1 368 39 58 1
4 322 526 1 368 39 58 1
4 322 527 1 368 39 58 1
4 322 528 1 368 39 58 1
4 322 529 1 368 39 58 1
4 322 530 1 368 39 58 1
4 322 531 1 368 39 58 1
4 322 532 1 368 39 58 1
4 322 533 1 368 39 58 1
4 322 534 1 368 39 58 1
4 322 535 1 368 39 58 1
4 322 536 1 368 39 58 1
4 322 537 1 368 39 58 1
4 322 538 1 368 39 58 1
4 322 539 1 368 39 58 1
4 322 540 1 368 39 58 1
4 322 541 1 368 39 58 1
4 322 542 1 368 39 58 1
4 322 543 1 368 39 58 1
4 322 544 1 368 39 58 1
4 322 545 1 368 39 58 1
4 322 546 1 368 39 58 1
4 322 547 1 368 39 58 1
4 322 548 1 368 39 58 1
4 322 549 1 368 39 58 1
4 322 550 1 368 39 58 1
4 322 551 1 368 39 58 1
4 322 552 1 368 39 58 1
4 322 553 1 368 39 58 1
4 322 554 1 368 39 58 1
4 322 555 1 368 39 58 1
4 322 556 1 368 39 58 1
4 322 557 1 368 39 58 1
4 322 558 1 368 39 58 1
4 322 559 1 368 39 58 1
4 322 560 1 368 39 58 1
4 322 561 1 368 39 58 1
4 322 562 1 368 39 58 1
4 322 563 1 368 39 58 1
4 322 564 1 368 39 58 1
4 322 565 1 368 39 58 1
4 322 566 1 368 39 58 1
4 322 567 1 368 39 58 1
4 322 568 1 368 39 58 1
4 322 569 1 368 39 58 1
4 322 570 1 368 39 58 1
4 322 571 1 368 39 58 1
4 322 572 1 368 39 58 1
4 322 573 1 368 39 58 1
4 322 574 1 368 39 58 1
4 322 575 1 368 39 58 1
4 322 576 1 368 39 58 1
4 322 577 1 368 39 58 1
4 322 578 1 368 39 58 1
4 322 579 1 368 39 58 1
4 322 580 1 368 39 58 1
4 322 581 1 368 39 58 1
4 322 582 1 368 39 58 1
4 322 583 1 368 39 58 1
4 322 584 1 368 39 58 1
4 322 585 1 368 39 58 1
4 322 586 1 368 39 58 1
4 322 587 1 368 39 58 1
4 322 588 1 368 39 58 1
4 322 589 1 368 39 58 1
4 322 590 1 368 39 58 1
4 322 591 1 368 39 58 1
4 322 592 1 368 39 58 1
4 322 593 1 368 39 58 1
4 322 594 1 368 39 58 1
4 322 595 1 368 39 58 1
4 322 596 1 368 39 58 1
4 322 597 1 368 39 58 1
4 322 598 1 368 39 58 1
4 322 599 1 368 39 58 1
4 322 600 1 368 39 58 1
4 322 601 1 368 39 58 1
4 322 602 1 368 39 58 1
4 322 603 1 368 39 58 1
4 322 604 1 368 39 58 1
4 322 605 1 368 39 58 1
4 322 606 1 368 39 58 1
4 322 607 1 368 39 58 1
4 322 608 1 368 39 58 1
4 322 609 1 368 39 58 1
4 322 610 1 368 39 58 1
4 322 611 1 368 39 58 1
4 322 612 1 368 39 58 1
4 322 613 1 368 39 58 1
4 322 614 1 368 39 58 1
4 322 615 1 368 39 58 1
4 322 616 1 368 39 58 1
4 322 617 1 368 39 58 1
4 322 618 1 368 39 58 1
4 322 619 1 368 39 58 1
4 322 620 1 368 39 58 1
4 322 621 1 368 39 58 1
5 53 0 944 528 69 190 1
5 53 1 947 529 71 187 1
5 53 2 951 531 74 185 1
5 53 3 954 535 78 181 1
5 53 4 960 536 80 180 1
5 53 5 963 540 82 176 1
5 53 6 967 542 85 174 1
5 53 7 972 545 87 171 1
5 53 8 976 547 90 169 1
5 53 9 979 549 94 167 1
5 53 10 983 552 96 164 1
5 53 11 988 554 98 162 1
5 53 12 992 558 101 158 1
5 53 13 995 560 105 156 1
5 53 14 1000 563 107 153 1
5 53 15 1008 563 101 151 1
5 53 16 1016 565 95 149 1
5 53 17 1025 567 89 147 1
5 53 18 1034 568 82 146 1
5 53 19 1043 570 75 144 1
5 53 20 1052 572 69 142 1
5 53 21 1057 574 70 140 1
5 53 22 1064 577 70 137 1
5 53 23 1070 579 69 135 1
5 53 24 1077 583 69 131 1
5 53 25 1082 586 70 128 1
5 53 26 1089 588 70 126 1
5 53 27 1095 592 69 122 1
5 53 28 1102 593 69 121 1
5 53 29 1107 597 69 117 1
5 53 30 1114 600 70 114 1
5 53 31 1120 602 69 112 1
5 53 32 1127 606 69 108 1
5 53 33 1132 608 69 108 1
5 53 34 1139 611 69 105 1
5 53 35 1144 615 70 101 1
5 53 36 1152 616 69 100 1
5 53 37 1157 620 69 96 1
5 53 38 1164 622 69 94 1
5 53 39 1169 625 70 91 1
5 53 40 1176 629 70 87 1
5 53 41 1182 631 69 85 1
5 53 42 1189 634 69 82 1
5 53 43 1194 636 70 80 1
5 53 44 1201 640 70 76 1
5 53 45 1208 643 70 75 1
5 53 46 1214 647 64 71 1
5 53 47 1221 652 57 66 1
5 53 48 1226 656 52 62 1
5 53 49 1233 661 45 57 1
5 53 50 1240 666 38 52 1
5 53 51 1240 666 38 52 1
5 53 52 1240 666 38 52 1
