0 5 94 1125 1218 1125 530 126 120 46 
0 5 94 1125 1218 1126 530 126 120 46 
0 5 94 1125 1218 1127 530 126 120 46 
0 5 94 1125 1218 1128 530 126 120 46 
0 5 94 1125 1218 1129 530 126 120 46 
0 5 94 1125 1218 1130 530 126 120 46 
0 5 94 1125 1218 1131 530 126 120 46 
0 5 94 1125 1218 1132 530 126 120 46 
0 5 94 1125 1218 1133 530 126 120 46 
0 5 94 1125 1218 1134 530 126 120 46 
0 5 94 1125 1218 1135 530 126 120 46 
0 5 94 1125 1218 1136 530 126 120 46 
0 5 94 1125 1218 1137 530 126 120 46 
0 5 94 1125 1218 1138 530 126 120 46 
0 5 94 1125 1218 1139 530 126 120 46 
0 5 94 1125 1218 1140 530 126 120 46 
0 5 94 1125 1218 1141 530 126 120 46 
0 5 94 1125 1218 1142 530 126 120 46 
0 5 94 1125 1218 1143 530 126 120 46 
0 5 94 1125 1218 1144 530 126 120 46 
0 5 94 1125 1218 1145 530 126 120 46 
0 5 94 1125 1218 1146 530 126 120 46 
0 5 94 1125 1218 1147 530 126 120 46 
0 5 94 1125 1218 1148 530 126 120 46 
0 5 94 1125 1218 1149 530 126 120 46 
0 5 94 1125 1218 1150 530 126 120 46 
0 5 94 1125 1218 1151 530 126 120 46 
0 5 94 1125 1218 1152 530 126 120 46 
0 5 94 1125 1218 1153 530 126 120 46 
0 5 94 1125 1218 1154 530 126 120 46 
0 5 94 1125 1218 1155 530 126 120 46 
0 5 94 1125 1218 1156 530 126 120 46 
0 5 94 1125 1218 1157 530 126 120 46 
0 5 94 1125 1218 1158 530 126 120 46 
0 5 94 1125 1218 1159 530 126 120 46 
0 5 94 1125 1218 1160 530 126 120 46 
0 5 94 1125 1218 1161 530 126 120 46 
0 5 94 1125 1218 1162 530 126 120 46 
0 5 94 1125 1218 1163 530 126 120 46 
0 5 94 1125 1218 1164 530 126 120 46 
0 5 94 1125 1218 1165 530 126 120 46 
0 5 94 1125 1218 1166 530 126 120 46 
0 5 94 1125 1218 1167 530 126 120 46 
0 5 94 1125 1218 1168 530 126 120 46 
0 5 94 1125 1218 1169 530 126 120 46 
0 5 94 1125 1218 1170 530 126 120 46 
0 5 94 1125 1218 1171 530 126 120 46 
0 5 94 1125 1218 1172 530 126 120 46 
0 5 94 1125 1218 1173 530 126 120 46 
0 5 94 1125 1218 1174 530 126 120 46 
0 5 94 1125 1218 1175 530 126 120 46 
0 5 94 1125 1218 1176 530 126 120 46 
0 5 94 1125 1218 1177 530 126 120 46 
0 5 94 1125 1218 1178 530 126 120 46 
0 5 94 1125 1218 1179 530 126 120 46 
0 5 94 1125 1218 1180 530 126 120 46 
0 5 94 1125 1218 1181 530 126 120 46 
0 5 94 1125 1218 1182 530 126 120 46 
0 5 94 1125 1218 1183 530 126 120 46 
0 5 94 1125 1218 1184 530 126 120 46 
0 5 94 1125 1218 1185 530 126 120 46 
0 5 94 1125 1218 1186 530 126 120 46 
0 5 94 1125 1218 1187 530 126 120 46 
0 5 94 1125 1218 1188 530 126 120 46 
0 5 94 1125 1218 1189 530 126 120 46 
0 5 94 1125 1218 1190 530 126 120 46 
0 5 94 1125 1218 1191 530 126 120 46 
0 5 94 1125 1218 1192 530 126 120 46 
0 5 94 1125 1218 1193 530 126 120 46 
0 5 94 1125 1218 1194 530 126 120 46 
0 5 94 1125 1218 1195 530 126 120 46 
0 5 94 1125 1218 1196 530 126 120 46 
0 5 94 1125 1218 1197 530 126 120 46 
0 5 94 1125 1218 1198 530 126 120 46 
0 5 94 1125 1218 1199 530 126 120 46 
0 5 94 1125 1218 1200 530 126 120 46 
0 5 94 1125 1218 1201 530 126 120 46 
0 5 94 1125 1218 1202 530 126 120 46 
0 5 94 1125 1218 1203 530 126 120 46 
0 5 94 1125 1218 1204 530 126 120 46 
0 5 94 1125 1218 1205 530 126 120 46 
0 5 94 1125 1218 1206 530 126 120 46 
0 5 94 1125 1218 1207 530 126 120 46 
0 5 94 1125 1218 1208 530 126 120 46 
0 5 94 1125 1218 1209 530 126 120 46 
0 5 94 1125 1218 1210 530 126 120 46 
0 5 94 1125 1218 1211 530 126 120 46 
0 5 94 1125 1218 1212 530 126 120 46 
0 5 94 1125 1218 1213 530 126 120 46 
0 5 94 1125 1218 1214 530 126 120 46 
0 5 94 1125 1218 1215 530 126 120 46 
0 5 94 1125 1218 1216 530 126 120 46 
0 5 94 1125 1218 1217 530 126 120 46 
0 5 94 1125 1218 1218 530 126 120 46 
