0 6 206 599 804 599 1242 553 212 148 
0 6 206 599 804 600 1242 553 212 148 
0 6 206 599 804 601 1242 553 212 148 
0 6 206 599 804 602 1242 553 212 148 
0 6 206 599 804 603 1242 553 212 148 
0 6 206 599 804 604 1242 553 212 148 
0 6 206 599 804 605 1242 553 212 148 
0 6 206 599 804 606 1242 553 212 148 
0 6 206 599 804 607 1242 553 212 148 
0 6 206 599 804 608 1242 553 212 148 
0 6 206 599 804 609 1242 553 212 148 
0 6 206 599 804 610 1242 553 212 148 
0 6 206 599 804 611 1242 553 212 148 
0 6 206 599 804 612 1242 553 212 148 
0 6 206 599 804 613 1242 553 212 148 
0 6 206 599 804 614 1242 553 212 148 
0 6 206 599 804 615 1242 553 212 148 
0 6 206 599 804 616 1242 553 212 148 
0 6 206 599 804 617 1242 553 212 148 
0 6 206 599 804 618 1242 553 212 148 
0 6 206 599 804 619 1242 553 212 148 
0 6 206 599 804 620 1242 553 212 148 
0 6 206 599 804 621 1242 553 212 148 
0 6 206 599 804 622 1242 553 212 148 
0 6 206 599 804 623 1242 553 212 148 
0 6 206 599 804 624 1242 553 212 148 
0 6 206 599 804 625 1242 553 212 148 
0 6 206 599 804 626 1242 553 212 148 
0 6 206 599 804 627 1242 553 212 148 
0 6 206 599 804 628 1242 553 212 148 
0 6 206 599 804 629 1242 553 212 148 
0 6 206 599 804 630 1242 553 212 148 
0 6 206 599 804 631 1242 553 212 148 
0 6 206 599 804 632 1242 553 212 148 
0 6 206 599 804 633 1242 553 212 148 
0 6 206 599 804 634 1242 553 212 148 
0 6 206 599 804 635 1242 553 212 148 
0 6 206 599 804 636 1242 553 212 148 
0 6 206 599 804 637 1242 553 212 148 
0 6 206 599 804 638 1242 553 212 148 
0 6 206 599 804 639 1242 553 212 148 
0 6 206 599 804 640 1242 553 212 148 
0 6 206 599 804 641 1242 553 212 148 
0 6 206 599 804 642 1242 553 212 148 
0 6 206 599 804 643 1242 553 212 148 
0 6 206 599 804 644 1242 553 212 148 
0 6 206 599 804 645 1242 553 212 148 
0 6 206 599 804 646 1242 553 212 148 
0 6 206 599 804 647 1242 553 212 148 
0 6 206 599 804 648 1242 553 212 148 
0 6 206 599 804 649 1242 553 212 148 
0 6 206 599 804 650 1242 553 212 148 
0 6 206 599 804 651 1242 553 212 148 
0 6 206 599 804 652 1242 553 212 148 
0 6 206 599 804 653 1242 553 212 148 
0 6 206 599 804 654 1242 553 212 148 
0 6 206 599 804 655 1242 553 212 148 
0 6 206 599 804 656 1242 553 212 148 
0 6 206 599 804 657 1242 553 212 148 
0 6 206 599 804 658 1242 553 212 148 
0 6 206 599 804 659 1242 553 212 148 
0 6 206 599 804 660 1242 553 212 148 
0 6 206 599 804 661 1242 553 212 148 
0 6 206 599 804 662 1242 553 212 148 
0 6 206 599 804 663 1242 553 212 148 
0 6 206 599 804 664 1242 553 212 148 
0 6 206 599 804 665 1242 553 212 148 
0 6 206 599 804 666 1242 553 212 148 
0 6 206 599 804 667 1242 553 212 148 
0 6 206 599 804 668 1242 553 212 148 
0 6 206 599 804 669 1242 553 212 148 
0 6 206 599 804 670 1242 553 212 148 
0 6 206 599 804 671 1242 553 212 148 
0 6 206 599 804 672 1242 553 212 148 
0 6 206 599 804 673 1242 553 212 148 
0 6 206 599 804 674 1242 553 212 148 
0 6 206 599 804 675 1242 553 212 148 
0 6 206 599 804 676 1242 553 212 148 
0 6 206 599 804 677 1242 553 212 148 
0 6 206 599 804 678 1242 553 212 148 
0 6 206 599 804 679 1242 553 212 148 
0 6 206 599 804 680 1242 553 212 148 
0 6 206 599 804 681 1242 553 212 148 
0 6 206 599 804 682 1242 553 212 148 
0 6 206 599 804 683 1242 553 212 148 
0 6 206 599 804 684 1242 553 212 148 
0 6 206 599 804 685 1242 553 212 148 
0 6 206 599 804 686 1242 553 212 148 
0 6 206 599 804 687 1242 553 212 148 
0 6 206 599 804 688 1242 553 212 148 
0 6 206 599 804 689 1242 553 212 148 
0 6 206 599 804 690 1242 553 212 148 
0 6 206 599 804 691 1242 553 212 148 
0 6 206 599 804 692 1242 553 212 148 
0 6 206 599 804 693 1242 553 212 148 
0 6 206 599 804 694 1242 553 212 148 
0 6 206 599 804 695 1242 553 212 148 
0 6 206 599 804 696 1242 553 212 148 
0 6 206 599 804 697 1242 553 212 148 
0 6 206 599 804 698 1242 553 212 148 
0 6 206 599 804 699 1242 553 212 148 
0 6 206 599 804 700 1242 553 212 148 
0 6 206 599 804 701 1242 553 212 148 
0 6 206 599 804 702 1242 553 212 148 
0 6 206 599 804 703 1242 553 212 148 
0 6 206 599 804 704 1242 553 212 148 
0 6 206 599 804 705 1242 553 212 148 
0 6 206 599 804 706 1242 553 212 148 
0 6 206 599 804 707 1242 553 212 148 
0 6 206 599 804 708 1242 553 212 148 
0 6 206 599 804 709 1242 553 212 148 
0 6 206 599 804 710 1242 553 212 148 
0 6 206 599 804 711 1242 553 212 148 
0 6 206 599 804 712 1242 553 212 148 
0 6 206 599 804 713 1242 553 212 148 
0 6 206 599 804 714 1242 553 212 148 
0 6 206 599 804 715 1242 553 212 148 
0 6 206 599 804 716 1242 553 212 148 
0 6 206 599 804 717 1242 553 212 148 
0 6 206 599 804 718 1242 553 212 148 
0 6 206 599 804 719 1242 553 212 148 
0 6 206 599 804 720 1242 553 212 148 
0 6 206 599 804 721 1242 553 212 148 
0 6 206 599 804 722 1242 553 212 148 
0 6 206 599 804 723 1242 553 212 148 
0 6 206 599 804 724 1242 553 212 148 
0 6 206 599 804 725 1242 553 212 148 
0 6 206 599 804 726 1242 553 212 148 
0 6 206 599 804 727 1242 553 212 148 
0 6 206 599 804 728 1242 553 212 148 
0 6 206 599 804 729 1242 553 212 148 
0 6 206 599 804 730 1242 553 212 148 
0 6 206 599 804 731 1242 553 212 148 
0 6 206 599 804 732 1242 553 212 148 
0 6 206 599 804 733 1242 553 212 148 
0 6 206 599 804 734 1242 553 212 148 
0 6 206 599 804 735 1242 553 212 148 
0 6 206 599 804 736 1242 553 212 148 
0 6 206 599 804 737 1242 553 212 148 
0 6 206 599 804 738 1242 553 212 148 
0 6 206 599 804 739 1242 553 212 148 
0 6 206 599 804 740 1242 553 212 148 
0 6 206 599 804 741 1242 553 212 148 
0 6 206 599 804 742 1242 553 212 148 
0 6 206 599 804 743 1242 553 212 148 
0 6 206 599 804 744 1242 553 212 148 
0 6 206 599 804 745 1242 553 212 148 
0 6 206 599 804 746 1242 553 212 148 
0 6 206 599 804 747 1242 553 212 148 
0 6 206 599 804 748 1242 553 212 148 
0 6 206 599 804 749 1242 553 212 148 
0 6 206 599 804 750 1242 553 212 148 
0 6 206 599 804 751 1242 553 212 148 
0 6 206 599 804 752 1242 553 212 148 
0 6 206 599 804 753 1242 553 212 148 
0 6 206 599 804 754 1242 553 212 148 
0 6 206 599 804 755 1242 553 212 148 
0 6 206 599 804 756 1242 553 212 148 
0 6 206 599 804 757 1242 553 212 148 
0 6 206 599 804 758 1242 553 212 148 
0 6 206 599 804 759 1242 553 212 148 
0 6 206 599 804 760 1242 553 212 148 
0 6 206 599 804 761 1242 553 212 148 
0 6 206 599 804 762 1242 553 212 148 
0 6 206 599 804 763 1242 553 212 148 
0 6 206 599 804 764 1242 553 212 148 
0 6 206 599 804 765 1242 553 212 148 
0 6 206 599 804 766 1242 553 212 148 
0 6 206 599 804 767 1242 553 212 148 
0 6 206 599 804 768 1242 553 212 148 
0 6 206 599 804 769 1242 553 212 148 
0 6 206 599 804 770 1242 553 212 148 
0 6 206 599 804 771 1242 553 212 148 
0 6 206 599 804 772 1242 553 212 148 
0 6 206 599 804 773 1242 553 212 148 
0 6 206 599 804 774 1242 553 212 148 
0 6 206 599 804 775 1242 553 212 148 
0 6 206 599 804 776 1242 553 212 148 
0 6 206 599 804 777 1242 553 212 148 
0 6 206 599 804 778 1242 553 212 148 
0 6 206 599 804 779 1242 553 212 148 
0 6 206 599 804 780 1242 553 212 148 
0 6 206 599 804 781 1242 553 212 148 
0 6 206 599 804 782 1242 553 212 148 
0 6 206 599 804 783 1242 553 212 148 
0 6 206 599 804 784 1242 553 212 148 
0 6 206 599 804 785 1242 553 212 148 
0 6 206 599 804 786 1242 553 212 148 
0 6 206 599 804 787 1242 553 212 148 
0 6 206 599 804 788 1242 553 212 148 
0 6 206 599 804 789 1242 553 212 148 
0 6 206 599 804 790 1242 553 212 148 
0 6 206 599 804 791 1242 553 212 148 
0 6 206 599 804 792 1242 553 212 148 
0 6 206 599 804 793 1242 553 212 148 
0 6 206 599 804 794 1242 553 212 148 
0 6 206 599 804 795 1242 553 212 148 
0 6 206 599 804 796 1242 553 212 148 
0 6 206 599 804 797 1242 553 212 148 
0 6 206 599 804 798 1242 553 212 148 
0 6 206 599 804 799 1242 553 212 148 
0 6 206 599 804 800 1242 553 212 148 
0 6 206 599 804 801 1242 553 212 148 
0 6 206 599 804 802 1242 553 212 148 
0 6 206 599 804 803 1242 553 212 148 
0 6 206 599 804 804 1242 553 212 148 
1 6 201 735 935 735 470 78 102 67 
1 6 201 735 935 736 470 78 102 67 
1 6 201 735 935 737 470 78 102 67 
1 6 201 735 935 738 470 78 102 67 
1 6 201 735 935 739 470 78 102 67 
1 6 201 735 935 740 470 78 102 67 
1 6 201 735 935 741 470 78 102 67 
1 6 201 735 935 742 470 78 102 67 
1 6 201 735 935 743 470 78 102 67 
1 6 201 735 935 744 470 78 102 67 
1 6 201 735 935 745 470 78 102 67 
1 6 201 735 935 746 470 78 102 67 
1 6 201 735 935 747 470 78 102 67 
1 6 201 735 935 748 470 78 102 67 
1 6 201 735 935 749 470 78 102 67 
1 6 201 735 935 750 470 78 102 67 
1 6 201 735 935 751 470 78 102 67 
1 6 201 735 935 752 470 78 102 67 
1 6 201 735 935 753 470 78 102 67 
1 6 201 735 935 754 470 78 102 67 
1 6 201 735 935 755 470 78 102 67 
1 6 201 735 935 756 470 78 102 67 
1 6 201 735 935 757 470 78 102 67 
1 6 201 735 935 758 470 78 102 67 
1 6 201 735 935 759 470 78 102 67 
1 6 201 735 935 760 470 78 102 67 
1 6 201 735 935 761 470 78 102 67 
1 6 201 735 935 762 470 78 102 67 
1 6 201 735 935 763 470 78 102 67 
1 6 201 735 935 764 470 78 102 67 
1 6 201 735 935 765 470 78 102 67 
1 6 201 735 935 766 470 78 102 67 
1 6 201 735 935 767 470 78 102 67 
1 6 201 735 935 768 470 78 102 67 
1 6 201 735 935 769 470 78 102 67 
1 6 201 735 935 770 470 78 102 67 
1 6 201 735 935 771 470 78 102 67 
1 6 201 735 935 772 470 78 102 67 
1 6 201 735 935 773 470 78 102 67 
1 6 201 735 935 774 470 78 102 67 
1 6 201 735 935 775 470 78 102 67 
1 6 201 735 935 776 470 78 102 67 
1 6 201 735 935 777 470 78 102 67 
1 6 201 735 935 778 470 78 102 67 
1 6 201 735 935 779 470 78 102 67 
1 6 201 735 935 780 470 78 102 67 
1 6 201 735 935 781 470 78 102 67 
1 6 201 735 935 782 470 78 102 67 
1 6 201 735 935 783 470 78 102 67 
1 6 201 735 935 784 470 78 102 67 
1 6 201 735 935 785 470 78 102 67 
1 6 201 735 935 786 470 78 102 67 
1 6 201 735 935 787 470 78 102 67 
1 6 201 735 935 788 470 78 102 67 
1 6 201 735 935 789 470 78 102 67 
1 6 201 735 935 790 470 78 102 67 
1 6 201 735 935 791 470 78 102 67 
1 6 201 735 935 792 470 78 102 67 
1 6 201 735 935 793 470 78 102 67 
1 6 201 735 935 794 470 78 102 67 
1 6 201 735 935 795 470 78 102 67 
1 6 201 735 935 796 470 78 102 67 
1 6 201 735 935 797 470 78 102 67 
1 6 201 735 935 798 470 78 102 67 
1 6 201 735 935 799 470 78 102 67 
1 6 201 735 935 800 470 78 102 67 
1 6 201 735 935 801 470 78 102 67 
1 6 201 735 935 802 470 78 102 67 
1 6 201 735 935 803 470 78 102 67 
1 6 201 735 935 804 470 78 102 67 
1 6 201 735 935 805 470 78 102 67 
1 6 201 735 935 806 470 78 102 67 
1 6 201 735 935 807 470 78 102 67 
1 6 201 735 935 808 470 78 102 67 
1 6 201 735 935 809 470 78 102 67 
1 6 201 735 935 810 470 78 102 67 
1 6 201 735 935 811 470 78 102 67 
1 6 201 735 935 812 470 78 102 67 
1 6 201 735 935 813 470 78 102 67 
1 6 201 735 935 814 470 78 102 67 
1 6 201 735 935 815 470 78 102 67 
1 6 201 735 935 816 470 78 102 67 
1 6 201 735 935 817 470 78 102 67 
1 6 201 735 935 818 470 78 102 67 
1 6 201 735 935 819 470 78 102 67 
1 6 201 735 935 820 470 78 102 67 
1 6 201 735 935 821 470 78 102 67 
1 6 201 735 935 822 470 78 102 67 
1 6 201 735 935 823 470 78 102 67 
1 6 201 735 935 824 470 78 102 67 
1 6 201 735 935 825 470 78 102 67 
1 6 201 735 935 826 470 78 102 67 
1 6 201 735 935 827 470 78 102 67 
1 6 201 735 935 828 470 78 102 67 
1 6 201 735 935 829 470 78 102 67 
1 6 201 735 935 830 470 78 102 67 
1 6 201 735 935 831 470 78 102 67 
1 6 201 735 935 832 470 78 102 67 
1 6 201 735 935 833 470 78 102 67 
1 6 201 735 935 834 470 78 102 67 
1 6 201 735 935 835 470 78 102 67 
1 6 201 735 935 836 470 78 102 67 
1 6 201 735 935 837 470 78 102 67 
1 6 201 735 935 838 470 78 102 67 
1 6 201 735 935 839 470 78 102 67 
1 6 201 735 935 840 470 78 102 67 
1 6 201 735 935 841 470 78 102 67 
1 6 201 735 935 842 470 78 102 67 
1 6 201 735 935 843 470 78 102 67 
1 6 201 735 935 844 470 78 102 67 
1 6 201 735 935 845 470 78 102 67 
1 6 201 735 935 846 470 78 102 67 
1 6 201 735 935 847 470 78 102 67 
1 6 201 735 935 848 470 78 102 67 
1 6 201 735 935 849 470 78 102 67 
1 6 201 735 935 850 470 78 102 67 
1 6 201 735 935 851 470 78 102 67 
1 6 201 735 935 852 470 78 102 67 
1 6 201 735 935 853 470 78 102 67 
1 6 201 735 935 854 470 78 102 67 
1 6 201 735 935 855 470 78 102 67 
1 6 201 735 935 856 470 78 102 67 
1 6 201 735 935 857 470 78 102 67 
1 6 201 735 935 858 470 78 102 67 
1 6 201 735 935 859 470 78 102 67 
1 6 201 735 935 860 470 78 102 67 
1 6 201 735 935 861 470 78 102 67 
1 6 201 735 935 862 470 78 102 67 
1 6 201 735 935 863 470 78 102 67 
1 6 201 735 935 864 470 78 102 67 
1 6 201 735 935 865 470 78 102 67 
1 6 201 735 935 866 470 78 102 67 
1 6 201 735 935 867 470 78 102 67 
1 6 201 735 935 868 470 78 102 67 
1 6 201 735 935 869 470 78 102 67 
1 6 201 735 935 870 470 78 102 67 
1 6 201 735 935 871 470 78 102 67 
1 6 201 735 935 872 470 78 102 67 
1 6 201 735 935 873 470 78 102 67 
1 6 201 735 935 874 470 78 102 67 
1 6 201 735 935 875 470 78 102 67 
1 6 201 735 935 876 470 78 102 67 
1 6 201 735 935 877 470 78 102 67 
1 6 201 735 935 878 470 78 102 67 
1 6 201 735 935 879 470 78 102 67 
1 6 201 735 935 880 470 78 102 67 
1 6 201 735 935 881 470 78 102 67 
1 6 201 735 935 882 470 78 102 67 
1 6 201 735 935 883 470 78 102 67 
1 6 201 735 935 884 470 78 102 67 
1 6 201 735 935 885 470 78 102 67 
1 6 201 735 935 886 470 78 102 67 
1 6 201 735 935 887 470 78 102 67 
1 6 201 735 935 888 470 78 102 67 
1 6 201 735 935 889 470 78 102 67 
1 6 201 735 935 890 470 78 102 67 
1 6 201 735 935 891 470 78 102 67 
1 6 201 735 935 892 470 78 102 67 
1 6 201 735 935 893 470 78 102 67 
1 6 201 735 935 894 470 78 102 67 
1 6 201 735 935 895 470 78 102 67 
1 6 201 735 935 896 470 78 102 67 
1 6 201 735 935 897 470 78 102 67 
1 6 201 735 935 898 470 78 102 67 
1 6 201 735 935 899 470 78 102 67 
1 6 201 735 935 900 470 78 102 67 
1 6 201 735 935 901 470 78 102 67 
1 6 201 735 935 902 470 78 102 67 
1 6 201 735 935 903 470 78 102 67 
1 6 201 735 935 904 470 78 102 67 
1 6 201 735 935 905 470 78 102 67 
1 6 201 735 935 906 470 78 102 67 
1 6 201 735 935 907 470 78 102 67 
1 6 201 735 935 908 470 78 102 67 
1 6 201 735 935 909 470 78 102 67 
1 6 201 735 935 910 470 78 102 67 
1 6 201 735 935 911 470 78 102 67 
1 6 201 735 935 912 470 78 102 67 
1 6 201 735 935 913 470 78 102 67 
1 6 201 735 935 914 470 78 102 67 
1 6 201 735 935 915 470 78 102 67 
1 6 201 735 935 916 470 78 102 67 
1 6 201 735 935 917 470 78 102 67 
1 6 201 735 935 918 470 78 102 67 
1 6 201 735 935 919 470 78 102 67 
1 6 201 735 935 920 470 78 102 67 
1 6 201 735 935 921 470 78 102 67 
1 6 201 735 935 922 470 78 102 67 
1 6 201 735 935 923 470 78 102 67 
1 6 201 735 935 924 470 78 102 67 
1 6 201 735 935 925 470 78 102 67 
1 6 201 735 935 926 470 78 102 67 
1 6 201 735 935 927 470 78 102 67 
1 6 201 735 935 928 470 78 102 67 
1 6 201 735 935 929 470 78 102 67 
1 6 201 735 935 930 470 78 102 67 
1 6 201 735 935 931 470 78 102 67 
1 6 201 735 935 932 470 78 102 67 
1 6 201 735 935 933 470 78 102 67 
1 6 201 735 935 934 470 78 102 67 
1 6 201 735 935 935 470 78 102 67 
2 5 259 2546 2804 2546 267 0 92 63 
2 5 259 2546 2804 2547 267 0 92 63 
2 5 259 2546 2804 2548 267 0 92 63 
2 5 259 2546 2804 2549 267 0 92 63 
2 5 259 2546 2804 2550 267 0 92 63 
2 5 259 2546 2804 2551 267 0 92 63 
2 5 259 2546 2804 2552 267 0 92 63 
2 5 259 2546 2804 2553 267 0 92 63 
2 5 259 2546 2804 2554 267 0 92 63 
2 5 259 2546 2804 2555 267 0 92 63 
2 5 259 2546 2804 2556 267 0 92 63 
2 5 259 2546 2804 2557 267 0 92 63 
2 5 259 2546 2804 2558 267 0 92 63 
2 5 259 2546 2804 2559 267 0 92 63 
2 5 259 2546 2804 2560 267 0 92 63 
2 5 259 2546 2804 2561 267 0 92 63 
2 5 259 2546 2804 2562 267 0 92 63 
2 5 259 2546 2804 2563 267 0 92 63 
2 5 259 2546 2804 2564 267 0 92 63 
2 5 259 2546 2804 2565 267 0 92 63 
2 5 259 2546 2804 2566 267 0 92 63 
2 5 259 2546 2804 2567 267 0 92 63 
2 5 259 2546 2804 2568 267 0 92 63 
2 5 259 2546 2804 2569 267 0 92 63 
2 5 259 2546 2804 2570 267 0 92 63 
2 5 259 2546 2804 2571 267 0 92 63 
2 5 259 2546 2804 2572 267 0 92 63 
2 5 259 2546 2804 2573 267 0 92 63 
2 5 259 2546 2804 2574 267 0 92 63 
2 5 259 2546 2804 2575 267 0 92 63 
2 5 259 2546 2804 2576 267 0 92 63 
2 5 259 2546 2804 2577 267 0 92 63 
2 5 259 2546 2804 2578 267 0 92 63 
2 5 259 2546 2804 2579 267 0 92 63 
2 5 259 2546 2804 2580 267 0 92 63 
2 5 259 2546 2804 2581 267 0 92 63 
2 5 259 2546 2804 2582 267 0 92 63 
2 5 259 2546 2804 2583 267 0 92 63 
2 5 259 2546 2804 2584 267 0 92 63 
2 5 259 2546 2804 2585 267 0 92 63 
2 5 259 2546 2804 2586 267 0 92 63 
2 5 259 2546 2804 2587 267 0 92 63 
2 5 259 2546 2804 2588 267 0 92 63 
2 5 259 2546 2804 2589 267 0 92 63 
2 5 259 2546 2804 2590 267 0 92 63 
2 5 259 2546 2804 2591 267 0 92 63 
2 5 259 2546 2804 2592 267 0 92 63 
2 5 259 2546 2804 2593 267 0 92 63 
2 5 259 2546 2804 2594 267 0 92 63 
2 5 259 2546 2804 2595 267 0 92 63 
2 5 259 2546 2804 2596 267 0 92 63 
2 5 259 2546 2804 2597 267 0 92 63 
2 5 259 2546 2804 2598 267 0 92 63 
2 5 259 2546 2804 2599 267 0 92 63 
2 5 259 2546 2804 2600 267 0 92 63 
2 5 259 2546 2804 2601 267 0 92 63 
2 5 259 2546 2804 2602 267 0 92 63 
2 5 259 2546 2804 2603 267 0 92 63 
2 5 259 2546 2804 2604 267 0 92 63 
2 5 259 2546 2804 2605 267 0 92 63 
2 5 259 2546 2804 2606 267 0 92 63 
2 5 259 2546 2804 2607 267 0 92 63 
2 5 259 2546 2804 2608 267 0 92 63 
2 5 259 2546 2804 2609 267 0 92 63 
2 5 259 2546 2804 2610 267 0 92 63 
2 5 259 2546 2804 2611 267 0 92 63 
2 5 259 2546 2804 2612 267 0 92 63 
2 5 259 2546 2804 2613 267 0 92 63 
2 5 259 2546 2804 2614 267 0 92 63 
2 5 259 2546 2804 2615 267 0 92 63 
2 5 259 2546 2804 2616 267 0 92 63 
2 5 259 2546 2804 2617 267 0 92 63 
2 5 259 2546 2804 2618 267 0 92 63 
2 5 259 2546 2804 2619 267 0 92 63 
2 5 259 2546 2804 2620 267 0 92 63 
2 5 259 2546 2804 2621 267 0 92 63 
2 5 259 2546 2804 2622 267 0 92 63 
2 5 259 2546 2804 2623 267 0 92 63 
2 5 259 2546 2804 2624 267 0 92 63 
2 5 259 2546 2804 2625 267 0 92 63 
2 5 259 2546 2804 2626 267 0 92 63 
2 5 259 2546 2804 2627 267 0 92 63 
2 5 259 2546 2804 2628 267 0 92 63 
2 5 259 2546 2804 2629 267 0 92 63 
2 5 259 2546 2804 2630 267 0 92 63 
2 5 259 2546 2804 2631 267 0 92 63 
2 5 259 2546 2804 2632 267 0 92 63 
2 5 259 2546 2804 2633 267 0 92 63 
2 5 259 2546 2804 2634 267 0 92 63 
2 5 259 2546 2804 2635 267 0 92 63 
2 5 259 2546 2804 2636 267 0 92 63 
2 5 259 2546 2804 2637 267 0 92 63 
2 5 259 2546 2804 2638 267 0 92 63 
2 5 259 2546 2804 2639 267 0 92 63 
2 5 259 2546 2804 2640 267 0 92 63 
2 5 259 2546 2804 2641 267 0 92 63 
2 5 259 2546 2804 2642 267 0 92 63 
2 5 259 2546 2804 2643 267 0 92 63 
2 5 259 2546 2804 2644 267 0 92 63 
2 5 259 2546 2804 2645 267 0 92 63 
2 5 259 2546 2804 2646 267 0 92 63 
2 5 259 2546 2804 2647 267 0 92 63 
2 5 259 2546 2804 2648 267 0 92 63 
2 5 259 2546 2804 2649 267 0 92 63 
2 5 259 2546 2804 2650 267 0 92 63 
2 5 259 2546 2804 2651 267 0 92 63 
2 5 259 2546 2804 2652 267 0 92 63 
2 5 259 2546 2804 2653 267 0 92 63 
2 5 259 2546 2804 2654 267 0 92 63 
2 5 259 2546 2804 2655 267 0 92 63 
2 5 259 2546 2804 2656 267 0 92 63 
2 5 259 2546 2804 2657 267 0 92 63 
2 5 259 2546 2804 2658 267 0 92 63 
2 5 259 2546 2804 2659 267 0 92 63 
2 5 259 2546 2804 2660 267 0 92 63 
2 5 259 2546 2804 2661 267 0 92 63 
2 5 259 2546 2804 2662 267 0 92 63 
2 5 259 2546 2804 2663 267 0 92 63 
2 5 259 2546 2804 2664 267 0 92 63 
2 5 259 2546 2804 2665 267 0 92 63 
2 5 259 2546 2804 2666 267 0 92 63 
2 5 259 2546 2804 2667 267 0 92 63 
2 5 259 2546 2804 2668 267 0 92 63 
2 5 259 2546 2804 2669 267 0 92 63 
2 5 259 2546 2804 2670 267 0 92 63 
2 5 259 2546 2804 2671 267 0 92 63 
2 5 259 2546 2804 2672 267 0 92 63 
2 5 259 2546 2804 2673 267 0 92 63 
2 5 259 2546 2804 2674 267 0 92 63 
2 5 259 2546 2804 2675 267 0 92 63 
2 5 259 2546 2804 2676 267 0 92 63 
2 5 259 2546 2804 2677 267 0 92 63 
2 5 259 2546 2804 2678 267 0 92 63 
2 5 259 2546 2804 2679 267 0 92 63 
2 5 259 2546 2804 2680 267 0 92 63 
2 5 259 2546 2804 2681 267 0 92 63 
2 5 259 2546 2804 2682 267 0 92 63 
2 5 259 2546 2804 2683 267 0 92 63 
2 5 259 2546 2804 2684 267 0 92 63 
2 5 259 2546 2804 2685 267 0 92 63 
2 5 259 2546 2804 2686 267 0 92 63 
2 5 259 2546 2804 2687 267 0 92 63 
2 5 259 2546 2804 2688 267 0 92 63 
2 5 259 2546 2804 2689 267 0 92 63 
2 5 259 2546 2804 2690 267 0 92 63 
2 5 259 2546 2804 2691 267 0 92 63 
2 5 259 2546 2804 2692 267 0 92 63 
2 5 259 2546 2804 2693 267 0 92 63 
2 5 259 2546 2804 2694 267 0 92 63 
2 5 259 2546 2804 2695 267 0 92 63 
2 5 259 2546 2804 2696 267 0 92 63 
2 5 259 2546 2804 2697 267 0 92 63 
2 5 259 2546 2804 2698 267 0 92 63 
2 5 259 2546 2804 2699 267 0 92 63 
2 5 259 2546 2804 2700 267 0 92 63 
2 5 259 2546 2804 2701 267 0 92 63 
2 5 259 2546 2804 2702 267 0 92 63 
2 5 259 2546 2804 2703 267 0 92 63 
2 5 259 2546 2804 2704 267 0 92 63 
2 5 259 2546 2804 2705 267 0 92 63 
2 5 259 2546 2804 2706 267 0 92 63 
2 5 259 2546 2804 2707 267 0 92 63 
2 5 259 2546 2804 2708 267 0 92 63 
2 5 259 2546 2804 2709 267 0 92 63 
2 5 259 2546 2804 2710 267 0 92 63 
2 5 259 2546 2804 2711 267 0 92 63 
2 5 259 2546 2804 2712 267 0 92 63 
2 5 259 2546 2804 2713 267 0 92 63 
2 5 259 2546 2804 2714 267 0 92 63 
2 5 259 2546 2804 2715 267 0 92 63 
2 5 259 2546 2804 2716 267 0 92 63 
2 5 259 2546 2804 2717 267 0 92 63 
2 5 259 2546 2804 2718 267 0 92 63 
2 5 259 2546 2804 2719 267 0 92 63 
2 5 259 2546 2804 2720 267 0 92 63 
2 5 259 2546 2804 2721 267 0 92 63 
2 5 259 2546 2804 2722 267 0 92 63 
2 5 259 2546 2804 2723 267 0 92 63 
2 5 259 2546 2804 2724 267 0 92 63 
2 5 259 2546 2804 2725 267 0 92 63 
2 5 259 2546 2804 2726 267 0 92 63 
2 5 259 2546 2804 2727 267 0 92 63 
2 5 259 2546 2804 2728 267 0 92 63 
2 5 259 2546 2804 2729 267 0 92 63 
2 5 259 2546 2804 2730 267 0 92 63 
2 5 259 2546 2804 2731 267 0 92 63 
2 5 259 2546 2804 2732 267 0 92 63 
2 5 259 2546 2804 2733 267 0 92 63 
2 5 259 2546 2804 2734 267 0 92 63 
2 5 259 2546 2804 2735 267 0 92 63 
2 5 259 2546 2804 2736 267 0 92 63 
2 5 259 2546 2804 2737 267 0 92 63 
2 5 259 2546 2804 2738 267 0 92 63 
2 5 259 2546 2804 2739 267 0 92 63 
2 5 259 2546 2804 2740 267 0 92 63 
2 5 259 2546 2804 2741 267 0 92 63 
2 5 259 2546 2804 2742 267 0 92 63 
2 5 259 2546 2804 2743 267 0 92 63 
2 5 259 2546 2804 2744 267 0 92 63 
2 5 259 2546 2804 2745 267 0 92 63 
2 5 259 2546 2804 2746 267 0 92 63 
2 5 259 2546 2804 2747 267 0 92 63 
2 5 259 2546 2804 2748 267 0 92 63 
2 5 259 2546 2804 2749 267 0 92 63 
2 5 259 2546 2804 2750 267 0 92 63 
2 5 259 2546 2804 2751 267 0 92 63 
2 5 259 2546 2804 2752 267 0 92 63 
2 5 259 2546 2804 2753 267 0 92 63 
2 5 259 2546 2804 2754 267 0 92 63 
2 5 259 2546 2804 2755 267 0 92 63 
2 5 259 2546 2804 2756 267 0 92 63 
2 5 259 2546 2804 2757 267 0 92 63 
2 5 259 2546 2804 2758 267 0 92 63 
2 5 259 2546 2804 2759 267 0 92 63 
2 5 259 2546 2804 2760 267 0 92 63 
2 5 259 2546 2804 2761 267 0 92 63 
2 5 259 2546 2804 2762 267 0 92 63 
2 5 259 2546 2804 2763 267 0 92 63 
2 5 259 2546 2804 2764 267 0 92 63 
2 5 259 2546 2804 2765 267 0 92 63 
2 5 259 2546 2804 2766 267 0 92 63 
2 5 259 2546 2804 2767 267 0 92 63 
2 5 259 2546 2804 2768 267 0 92 63 
2 5 259 2546 2804 2769 267 0 92 63 
2 5 259 2546 2804 2770 267 0 92 63 
2 5 259 2546 2804 2771 267 0 92 63 
2 5 259 2546 2804 2772 267 0 92 63 
2 5 259 2546 2804 2773 267 0 92 63 
2 5 259 2546 2804 2774 267 0 92 63 
2 5 259 2546 2804 2775 267 0 92 63 
2 5 259 2546 2804 2776 267 0 92 63 
2 5 259 2546 2804 2777 267 0 92 63 
2 5 259 2546 2804 2778 267 0 92 63 
2 5 259 2546 2804 2779 267 0 92 63 
2 5 259 2546 2804 2780 267 0 92 63 
2 5 259 2546 2804 2781 267 0 92 63 
2 5 259 2546 2804 2782 267 0 92 63 
2 5 259 2546 2804 2783 267 0 92 63 
2 5 259 2546 2804 2784 267 0 92 63 
2 5 259 2546 2804 2785 267 0 92 63 
2 5 259 2546 2804 2786 267 0 92 63 
2 5 259 2546 2804 2787 267 0 92 63 
2 5 259 2546 2804 2788 267 0 92 63 
2 5 259 2546 2804 2789 267 0 92 63 
2 5 259 2546 2804 2790 267 0 92 63 
2 5 259 2546 2804 2791 267 0 92 63 
2 5 259 2546 2804 2792 267 0 92 63 
2 5 259 2546 2804 2793 267 0 92 63 
2 5 259 2546 2804 2794 267 0 92 63 
2 5 259 2546 2804 2795 267 0 92 63 
2 5 259 2546 2804 2796 267 0 92 63 
2 5 259 2546 2804 2797 267 0 92 63 
2 5 259 2546 2804 2798 267 0 92 63 
2 5 259 2546 2804 2799 267 0 92 63 
2 5 259 2546 2804 2800 267 0 92 63 
2 5 259 2546 2804 2801 267 0 92 63 
2 5 259 2546 2804 2802 267 0 92 63 
2 5 259 2546 2804 2803 267 0 92 63 
2 5 259 2546 2804 2804 267 0 92 63 
3 6 197 2762 2958 2762 299 88 89 77 
3 6 197 2762 2958 2763 299 88 89 77 
3 6 197 2762 2958 2764 299 88 89 77 
3 6 197 2762 2958 2765 299 88 89 77 
3 6 197 2762 2958 2766 299 88 89 77 
3 6 197 2762 2958 2767 299 88 89 77 
3 6 197 2762 2958 2768 299 88 89 77 
3 6 197 2762 2958 2769 299 88 89 77 
3 6 197 2762 2958 2770 299 88 89 77 
3 6 197 2762 2958 2771 299 88 89 77 
3 6 197 2762 2958 2772 299 88 89 77 
3 6 197 2762 2958 2773 299 88 89 77 
3 6 197 2762 2958 2774 299 88 89 77 
3 6 197 2762 2958 2775 299 88 89 77 
3 6 197 2762 2958 2776 299 88 89 77 
3 6 197 2762 2958 2777 299 88 89 77 
3 6 197 2762 2958 2778 299 88 89 77 
3 6 197 2762 2958 2779 299 88 89 77 
3 6 197 2762 2958 2780 299 88 89 77 
3 6 197 2762 2958 2781 299 88 89 77 
3 6 197 2762 2958 2782 299 88 89 77 
3 6 197 2762 2958 2783 299 88 89 77 
3 6 197 2762 2958 2784 299 88 89 77 
3 6 197 2762 2958 2785 299 88 89 77 
3 6 197 2762 2958 2786 299 88 89 77 
3 6 197 2762 2958 2787 299 88 89 77 
3 6 197 2762 2958 2788 299 88 89 77 
3 6 197 2762 2958 2789 299 88 89 77 
3 6 197 2762 2958 2790 299 88 89 77 
3 6 197 2762 2958 2791 299 88 89 77 
3 6 197 2762 2958 2792 299 88 89 77 
3 6 197 2762 2958 2793 299 88 89 77 
3 6 197 2762 2958 2794 299 88 89 77 
3 6 197 2762 2958 2795 299 88 89 77 
3 6 197 2762 2958 2796 299 88 89 77 
3 6 197 2762 2958 2797 299 88 89 77 
3 6 197 2762 2958 2798 299 88 89 77 
3 6 197 2762 2958 2799 299 88 89 77 
3 6 197 2762 2958 2800 299 88 89 77 
3 6 197 2762 2958 2801 299 88 89 77 
3 6 197 2762 2958 2802 299 88 89 77 
3 6 197 2762 2958 2803 299 88 89 77 
3 6 197 2762 2958 2804 299 88 89 77 
3 6 197 2762 2958 2805 299 88 89 77 
3 6 197 2762 2958 2806 299 88 89 77 
3 6 197 2762 2958 2807 299 88 89 77 
3 6 197 2762 2958 2808 299 88 89 77 
3 6 197 2762 2958 2809 299 88 89 77 
3 6 197 2762 2958 2810 299 88 89 77 
3 6 197 2762 2958 2811 299 88 89 77 
3 6 197 2762 2958 2812 299 88 89 77 
3 6 197 2762 2958 2813 299 88 89 77 
3 6 197 2762 2958 2814 299 88 89 77 
3 6 197 2762 2958 2815 299 88 89 77 
3 6 197 2762 2958 2816 299 88 89 77 
3 6 197 2762 2958 2817 299 88 89 77 
3 6 197 2762 2958 2818 299 88 89 77 
3 6 197 2762 2958 2819 299 88 89 77 
3 6 197 2762 2958 2820 299 88 89 77 
3 6 197 2762 2958 2821 299 88 89 77 
3 6 197 2762 2958 2822 299 88 89 77 
3 6 197 2762 2958 2823 299 88 89 77 
3 6 197 2762 2958 2824 299 88 89 77 
3 6 197 2762 2958 2825 299 88 89 77 
3 6 197 2762 2958 2826 299 88 89 77 
3 6 197 2762 2958 2827 299 88 89 77 
3 6 197 2762 2958 2828 299 88 89 77 
3 6 197 2762 2958 2829 299 88 89 77 
3 6 197 2762 2958 2830 299 88 89 77 
3 6 197 2762 2958 2831 299 88 89 77 
3 6 197 2762 2958 2832 299 88 89 77 
3 6 197 2762 2958 2833 299 88 89 77 
3 6 197 2762 2958 2834 299 88 89 77 
3 6 197 2762 2958 2835 299 88 89 77 
3 6 197 2762 2958 2836 299 88 89 77 
3 6 197 2762 2958 2837 299 88 89 77 
3 6 197 2762 2958 2838 299 88 89 77 
3 6 197 2762 2958 2839 299 88 89 77 
3 6 197 2762 2958 2840 299 88 89 77 
3 6 197 2762 2958 2841 299 88 89 77 
3 6 197 2762 2958 2842 299 88 89 77 
3 6 197 2762 2958 2843 299 88 89 77 
3 6 197 2762 2958 2844 299 88 89 77 
3 6 197 2762 2958 2845 299 88 89 77 
3 6 197 2762 2958 2846 299 88 89 77 
3 6 197 2762 2958 2847 299 88 89 77 
3 6 197 2762 2958 2848 299 88 89 77 
3 6 197 2762 2958 2849 299 88 89 77 
3 6 197 2762 2958 2850 299 88 89 77 
3 6 197 2762 2958 2851 299 88 89 77 
3 6 197 2762 2958 2852 299 88 89 77 
3 6 197 2762 2958 2853 299 88 89 77 
3 6 197 2762 2958 2854 299 88 89 77 
3 6 197 2762 2958 2855 299 88 89 77 
3 6 197 2762 2958 2856 299 88 89 77 
3 6 197 2762 2958 2857 299 88 89 77 
3 6 197 2762 2958 2858 299 88 89 77 
3 6 197 2762 2958 2859 299 88 89 77 
3 6 197 2762 2958 2860 299 88 89 77 
3 6 197 2762 2958 2861 299 88 89 77 
3 6 197 2762 2958 2862 299 88 89 77 
3 6 197 2762 2958 2863 299 88 89 77 
3 6 197 2762 2958 2864 299 88 89 77 
3 6 197 2762 2958 2865 299 88 89 77 
3 6 197 2762 2958 2866 299 88 89 77 
3 6 197 2762 2958 2867 299 88 89 77 
3 6 197 2762 2958 2868 299 88 89 77 
3 6 197 2762 2958 2869 299 88 89 77 
3 6 197 2762 2958 2870 299 88 89 77 
3 6 197 2762 2958 2871 299 88 89 77 
3 6 197 2762 2958 2872 299 88 89 77 
3 6 197 2762 2958 2873 299 88 89 77 
3 6 197 2762 2958 2874 299 88 89 77 
3 6 197 2762 2958 2875 299 88 89 77 
3 6 197 2762 2958 2876 299 88 89 77 
3 6 197 2762 2958 2877 299 88 89 77 
3 6 197 2762 2958 2878 299 88 89 77 
3 6 197 2762 2958 2879 299 88 89 77 
3 6 197 2762 2958 2880 299 88 89 77 
3 6 197 2762 2958 2881 299 88 89 77 
3 6 197 2762 2958 2882 299 88 89 77 
3 6 197 2762 2958 2883 299 88 89 77 
3 6 197 2762 2958 2884 299 88 89 77 
3 6 197 2762 2958 2885 299 88 89 77 
3 6 197 2762 2958 2886 299 88 89 77 
3 6 197 2762 2958 2887 299 88 89 77 
3 6 197 2762 2958 2888 299 88 89 77 
3 6 197 2762 2958 2889 299 88 89 77 
3 6 197 2762 2958 2890 299 88 89 77 
3 6 197 2762 2958 2891 299 88 89 77 
3 6 197 2762 2958 2892 299 88 89 77 
3 6 197 2762 2958 2893 299 88 89 77 
3 6 197 2762 2958 2894 299 88 89 77 
3 6 197 2762 2958 2895 299 88 89 77 
3 6 197 2762 2958 2896 299 88 89 77 
3 6 197 2762 2958 2897 299 88 89 77 
3 6 197 2762 2958 2898 299 88 89 77 
3 6 197 2762 2958 2899 299 88 89 77 
3 6 197 2762 2958 2900 299 88 89 77 
3 6 197 2762 2958 2901 299 88 89 77 
3 6 197 2762 2958 2902 299 88 89 77 
3 6 197 2762 2958 2903 299 88 89 77 
3 6 197 2762 2958 2904 299 88 89 77 
3 6 197 2762 2958 2905 299 88 89 77 
3 6 197 2762 2958 2906 299 88 89 77 
3 6 197 2762 2958 2907 299 88 89 77 
3 6 197 2762 2958 2908 299 88 89 77 
3 6 197 2762 2958 2909 299 88 89 77 
3 6 197 2762 2958 2910 299 88 89 77 
3 6 197 2762 2958 2911 299 88 89 77 
3 6 197 2762 2958 2912 299 88 89 77 
3 6 197 2762 2958 2913 299 88 89 77 
3 6 197 2762 2958 2914 299 88 89 77 
3 6 197 2762 2958 2915 299 88 89 77 
3 6 197 2762 2958 2916 299 88 89 77 
3 6 197 2762 2958 2917 299 88 89 77 
3 6 197 2762 2958 2918 299 88 89 77 
3 6 197 2762 2958 2919 299 88 89 77 
3 6 197 2762 2958 2920 299 88 89 77 
3 6 197 2762 2958 2921 299 88 89 77 
3 6 197 2762 2958 2922 299 88 89 77 
3 6 197 2762 2958 2923 299 88 89 77 
3 6 197 2762 2958 2924 299 88 89 77 
3 6 197 2762 2958 2925 299 88 89 77 
3 6 197 2762 2958 2926 299 88 89 77 
3 6 197 2762 2958 2927 299 88 89 77 
3 6 197 2762 2958 2928 299 88 89 77 
3 6 197 2762 2958 2929 299 88 89 77 
3 6 197 2762 2958 2930 299 88 89 77 
3 6 197 2762 2958 2931 299 88 89 77 
3 6 197 2762 2958 2932 299 88 89 77 
3 6 197 2762 2958 2933 299 88 89 77 
3 6 197 2762 2958 2934 299 88 89 77 
3 6 197 2762 2958 2935 299 88 89 77 
3 6 197 2762 2958 2936 299 88 89 77 
3 6 197 2762 2958 2937 299 88 89 77 
3 6 197 2762 2958 2938 299 88 89 77 
3 6 197 2762 2958 2939 299 88 89 77 
3 6 197 2762 2958 2940 299 88 89 77 
3 6 197 2762 2958 2941 299 88 89 77 
3 6 197 2762 2958 2942 299 88 89 77 
3 6 197 2762 2958 2943 299 88 89 77 
3 6 197 2762 2958 2944 299 88 89 77 
3 6 197 2762 2958 2945 299 88 89 77 
3 6 197 2762 2958 2946 299 88 89 77 
3 6 197 2762 2958 2947 299 88 89 77 
3 6 197 2762 2958 2948 299 88 89 77 
3 6 197 2762 2958 2949 299 88 89 77 
3 6 197 2762 2958 2950 299 88 89 77 
3 6 197 2762 2958 2951 299 88 89 77 
3 6 197 2762 2958 2952 299 88 89 77 
3 6 197 2762 2958 2953 299 88 89 77 
3 6 197 2762 2958 2954 299 88 89 77 
3 6 197 2762 2958 2955 299 88 89 77 
3 6 197 2762 2958 2956 299 88 89 77 
3 6 197 2762 2958 2957 299 88 89 77 
3 6 197 2762 2958 2958 299 88 89 77 
