1 340 626 1400 935 100 103 5
1 340 627 1394 927 99 102 5
1 340 628 1388 919 99 102 5
1 340 629 1383 912 98 102 5
1 340 630 1378 904 97 102 5
1 340 631 1373 897 96 101 5
1 340 632 1368 890 95 101 5
1 340 633 1363 883 95 101 5
1 340 634 1358 876 94 101 5
1 340 635 1353 870 94 100 5
1 340 636 1348 863 93 100 5
1 340 637 1344 857 92 99 5
1 340 638 1339 851 92 99 5
1 340 639 1335 845 91 98 5
1 340 640 1331 838 90 99 5
1 340 641 1326 833 90 97 5
1 340 642 1322 827 89 97 5
1 340 643 1318 821 89 97 5
1 340 644 1314 815 88 97 5
1 340 645 1310 810 87 96 5
1 340 646 1307 804 86 97 5
1 340 647 1303 799 86 96 5
1 340 648 1299 794 85 95 5
1 340 649 1295 789 85 95 5
1 340 650 1292 784 84 94 5
1 340 651 1288 779 84 94 5
1 340 652 1285 774 82 94 5
1 340 653 1282 769 81 94 5
1 340 654 1278 764 82 94 5
1 340 655 1275 759 81 94 5
1 340 656 1272 755 80 93 5
1 340 657 1269 750 79 93 5
1 340 658 1266 746 78 92 5
1 340 659 1263 741 78 92 5
1 340 660 1260 737 77 92 5
1 340 661 1257 733 76 91 5
1 340 662 1254 728 76 92 5
1 340 663 1251 724 75 91 5
1 340 664 1248 720 75 91 5
1 340 665 1245 716 75 91 5
1 340 666 1243 712 73 90 5
1 340 667 1240 708 73 90 5
1 340 668 1237 704 73 90 5
1 340 669 1235 701 72 89 5
1 340 670 1232 697 71 89 5
1 340 671 1230 693 70 89 5
1 340 672 1227 689 70 89 5
1 340 673 1225 686 69 88 5
1 340 674 1222 682 69 88 5
1 340 675 1220 679 68 88 5
1 340 676 1218 675 67 88 5
1 340 677 1215 672 67 87 5
1 340 678 1213 669 67 87 5
1 340 679 1211 665 66 87 5
1 340 680 1209 662 65 86 5
1 340 681 1207 659 64 86 5
1 340 682 1204 655 64 86 5
1 340 683 1200 651 64 85 5
1 340 684 1197 646 64 86 5
1 340 685 1193 642 64 85 5
1 340 686 1190 638 63 85 5
1 340 687 1186 634 64 84 5
1 340 688 1183 629 63 85 5
1 340 689 1179 625 64 84 5
1 340 690 1176 621 63 84 5
1 340 691 1173 617 62 84 5
1 340 692 1169 613 63 83 5
1 340 693 1166 608 62 84 5
1 340 694 1162 604 63 84 5
1 340 695 1159 600 63 83 5
1 340 696 1156 596 62 83 5
1 340 697 1153 592 62 83 5
1 340 698 1149 588 62 82 5
1 340 699 1146 584 62 82 5
1 340 700 1143 580 61 82 5
1 340 701 1139 576 62 82 5
1 340 702 1136 572 62 82 5
1 340 703 1133 568 61 82 5
1 340 704 1130 564 61 81 5
1 340 705 1127 561 61 80 5
1 340 706 1123 557 61 80 5
1 340 707 1120 553 61 80 5
1 340 708 1117 549 61 80 5
1 340 709 1114 545 61 80 5
1 340 710 1111 541 60 80 5
1 340 711 1108 538 60 79 5
1 340 712 1105 534 60 79 5
1 340 713 1102 530 60 79 5
1 340 714 1099 526 60 79 5
1 340 715 1096 523 60 78 5
1 340 716 1093 519 59 78 5
1 340 717 1090 515 59 78 5
1 340 718 1087 512 59 78 5
1 340 719 1084 508 59 78 5
1 340 720 1081 504 59 78 5
1 340 721 1078 501 59 77 5
1 340 722 1075 497 59 77 5
1 340 723 1072 494 59 76 5
1 340 724 1069 490 59 77 5
1 340 725 1066 487 59 76 5
1 340 726 1063 483 59 76 5
1 340 727 1060 480 59 75 5
1 340 728 1057 476 59 76 5
1 340 729 1055 473 58 75 5
1 340 730 1052 469 58 75 5
1 340 731 1049 466 58 75 5
1 340 732 1046 462 58 75 5
1 340 733 1043 459 58 75 5
1 340 734 1041 456 57 74 5
1 340 735 1038 452 58 74 5
1 340 736 1035 449 58 74 5
1 340 737 1032 445 58 74 5
1 340 738 1030 442 57 74 5
1 340 739 1027 439 57 73 5
1 340 740 1024 435 57 74 5
1 340 741 1022 432 57 73 5
1 340 742 1019 429 57 73 5
1 340 743 1016 426 57 72 5
1 340 744 1014 422 56 73 5
1 340 745 1011 419 57 72 5
1 340 746 1008 416 57 72 5
1 340 747 1006 413 56 72 5
1 340 748 1003 410 56 71 5
1 340 749 1000 406 57 72 5
1 340 750 998 403 56 71 5
1 340 751 995 400 56 71 5
1 340 752 993 397 56 71 5
1 340 753 990 394 56 70 5
1 340 754 988 391 55 70 5
1 340 755 985 388 56 70 5
1 340 756 983 385 55 70 5
1 340 757 980 382 55 69 5
1 340 758 978 379 55 69 5
1 340 759 975 376 55 69 5
1 340 760 973 373 55 69 5
1 340 761 970 370 55 68 5
1 340 762 968 367 55 68 5
1 340 763 965 364 55 68 5
1 340 764 963 361 54 68 5
1 340 765 960 358 55 68 5
1 340 766 958 355 54 68 5
1 340 767 956 352 54 68 5
1 340 768 953 349 54 67 5
1 340 769 951 346 54 67 5
1 340 770 948 343 55 67 5
1 340 771 946 340 54 67 5
1 340 772 945 338 54 67 5
1 340 773 944 336 54 67 5
1 340 774 942 334 54 66 5
1 340 775 941 332 54 66 5
1 340 776 940 330 54 65 5
1 340 777 938 327 54 66 5
1 340 778 937 325 54 65 5
1 340 779 936 323 54 65 5
1 340 780 934 321 54 64 5
1 340 781 933 319 54 64 5
1 340 782 932 317 54 63 5
1 340 783 930 314 54 64 5
1 340 784 929 312 54 63 5
1 340 785 928 310 53 63 5
1 340 786 926 308 54 62 5
1 340 787 925 306 54 62 5
1 340 788 924 303 53 62 5
1 340 789 922 301 54 62 5
1 340 790 921 299 54 61 5
1 340 791 919 297 54 61 5
1 340 792 918 295 54 60 5
1 340 793 917 292 54 61 5
1 340 794 915 290 54 60 5
1 340 795 914 288 54 60 5
1 340 796 913 286 54 59 5
1 340 797 911 284 54 59 5
1 340 798 910 282 54 58 5
1 340 799 909 279 54 59 5
1 340 800 907 277 54 59 5
1 340 801 906 275 54 58 5
1 340 802 905 273 53 58 5
1 340 803 903 271 54 57 5
1 340 804 902 268 54 58 5
1 340 805 901 266 53 57 5
1 340 806 899 264 54 57 5
1 340 807 898 262 54 56 5
1 340 808 896 260 54 56 5
1 340 809 895 257 54 56 5
1 340 810 894 255 54 56 5
1 340 811 892 253 54 55 5
1 340 812 891 251 54 55 5
1 340 813 890 249 54 54 5
1 340 814 888 246 54 55 5
1 340 815 887 244 54 54 5
1 340 816 886 242 54 54 5
1 340 817 884 240 54 53 5
1 340 818 883 238 54 53 5
1 340 819 882 236 54 53 5
1 340 820 880 234 54 53 5
1 340 821 879 232 54 53 5
1 340 822 878 230 54 53 5
1 340 823 877 228 53 53 5
1 340 824 875 226 54 53 5
1 340 825 874 224 54 54 5
1 340 826 873 222 54 54 5
1 340 827 872 220 53 54 5
1 340 828 871 218 53 54 5
1 340 829 869 216 54 54 5
1 340 830 868 214 53 55 5
1 340 831 867 212 53 55 5
1 340 832 866 210 53 55 5
1 340 833 864 208 54 55 5
1 340 834 863 206 53 55 5
1 340 835 862 204 53 55 5
1 340 836 861 202 53 56 5
1 340 837 860 200 52 56 5
1 340 838 858 198 53 56 5
1 340 839 857 196 53 56 5
1 340 840 856 194 53 56 5
1 340 841 855 192 52 57 5
1 340 842 853 190 53 57 5
1 340 843 852 188 53 57 5
1 340 844 851 186 52 57 5
1 340 845 850 184 52 57 5
1 340 846 849 182 52 58 5
1 340 847 847 180 53 58 5
1 340 848 846 178 52 58 5
1 340 849 845 176 52 58 5
1 340 850 844 174 52 58 5
1 340 851 842 172 52 58 5
1 340 852 842 172 52 58 5
1 340 853 840 170 52 58 5
1 340 854 838 169 52 57 5
1 340 855 836 167 52 58 5
1 340 856 834 166 52 57 5
1 340 857 832 164 52 57 5
1 340 858 830 162 52 58 5
1 340 859 828 161 52 57 5
1 340 860 826 159 52 57 5
1 340 861 825 158 51 57 5
1 340 862 823 156 51 57 5
1 340 863 821 155 51 56 5
1 340 864 819 153 51 57 5
1 340 865 817 151 51 57 5
1 340 866 815 150 51 56 5
1 340 867 813 148 51 57 5
1 340 868 811 147 51 56 5
1 340 869 809 145 51 56 5
1 340 870 808 144 50 56 5
1 340 871 806 142 50 56 5
1 340 872 804 140 50 56 5
1 340 873 802 139 50 56 5
1 340 874 800 137 50 56 5
1 340 875 798 136 50 55 5
1 340 876 796 134 50 56 5
1 340 877 794 133 51 55 5
1 340 878 792 131 51 55 5
1 340 879 791 129 50 56 5
1 340 880 789 128 50 55 5
1 340 881 787 126 50 55 5
1 340 882 785 125 50 55 5
1 340 883 783 123 50 55 5
1 340 884 781 121 50 55 5
1 340 885 779 120 50 55 5
1 340 886 777 118 50 55 5
1 340 887 775 117 50 54 5
1 340 888 773 115 50 54 5
1 340 889 772 114 49 54 5
1 340 890 770 112 49 54 5
1 340 891 768 110 49 54 5
1 340 892 766 109 49 54 5
1 340 893 764 107 49 54 5
1 340 894 762 106 49 53 5
1 340 895 760 104 49 54 5
1 340 896 758 103 49 53 5
1 340 897 756 101 49 53 5
1 340 898 755 99 48 54 5
1 340 899 753 98 48 53 5
1 340 900 751 96 48 53 5
1 340 901 749 95 49 53 5
1 340 902 747 93 49 53 5
1 340 903 745 91 49 53 5
1 340 904 743 90 49 53 5
1 340 905 741 88 49 53 5
1 340 906 739 87 49 52 5
1 340 907 737 85 49 53 5
1 340 908 736 84 48 52 5
1 340 909 734 82 48 52 5
1 340 910 732 80 48 53 5
1 340 911 730 79 48 52 5
1 340 912 728 77 48 52 5
1 340 913 726 76 48 52 5
1 340 914 724 74 48 52 5
1 340 915 722 73 48 51 5
1 340 916 720 71 48 52 5
1 340 917 719 69 47 52 5
1 340 918 717 68 47 51 5
1 340 919 715 66 47 52 5
1 340 920 713 65 47 51 5
1 340 921 711 63 47 51 5
1 340 922 709 61 47 52 5
1 340 923 707 60 47 51 5
1 340 924 705 58 48 51 5
1 340 925 703 57 48 51 5
1 340 926 701 55 48 51 5
1 340 927 700 54 47 50 5
1 340 928 698 52 47 51 5
1 340 929 696 50 47 51 5
1 340 930 694 49 47 50 5
1 340 931 692 47 47 51 5
1 340 932 690 46 47 50 5
1 340 933 688 44 47 50 5
1 340 934 686 42 47 51 5
1 340 935 684 41 47 50 5
1 340 936 682 39 47 50 5
1 340 937 681 38 46 50 5
1 340 938 679 36 46 50 5
1 340 939 677 35 46 49 5
1 340 940 675 33 46 50 5
1 340 941 673 31 46 50 5
1 340 942 671 30 46 49 5
1 340 943 669 28 46 50 5
1 340 944 667 27 46 49 5
1 340 945 665 25 46 49 5
1 340 946 664 24 46 49 5
1 340 947 661 23 46 49 5
1 340 948 659 22 46 49 5
1 340 949 657 22 46 49 5
1 340 950 655 21 46 49 5
1 340 951 653 21 46 49 5
1 340 952 651 20 46 49 5
1 340 953 648 19 46 49 5
1 340 954 646 19 46 49 5
1 340 955 644 18 46 49 5
1 340 956 642 18 46 49 5
1 340 957 640 17 46 49 5
1 340 958 638 17 46 49 5
1 340 959 635 16 46 49 5
1 340 960 633 15 46 49 5
1 340 961 631 15 46 49 5
1 340 962 629 14 46 49 5
1 340 963 627 14 46 49 5
1 340 964 625 13 46 49 5
1 340 965 623 13 46 49 5
2 338 626 1424 909 82 95 1
2 338 627 1417 900 81 95 1
2 338 628 1410 892 81 94 1
2 338 629 1404 884 80 94 1
2 338 630 1397 875 80 94 1
2 338 631 1391 868 80 93 1
2 338 632 1385 860 79 93 1
2 338 633 1378 852 79 93 1
2 338 634 1372 845 79 92 1
2 338 635 1366 837 79 92 1
2 338 636 1361 830 77 92 1
2 338 637 1355 823 77 91 1
2 338 638 1349 816 77 91 1
2 338 639 1344 809 76 91 1
2 338 640 1338 802 76 90 1
2 338 641 1333 795 76 90 1
2 338 642 1328 788 75 90 1
2 338 643 1322 782 75 90 1
2 338 644 1317 775 75 90 1
2 338 645 1312 769 74 89 1
2 338 646 1307 763 74 89 1
2 338 647 1302 757 74 88 1
2 338 648 1298 751 73 88 1
2 338 649 1293 745 72 88 1
2 338 650 1288 739 72 87 1
2 338 651 1284 733 71 87 1
2 338 652 1279 727 71 87 1
2 338 653 1275 722 71 86 1
2 338 654 1270 716 71 87 1
2 338 655 1266 711 70 86 1
2 338 656 1262 705 69 86 1
2 338 657 1257 700 70 85 1
2 338 658 1253 694 69 86 1
2 338 659 1249 689 69 85 1
2 338 660 1245 684 68 85 1
2 338 661 1241 679 68 85 1
2 338 662 1237 674 67 84 1
2 338 663 1233 669 67 84 1
2 338 664 1229 664 67 84 1
2 338 665 1225 659 67 84 1
2 338 666 1222 655 66 83 1
2 338 667 1218 650 66 83 1
2 338 668 1214 645 66 83 1
2 338 669 1211 641 65 82 1
2 338 670 1207 636 65 83 1
2 338 671 1204 632 64 82 1
2 338 672 1200 627 64 82 1
2 338 673 1197 623 63 82 1
2 338 674 1194 619 63 81 1
2 338 675 1190 615 63 80 1
2 338 676 1187 610 62 81 1
2 338 677 1184 606 62 81 1
2 338 678 1181 602 61 80 1
2 338 679 1177 598 62 80 1
2 338 680 1174 594 61 80 1
2 338 681 1171 590 61 80 1
2 338 682 1168 586 60 79 1
2 338 683 1165 582 60 79 1
2 338 684 1162 579 60 78 1
2 338 685 1159 575 59 78 1
2 338 686 1156 571 59 78 1
2 338 687 1153 567 59 78 1
2 338 688 1151 564 58 77 1
2 338 689 1148 560 57 78 1
2 338 690 1145 557 57 77 1
2 338 691 1142 553 57 77 1
2 338 692 1140 550 56 76 1
2 338 693 1137 546 56 77 1
2 338 694 1134 543 56 76 1
2 338 695 1132 539 55 76 1
2 338 696 1129 536 55 76 1
2 338 697 1127 533 54 75 1
2 338 698 1124 530 54 75 1
2 338 699 1121 526 55 75 1
2 338 700 1119 523 54 75 1
2 338 701 1117 520 53 75 1
2 338 702 1114 517 53 74 1
2 338 703 1112 514 53 74 1
2 338 704 1109 511 53 74 1
2 338 705 1107 508 52 73 1
2 338 706 1105 505 51 73 1
2 338 707 1102 502 52 73 1
2 338 708 1100 499 51 73 1
2 338 709 1098 496 51 73 1
2 338 710 1096 493 50 73 1
2 338 711 1094 490 50 72 1
2 338 712 1091 487 50 72 1
2 338 713 1089 484 50 72 1
2 338 714 1087 482 49 71 1
2 338 715 1085 479 49 71 1
2 338 716 1083 476 48 71 1
2 338 717 1081 473 48 72 1
2 338 718 1079 471 48 71 1
2 338 719 1077 468 47 71 1
2 338 720 1075 465 47 71 1
2 338 721 1073 463 47 70 1
2 338 722 1071 460 46 70 1
2 338 723 1069 458 46 70 1
2 338 724 1067 455 46 70 1
2 338 725 1065 453 46 69 1
2 338 726 1063 450 45 70 1
2 338 727 1061 448 45 69 1
2 338 728 1059 445 45 69 1
2 338 729 1058 443 44 69 1
2 338 730 1056 441 44 68 1
2 338 731 1054 438 44 69 1
2 338 732 1052 436 44 68 1
2 338 733 1051 434 43 68 1
2 338 734 1048 431 43 68 1
2 338 735 1046 428 43 68 1
2 338 736 1044 425 43 68 1
2 338 737 1042 422 43 68 1
2 338 738 1039 419 43 68 1
2 338 739 1037 416 43 68 1
2 338 740 1035 413 43 68 1
2 338 741 1033 410 43 68 1
2 338 742 1030 407 43 68 1
2 338 743 1028 404 43 68 1
2 338 744 1026 401 43 68 1
2 338 745 1024 398 43 68 1
2 338 746 1021 395 44 68 1
2 338 747 1019 392 43 68 1
2 338 748 1017 390 43 67 1
2 338 749 1015 387 43 67 1
2 338 750 1012 384 44 67 1
2 338 751 1010 381 43 67 1
2 338 752 1008 378 43 68 1
2 338 753 1006 375 43 68 1
2 338 754 1003 372 44 68 1
2 338 755 1001 369 43 68 1
2 338 756 999 366 43 68 1
2 338 757 997 363 43 68 1
2 338 758 994 360 44 68 1
2 338 759 992 357 44 68 1
2 338 760 990 354 43 68 1
2 338 761 988 351 43 68 1
2 338 762 985 349 44 67 1
2 338 763 983 346 44 67 1
2 338 764 981 343 43 67 1
2 338 765 979 340 43 67 1
2 338 766 976 337 44 67 1
2 338 767 974 334 44 67 1
2 338 768 972 331 44 67 1
2 338 769 970 328 43 67 1
2 338 770 967 325 44 67 1
2 338 771 965 322 44 68 1
2 338 772 963 319 44 68 1
2 338 773 961 316 43 68 1
2 338 774 958 313 44 68 1
2 338 775 956 310 44 68 1
2 338 776 954 308 44 67 1
2 338 777 952 305 43 67 1
2 338 778 949 302 44 67 1
2 338 779 947 299 44 67 1
2 338 780 945 296 44 67 1
2 338 781 943 293 44 67 1
2 338 782 940 290 44 67 1
2 338 783 938 287 44 67 1
2 338 784 936 284 44 67 1
2 338 785 934 281 44 67 1
2 338 786 931 278 44 67 1
2 338 787 929 275 44 67 1
2 338 788 927 272 44 67 1
2 338 789 925 269 44 67 1
2 338 790 923 267 44 67 1
2 338 791 921 264 44 67 1
2 338 792 920 262 44 66 1
2 338 793 919 259 43 67 1
2 338 794 917 257 44 66 1
2 338 795 916 254 44 67 1
2 338 796 915 252 43 66 1
2 338 797 914 250 43 66 1
2 338 798 913 247 43 66 1
2 338 799 911 245 43 66 1
2 338 800 910 243 43 65 1
2 338 801 909 240 43 66 1
2 338 802 908 238 42 65 1
2 338 803 907 236 42 65 1
2 338 804 905 234 43 65 1
2 338 805 904 231 42 65 1
2 338 806 903 229 42 65 1
2 338 807 902 227 42 64 1
2 338 808 901 225 41 64 1
2 338 809 899 222 42 65 1
2 338 810 898 220 42 64 1
2 338 811 897 218 42 64 1
2 338 812 896 216 41 64 1
2 338 813 895 214 41 63 1
2 338 814 894 211 41 64 1
2 338 815 893 209 41 64 1
2 338 816 892 207 41 64 1
2 338 817 890 205 41 63 1
2 338 818 889 203 41 63 1
2 338 819 888 201 41 63 1
2 338 820 887 199 41 63 1
2 338 821 886 197 40 62 1
2 338 822 885 195 40 62 1
2 338 823 884 193 40 62 1
2 338 824 883 191 40 62 1
2 338 825 882 188 40 63 1
2 338 826 881 186 40 62 1
2 338 827 880 184 39 62 1
2 338 828 879 182 39 62 1
2 338 829 878 180 39 62 1
2 338 830 877 178 39 62 1
2 338 831 876 176 39 62 1
2 338 832 875 174 39 62 1
2 338 833 873 172 39 61 1
2 338 834 871 170 39 61 1
2 338 835 869 168 39 61 1
2 338 836 868 167 38 60 1
2 338 837 866 165 38 61 1
2 338 838 865 164 38 60 1
2 338 839 863 162 38 60 1
2 338 840 861 161 38 60 1
2 338 841 860 159 38 60 1
2 338 842 858 158 38 59 1
2 338 843 857 156 37 60 1
2 338 844 855 155 38 59 1
2 338 845 854 153 37 59 1
2 338 846 852 152 37 59 1
2 338 847 851 150 37 59 1
2 338 848 849 149 37 59 1
2 338 849 848 147 36 59 1
2 338 850 846 146 37 58 1
2 338 851 845 144 36 59 1
2 338 852 843 143 37 58 1
2 338 853 842 142 36 58 1
2 338 854 841 140 36 58 1
2 338 855 839 139 36 58 1
2 338 856 838 137 35 58 1
2 338 857 836 136 36 58 1
2 338 858 835 135 35 57 1
2 338 859 834 133 35 58 1
2 338 860 832 132 35 57 1
2 338 861 831 131 35 57 1
2 338 862 829 129 35 57 1
2 338 863 828 128 35 57 1
2 338 864 827 127 34 56 1
2 338 865 825 125 35 57 1
2 338 866 824 124 34 56 1
2 338 867 823 123 34 56 1
2 338 868 822 122 34 56 1
2 338 869 820 120 33 56 1
2 338 870 818 119 33 55 1
2 338 871 816 117 33 56 1
2 338 872 814 116 33 55 1
2 338 873 812 114 33 56 1
2 338 874 810 113 33 55 1
2 338 875 808 111 33 56 1
2 338 876 806 110 33 55 1
2 338 877 804 109 33 55 1
2 338 878 802 107 33 55 1
2 338 879 800 106 33 55 1
2 338 880 798 104 33 55 1
2 338 881 797 103 32 54 1
2 338 882 795 101 32 55 1
2 338 883 793 100 32 54 1
2 338 884 791 98 32 55 1
2 338 885 789 97 32 54 1
2 338 886 787 96 32 54 1
2 338 887 785 94 32 54 1
2 338 888 783 93 32 54 1
2 338 889 781 91 32 54 1
2 338 890 779 90 32 54 1
2 338 891 777 88 32 54 1
2 338 892 775 87 32 54 1
2 338 893 774 85 31 54 1
2 338 894 772 84 31 53 1
2 338 895 770 83 31 53 1
2 338 896 768 81 31 53 1
2 338 897 766 80 31 53 1
2 338 898 764 78 31 53 1
2 338 899 762 77 31 53 1
2 338 900 760 75 31 53 1
2 338 901 758 74 31 53 1
2 338 902 756 72 31 53 1
2 338 903 754 71 31 53 1
2 338 904 752 70 31 52 1
2 338 905 751 68 30 53 1
2 338 906 749 67 30 52 1
2 338 907 747 65 30 52 1
2 338 908 745 64 30 52 1
2 338 909 743 62 30 52 1
2 338 910 741 61 30 52 1
2 338 911 739 59 30 52 1
2 338 912 737 58 30 52 1
2 338 913 735 57 30 51 1
2 338 914 733 55 30 52 1
2 338 915 731 54 30 51 1
2 338 916 729 52 30 52 1
2 338 917 727 51 30 51 1
2 338 918 726 49 29 52 1
2 338 919 724 48 29 51 1
2 338 920 722 46 29 51 1
2 338 921 720 45 29 51 1
2 338 922 718 44 29 50 1
2 338 923 716 42 29 51 1
2 338 924 714 41 29 50 1
2 338 925 712 39 29 51 1
2 338 926 710 38 29 50 1
2 338 927 708 36 29 51 1
2 338 928 706 35 29 50 1
2 338 929 704 33 29 51 1
2 338 930 702 32 29 50 1
2 338 931 701 30 28 51 1
2 338 932 699 29 28 50 1
2 338 933 697 28 28 50 1
2 338 934 695 26 28 50 1
2 338 935 693 25 28 49 1
2 338 936 691 23 28 50 1
2 338 937 689 22 28 49 1
2 338 938 687 20 28 50 1
2 338 939 685 19 28 49 1
2 338 940 683 17 28 50 1
2 338 941 681 16 28 49 1
2 338 942 679 15 28 49 1
2 338 943 677 13 28 49 1
2 338 944 676 12 27 49 1
2 338 945 674 12 27 48 1
2 338 946 672 11 27 48 1
2 338 947 670 10 27 48 1
2 338 948 668 10 27 48 1
2 338 949 666 9 27 48 1
2 338 950 664 8 27 48 1
2 338 951 661 8 27 48 1
2 338 952 659 7 27 48 1
2 338 953 657 6 27 48 1
2 338 954 655 6 27 48 1
2 338 955 653 5 27 48 1
2 338 956 651 4 27 48 1
2 338 957 648 4 27 48 1
2 338 958 646 3 27 48 1
2 338 959 644 2 27 48 1
2 338 960 642 2 27 48 1
2 338 961 640 1 27 48 1
2 338 962 638 0 27 48 1
2 338 963 636 0 27 48 1
