30 3 60 624 683 624 386 210 75 57 
30 3 60 624 683 625 386 210 75 57 
30 3 60 624 683 626 386 210 75 57 
30 3 60 624 683 627 386 210 75 57 
30 3 60 624 683 628 386 210 75 57 
30 3 60 624 683 629 386 210 75 57 
30 3 60 624 683 630 386 210 75 57 
30 3 60 624 683 631 386 210 75 57 
30 3 60 624 683 632 386 210 75 57 
30 3 60 624 683 633 386 210 75 57 
30 3 60 624 683 634 386 210 75 57 
30 3 60 624 683 635 386 210 75 57 
30 3 60 624 683 636 386 210 75 57 
30 3 60 624 683 637 386 210 75 57 
30 3 60 624 683 638 386 210 75 57 
30 3 60 624 683 639 386 210 75 57 
30 3 60 624 683 640 386 210 75 57 
30 3 60 624 683 641 386 210 75 57 
30 3 60 624 683 642 386 210 75 57 
30 3 60 624 683 643 386 210 75 57 
30 3 60 624 683 644 386 210 75 57 
30 3 60 624 683 645 386 210 75 57 
30 3 60 624 683 646 386 210 75 57 
30 3 60 624 683 647 386 210 75 57 
30 3 60 624 683 648 386 210 75 57 
30 3 60 624 683 649 386 210 75 57 
30 3 60 624 683 650 386 210 75 57 
30 3 60 624 683 651 386 210 75 57 
30 3 60 624 683 652 386 210 75 57 
30 3 60 624 683 653 386 210 75 57 
30 3 60 624 683 654 386 210 75 57 
30 3 60 624 683 655 386 210 75 57 
30 3 60 624 683 656 386 210 75 57 
30 3 60 624 683 657 386 210 75 57 
30 3 60 624 683 658 386 210 75 57 
30 3 60 624 683 659 386 210 75 57 
30 3 60 624 683 660 386 210 75 57 
30 3 60 624 683 661 386 210 75 57 
30 3 60 624 683 662 386 210 75 57 
30 3 60 624 683 663 386 210 75 57 
30 3 60 624 683 664 386 210 75 57 
30 3 60 624 683 665 386 210 75 57 
30 3 60 624 683 666 386 210 75 57 
30 3 60 624 683 667 386 210 75 57 
30 3 60 624 683 668 386 210 75 57 
30 3 60 624 683 669 386 210 75 57 
30 3 60 624 683 670 386 210 75 57 
30 3 60 624 683 671 386 210 75 57 
30 3 60 624 683 672 386 210 75 57 
30 3 60 624 683 673 386 210 75 57 
30 3 60 624 683 674 386 210 75 57 
30 3 60 624 683 675 386 210 75 57 
30 3 60 624 683 676 386 210 75 57 
30 3 60 624 683 677 386 210 75 57 
30 3 60 624 683 678 386 210 75 57 
30 3 60 624 683 679 386 210 75 57 
30 3 60 624 683 680 386 210 75 57 
30 3 60 624 683 681 386 210 75 57 
30 3 60 624 683 682 386 210 75 57 
30 3 60 624 683 683 386 210 75 57 
31 4 47 731 777 731 386 208 68 57 
31 4 47 731 777 732 386 208 68 57 
31 4 47 731 777 733 386 208 68 57 
31 4 47 731 777 734 386 208 68 57 
31 4 47 731 777 735 386 208 68 57 
31 4 47 731 777 736 386 208 68 57 
31 4 47 731 777 737 386 208 68 57 
31 4 47 731 777 738 386 208 68 57 
31 4 47 731 777 739 386 208 68 57 
31 4 47 731 777 740 386 208 68 57 
31 4 47 731 777 741 386 208 68 57 
31 4 47 731 777 742 386 208 68 57 
31 4 47 731 777 743 386 208 68 57 
31 4 47 731 777 744 386 208 68 57 
31 4 47 731 777 745 386 208 68 57 
31 4 47 731 777 746 386 208 68 57 
31 4 47 731 777 747 386 208 68 57 
31 4 47 731 777 748 386 208 68 57 
31 4 47 731 777 749 386 208 68 57 
31 4 47 731 777 750 386 208 68 57 
31 4 47 731 777 751 386 208 68 57 
31 4 47 731 777 752 386 208 68 57 
31 4 47 731 777 753 386 208 68 57 
31 4 47 731 777 754 386 208 68 57 
31 4 47 731 777 755 386 208 68 57 
31 4 47 731 777 756 386 208 68 57 
31 4 47 731 777 757 386 208 68 57 
31 4 47 731 777 758 386 208 68 57 
31 4 47 731 777 759 386 208 68 57 
31 4 47 731 777 760 386 208 68 57 
31 4 47 731 777 761 386 208 68 57 
31 4 47 731 777 762 386 208 68 57 
31 4 47 731 777 763 386 208 68 57 
31 4 47 731 777 764 386 208 68 57 
31 4 47 731 777 765 386 208 68 57 
31 4 47 731 777 766 386 208 68 57 
31 4 47 731 777 767 386 208 68 57 
31 4 47 731 777 768 386 208 68 57 
31 4 47 731 777 769 386 208 68 57 
31 4 47 731 777 770 386 208 68 57 
31 4 47 731 777 771 386 208 68 57 
31 4 47 731 777 772 386 208 68 57 
31 4 47 731 777 773 386 208 68 57 
31 4 47 731 777 774 386 208 68 57 
31 4 47 731 777 775 386 208 68 57 
31 4 47 731 777 776 386 208 68 57 
31 4 47 731 777 777 386 208 68 57 
32 4 47 103 149 103 401 215 54 49 
32 4 47 103 149 104 401 215 54 49 
32 4 47 103 149 105 401 215 54 49 
32 4 47 103 149 106 401 215 54 49 
32 4 47 103 149 107 401 215 54 49 
32 4 47 103 149 108 401 215 54 49 
32 4 47 103 149 109 401 215 54 49 
32 4 47 103 149 110 401 215 54 49 
32 4 47 103 149 111 401 215 54 49 
32 4 47 103 149 112 401 215 54 49 
32 4 47 103 149 113 401 215 54 49 
32 4 47 103 149 114 401 215 54 49 
32 4 47 103 149 115 401 215 54 49 
32 4 47 103 149 116 401 215 54 49 
32 4 47 103 149 117 401 215 54 49 
32 4 47 103 149 118 401 215 54 49 
32 4 47 103 149 119 401 215 54 49 
32 4 47 103 149 120 401 215 54 49 
32 4 47 103 149 121 401 215 54 49 
32 4 47 103 149 122 401 215 54 49 
32 4 47 103 149 123 401 215 54 49 
32 4 47 103 149 124 401 215 54 49 
32 4 47 103 149 125 401 215 54 49 
32 4 47 103 149 126 401 215 54 49 
32 4 47 103 149 127 401 215 54 49 
32 4 47 103 149 128 401 215 54 49 
32 4 47 103 149 129 401 215 54 49 
32 4 47 103 149 130 401 215 54 49 
32 4 47 103 149 131 401 215 54 49 
32 4 47 103 149 132 401 215 54 49 
32 4 47 103 149 133 401 215 54 49 
32 4 47 103 149 134 401 215 54 49 
32 4 47 103 149 135 401 215 54 49 
32 4 47 103 149 136 401 215 54 49 
32 4 47 103 149 137 401 215 54 49 
32 4 47 103 149 138 401 215 54 49 
32 4 47 103 149 139 401 215 54 49 
32 4 47 103 149 140 401 215 54 49 
32 4 47 103 149 141 401 215 54 49 
32 4 47 103 149 142 401 215 54 49 
32 4 47 103 149 143 401 215 54 49 
32 4 47 103 149 144 401 215 54 49 
32 4 47 103 149 145 401 215 54 49 
32 4 47 103 149 146 401 215 54 49 
32 4 47 103 149 147 401 215 54 49 
32 4 47 103 149 148 401 215 54 49 
32 4 47 103 149 149 401 215 54 49 
33 5 524 693 1216 693 283 224 68 57 
33 5 524 693 1216 694 283 224 68 57 
33 5 524 693 1216 695 283 224 68 57 
33 5 524 693 1216 696 283 224 68 57 
33 5 524 693 1216 697 283 224 68 57 
33 5 524 693 1216 698 283 224 68 57 
33 5 524 693 1216 699 283 224 68 57 
33 5 524 693 1216 700 283 224 68 57 
33 5 524 693 1216 701 283 224 68 57 
33 5 524 693 1216 702 283 224 68 57 
33 5 524 693 1216 703 283 224 68 57 
33 5 524 693 1216 704 283 224 68 57 
33 5 524 693 1216 705 283 224 68 57 
33 5 524 693 1216 706 283 224 68 57 
33 5 524 693 1216 707 283 224 68 57 
33 5 524 693 1216 708 283 224 68 57 
33 5 524 693 1216 709 283 224 68 57 
33 5 524 693 1216 710 283 224 68 57 
33 5 524 693 1216 711 283 224 68 57 
33 5 524 693 1216 712 283 224 68 57 
33 5 524 693 1216 713 283 224 68 57 
33 5 524 693 1216 714 283 224 68 57 
33 5 524 693 1216 715 283 224 68 57 
33 5 524 693 1216 716 283 224 68 57 
33 5 524 693 1216 717 283 224 68 57 
33 5 524 693 1216 718 283 224 68 57 
33 5 524 693 1216 719 283 224 68 57 
33 5 524 693 1216 720 283 224 68 57 
33 5 524 693 1216 721 283 224 68 57 
33 5 524 693 1216 722 283 224 68 57 
33 5 524 693 1216 723 283 224 68 57 
33 5 524 693 1216 724 283 224 68 57 
33 5 524 693 1216 725 283 224 68 57 
33 5 524 693 1216 726 283 224 68 57 
33 5 524 693 1216 727 283 224 68 57 
33 5 524 693 1216 728 283 224 68 57 
33 5 524 693 1216 729 283 224 68 57 
33 5 524 693 1216 730 283 224 68 57 
33 5 524 693 1216 731 283 224 68 57 
33 5 524 693 1216 732 283 224 68 57 
33 5 524 693 1216 733 283 224 68 57 
33 5 524 693 1216 734 283 224 68 57 
33 5 524 693 1216 735 283 224 68 57 
33 5 524 693 1216 736 283 224 68 57 
33 5 524 693 1216 737 283 224 68 57 
33 5 524 693 1216 738 283 224 68 57 
33 5 524 693 1216 739 283 224 68 57 
33 5 524 693 1216 740 283 224 68 57 
33 5 524 693 1216 741 283 224 68 57 
33 5 524 693 1216 742 283 224 68 57 
33 5 524 693 1216 743 283 224 68 57 
33 5 524 693 1216 744 283 224 68 57 
33 5 524 693 1216 745 283 224 68 57 
33 5 524 693 1216 746 283 224 68 57 
33 5 524 693 1216 747 283 224 68 57 
33 5 524 693 1216 748 283 224 68 57 
33 5 524 693 1216 749 283 224 68 57 
33 5 524 693 1216 750 283 224 68 57 
33 5 524 693 1216 751 283 224 68 57 
33 5 524 693 1216 752 283 224 68 57 
33 5 524 693 1216 753 283 224 68 57 
33 5 524 693 1216 754 283 224 68 57 
33 5 524 693 1216 755 283 224 68 57 
33 5 524 693 1216 756 283 224 68 57 
33 5 524 693 1216 757 283 224 68 57 
33 5 524 693 1216 758 283 224 68 57 
33 5 524 693 1216 759 283 224 68 57 
33 5 524 693 1216 760 283 224 68 57 
33 5 524 693 1216 761 283 224 68 57 
33 5 524 693 1216 762 283 224 68 57 
33 5 524 693 1216 763 283 224 68 57 
33 5 524 693 1216 764 283 224 68 57 
33 5 524 693 1216 765 283 224 68 57 
33 5 524 693 1216 766 283 224 68 57 
33 5 524 693 1216 767 283 224 68 57 
33 5 524 693 1216 768 283 224 68 57 
33 5 524 693 1216 769 283 224 68 57 
33 5 524 693 1216 770 283 224 68 57 
33 5 524 693 1216 771 283 224 68 57 
33 5 524 693 1216 772 283 224 68 57 
33 5 524 693 1216 773 283 224 68 57 
33 5 524 693 1216 774 283 224 68 57 
33 5 524 693 1216 775 283 224 68 57 
33 5 524 693 1216 776 283 224 68 57 
33 5 524 693 1216 777 283 224 68 57 
33 5 524 693 1216 778 283 224 68 57 
33 5 524 693 1216 779 283 224 68 57 
33 5 524 693 1216 780 283 224 68 57 
33 5 524 693 1216 781 283 224 68 57 
33 5 524 693 1216 782 283 224 68 57 
33 5 524 693 1216 783 283 224 68 57 
33 5 524 693 1216 784 283 224 68 57 
33 5 524 693 1216 785 283 224 68 57 
33 5 524 693 1216 786 283 224 68 57 
33 5 524 693 1216 787 283 224 68 57 
33 5 524 693 1216 788 283 224 68 57 
33 5 524 693 1216 789 283 224 68 57 
33 5 524 693 1216 790 283 224 68 57 
33 5 524 693 1216 791 283 224 68 57 
33 5 524 693 1216 792 283 224 68 57 
33 5 524 693 1216 793 283 224 68 57 
33 5 524 693 1216 794 283 224 68 57 
33 5 524 693 1216 795 283 224 68 57 
33 5 524 693 1216 796 283 224 68 57 
33 5 524 693 1216 797 283 224 68 57 
33 5 524 693 1216 798 283 224 68 57 
33 5 524 693 1216 799 283 224 68 57 
33 5 524 693 1216 800 283 224 68 57 
33 5 524 693 1216 801 283 224 68 57 
33 5 524 693 1216 802 283 224 68 57 
33 5 524 693 1216 803 283 224 68 57 
33 5 524 693 1216 804 283 224 68 57 
33 5 524 693 1216 805 283 224 68 57 
33 5 524 693 1216 806 283 224 68 57 
33 5 524 693 1216 807 283 224 68 57 
33 5 524 693 1216 808 283 224 68 57 
33 5 524 693 1216 809 283 224 68 57 
33 5 524 693 1216 810 283 224 68 57 
33 5 524 693 1216 811 283 224 68 57 
33 5 524 693 1216 812 283 224 68 57 
33 5 524 693 1216 813 283 224 68 57 
33 5 524 693 1216 814 283 224 68 57 
33 5 524 693 1216 815 283 224 68 57 
33 5 524 693 1216 816 283 224 68 57 
33 5 524 693 1216 817 283 224 68 57 
33 5 524 693 1216 818 283 224 68 57 
33 5 524 693 1216 819 283 224 68 57 
33 5 524 693 1216 820 283 224 68 57 
33 5 524 693 1216 821 283 224 68 57 
33 5 524 693 1216 822 283 224 68 57 
33 5 524 693 1216 823 283 224 68 57 
33 5 524 693 1216 824 283 224 68 57 
33 5 524 693 1216 825 283 224 68 57 
33 5 524 693 1216 826 283 224 68 57 
33 5 524 693 1216 827 283 224 68 57 
33 5 524 693 1216 828 283 224 68 57 
33 5 524 693 1216 829 283 224 68 57 
33 5 524 693 1216 830 283 224 68 57 
33 5 524 693 1216 831 283 224 68 57 
33 5 524 693 1216 832 283 224 68 57 
33 5 524 693 1216 833 283 224 68 57 
33 5 524 693 1216 834 283 224 68 57 
33 5 524 693 1216 835 283 224 68 57 
33 5 524 693 1216 836 283 224 68 57 
33 5 524 693 1216 837 283 224 68 57 
33 5 524 693 1216 838 283 224 68 57 
33 5 524 693 1216 839 283 224 68 57 
33 5 524 693 1216 840 283 224 68 57 
33 5 524 693 1216 841 283 224 68 57 
33 5 524 693 1216 842 283 224 68 57 
33 5 524 693 1216 843 283 224 68 57 
33 5 524 693 1216 844 283 224 68 57 
33 5 524 693 1216 845 283 224 68 57 
33 5 524 693 1216 846 283 224 68 57 
33 5 524 693 1216 847 283 224 68 57 
33 5 524 693 1216 848 283 224 68 57 
33 5 524 693 1216 849 283 224 68 57 
33 5 524 693 1216 850 283 224 68 57 
33 5 524 693 1216 851 283 224 68 57 
33 5 524 693 1216 852 283 224 68 57 
33 5 524 693 1216 853 283 224 68 57 
33 5 524 693 1216 854 283 224 68 57 
33 5 524 693 1216 855 283 224 68 57 
33 5 524 693 1216 856 283 224 68 57 
33 5 524 693 1216 857 283 224 68 57 
33 5 524 693 1216 858 283 224 68 57 
33 5 524 693 1216 859 283 224 68 57 
33 5 524 693 1216 860 283 224 68 57 
33 5 524 693 1216 861 283 224 68 57 
33 5 524 693 1216 862 283 224 68 57 
33 5 524 693 1216 863 283 224 68 57 
33 5 524 693 1216 864 283 224 68 57 
33 5 524 693 1216 865 283 224 68 57 
33 5 524 693 1216 866 283 224 68 57 
33 5 524 693 1216 867 283 224 68 57 
33 5 524 693 1216 868 283 224 68 57 
33 5 524 693 1216 869 283 224 68 57 
33 5 524 693 1216 870 283 224 68 57 
33 5 524 693 1216 871 283 224 68 57 
33 5 524 693 1216 872 283 224 68 57 
33 5 524 693 1216 873 283 224 68 57 
33 5 524 693 1216 874 283 224 68 57 
33 5 524 693 1216 875 283 224 68 57 
33 5 524 693 1216 876 283 224 68 57 
33 5 524 693 1216 877 283 224 68 57 
33 5 524 693 1216 878 283 224 68 57 
33 5 524 693 1216 879 283 224 68 57 
33 5 524 693 1216 880 283 224 68 57 
33 5 524 693 1216 881 283 224 68 57 
33 5 524 693 1216 882 283 224 68 57 
33 5 524 693 1216 883 283 224 68 57 
33 5 524 693 1216 884 283 224 68 57 
33 5 524 693 1216 885 283 224 68 57 
33 5 524 693 1216 886 283 224 68 57 
33 5 524 693 1216 887 283 224 68 57 
33 5 524 693 1216 888 283 224 68 57 
33 5 524 693 1216 889 283 224 68 57 
33 5 524 693 1216 890 283 224 68 57 
33 5 524 693 1216 891 283 224 68 57 
33 5 524 693 1216 892 283 224 68 57 
33 5 524 693 1216 893 283 224 68 57 
33 5 524 693 1216 894 283 224 68 57 
33 5 524 693 1216 895 283 224 68 57 
33 5 524 693 1216 896 283 224 68 57 
33 5 524 693 1216 897 283 224 68 57 
33 5 524 693 1216 898 283 224 68 57 
33 5 524 693 1216 899 283 224 68 57 
33 5 524 693 1216 900 283 224 68 57 
33 5 524 693 1216 901 283 224 68 57 
33 5 524 693 1216 902 283 224 68 57 
33 5 524 693 1216 903 283 224 68 57 
33 5 524 693 1216 904 283 224 68 57 
33 5 524 693 1216 905 283 224 68 57 
33 5 524 693 1216 906 283 224 68 57 
33 5 524 693 1216 907 283 224 68 57 
33 5 524 693 1216 908 283 224 68 57 
33 5 524 693 1216 909 283 224 68 57 
33 5 524 693 1216 910 283 224 68 57 
33 5 524 693 1216 911 283 224 68 57 
33 5 524 693 1216 912 283 224 68 57 
33 5 524 693 1216 913 283 224 68 57 
33 5 524 693 1216 914 283 224 68 57 
33 5 524 693 1216 915 283 224 68 57 
33 5 524 693 1216 916 283 224 68 57 
33 5 524 693 1216 917 283 224 68 57 
33 5 524 693 1216 918 283 224 68 57 
33 5 524 693 1216 919 283 224 68 57 
33 5 524 693 1216 920 283 224 68 57 
33 5 524 693 1216 921 283 224 68 57 
33 5 524 693 1216 922 283 224 68 57 
33 5 524 693 1216 923 283 224 68 57 
33 5 524 693 1216 924 283 224 68 57 
33 5 524 693 1216 925 283 224 68 57 
33 5 524 693 1216 926 283 224 68 57 
33 5 524 693 1216 927 283 224 68 57 
33 5 524 693 1216 928 283 224 68 57 
33 5 524 693 1216 929 283 224 68 57 
33 5 524 693 1216 930 283 224 68 57 
33 5 524 693 1216 931 283 224 68 57 
33 5 524 693 1216 932 283 224 68 57 
33 5 524 693 1216 933 283 224 68 57 
33 5 524 693 1216 934 283 224 68 57 
33 5 524 693 1216 935 283 224 68 57 
33 5 524 693 1216 936 283 224 68 57 
33 5 524 693 1216 937 283 224 68 57 
33 5 524 693 1216 938 283 224 68 57 
33 5 524 693 1216 939 283 224 68 57 
33 5 524 693 1216 940 283 224 68 57 
33 5 524 693 1216 941 283 224 68 57 
33 5 524 693 1216 942 283 224 68 57 
33 5 524 693 1216 943 283 224 68 57 
33 5 524 693 1216 944 283 224 68 57 
33 5 524 693 1216 945 283 224 68 57 
33 5 524 693 1216 946 283 224 68 57 
33 5 524 693 1216 947 283 224 68 57 
33 5 524 693 1216 948 283 224 68 57 
33 5 524 693 1216 949 283 224 68 57 
33 5 524 693 1216 950 283 224 68 57 
33 5 524 693 1216 951 283 224 68 57 
33 5 524 693 1216 952 283 224 68 57 
33 5 524 693 1216 953 283 224 68 57 
33 5 524 693 1216 954 283 224 68 57 
33 5 524 693 1216 955 283 224 68 57 
33 5 524 693 1216 956 283 224 68 57 
33 5 524 693 1216 957 283 224 68 57 
33 5 524 693 1216 958 283 224 68 57 
33 5 524 693 1216 959 283 224 68 57 
33 5 524 693 1216 960 283 224 68 57 
33 5 524 693 1216 961 283 224 68 57 
33 5 524 693 1216 962 283 224 68 57 
33 5 524 693 1216 963 283 224 68 57 
33 5 524 693 1216 964 283 224 68 57 
33 5 524 693 1216 965 283 224 68 57 
33 5 524 693 1216 966 283 224 68 57 
33 5 524 693 1216 967 283 224 68 57 
33 5 524 693 1216 968 283 224 68 57 
33 5 524 693 1216 969 283 224 68 57 
33 5 524 693 1216 970 283 224 68 57 
33 5 524 693 1216 971 283 224 68 57 
33 5 524 693 1216 972 283 224 68 57 
33 5 524 693 1216 973 283 224 68 57 
33 5 524 693 1216 974 283 224 68 57 
33 5 524 693 1216 975 283 224 68 57 
33 5 524 693 1216 976 283 224 68 57 
33 5 524 693 1216 977 283 224 68 57 
33 5 524 693 1216 978 283 224 68 57 
33 5 524 693 1216 979 283 224 68 57 
33 5 524 693 1216 980 283 224 68 57 
33 5 524 693 1216 981 283 224 68 57 
33 5 524 693 1216 982 283 224 68 57 
33 5 524 693 1216 983 283 224 68 57 
33 5 524 693 1216 984 283 224 68 57 
33 5 524 693 1216 985 283 224 68 57 
33 5 524 693 1216 986 283 224 68 57 
33 5 524 693 1216 987 283 224 68 57 
33 5 524 693 1216 988 283 224 68 57 
33 5 524 693 1216 989 283 224 68 57 
33 5 524 693 1216 990 283 224 68 57 
33 5 524 693 1216 991 283 224 68 57 
33 5 524 693 1216 992 283 224 68 57 
33 5 524 693 1216 993 283 224 68 57 
33 5 524 693 1216 994 283 224 68 57 
33 5 524 693 1216 995 283 224 68 57 
33 5 524 693 1216 996 283 224 68 57 
33 5 524 693 1216 997 283 224 68 57 
33 5 524 693 1216 998 283 224 68 57 
33 5 524 693 1216 999 283 224 68 57 
33 5 524 693 1216 1000 283 224 68 57 
33 5 524 693 1216 1001 283 224 68 57 
33 5 524 693 1216 1002 283 224 68 57 
33 5 524 693 1216 1003 283 224 68 57 
33 5 524 693 1216 1004 283 224 68 57 
33 5 524 693 1216 1005 283 224 68 57 
33 5 524 693 1216 1006 283 224 68 57 
33 5 524 693 1216 1007 283 224 68 57 
33 5 524 693 1216 1008 283 224 68 57 
33 5 524 693 1216 1009 283 224 68 57 
33 5 524 693 1216 1010 283 224 68 57 
33 5 524 693 1216 1011 283 224 68 57 
33 5 524 693 1216 1012 283 224 68 57 
33 5 524 693 1216 1013 283 224 68 57 
33 5 524 693 1216 1014 283 224 68 57 
33 5 524 693 1216 1015 283 224 68 57 
33 5 524 693 1216 1016 283 224 68 57 
33 5 524 693 1216 1017 283 224 68 57 
33 5 524 693 1216 1018 283 224 68 57 
33 5 524 693 1216 1019 283 224 68 57 
33 5 524 693 1216 1020 283 224 68 57 
33 5 524 693 1216 1021 283 224 68 57 
33 5 524 693 1216 1022 283 224 68 57 
33 5 524 693 1216 1023 283 224 68 57 
33 5 524 693 1216 1024 283 224 68 57 
33 5 524 693 1216 1025 283 224 68 57 
33 5 524 693 1216 1026 283 224 68 57 
33 5 524 693 1216 1027 283 224 68 57 
33 5 524 693 1216 1028 283 224 68 57 
33 5 524 693 1216 1029 283 224 68 57 
33 5 524 693 1216 1030 283 224 68 57 
33 5 524 693 1216 1031 283 224 68 57 
33 5 524 693 1216 1032 283 224 68 57 
33 5 524 693 1216 1033 283 224 68 57 
33 5 524 693 1216 1034 283 224 68 57 
33 5 524 693 1216 1035 283 224 68 57 
33 5 524 693 1216 1036 283 224 68 57 
33 5 524 693 1216 1037 283 224 68 57 
33 5 524 693 1216 1038 283 224 68 57 
33 5 524 693 1216 1039 283 224 68 57 
33 5 524 693 1216 1040 283 224 68 57 
33 5 524 693 1216 1041 283 224 68 57 
33 5 524 693 1216 1042 283 224 68 57 
33 5 524 693 1216 1043 283 224 68 57 
33 5 524 693 1216 1044 283 224 68 57 
33 5 524 693 1216 1045 283 224 68 57 
33 5 524 693 1216 1046 283 224 68 57 
33 5 524 693 1216 1047 283 224 68 57 
33 5 524 693 1216 1048 283 224 68 57 
33 5 524 693 1216 1049 283 224 68 57 
33 5 524 693 1216 1050 283 224 68 57 
33 5 524 693 1216 1051 283 224 68 57 
33 5 524 693 1216 1052 283 224 68 57 
33 5 524 693 1216 1053 283 224 68 57 
33 5 524 693 1216 1054 283 224 68 57 
33 5 524 693 1216 1055 283 224 68 57 
33 5 524 693 1216 1056 283 224 68 57 
33 5 524 693 1216 1057 283 224 68 57 
33 5 524 693 1216 1058 283 224 68 57 
33 5 524 693 1216 1059 283 224 68 57 
33 5 524 693 1216 1060 283 224 68 57 
33 5 524 693 1216 1061 283 224 68 57 
33 5 524 693 1216 1062 283 224 68 57 
33 5 524 693 1216 1063 283 224 68 57 
33 5 524 693 1216 1064 283 224 68 57 
33 5 524 693 1216 1065 283 224 68 57 
33 5 524 693 1216 1066 283 224 68 57 
33 5 524 693 1216 1067 283 224 68 57 
33 5 524 693 1216 1068 283 224 68 57 
33 5 524 693 1216 1069 283 224 68 57 
33 5 524 693 1216 1070 283 224 68 57 
33 5 524 693 1216 1071 283 224 68 57 
33 5 524 693 1216 1072 283 224 68 57 
33 5 524 693 1216 1073 283 224 68 57 
33 5 524 693 1216 1074 283 224 68 57 
33 5 524 693 1216 1075 283 224 68 57 
33 5 524 693 1216 1076 283 224 68 57 
33 5 524 693 1216 1077 283 224 68 57 
33 5 524 693 1216 1078 283 224 68 57 
33 5 524 693 1216 1079 283 224 68 57 
33 5 524 693 1216 1080 283 224 68 57 
33 5 524 693 1216 1081 283 224 68 57 
33 5 524 693 1216 1082 283 224 68 57 
33 5 524 693 1216 1083 283 224 68 57 
33 5 524 693 1216 1084 283 224 68 57 
33 5 524 693 1216 1085 283 224 68 57 
33 5 524 693 1216 1086 283 224 68 57 
33 5 524 693 1216 1087 283 224 68 57 
33 5 524 693 1216 1088 283 224 68 57 
33 5 524 693 1216 1089 283 224 68 57 
33 5 524 693 1216 1090 283 224 68 57 
33 5 524 693 1216 1091 283 224 68 57 
33 5 524 693 1216 1092 283 224 68 57 
33 5 524 693 1216 1093 283 224 68 57 
33 5 524 693 1216 1094 283 224 68 57 
33 5 524 693 1216 1095 283 224 68 57 
33 5 524 693 1216 1096 283 224 68 57 
33 5 524 693 1216 1097 283 224 68 57 
33 5 524 693 1216 1098 283 224 68 57 
33 5 524 693 1216 1099 283 224 68 57 
33 5 524 693 1216 1100 283 224 68 57 
33 5 524 693 1216 1101 283 224 68 57 
33 5 524 693 1216 1102 283 224 68 57 
33 5 524 693 1216 1103 283 224 68 57 
33 5 524 693 1216 1104 283 224 68 57 
33 5 524 693 1216 1105 283 224 68 57 
33 5 524 693 1216 1106 283 224 68 57 
33 5 524 693 1216 1107 283 224 68 57 
33 5 524 693 1216 1108 283 224 68 57 
33 5 524 693 1216 1109 283 224 68 57 
33 5 524 693 1216 1110 283 224 68 57 
33 5 524 693 1216 1111 283 224 68 57 
33 5 524 693 1216 1112 283 224 68 57 
33 5 524 693 1216 1113 283 224 68 57 
33 5 524 693 1216 1114 283 224 68 57 
33 5 524 693 1216 1115 283 224 68 57 
33 5 524 693 1216 1116 283 224 68 57 
33 5 524 693 1216 1117 283 224 68 57 
33 5 524 693 1216 1118 283 224 68 57 
33 5 524 693 1216 1119 283 224 68 57 
33 5 524 693 1216 1120 283 224 68 57 
33 5 524 693 1216 1121 283 224 68 57 
33 5 524 693 1216 1122 283 224 68 57 
33 5 524 693 1216 1123 283 224 68 57 
33 5 524 693 1216 1124 283 224 68 57 
33 5 524 693 1216 1125 283 224 68 57 
33 5 524 693 1216 1126 283 224 68 57 
33 5 524 693 1216 1127 283 224 68 57 
33 5 524 693 1216 1128 283 224 68 57 
33 5 524 693 1216 1129 283 224 68 57 
33 5 524 693 1216 1130 283 224 68 57 
33 5 524 693 1216 1131 283 224 68 57 
33 5 524 693 1216 1132 283 224 68 57 
33 5 524 693 1216 1133 283 224 68 57 
33 5 524 693 1216 1134 283 224 68 57 
33 5 524 693 1216 1135 283 224 68 57 
33 5 524 693 1216 1136 283 224 68 57 
33 5 524 693 1216 1137 283 224 68 57 
33 5 524 693 1216 1138 283 224 68 57 
33 5 524 693 1216 1139 283 224 68 57 
33 5 524 693 1216 1140 283 224 68 57 
33 5 524 693 1216 1141 283 224 68 57 
33 5 524 693 1216 1142 283 224 68 57 
33 5 524 693 1216 1143 283 224 68 57 
33 5 524 693 1216 1144 283 224 68 57 
33 5 524 693 1216 1145 283 224 68 57 
33 5 524 693 1216 1146 283 224 68 57 
33 5 524 693 1216 1147 283 224 68 57 
33 5 524 693 1216 1148 283 224 68 57 
33 5 524 693 1216 1149 283 224 68 57 
33 5 524 693 1216 1150 283 224 68 57 
33 5 524 693 1216 1151 283 224 68 57 
33 5 524 693 1216 1152 283 224 68 57 
33 5 524 693 1216 1153 283 224 68 57 
33 5 524 693 1216 1154 283 224 68 57 
33 5 524 693 1216 1155 283 224 68 57 
33 5 524 693 1216 1156 283 224 68 57 
33 5 524 693 1216 1157 283 224 68 57 
33 5 524 693 1216 1158 283 224 68 57 
33 5 524 693 1216 1159 283 224 68 57 
33 5 524 693 1216 1160 283 224 68 57 
33 5 524 693 1216 1161 283 224 68 57 
33 5 524 693 1216 1162 283 224 68 57 
33 5 524 693 1216 1163 283 224 68 57 
33 5 524 693 1216 1164 283 224 68 57 
33 5 524 693 1216 1165 283 224 68 57 
33 5 524 693 1216 1166 283 224 68 57 
33 5 524 693 1216 1167 283 224 68 57 
33 5 524 693 1216 1168 283 224 68 57 
33 5 524 693 1216 1169 283 224 68 57 
33 5 524 693 1216 1170 283 224 68 57 
33 5 524 693 1216 1171 283 224 68 57 
33 5 524 693 1216 1172 283 224 68 57 
33 5 524 693 1216 1173 283 224 68 57 
33 5 524 693 1216 1174 283 224 68 57 
33 5 524 693 1216 1175 283 224 68 57 
33 5 524 693 1216 1176 283 224 68 57 
33 5 524 693 1216 1177 283 224 68 57 
33 5 524 693 1216 1178 283 224 68 57 
33 5 524 693 1216 1179 283 224 68 57 
33 5 524 693 1216 1180 283 224 68 57 
33 5 524 693 1216 1181 283 224 68 57 
33 5 524 693 1216 1182 283 224 68 57 
33 5 524 693 1216 1183 283 224 68 57 
33 5 524 693 1216 1184 283 224 68 57 
33 5 524 693 1216 1185 283 224 68 57 
33 5 524 693 1216 1186 283 224 68 57 
33 5 524 693 1216 1187 283 224 68 57 
33 5 524 693 1216 1188 283 224 68 57 
33 5 524 693 1216 1189 283 224 68 57 
33 5 524 693 1216 1190 283 224 68 57 
33 5 524 693 1216 1191 283 224 68 57 
33 5 524 693 1216 1192 283 224 68 57 
33 5 524 693 1216 1193 283 224 68 57 
33 5 524 693 1216 1194 283 224 68 57 
33 5 524 693 1216 1195 283 224 68 57 
33 5 524 693 1216 1196 283 224 68 57 
33 5 524 693 1216 1197 283 224 68 57 
33 5 524 693 1216 1198 283 224 68 57 
33 5 524 693 1216 1199 283 224 68 57 
33 5 524 693 1216 1200 283 224 68 57 
33 5 524 693 1216 1201 283 224 68 57 
33 5 524 693 1216 1202 283 224 68 57 
33 5 524 693 1216 1203 283 224 68 57 
33 5 524 693 1216 1204 283 224 68 57 
33 5 524 693 1216 1205 283 224 68 57 
33 5 524 693 1216 1206 283 224 68 57 
33 5 524 693 1216 1207 283 224 68 57 
33 5 524 693 1216 1208 283 224 68 57 
33 5 524 693 1216 1209 283 224 68 57 
33 5 524 693 1216 1210 283 224 68 57 
33 5 524 693 1216 1211 283 224 68 57 
33 5 524 693 1216 1212 283 224 68 57 
33 5 524 693 1216 1213 283 224 68 57 
33 5 524 693 1216 1214 283 224 68 57 
33 5 524 693 1216 1215 283 224 68 57 
33 5 524 693 1216 1216 283 224 68 57 
34 5 74 1287 1360 1287 358 218 51 54 
34 5 74 1287 1360 1288 358 218 51 54 
34 5 74 1287 1360 1289 358 218 51 54 
34 5 74 1287 1360 1290 358 218 51 54 
34 5 74 1287 1360 1291 358 218 51 54 
34 5 74 1287 1360 1292 358 218 51 54 
34 5 74 1287 1360 1293 358 218 51 54 
34 5 74 1287 1360 1294 358 218 51 54 
34 5 74 1287 1360 1295 358 218 51 54 
34 5 74 1287 1360 1296 358 218 51 54 
34 5 74 1287 1360 1297 358 218 51 54 
34 5 74 1287 1360 1298 358 218 51 54 
34 5 74 1287 1360 1299 358 218 51 54 
34 5 74 1287 1360 1300 358 218 51 54 
34 5 74 1287 1360 1301 358 218 51 54 
34 5 74 1287 1360 1302 358 218 51 54 
34 5 74 1287 1360 1303 358 218 51 54 
34 5 74 1287 1360 1304 358 218 51 54 
34 5 74 1287 1360 1305 358 218 51 54 
34 5 74 1287 1360 1306 358 218 51 54 
34 5 74 1287 1360 1307 358 218 51 54 
34 5 74 1287 1360 1308 358 218 51 54 
34 5 74 1287 1360 1309 358 218 51 54 
34 5 74 1287 1360 1310 358 218 51 54 
34 5 74 1287 1360 1311 358 218 51 54 
34 5 74 1287 1360 1312 358 218 51 54 
34 5 74 1287 1360 1313 358 218 51 54 
34 5 74 1287 1360 1314 358 218 51 54 
34 5 74 1287 1360 1315 358 218 51 54 
34 5 74 1287 1360 1316 358 218 51 54 
34 5 74 1287 1360 1317 358 218 51 54 
34 5 74 1287 1360 1318 358 218 51 54 
34 5 74 1287 1360 1319 358 218 51 54 
34 5 74 1287 1360 1320 358 218 51 54 
34 5 74 1287 1360 1321 358 218 51 54 
34 5 74 1287 1360 1322 358 218 51 54 
34 5 74 1287 1360 1323 358 218 51 54 
34 5 74 1287 1360 1324 358 218 51 54 
34 5 74 1287 1360 1325 358 218 51 54 
34 5 74 1287 1360 1326 358 218 51 54 
34 5 74 1287 1360 1327 358 218 51 54 
34 5 74 1287 1360 1328 358 218 51 54 
34 5 74 1287 1360 1329 358 218 51 54 
34 5 74 1287 1360 1330 358 218 51 54 
34 5 74 1287 1360 1331 358 218 51 54 
34 5 74 1287 1360 1332 358 218 51 54 
34 5 74 1287 1360 1333 358 218 51 54 
34 5 74 1287 1360 1334 358 218 51 54 
34 5 74 1287 1360 1335 358 218 51 54 
34 5 74 1287 1360 1336 358 218 51 54 
34 5 74 1287 1360 1337 358 218 51 54 
34 5 74 1287 1360 1338 358 218 51 54 
34 5 74 1287 1360 1339 358 218 51 54 
34 5 74 1287 1360 1340 358 218 51 54 
34 5 74 1287 1360 1341 358 218 51 54 
34 5 74 1287 1360 1342 358 218 51 54 
34 5 74 1287 1360 1343 358 218 51 54 
34 5 74 1287 1360 1344 358 218 51 54 
34 5 74 1287 1360 1345 358 218 51 54 
34 5 74 1287 1360 1346 358 218 51 54 
34 5 74 1287 1360 1347 358 218 51 54 
34 5 74 1287 1360 1348 358 218 51 54 
34 5 74 1287 1360 1349 358 218 51 54 
34 5 74 1287 1360 1350 358 218 51 54 
34 5 74 1287 1360 1351 358 218 51 54 
34 5 74 1287 1360 1352 358 218 51 54 
34 5 74 1287 1360 1353 358 218 51 54 
34 5 74 1287 1360 1354 358 218 51 54 
34 5 74 1287 1360 1355 358 218 51 54 
34 5 74 1287 1360 1356 358 218 51 54 
34 5 74 1287 1360 1357 358 218 51 54 
34 5 74 1287 1360 1358 358 218 51 54 
34 5 74 1287 1360 1359 358 218 51 54 
34 5 74 1287 1360 1360 358 218 51 54 
35 9 452 1070 1521 1070 1240 232 38 51 
35 9 452 1070 1521 1071 1240 232 38 51 
35 9 452 1070 1521 1072 1237 232 41 51 
35 9 452 1070 1521 1073 1238 232 41 51 
35 9 452 1070 1521 1074 1238 232 41 51 
35 9 452 1070 1521 1075 1236 232 42 51 
35 9 452 1070 1521 1076 1237 232 41 51 
35 9 452 1070 1521 1077 1234 232 44 51 
35 9 452 1070 1521 1078 1235 232 42 51 
35 9 452 1070 1521 1079 1232 232 46 51 
35 9 452 1070 1521 1080 1232 232 46 51 
35 9 452 1070 1521 1081 1233 232 42 51 
35 9 452 1070 1521 1082 1230 232 46 51 
35 9 452 1070 1521 1083 1230 232 46 51 
35 9 452 1070 1521 1084 1228 232 48 51 
35 9 452 1070 1521 1085 1228 232 48 51 
35 9 452 1070 1521 1086 1228 234 48 51 
35 9 452 1070 1521 1087 1227 234 46 51 
35 9 452 1070 1521 1088 1225 234 46 51 
35 9 452 1070 1521 1089 1225 234 46 51 
35 9 452 1070 1521 1090 1223 234 46 51 
35 9 452 1070 1521 1091 1223 234 46 51 
35 9 452 1070 1521 1092 1221 234 46 51 
35 9 452 1070 1521 1093 1221 234 46 51 
35 9 452 1070 1521 1094 1220 234 46 51 
35 9 452 1070 1521 1095 1220 234 46 51 
35 9 452 1070 1521 1096 1218 234 46 51 
35 9 452 1070 1521 1097 1218 234 46 51 
35 9 452 1070 1521 1098 1216 234 46 51 
35 9 452 1070 1521 1099 1216 234 46 51 
35 9 452 1070 1521 1100 1214 234 46 51 
35 9 452 1070 1521 1101 1214 234 46 51 
35 9 452 1070 1521 1102 1212 234 48 51 
35 9 452 1070 1521 1103 1212 234 48 51 
35 9 452 1070 1521 1104 1211 234 46 51 
35 9 452 1070 1521 1105 1211 234 46 51 
35 9 452 1070 1521 1106 1209 234 46 51 
35 9 452 1070 1521 1107 1207 234 46 51 
35 9 452 1070 1521 1108 1207 234 46 51 
35 9 452 1070 1521 1109 1205 234 46 51 
35 9 452 1070 1521 1110 1205 234 46 51 
35 9 452 1070 1521 1111 1204 234 46 51 
35 9 452 1070 1521 1112 1204 234 46 51 
35 9 452 1070 1521 1113 1202 234 46 51 
35 9 452 1070 1521 1114 1202 234 46 51 
35 9 452 1070 1521 1115 1200 234 46 51 
35 9 452 1070 1521 1116 1200 234 46 51 
35 9 452 1070 1521 1117 1198 234 46 51 
35 9 452 1070 1521 1118 1198 234 46 51 
35 9 452 1070 1521 1119 1196 234 48 51 
35 9 452 1070 1521 1120 1196 234 48 51 
35 9 452 1070 1521 1121 1195 234 46 51 
35 9 452 1070 1521 1122 1195 234 46 51 
35 9 452 1070 1521 1123 1193 234 46 51 
35 9 452 1070 1521 1124 1193 234 46 51 
35 9 452 1070 1521 1125 1191 234 46 51 
35 9 452 1070 1521 1126 1189 234 46 51 
35 9 452 1070 1521 1127 1189 234 46 51 
35 9 452 1070 1521 1128 1188 234 46 51 
35 9 452 1070 1521 1129 1188 234 46 51 
35 9 452 1070 1521 1130 1186 234 46 51 
35 9 452 1070 1521 1131 1186 234 46 51 
35 9 452 1070 1521 1132 1184 234 46 51 
35 9 452 1070 1521 1133 1184 234 46 51 
35 9 452 1070 1521 1134 1182 234 46 51 
35 9 452 1070 1521 1135 1182 234 46 51 
35 9 452 1070 1521 1136 1180 234 48 51 
35 9 452 1070 1521 1137 1180 234 48 51 
35 9 452 1070 1521 1138 1179 234 46 51 
35 9 452 1070 1521 1139 1179 234 46 51 
35 9 452 1070 1521 1140 1177 234 46 51 
35 9 452 1070 1521 1141 1177 234 46 51 
35 9 452 1070 1521 1142 1175 234 46 51 
35 9 452 1070 1521 1143 1175 236 46 51 
35 9 452 1070 1521 1144 1173 236 46 51 
35 9 452 1070 1521 1145 1172 236 46 51 
35 9 452 1070 1521 1146 1172 236 46 51 
35 9 452 1070 1521 1147 1170 236 46 51 
35 9 452 1070 1521 1148 1170 236 46 51 
35 9 452 1070 1521 1149 1168 236 46 51 
35 9 452 1070 1521 1150 1168 236 46 51 
35 9 452 1070 1521 1151 1166 236 46 51 
35 9 452 1070 1521 1152 1166 236 46 51 
35 9 452 1070 1521 1153 1164 236 48 51 
35 9 452 1070 1521 1154 1164 236 48 51 
35 9 452 1070 1521 1155 1163 236 46 51 
35 9 452 1070 1521 1156 1163 236 46 51 
35 9 452 1070 1521 1157 1161 236 46 51 
35 9 452 1070 1521 1158 1161 236 46 51 
35 9 452 1070 1521 1159 1159 236 46 51 
35 9 452 1070 1521 1160 1159 236 46 51 
35 9 452 1070 1521 1161 1157 236 46 51 
35 9 452 1070 1521 1162 1157 236 46 51 
35 9 452 1070 1521 1163 1156 236 46 51 
35 9 452 1070 1521 1164 1154 236 46 51 
35 9 452 1070 1521 1165 1154 236 46 51 
35 9 452 1070 1521 1166 1152 236 46 51 
35 9 452 1070 1521 1167 1152 236 46 51 
35 9 452 1070 1521 1168 1150 236 46 51 
35 9 452 1070 1521 1169 1150 236 46 51 
35 9 452 1070 1521 1170 1148 236 48 51 
35 9 452 1070 1521 1171 1148 236 48 51 
35 9 452 1070 1521 1172 1147 236 46 51 
35 9 452 1070 1521 1173 1147 236 46 51 
35 9 452 1070 1521 1174 1145 236 46 51 
35 9 452 1070 1521 1175 1145 236 46 51 
35 9 452 1070 1521 1176 1143 236 46 51 
35 9 452 1070 1521 1177 1143 236 46 51 
35 9 452 1070 1521 1178 1141 236 46 51 
35 9 452 1070 1521 1179 1141 236 46 51 
35 9 452 1070 1521 1180 1140 236 46 51 
35 9 452 1070 1521 1181 1140 236 46 51 
35 9 452 1070 1521 1182 1138 236 46 51 
35 9 452 1070 1521 1183 1136 236 46 51 
35 9 452 1070 1521 1184 1136 236 46 51 
35 9 452 1070 1521 1185 1134 236 46 51 
35 9 452 1070 1521 1186 1134 236 46 51 
35 9 452 1070 1521 1187 1132 236 48 51 
35 9 452 1070 1521 1188 1132 236 48 51 
35 9 452 1070 1521 1189 1131 236 46 51 
35 9 452 1070 1521 1190 1131 236 46 51 
35 9 452 1070 1521 1191 1129 236 46 51 
35 9 452 1070 1521 1192 1129 236 46 51 
35 9 452 1070 1521 1193 1127 236 46 51 
35 9 452 1070 1521 1194 1127 236 46 51 
35 9 452 1070 1521 1195 1125 236 46 51 
35 9 452 1070 1521 1196 1125 236 46 51 
35 9 452 1070 1521 1197 1124 236 46 51 
35 9 452 1070 1521 1198 1124 236 46 51 
35 9 452 1070 1521 1199 1122 236 46 51 
35 9 452 1070 1521 1200 1122 238 46 49 
35 9 452 1070 1521 1201 1120 238 46 49 
35 9 452 1070 1521 1202 1121 238 42 49 
35 9 452 1070 1521 1203 1118 238 46 49 
35 9 452 1070 1521 1204 1119 238 44 49 
35 9 452 1070 1521 1205 1116 238 48 49 
35 9 452 1070 1521 1206 1117 238 44 49 
35 9 452 1070 1521 1207 1115 238 46 49 
35 9 452 1070 1521 1208 1116 238 42 49 
35 9 452 1070 1521 1209 1113 238 46 49 
35 9 452 1070 1521 1210 1114 238 42 49 
35 9 452 1070 1521 1211 1111 238 46 49 
35 9 452 1070 1521 1212 1112 238 42 49 
35 9 452 1070 1521 1213 1112 238 42 49 
35 9 452 1070 1521 1214 1110 238 44 49 
35 9 452 1070 1521 1215 1110 238 44 49 
35 9 452 1070 1521 1216 1109 238 42 49 
35 9 452 1070 1521 1217 1109 238 42 49 
35 9 452 1070 1521 1218 1107 240 42 48 
35 9 452 1070 1521 1219 1107 240 42 48 
35 9 452 1070 1521 1220 1105 240 42 48 
35 9 452 1070 1521 1221 1105 240 42 48 
35 9 452 1070 1521 1222 1103 240 44 48 
35 9 452 1070 1521 1223 1103 240 44 48 
35 9 452 1070 1521 1224 1101 240 44 48 
35 9 452 1070 1521 1225 1101 240 44 48 
35 9 452 1070 1521 1226 1102 240 40 48 
35 9 452 1070 1521 1227 1101 240 38 48 
35 9 452 1070 1521 1228 1101 240 38 48 
35 9 452 1070 1521 1229 1099 240 38 48 
35 9 452 1070 1521 1230 1099 240 38 48 
35 9 452 1070 1521 1231 1097 240 40 48 
35 9 452 1070 1521 1232 1097 240 40 48 
35 9 452 1070 1521 1233 1095 240 40 48 
35 9 452 1070 1521 1234 1095 240 40 48 
35 9 452 1070 1521 1235 1094 242 38 45 
35 9 452 1070 1521 1236 1094 242 38 45 
35 9 452 1070 1521 1237 1092 242 38 45 
35 9 452 1070 1521 1238 1092 242 38 45 
35 9 452 1070 1521 1239 1093 242 36 45 
35 9 452 1070 1521 1240 1090 242 40 45 
35 9 452 1070 1521 1241 1091 242 36 45 
35 9 452 1070 1521 1242 1088 242 40 45 
35 9 452 1070 1521 1243 1089 242 36 45 
35 9 452 1070 1521 1244 1086 242 40 45 
35 9 452 1070 1521 1245 1087 242 36 45 
35 9 452 1070 1521 1246 1085 242 38 45 
35 9 452 1070 1521 1247 1086 242 34 45 
35 9 452 1070 1521 1248 1083 242 38 45 
35 9 452 1070 1521 1249 1084 242 36 45 
35 9 452 1070 1521 1250 1081 242 40 45 
35 9 452 1070 1521 1251 1082 242 36 45 
35 9 452 1070 1521 1252 1082 244 36 45 
35 9 452 1070 1521 1253 1080 244 36 45 
35 9 452 1070 1521 1254 1080 244 36 45 
35 9 452 1070 1521 1255 1079 244 34 45 
35 9 452 1070 1521 1256 1079 244 34 45 
35 9 452 1070 1521 1257 1077 244 36 45 
35 9 452 1070 1521 1258 1077 244 36 45 
35 9 452 1070 1521 1259 1075 244 36 45 
35 9 452 1070 1521 1260 1075 244 36 45 
35 9 452 1070 1521 1261 1073 246 36 45 
35 9 452 1070 1521 1262 1073 246 36 45 
35 9 452 1070 1521 1263 1071 246 36 45 
35 9 452 1070 1521 1264 1071 246 36 45 
35 9 452 1070 1521 1265 1070 246 34 45 
35 9 452 1070 1521 1266 1070 246 34 45 
35 9 452 1070 1521 1267 1068 246 36 45 
35 9 452 1070 1521 1268 1068 246 36 45 
35 9 452 1070 1521 1269 1066 248 36 45 
35 9 452 1070 1521 1270 1066 248 36 45 
35 9 452 1070 1521 1271 1064 248 36 45 
35 9 452 1070 1521 1272 1064 248 36 45 
35 9 452 1070 1521 1273 1063 248 34 45 
35 9 452 1070 1521 1274 1063 248 34 45 
35 9 452 1070 1521 1275 1061 248 36 45 
35 9 452 1070 1521 1276 1061 248 36 45 
35 9 452 1070 1521 1277 1059 248 36 45 
35 9 452 1070 1521 1278 1059 249 36 46 
35 9 452 1070 1521 1279 1057 249 36 46 
35 9 452 1070 1521 1280 1057 249 36 46 
35 9 452 1070 1521 1281 1055 249 36 46 
35 9 452 1070 1521 1282 1055 249 36 46 
35 9 452 1070 1521 1283 1054 249 34 46 
35 9 452 1070 1521 1284 1054 249 34 46 
35 9 452 1070 1521 1285 1052 249 36 46 
35 9 452 1070 1521 1286 1052 251 36 45 
35 9 452 1070 1521 1287 1050 251 36 45 
35 9 452 1070 1521 1288 1050 251 36 45 
35 9 452 1070 1521 1289 1048 251 36 45 
35 9 452 1070 1521 1290 1048 251 36 45 
35 9 452 1070 1521 1291 1047 251 34 45 
35 9 452 1070 1521 1292 1047 251 34 45 
35 9 452 1070 1521 1293 1047 251 34 45 
35 9 452 1070 1521 1294 1045 251 36 45 
35 9 452 1070 1521 1295 1045 251 36 45 
35 9 452 1070 1521 1296 1043 251 36 45 
35 9 452 1070 1521 1297 1043 251 36 45 
35 9 452 1070 1521 1298 1041 251 36 45 
35 9 452 1070 1521 1299 1041 251 36 45 
35 9 452 1070 1521 1300 1041 251 36 45 
35 9 452 1070 1521 1301 1039 251 36 45 
35 9 452 1070 1521 1302 1039 251 36 45 
35 9 452 1070 1521 1303 1038 251 34 45 
35 9 452 1070 1521 1304 1038 251 34 45 
35 9 452 1070 1521 1305 1038 251 34 45 
35 9 452 1070 1521 1306 1036 249 36 46 
35 9 452 1070 1521 1307 1034 249 36 46 
35 9 452 1070 1521 1308 1034 249 36 46 
35 9 452 1070 1521 1309 1032 249 36 46 
35 9 452 1070 1521 1310 1032 249 36 46 
35 9 452 1070 1521 1311 1031 249 34 46 
35 9 452 1070 1521 1312 1029 249 36 46 
35 9 452 1070 1521 1313 1029 249 36 46 
35 9 452 1070 1521 1314 1027 249 36 46 
35 9 452 1070 1521 1315 1027 249 36 46 
35 9 452 1070 1521 1316 1025 249 36 46 
35 9 452 1070 1521 1317 1023 249 36 46 
35 9 452 1070 1521 1318 1023 249 36 46 
35 9 452 1070 1521 1319 1022 249 34 46 
35 9 452 1070 1521 1320 1022 249 34 46 
35 9 452 1070 1521 1321 1020 249 36 46 
35 9 452 1070 1521 1322 1018 249 36 46 
35 9 452 1070 1521 1323 1018 249 36 46 
35 9 452 1070 1521 1324 1016 249 36 46 
35 9 452 1070 1521 1325 1016 249 36 46 
35 9 452 1070 1521 1326 1015 249 34 46 
35 9 452 1070 1521 1327 1013 249 36 46 
35 9 452 1070 1521 1328 1013 249 36 46 
35 9 452 1070 1521 1329 1011 249 36 46 
35 9 452 1070 1521 1330 1011 249 36 46 
35 9 452 1070 1521 1331 1009 249 36 46 
35 9 452 1070 1521 1332 1007 249 36 46 
35 9 452 1070 1521 1333 1007 249 36 46 
35 9 452 1070 1521 1334 1006 249 34 46 
35 9 452 1070 1521 1335 1006 249 34 46 
35 9 452 1070 1521 1336 1004 249 36 46 
35 9 452 1070 1521 1337 1002 249 36 46 
35 9 452 1070 1521 1338 1002 249 36 46 
35 9 452 1070 1521 1339 1000 249 36 46 
35 9 452 1070 1521 1340 1000 249 36 46 
35 9 452 1070 1521 1341 999 249 34 46 
35 9 452 1070 1521 1342 997 249 36 46 
35 9 452 1070 1521 1343 997 249 36 46 
35 9 452 1070 1521 1344 995 249 36 46 
35 9 452 1070 1521 1345 995 249 36 46 
35 9 452 1070 1521 1346 993 249 36 46 
35 9 452 1070 1521 1347 991 249 36 46 
35 9 452 1070 1521 1348 991 249 36 46 
35 9 452 1070 1521 1349 990 249 34 46 
35 9 452 1070 1521 1350 990 248 34 45 
35 9 452 1070 1521 1351 988 248 36 45 
35 9 452 1070 1521 1352 988 248 36 45 
35 9 452 1070 1521 1353 986 248 36 45 
35 9 452 1070 1521 1354 984 248 36 45 
35 9 452 1070 1521 1355 984 248 36 45 
35 9 452 1070 1521 1356 983 248 34 45 
35 9 452 1070 1521 1357 983 248 34 45 
35 9 452 1070 1521 1358 981 248 36 45 
35 9 452 1070 1521 1359 979 248 36 45 
35 9 452 1070 1521 1360 979 248 36 45 
35 9 452 1070 1521 1361 977 248 36 45 
35 9 452 1070 1521 1362 977 248 36 45 
35 9 452 1070 1521 1363 975 248 36 45 
35 9 452 1070 1521 1364 974 248 34 45 
35 9 452 1070 1521 1365 974 248 34 45 
35 9 452 1070 1521 1366 972 248 36 45 
35 9 452 1070 1521 1367 972 248 36 45 
35 9 452 1070 1521 1368 970 248 36 45 
35 9 452 1070 1521 1369 968 248 36 45 
35 9 452 1070 1521 1370 968 248 36 45 
35 9 452 1070 1521 1371 967 248 34 45 
35 9 452 1070 1521 1372 967 248 34 45 
35 9 452 1070 1521 1373 965 248 36 45 
35 9 452 1070 1521 1374 963 248 36 45 
35 9 452 1070 1521 1375 963 248 36 45 
35 9 452 1070 1521 1376 961 248 36 45 
35 9 452 1070 1521 1377 961 248 36 45 
35 9 452 1070 1521 1378 959 248 36 45 
35 9 452 1070 1521 1379 958 248 34 45 
35 9 452 1070 1521 1380 958 248 34 45 
35 9 452 1070 1521 1381 956 248 36 45 
35 9 452 1070 1521 1382 956 248 36 45 
35 9 452 1070 1521 1383 954 248 36 45 
35 9 452 1070 1521 1384 952 248 36 45 
35 9 452 1070 1521 1385 952 248 36 45 
35 9 452 1070 1521 1386 951 248 34 45 
35 9 452 1070 1521 1387 951 248 34 45 
35 9 452 1070 1521 1388 949 248 36 45 
35 9 452 1070 1521 1389 947 248 36 45 
35 9 452 1070 1521 1390 947 248 36 45 
35 9 452 1070 1521 1391 945 248 36 45 
35 9 452 1070 1521 1392 945 248 36 45 
35 9 452 1070 1521 1393 943 248 36 45 
35 9 452 1070 1521 1394 943 248 36 45 
35 9 452 1070 1521 1395 942 248 34 45 
35 9 452 1070 1521 1396 940 248 36 45 
35 9 452 1070 1521 1397 940 248 36 45 
35 9 452 1070 1521 1398 938 248 36 45 
35 9 452 1070 1521 1399 938 248 36 45 
35 9 452 1070 1521 1400 936 248 36 45 
35 9 452 1070 1521 1401 936 248 36 45 
35 9 452 1070 1521 1402 935 248 34 45 
35 9 452 1070 1521 1403 935 248 34 45 
35 9 452 1070 1521 1404 933 248 36 45 
35 9 452 1070 1521 1405 933 248 36 45 
35 9 452 1070 1521 1406 931 248 36 45 
35 9 452 1070 1521 1407 931 248 36 45 
35 9 452 1070 1521 1408 929 248 36 45 
35 9 452 1070 1521 1409 929 249 36 46 
35 9 452 1070 1521 1410 927 249 36 46 
35 9 452 1070 1521 1411 927 249 36 46 
35 9 452 1070 1521 1412 926 249 34 46 
35 9 452 1070 1521 1413 924 249 36 46 
35 9 452 1070 1521 1414 924 249 36 46 
35 9 452 1070 1521 1415 922 249 36 46 
35 9 452 1070 1521 1416 922 249 36 46 
35 9 452 1070 1521 1417 920 249 36 46 
35 9 452 1070 1521 1418 920 249 36 46 
35 9 452 1070 1521 1419 919 249 34 46 
35 9 452 1070 1521 1420 919 249 34 46 
35 9 452 1070 1521 1421 917 249 36 46 
35 9 452 1070 1521 1422 917 249 36 46 
35 9 452 1070 1521 1423 915 249 36 46 
35 9 452 1070 1521 1424 915 251 36 45 
35 9 452 1070 1521 1425 913 251 36 45 
35 9 452 1070 1521 1426 913 251 36 45 
35 9 452 1070 1521 1427 911 251 36 45 
35 9 452 1070 1521 1428 911 251 36 45 
35 9 452 1070 1521 1429 910 251 34 45 
35 9 452 1070 1521 1430 910 251 34 45 
35 9 452 1070 1521 1431 908 251 36 45 
35 9 452 1070 1521 1432 906 251 36 45 
35 9 452 1070 1521 1433 906 251 36 45 
35 9 452 1070 1521 1434 904 251 36 45 
35 9 452 1070 1521 1435 904 251 36 45 
35 9 452 1070 1521 1436 903 251 34 45 
35 9 452 1070 1521 1437 903 251 34 45 
35 9 452 1070 1521 1438 901 251 36 45 
35 9 452 1070 1521 1439 901 253 36 45 
35 9 452 1070 1521 1440 899 253 36 45 
35 9 452 1070 1521 1441 899 253 36 45 
35 9 452 1070 1521 1442 897 253 36 45 
35 9 452 1070 1521 1443 897 253 36 45 
35 9 452 1070 1521 1444 895 253 36 45 
35 9 452 1070 1521 1445 895 253 36 45 
35 9 452 1070 1521 1446 894 253 34 45 
35 9 452 1070 1521 1447 894 253 34 45 
35 9 452 1070 1521 1448 892 253 36 45 
35 9 452 1070 1521 1449 892 253 36 45 
35 9 452 1070 1521 1450 890 253 36 45 
35 9 452 1070 1521 1451 888 253 36 45 
35 9 452 1070 1521 1452 888 253 36 45 
35 9 452 1070 1521 1453 887 253 34 45 
35 9 452 1070 1521 1454 887 255 34 45 
35 9 452 1070 1521 1455 885 255 36 45 
35 9 452 1070 1521 1456 885 255 36 45 
35 9 452 1070 1521 1457 883 255 36 45 
35 9 452 1070 1521 1458 883 255 36 45 
35 9 452 1070 1521 1459 881 255 36 45 
35 9 452 1070 1521 1460 881 255 36 45 
35 9 452 1070 1521 1461 879 255 36 45 
35 9 452 1070 1521 1462 879 255 36 45 
35 9 452 1070 1521 1463 878 255 34 45 
35 9 452 1070 1521 1464 878 255 34 45 
35 9 452 1070 1521 1465 876 255 36 45 
35 9 452 1070 1521 1466 876 255 36 45 
35 9 452 1070 1521 1467 874 255 36 45 
35 9 452 1070 1521 1468 874 256 36 46 
35 9 452 1070 1521 1469 872 255 36 45 
35 9 452 1070 1521 1470 871 255 34 45 
35 9 452 1070 1521 1471 871 255 34 45 
35 9 452 1070 1521 1472 869 255 36 45 
35 9 452 1070 1521 1473 869 255 36 45 
35 9 452 1070 1521 1474 867 255 36 45 
35 9 452 1070 1521 1475 867 255 36 45 
35 9 452 1070 1521 1476 865 255 36 45 
35 9 452 1070 1521 1477 865 255 36 45 
35 9 452 1070 1521 1478 863 255 36 45 
35 9 452 1070 1521 1479 863 255 36 45 
35 9 452 1070 1521 1480 862 255 34 45 
35 9 452 1070 1521 1481 862 255 34 45 
35 9 452 1070 1521 1482 860 255 36 45 
35 9 452 1070 1521 1483 860 255 36 45 
35 9 452 1070 1521 1484 858 255 36 45 
35 9 452 1070 1521 1485 858 255 36 45 
35 9 452 1070 1521 1486 856 255 36 45 
35 9 452 1070 1521 1487 856 255 36 45 
35 9 452 1070 1521 1488 855 255 34 45 
35 9 452 1070 1521 1489 855 255 34 45 
35 9 452 1070 1521 1490 853 255 36 45 
35 9 452 1070 1521 1491 853 255 36 45 
35 9 452 1070 1521 1492 851 255 36 45 
35 9 452 1070 1521 1493 851 255 36 45 
35 9 452 1070 1521 1494 849 255 36 45 
35 9 452 1070 1521 1495 849 253 36 45 
35 9 452 1070 1521 1496 847 253 36 45 
35 9 452 1070 1521 1497 847 253 36 45 
35 9 452 1070 1521 1498 846 253 34 45 
35 9 452 1070 1521 1499 846 253 34 45 
35 9 452 1070 1521 1500 844 253 36 45 
35 9 452 1070 1521 1501 844 253 36 45 
35 9 452 1070 1521 1502 842 253 36 45 
35 9 452 1070 1521 1503 842 253 36 45 
35 9 452 1070 1521 1504 840 253 36 45 
35 9 452 1070 1521 1505 840 253 36 45 
35 9 452 1070 1521 1506 839 253 34 45 
35 9 452 1070 1521 1507 839 253 34 45 
35 9 452 1070 1521 1508 837 253 36 45 
35 9 452 1070 1521 1509 837 253 36 45 
35 9 452 1070 1521 1510 835 253 36 45 
35 9 452 1070 1521 1511 835 253 36 45 
35 9 452 1070 1521 1512 833 253 36 45 
35 9 452 1070 1521 1513 833 253 36 45 
35 9 452 1070 1521 1514 831 253 36 45 
35 9 452 1070 1521 1515 831 253 36 45 
35 9 452 1070 1521 1516 830 253 34 45 
35 9 452 1070 1521 1517 830 253 34 45 
35 9 452 1070 1521 1518 828 253 36 45 
35 9 452 1070 1521 1519 828 253 36 45 
35 9 452 1070 1521 1520 826 253 36 45 
35 9 452 1070 1521 1521 826 253 36 45 
36 9 138 1400 1537 1400 182 678 88 41 
36 9 138 1400 1537 1401 179 675 90 43 
36 9 138 1400 1537 1402 177 675 90 43 
36 9 138 1400 1537 1403 177 673 88 46 
36 9 138 1400 1537 1404 175 673 88 46 
36 9 138 1400 1537 1405 172 670 90 48 
36 9 138 1400 1537 1406 170 670 90 48 
36 9 138 1400 1537 1407 170 669 88 49 
36 9 138 1400 1537 1408 168 669 88 49 
36 9 138 1400 1537 1409 166 669 88 49 
36 9 138 1400 1537 1410 163 666 90 52 
36 9 138 1400 1537 1411 161 666 90 52 
36 9 138 1400 1537 1412 161 664 88 54 
36 9 138 1400 1537 1413 159 664 88 54 
36 9 138 1400 1537 1414 156 661 90 57 
36 9 138 1400 1537 1415 154 661 90 57 
36 9 138 1400 1537 1416 154 660 88 58 
36 9 138 1400 1537 1417 152 660 88 58 
36 9 138 1400 1537 1418 150 658 88 61 
36 9 138 1400 1537 1419 147 658 90 61 
36 9 138 1400 1537 1420 145 655 90 63 
36 9 138 1400 1537 1421 145 655 88 63 
36 9 138 1400 1537 1422 143 655 88 63 
36 9 138 1400 1537 1423 138 653 90 66 
36 9 138 1400 1537 1424 138 653 88 66 
36 9 138 1400 1537 1425 136 650 88 68 
36 9 138 1400 1537 1426 134 650 88 68 
36 9 138 1400 1537 1427 131 650 90 68 
36 9 138 1400 1537 1428 129 649 90 69 
36 9 138 1400 1537 1429 129 649 88 69 
36 9 138 1400 1537 1430 127 649 88 69 
36 9 138 1400 1537 1431 124 646 90 72 
36 9 138 1400 1537 1432 122 646 90 72 
36 9 138 1400 1537 1433 122 646 88 72 
36 9 138 1400 1537 1434 120 644 88 74 
36 9 138 1400 1537 1435 118 644 88 74 
36 9 138 1400 1537 1436 115 644 90 74 
36 9 138 1400 1537 1437 113 641 90 77 
36 9 138 1400 1537 1438 111 641 88 77 
36 9 138 1400 1537 1439 108 640 90 78 
36 9 138 1400 1537 1440 106 640 90 78 
36 9 138 1400 1537 1441 106 640 88 78 
36 9 138 1400 1537 1442 104 638 88 81 
36 9 138 1400 1537 1443 102 638 88 81 
36 9 138 1400 1537 1444 99 638 90 81 
36 9 138 1400 1537 1445 97 635 90 83 
36 9 138 1400 1537 1446 97 635 88 83 
36 9 138 1400 1537 1447 95 635 88 83 
36 9 138 1400 1537 1448 92 633 90 86 
36 9 138 1400 1537 1449 90 633 90 86 
36 9 138 1400 1537 1450 90 633 88 86 
36 9 138 1400 1537 1451 88 630 88 88 
36 9 138 1400 1537 1452 86 630 88 88 
36 9 138 1400 1537 1453 83 630 90 88 
36 9 138 1400 1537 1454 81 629 88 89 
36 9 138 1400 1537 1455 76 629 92 89 
36 9 138 1400 1537 1456 72 629 96 89 
36 9 138 1400 1537 1457 67 626 100 92 
36 9 138 1400 1537 1458 65 626 100 92 
36 9 138 1400 1537 1459 61 626 102 92 
36 9 138 1400 1537 1460 56 624 106 94 
36 9 138 1400 1537 1461 52 624 110 94 
36 9 138 1400 1537 1462 50 624 110 94 
36 9 138 1400 1537 1463 48 621 110 97 
36 9 138 1400 1537 1464 46 621 110 97 
36 9 138 1400 1537 1465 44 621 112 97 
36 9 138 1400 1537 1466 45 620 108 98 
36 9 138 1400 1537 1467 44 620 106 98 
36 9 138 1400 1537 1468 42 620 106 98 
36 9 138 1400 1537 1469 40 620 106 98 
36 9 138 1400 1537 1470 41 618 104 101 
36 9 138 1400 1537 1471 39 618 104 101 
36 9 138 1400 1537 1472 38 618 102 101 
36 9 138 1400 1537 1473 36 618 102 101 
36 9 138 1400 1537 1474 37 615 100 103 
36 9 138 1400 1537 1475 35 615 100 103 
36 9 138 1400 1537 1476 33 615 100 103 
36 9 138 1400 1537 1477 31 615 100 103 
36 9 138 1400 1537 1478 32 613 96 106 
36 9 138 1400 1537 1479 31 613 96 106 
36 9 138 1400 1537 1480 29 613 96 106 
36 9 138 1400 1537 1481 27 613 96 106 
36 9 138 1400 1537 1482 28 610 92 108 
36 9 138 1400 1537 1483 25 610 94 108 
36 9 138 1400 1537 1484 25 610 92 108 
36 9 138 1400 1537 1485 26 610 88 108 
36 9 138 1400 1537 1486 24 609 88 109 
36 9 138 1400 1537 1487 22 609 88 109 
36 9 138 1400 1537 1488 19 609 90 109 
36 9 138 1400 1537 1489 17 607 90 111 
36 9 138 1400 1537 1490 17 607 88 111 
36 9 138 1400 1537 1491 15 607 88 111 
36 9 138 1400 1537 1492 12 605 90 113 
36 9 138 1400 1537 1493 10 605 90 113 
36 9 138 1400 1537 1494 10 605 88 113 
36 9 138 1400 1537 1495 8 602 88 116 
36 9 138 1400 1537 1496 6 603 88 115 
36 9 138 1400 1537 1497 3 603 90 115 
36 9 138 1400 1537 1498 1 602 90 117 
36 9 138 1400 1537 1499 1 602 88 117 
36 9 138 1400 1537 1500 1 602 88 117 
36 9 138 1400 1537 1501 0 599 87 119 
36 9 138 1400 1537 1502 0 599 85 119 
36 9 138 1400 1537 1503 0 599 83 119 
36 9 138 1400 1537 1504 0 599 80 119 
36 9 138 1400 1537 1505 0 599 78 119 
36 9 138 1400 1537 1506 0 597 75 121 
36 9 138 1400 1537 1507 0 597 74 121 
36 9 138 1400 1537 1508 0 597 71 121 
36 9 138 1400 1537 1509 0 597 69 121 
36 9 138 1400 1537 1510 0 597 66 121 
36 9 138 1400 1537 1511 0 594 66 124 
36 9 138 1400 1537 1512 0 594 63 124 
36 9 138 1400 1537 1513 0 594 61 124 
36 9 138 1400 1537 1514 0 594 58 124 
36 9 138 1400 1537 1515 0 594 56 124 
36 9 138 1400 1537 1516 0 594 54 124 
36 9 138 1400 1537 1517 0 592 52 126 
36 9 138 1400 1537 1518 0 592 49 126 
36 9 138 1400 1537 1519 0 592 47 126 
36 9 138 1400 1537 1520 0 592 45 126 
36 9 138 1400 1537 1521 0 592 43 126 
36 9 138 1400 1537 1522 0 591 40 128 
36 9 138 1400 1537 1523 0 591 38 128 
36 9 138 1400 1537 1524 0 591 35 128 
36 9 138 1400 1537 1525 0 591 34 128 
36 9 138 1400 1537 1526 0 591 31 128 
36 9 138 1400 1537 1527 0 591 31 128 
36 9 138 1400 1537 1528 0 589 28 130 
36 9 138 1400 1537 1529 0 589 25 130 
36 9 138 1400 1537 1530 0 589 24 130 
36 9 138 1400 1537 1531 0 589 21 130 
36 9 138 1400 1537 1532 0 589 18 130 
36 9 138 1400 1537 1533 0 589 15 130 
36 9 138 1400 1537 1534 0 589 12 130 
36 9 138 1400 1537 1535 0 589 12 130 
36 9 138 1400 1537 1536 0 589 12 130 
36 9 138 1400 1537 1537 0 589 12 130 
