38 5 189 1326 1514 1326 573 246 58 59 
38 5 189 1326 1514 1327 573 246 58 59 
38 5 189 1326 1514 1328 573 246 58 59 
38 5 189 1326 1514 1329 573 246 58 59 
38 5 189 1326 1514 1330 573 246 58 59 
38 5 189 1326 1514 1331 573 246 58 59 
38 5 189 1326 1514 1332 573 246 58 59 
38 5 189 1326 1514 1333 573 246 58 59 
38 5 189 1326 1514 1334 573 246 58 59 
38 5 189 1326 1514 1335 573 246 58 59 
38 5 189 1326 1514 1336 573 246 58 59 
38 5 189 1326 1514 1337 573 246 58 59 
38 5 189 1326 1514 1338 573 246 58 59 
38 5 189 1326 1514 1339 573 246 58 59 
38 5 189 1326 1514 1340 573 246 58 59 
38 5 189 1326 1514 1341 573 246 58 59 
38 5 189 1326 1514 1342 573 246 58 59 
38 5 189 1326 1514 1343 573 246 58 59 
38 5 189 1326 1514 1344 573 246 58 59 
38 5 189 1326 1514 1345 573 246 58 59 
38 5 189 1326 1514 1346 573 246 58 59 
38 5 189 1326 1514 1347 573 246 58 59 
38 5 189 1326 1514 1348 573 246 58 59 
38 5 189 1326 1514 1349 573 246 58 59 
38 5 189 1326 1514 1350 573 246 58 59 
38 5 189 1326 1514 1351 573 246 58 59 
38 5 189 1326 1514 1352 573 246 58 59 
38 5 189 1326 1514 1353 573 246 58 59 
38 5 189 1326 1514 1354 573 246 58 59 
38 5 189 1326 1514 1355 573 246 58 59 
38 5 189 1326 1514 1356 573 246 58 59 
38 5 189 1326 1514 1357 573 246 58 59 
38 5 189 1326 1514 1358 573 246 58 59 
38 5 189 1326 1514 1359 573 246 58 59 
38 5 189 1326 1514 1360 573 246 58 59 
38 5 189 1326 1514 1361 573 246 58 59 
38 5 189 1326 1514 1362 573 246 58 59 
38 5 189 1326 1514 1363 573 246 58 59 
38 5 189 1326 1514 1364 573 246 58 59 
38 5 189 1326 1514 1365 573 246 58 59 
38 5 189 1326 1514 1366 573 246 58 59 
38 5 189 1326 1514 1367 573 246 58 59 
38 5 189 1326 1514 1368 573 246 58 59 
38 5 189 1326 1514 1369 573 246 58 59 
38 5 189 1326 1514 1370 573 246 58 59 
38 5 189 1326 1514 1371 573 246 58 59 
38 5 189 1326 1514 1372 573 246 58 59 
38 5 189 1326 1514 1373 573 246 58 59 
38 5 189 1326 1514 1374 573 246 58 59 
38 5 189 1326 1514 1375 573 246 58 59 
38 5 189 1326 1514 1376 573 246 58 59 
38 5 189 1326 1514 1377 573 246 58 59 
38 5 189 1326 1514 1378 573 246 58 59 
38 5 189 1326 1514 1379 573 246 58 59 
38 5 189 1326 1514 1380 573 246 58 59 
38 5 189 1326 1514 1381 573 246 58 59 
38 5 189 1326 1514 1382 573 246 58 59 
38 5 189 1326 1514 1383 573 246 58 59 
38 5 189 1326 1514 1384 573 246 58 59 
38 5 189 1326 1514 1385 573 246 58 59 
38 5 189 1326 1514 1386 573 246 58 59 
38 5 189 1326 1514 1387 573 246 58 59 
38 5 189 1326 1514 1388 573 246 58 59 
38 5 189 1326 1514 1389 573 246 58 59 
38 5 189 1326 1514 1390 573 246 58 59 
38 5 189 1326 1514 1391 573 246 58 59 
38 5 189 1326 1514 1392 573 246 58 59 
38 5 189 1326 1514 1393 573 246 58 59 
38 5 189 1326 1514 1394 573 246 58 59 
38 5 189 1326 1514 1395 573 246 58 59 
38 5 189 1326 1514 1396 573 246 58 59 
38 5 189 1326 1514 1397 573 246 58 59 
38 5 189 1326 1514 1398 573 246 58 59 
38 5 189 1326 1514 1399 573 246 58 59 
38 5 189 1326 1514 1400 573 246 58 59 
38 5 189 1326 1514 1401 573 246 58 59 
38 5 189 1326 1514 1402 573 246 58 59 
38 5 189 1326 1514 1403 573 246 58 59 
38 5 189 1326 1514 1404 573 246 58 59 
38 5 189 1326 1514 1405 573 246 58 59 
38 5 189 1326 1514 1406 573 246 58 59 
38 5 189 1326 1514 1407 573 246 58 59 
38 5 189 1326 1514 1408 573 246 58 59 
38 5 189 1326 1514 1409 573 246 58 59 
38 5 189 1326 1514 1410 573 246 58 59 
38 5 189 1326 1514 1411 573 246 58 59 
38 5 189 1326 1514 1412 573 246 58 59 
38 5 189 1326 1514 1413 573 246 58 59 
38 5 189 1326 1514 1414 573 246 58 59 
38 5 189 1326 1514 1415 573 246 58 59 
38 5 189 1326 1514 1416 573 246 58 59 
38 5 189 1326 1514 1417 573 246 58 59 
38 5 189 1326 1514 1418 573 246 58 59 
38 5 189 1326 1514 1419 573 246 58 59 
38 5 189 1326 1514 1420 573 246 58 59 
38 5 189 1326 1514 1421 573 246 58 59 
38 5 189 1326 1514 1422 573 246 58 59 
38 5 189 1326 1514 1423 573 246 58 59 
38 5 189 1326 1514 1424 573 246 58 59 
38 5 189 1326 1514 1425 573 246 58 59 
38 5 189 1326 1514 1426 573 246 58 59 
38 5 189 1326 1514 1427 573 246 58 59 
38 5 189 1326 1514 1428 573 246 58 59 
38 5 189 1326 1514 1429 573 246 58 59 
38 5 189 1326 1514 1430 573 246 58 59 
38 5 189 1326 1514 1431 573 246 58 59 
38 5 189 1326 1514 1432 573 246 58 59 
38 5 189 1326 1514 1433 573 246 58 59 
38 5 189 1326 1514 1434 573 246 58 59 
38 5 189 1326 1514 1435 573 246 58 59 
38 5 189 1326 1514 1436 573 246 58 59 
38 5 189 1326 1514 1437 573 246 58 59 
38 5 189 1326 1514 1438 573 246 58 59 
38 5 189 1326 1514 1439 573 246 58 59 
38 5 189 1326 1514 1440 573 246 58 59 
38 5 189 1326 1514 1441 573 246 58 59 
38 5 189 1326 1514 1442 573 246 58 59 
38 5 189 1326 1514 1443 573 246 58 59 
38 5 189 1326 1514 1444 573 246 58 59 
38 5 189 1326 1514 1445 573 246 58 59 
38 5 189 1326 1514 1446 573 246 58 59 
38 5 189 1326 1514 1447 573 246 58 59 
38 5 189 1326 1514 1448 573 246 58 59 
38 5 189 1326 1514 1449 573 246 58 59 
38 5 189 1326 1514 1450 573 246 58 59 
38 5 189 1326 1514 1451 573 246 58 59 
38 5 189 1326 1514 1452 573 246 58 59 
38 5 189 1326 1514 1453 573 246 58 59 
38 5 189 1326 1514 1454 573 246 58 59 
38 5 189 1326 1514 1455 573 246 58 59 
38 5 189 1326 1514 1456 573 246 58 59 
38 5 189 1326 1514 1457 573 246 58 59 
38 5 189 1326 1514 1458 573 246 58 59 
38 5 189 1326 1514 1459 573 246 58 59 
38 5 189 1326 1514 1460 573 246 58 59 
38 5 189 1326 1514 1461 573 246 58 59 
38 5 189 1326 1514 1462 573 246 58 59 
38 5 189 1326 1514 1463 573 246 58 59 
38 5 189 1326 1514 1464 573 246 58 59 
38 5 189 1326 1514 1465 573 246 58 59 
38 5 189 1326 1514 1466 573 246 58 59 
38 5 189 1326 1514 1467 573 246 58 59 
38 5 189 1326 1514 1468 573 246 58 59 
38 5 189 1326 1514 1469 573 246 58 59 
38 5 189 1326 1514 1470 573 246 58 59 
38 5 189 1326 1514 1471 573 246 58 59 
38 5 189 1326 1514 1472 573 246 58 59 
38 5 189 1326 1514 1473 573 246 58 59 
38 5 189 1326 1514 1474 573 246 58 59 
38 5 189 1326 1514 1475 573 246 58 59 
38 5 189 1326 1514 1476 573 246 58 59 
38 5 189 1326 1514 1477 573 246 58 59 
38 5 189 1326 1514 1478 573 246 58 59 
38 5 189 1326 1514 1479 573 246 58 59 
38 5 189 1326 1514 1480 573 246 58 59 
38 5 189 1326 1514 1481 573 246 58 59 
38 5 189 1326 1514 1482 573 246 58 59 
38 5 189 1326 1514 1483 573 246 58 59 
38 5 189 1326 1514 1484 573 246 58 59 
38 5 189 1326 1514 1485 573 246 58 59 
38 5 189 1326 1514 1486 573 246 58 59 
38 5 189 1326 1514 1487 573 246 58 59 
38 5 189 1326 1514 1488 573 246 58 59 
38 5 189 1326 1514 1489 573 246 58 59 
38 5 189 1326 1514 1490 573 246 58 59 
38 5 189 1326 1514 1491 573 246 58 59 
38 5 189 1326 1514 1492 573 246 58 59 
38 5 189 1326 1514 1493 573 246 58 59 
38 5 189 1326 1514 1494 573 246 58 59 
38 5 189 1326 1514 1495 573 246 58 59 
38 5 189 1326 1514 1496 573 246 58 59 
38 5 189 1326 1514 1497 573 246 58 59 
38 5 189 1326 1514 1498 573 246 58 59 
38 5 189 1326 1514 1499 573 246 58 59 
38 5 189 1326 1514 1500 573 246 58 59 
38 5 189 1326 1514 1501 573 246 58 59 
38 5 189 1326 1514 1502 573 246 58 59 
38 5 189 1326 1514 1503 573 246 58 59 
38 5 189 1326 1514 1504 573 246 58 59 
38 5 189 1326 1514 1505 573 246 58 59 
38 5 189 1326 1514 1506 573 246 58 59 
38 5 189 1326 1514 1507 573 246 58 59 
38 5 189 1326 1514 1508 573 246 58 59 
38 5 189 1326 1514 1509 573 246 58 59 
38 5 189 1326 1514 1510 573 246 58 59 
38 5 189 1326 1514 1511 573 246 58 59 
38 5 189 1326 1514 1512 573 246 58 59 
38 5 189 1326 1514 1513 573 246 58 59 
38 5 189 1326 1514 1514 573 246 58 59 
