1 749 470 256 82 36 67 1
1 749 471 257 82 36 67 1
1 749 472 258 82 36 67 1
1 749 473 259 83 36 67 1
1 749 474 260 83 36 67 1
1 749 475 261 84 36 67 1
1 749 476 262 84 36 67 1
1 749 477 263 85 36 67 1
1 749 478 265 85 36 67 1
1 749 479 266 86 36 67 1
1 749 480 267 86 36 67 1
1 749 481 268 87 36 67 1
1 749 482 269 87 36 67 1
1 749 483 270 88 36 67 1
1 749 484 271 88 36 67 1
1 749 485 272 89 36 67 1
1 749 486 274 89 36 67 1
1 749 487 275 90 36 67 1
1 749 488 276 90 36 67 1
1 749 489 277 91 36 67 1
1 749 490 278 91 36 67 1
1 749 491 279 91 36 67 1
1 749 492 280 92 36 67 1
1 749 493 281 92 36 67 1
1 749 494 283 93 36 67 1
1 749 495 284 93 36 67 1
1 749 496 285 94 36 67 1
1 749 497 286 94 36 67 1
1 749 498 287 95 36 67 1
1 749 499 288 95 36 67 1
1 749 500 289 96 36 67 1
1 749 501 290 96 36 67 1
1 749 502 292 97 36 67 1
1 749 503 293 97 36 67 1
1 749 504 294 98 36 67 1
1 749 505 295 98 36 67 1
1 749 506 296 99 36 67 1
1 749 507 297 99 36 67 1
1 749 508 298 100 36 67 1
1 749 509 299 100 36 67 1
1 749 510 301 101 36 67 1
1 749 511 301 101 36 67 1
1 749 512 301 101 37 67 1
1 749 513 302 101 37 68 1
1 749 514 302 101 37 68 1
1 749 515 303 101 37 69 1
1 749 516 303 101 38 69 1
1 749 517 304 101 38 70 1
1 749 518 304 101 38 71 1
1 749 519 305 101 38 71 1
1 749 520 305 101 39 72 1
1 749 521 306 101 39 72 1
1 749 522 306 101 39 73 1
1 749 523 307 102 39 72 1
1 749 524 307 102 40 73 1
1 749 525 308 102 40 73 1
1 749 526 308 102 41 74 1
1 749 527 309 102 40 74 1
1 749 528 309 102 41 75 1
1 749 529 310 102 41 76 1
1 749 530 310 102 42 76 1
1 749 531 311 102 42 77 1
1 749 532 311 103 43 76 1
1 749 533 312 103 43 77 1
1 749 534 313 103 43 78 1
1 749 535 313 103 43 78 1
1 749 536 314 103 43 79 1
1 749 537 314 103 44 80 1
1 749 538 315 103 44 80 1
1 749 539 316 104 44 80 1
1 749 540 316 104 45 80 1
1 749 541 317 104 45 81 1
1 749 542 318 104 45 82 1
1 749 543 318 104 46 82 1
1 749 544 319 104 46 83 1
1 749 545 320 105 46 83 1
1 749 546 321 105 46 84 1
1 749 547 321 105 47 84 1
1 749 548 322 105 47 85 1
1 749 549 323 105 47 86 1
1 749 550 324 106 48 86 1
1 749 551 324 106 48 86 1
1 749 552 325 106 48 86 1
1 749 553 326 107 48 86 1
1 749 554 327 107 48 86 1
1 749 555 328 108 48 86 1
1 749 556 329 108 48 86 1
1 749 557 329 108 48 86 1
1 749 558 330 109 48 86 1
1 749 559 331 109 48 86 1
1 749 560 332 110 48 86 1
1 749 561 333 110 48 86 1
1 749 562 334 110 48 86 1
1 749 563 334 111 48 86 1
1 749 564 335 111 48 86 1
1 749 565 336 112 48 86 1
1 749 566 337 112 48 86 1
1 749 567 338 112 48 86 1
1 749 568 339 113 48 86 1
1 749 569 339 113 48 86 1
1 749 570 340 114 48 86 1
1 749 571 341 114 48 86 1
1 749 572 342 114 48 86 1
1 749 573 343 115 48 86 1
1 749 574 344 115 48 86 1
1 749 575 345 116 48 86 1
1 749 576 345 116 48 86 1
1 749 577 346 116 48 86 1
1 749 578 347 117 48 86 1
1 749 579 348 117 48 86 1
1 749 580 349 118 48 86 1
1 749 581 350 118 48 86 1
1 749 582 350 118 48 86 1
1 749 583 351 119 48 86 1
1 749 584 352 119 48 86 1
1 749 585 353 120 48 86 1
1 749 586 354 120 48 86 1
1 749 587 355 120 48 86 1
1 749 588 355 121 48 86 1
1 749 589 356 121 48 86 1
1 749 590 357 122 48 86 1
1 749 591 358 122 48 86 1
1 749 592 359 122 48 86 1
1 749 593 360 123 48 86 1
1 749 594 360 123 48 86 1
1 749 595 361 124 48 86 1
1 749 596 362 124 48 86 1
1 749 597 363 124 48 86 1
1 749 598 364 125 48 86 1
1 749 599 365 125 48 86 1
1 749 600 366 126 48 86 1
1 749 601 367 126 48 86 1
1 749 602 368 126 48 86 1
1 749 603 369 126 48 86 1
1 749 604 370 126 48 86 1
1 749 605 371 126 48 86 1
1 749 606 372 126 48 86 1
1 749 607 373 126 48 86 1
1 749 608 375 126 48 86 1
1 749 609 376 126 48 86 1
1 749 610 377 126 48 86 1
1 749 611 378 126 48 86 1
1 749 612 379 126 48 86 1
1 749 613 380 126 48 86 1
1 749 614 381 126 48 86 1
1 749 615 383 126 48 86 1
1 749 616 384 126 48 86 1
1 749 617 385 127 48 86 1
1 749 618 386 127 48 86 1
1 749 619 387 127 48 86 1
1 749 620 388 127 48 86 1
1 749 621 389 127 48 86 1
1 749 622 391 127 48 86 1
1 749 623 392 127 48 86 1
1 749 624 393 127 48 86 1
1 749 625 394 127 48 86 1
1 749 626 395 127 48 86 1
1 749 627 396 127 48 86 1
1 749 628 397 127 48 86 1
1 749 629 399 127 48 86 1
1 749 630 400 127 48 86 1
1 749 631 401 127 48 86 1
1 749 632 402 127 48 86 1
1 749 633 403 127 48 86 1
1 749 634 404 128 48 86 1
1 749 635 405 128 48 86 1
1 749 636 407 128 48 86 1
1 749 637 408 128 48 86 1
1 749 638 409 128 48 86 1
1 749 639 410 128 48 86 1
1 749 640 411 128 48 86 1
1 749 641 412 128 48 86 1
1 749 642 413 128 48 86 1
1 749 643 415 128 48 86 1
1 749 644 416 128 48 86 1
1 749 645 417 128 48 86 1
1 749 646 418 128 48 86 1
1 749 647 419 128 48 86 1
1 749 648 420 128 48 86 1
1 749 649 421 128 48 86 1
1 749 650 423 129 48 86 1
1 749 651 424 128 48 86 1
1 749 652 425 128 48 86 1
1 749 653 426 128 48 86 1
1 749 654 428 128 48 86 1
1 749 655 429 128 48 86 1
1 749 656 430 127 48 86 1
1 749 657 432 127 48 86 1
1 749 658 433 127 48 86 1
1 749 659 434 127 48 86 1
1 749 660 436 127 48 86 1
1 749 661 437 126 48 86 1
1 749 662 438 126 48 86 1
1 749 663 440 126 48 86 1
1 749 664 441 126 48 86 1
1 749 665 442 126 48 86 1
1 749 666 444 125 48 86 1
1 749 667 445 125 48 86 1
1 749 668 446 125 48 86 1
1 749 669 448 125 48 86 1
1 749 670 449 125 48 86 1
1 749 671 450 124 48 86 1
1 749 672 452 124 48 86 1
1 749 673 453 124 48 86 1
1 749 674 454 124 48 86 1
1 749 675 456 124 48 86 1
1 749 676 457 123 48 86 1
1 749 677 458 123 48 86 1
1 749 678 459 123 48 86 1
1 749 679 461 123 48 86 1
1 749 680 462 123 48 86 1
1 749 681 463 122 48 86 1
1 749 682 465 122 48 86 1
1 749 683 466 122 48 86 1
1 749 684 467 122 48 86 1
1 749 685 469 122 48 86 1
1 749 686 470 121 48 86 1
1 749 687 471 121 48 86 1
1 749 688 473 121 48 86 1
1 749 689 474 121 48 86 1
1 749 690 475 121 48 86 1
1 749 691 477 120 48 86 1
1 749 692 478 120 48 86 1
1 749 693 479 120 48 86 1
1 749 694 481 120 48 86 1
1 749 695 482 120 48 86 1
1 749 696 483 119 48 86 1
1 749 697 485 119 48 86 1
1 749 698 486 119 48 86 1
1 749 699 487 119 48 86 1
1 749 700 489 119 48 86 1
1 749 701 489 118 48 86 1
1 749 702 490 118 48 85 1
1 749 703 491 118 48 84 1
1 749 704 492 118 47 83 1
1 749 705 493 118 47 82 1
1 749 706 494 118 47 82 1
1 749 707 494 118 48 81 1
1 749 708 495 118 47 80 1
1 749 709 496 118 47 79 1
1 749 710 497 118 47 78 1
1 749 711 498 118 46 77 1
1 749 712 499 118 46 77 1
1 749 713 499 118 47 76 1
1 749 714 500 118 47 75 1
1 749 715 501 118 46 74 1
1 749 716 502 118 46 73 1
1 749 717 503 118 46 73 1
1 749 718 504 118 46 72 1
1 749 719 504 118 46 71 1
1 749 720 505 118 46 70 1
1 749 721 506 118 46 70 1
1 749 722 507 118 45 69 1
1 749 723 508 118 45 68 1
1 749 724 509 118 45 67 1
1 749 725 509 118 46 66 1
1 749 726 510 118 45 66 1
1 749 727 511 117 45 66 1
1 749 728 512 117 45 65 1
1 749 729 513 117 45 64 1
1 749 730 513 117 45 64 1
1 749 731 514 117 45 63 1
1 749 732 515 117 45 62 1
1 749 733 516 117 45 61 1
1 749 734 517 117 44 60 1
1 749 735 517 117 45 60 1
1 749 736 518 117 45 59 1
1 749 737 519 117 45 58 1
1 749 738 520 117 44 57 1
1 749 739 521 117 44 57 1
1 749 740 522 116 44 57 1
1 749 741 522 116 45 56 1
1 749 742 523 116 44 55 1
1 749 743 524 116 44 55 1
1 749 744 525 116 44 54 1
1 749 745 526 116 44 53 1
1 749 746 526 116 44 52 1
1 749 747 527 116 44 52 1
1 749 748 528 116 44 51 1
1 749 749 529 116 44 50 1
1 749 750 530 116 44 50 1
1 749 751 530 116 43 49 1
1 749 752 530 116 43 49 1
1 749 753 530 116 43 49 1
1 749 754 530 117 43 48 1
1 749 755 530 117 43 48 1
1 749 756 530 117 43 48 1
1 749 757 530 118 43 47 1
1 749 758 530 118 43 47 1
1 749 759 530 118 43 47 1
1 749 760 531 119 42 46 1
1 749 761 531 119 42 46 1
1 749 762 531 119 42 46 1
1 749 763 531 120 42 45 1
1 749 764 531 120 42 45 1
1 749 765 531 120 42 45 1
1 749 766 531 121 42 44 1
1 749 767 531 121 42 44 1
1 749 768 531 121 42 44 1
1 749 769 531 122 42 43 1
1 749 770 532 122 41 43 1
1 749 771 532 122 41 43 1
1 749 772 532 123 40 42 1
1 749 773 532 123 40 42 1
1 749 774 532 123 40 42 1
1 749 775 532 123 40 42 1
1 749 776 532 124 40 41 1
1 749 777 532 124 40 41 1
1 749 778 532 124 40 41 1
1 749 779 532 125 40 40 1
1 749 780 532 125 40 40 1
1 749 781 533 125 39 40 1
1 749 782 533 126 39 39 1
1 749 783 533 126 39 39 1
1 749 784 533 126 39 39 1
1 749 785 533 126 39 39 1
1 749 786 533 127 39 38 1
1 749 787 533 127 39 37 1
1 749 788 533 127 39 37 1
1 749 789 533 128 39 36 1
1 749 790 533 128 39 36 1
1 749 791 533 128 39 36 1
1 749 792 534 129 38 35 1
1 749 793 534 129 38 35 1
1 749 794 534 129 38 35 1
1 749 795 534 129 38 35 1
1 749 796 534 130 38 34 1
1 749 797 534 130 38 34 1
1 749 798 534 130 38 34 1
1 749 799 534 131 38 33 1
1 749 800 534 131 38 33 1
1 749 801 534 131 38 33 1
1 749 802 534 131 38 33 1
1 749 803 534 132 38 32 1
1 749 804 534 132 38 32 1
1 749 805 534 132 38 32 1
1 749 806 535 133 37 31 1
1 749 807 535 133 37 31 1
1 749 808 535 133 37 31 1
1 749 809 535 133 37 31 1
1 749 810 535 134 37 30 1
1 749 811 535 134 37 30 1
1 749 812 535 134 37 30 1
1 749 813 535 135 37 29 1
1 749 814 535 135 37 29 1
1 749 815 535 135 37 29 1
1 749 816 535 135 37 29 1
1 749 817 535 136 37 28 1
1 749 818 535 136 37 28 1
1 749 819 535 136 37 28 1
1 749 820 536 137 36 28 1
1 749 821 535 136 37 29 1
1 749 822 535 136 37 29 1
1 749 823 535 136 37 29 1
1 749 824 535 136 37 29 1
1 749 825 535 136 37 29 1
1 749 826 535 136 37 29 1
1 749 827 535 136 37 29 1
1 749 828 535 136 37 29 1
1 749 829 535 136 38 29 1
1 749 830 535 136 38 29 1
1 749 831 535 136 38 29 1
1 749 832 535 136 38 29 1
1 749 833 535 136 38 29 1
1 749 834 535 136 38 29 1
1 749 835 535 136 38 29 1
1 749 836 535 136 38 29 1
1 749 837 535 136 39 29 1
1 749 838 535 136 39 29 1
1 749 839 535 136 39 29 1
1 749 840 535 136 39 29 1
1 749 841 535 136 39 29 1
1 749 842 535 136 39 29 1
1 749 843 535 136 39 29 1
1 749 844 535 136 39 29 1
1 749 845 535 136 40 29 1
1 749 846 535 136 40 29 1
1 749 847 535 136 40 29 1
1 749 848 535 136 40 29 1
1 749 849 535 136 40 29 1
1 749 850 535 136 40 29 1
1 749 851 535 136 40 29 1
1 749 852 535 136 40 29 1
1 749 853 535 136 41 29 1
1 749 854 535 136 41 29 1
1 749 855 535 136 41 29 1
1 749 856 535 136 41 29 1
1 749 857 535 136 41 29 1
1 749 858 535 136 41 29 1
1 749 859 535 136 41 29 1
1 749 860 535 136 41 29 1
1 749 861 535 136 42 29 1
1 749 862 535 136 42 30 1
1 749 863 535 136 42 30 1
1 749 864 535 136 42 30 1
1 749 865 535 136 42 30 1
1 749 866 535 136 42 30 1
1 749 867 535 136 42 30 1
1 749 868 535 136 42 30 1
1 749 869 535 136 43 30 1
1 749 870 535 136 43 30 1
1 749 871 535 136 43 30 1
1 749 872 535 136 43 30 1
1 749 873 535 136 43 30 1
1 749 874 535 136 43 30 1
1 749 875 535 136 43 30 1
1 749 876 535 136 43 30 1
1 749 877 535 136 44 30 1
1 749 878 535 136 44 30 1
1 749 879 535 136 44 30 1
1 749 880 535 136 44 30 1
1 749 881 535 136 44 30 1
1 749 882 535 136 44 30 1
1 749 883 535 136 44 30 1
1 749 884 535 136 44 30 1
1 749 885 535 136 45 30 1
1 749 886 535 136 45 30 1
1 749 887 535 136 45 30 1
1 749 888 535 136 45 30 1
1 749 889 535 136 45 30 1
1 749 890 535 136 45 30 1
1 749 891 535 136 45 30 1
1 749 892 535 136 45 30 1
1 749 893 535 136 46 30 1
1 749 894 535 136 46 30 1
1 749 895 535 136 46 30 1
1 749 896 535 136 46 30 1
1 749 897 535 136 46 30 1
1 749 898 535 136 46 30 1
1 749 899 535 136 46 30 1
1 749 900 535 136 47 31 1
1 749 901 535 135 47 31 1
1 749 902 535 135 47 31 1
1 749 903 535 135 47 31 1
1 749 904 536 135 47 31 1
1 749 905 536 135 47 31 1
1 749 906 536 135 47 31 1
1 749 907 537 135 47 31 1
1 749 908 537 135 47 31 1
1 749 909 537 135 47 31 1
1 749 910 538 135 47 31 1
1 749 911 538 135 47 31 1
1 749 912 538 135 47 31 1
1 749 913 538 135 47 31 1
1 749 914 539 135 47 31 1
1 749 915 539 135 47 31 1
1 749 916 539 134 47 31 1
1 749 917 540 134 47 31 1
1 749 918 540 134 47 31 1
1 749 919 540 134 47 31 1
1 749 920 541 134 47 31 1
1 749 921 541 134 47 31 1
1 749 922 541 134 47 31 1
1 749 923 541 134 47 31 1
1 749 924 542 134 47 31 1
1 749 925 542 134 47 31 1
1 749 926 542 134 47 31 1
1 749 927 543 134 47 31 1
1 749 928 543 134 47 31 1
1 749 929 543 134 47 31 1
1 749 930 544 134 47 31 1
1 749 931 544 133 47 31 1
1 749 932 544 133 47 31 1
1 749 933 544 133 47 31 1
1 749 934 545 133 47 31 1
1 749 935 545 133 47 31 1
1 749 936 545 133 47 31 1
1 749 937 546 133 47 31 1
1 749 938 546 133 47 31 1
1 749 939 546 133 47 31 1
1 749 940 547 133 47 31 1
1 749 941 547 133 47 31 1
1 749 942 547 133 47 31 1
1 749 943 547 133 47 31 1
1 749 944 548 133 47 31 1
1 749 945 548 133 47 31 1
1 749 946 548 132 47 31 1
1 749 947 549 132 47 31 1
1 749 948 549 132 47 31 1
1 749 949 549 132 47 31 1
1 749 950 550 132 47 31 1
1 749 951 550 132 47 31 1
1 749 952 550 132 47 31 1
1 749 953 550 132 47 31 1
1 749 954 551 132 47 31 1
1 749 955 551 132 47 31 1
1 749 956 551 132 47 31 1
1 749 957 552 132 47 31 1
1 749 958 552 132 47 31 1
1 749 959 552 132 47 31 1
1 749 960 553 132 47 31 1
1 749 961 553 132 46 30 1
1 749 962 553 132 46 30 1
1 749 963 553 132 46 30 1
1 749 964 553 132 46 30 1
1 749 965 554 132 45 30 1
1 749 966 554 132 45 30 1
1 749 967 554 132 45 30 1
1 749 968 554 132 45 30 1
1 749 969 555 132 44 30 1
1 749 970 555 132 44 30 1
1 749 971 555 132 44 30 1
1 749 972 555 132 44 30 1
1 749 973 555 132 44 30 1
1 749 974 556 132 43 30 1
1 749 975 556 132 43 30 1
1 749 976 556 132 43 30 1
1 749 977 556 132 43 30 1
1 749 978 557 132 42 30 1
1 749 979 557 132 42 30 1
1 749 980 557 133 42 29 1
1 749 981 557 133 42 29 1
1 749 982 558 133 41 29 1
1 749 983 558 133 41 29 1
1 749 984 558 133 41 29 1
1 749 985 558 133 41 29 1
1 749 986 558 133 41 29 1
1 749 987 559 133 40 29 1
1 749 988 559 133 40 29 1
1 749 989 559 133 40 29 1
1 749 990 559 133 40 29 1
1 749 991 560 133 39 29 1
1 749 992 560 133 39 29 1
1 749 993 560 133 39 29 1
1 749 994 560 133 39 29 1
1 749 995 560 133 39 29 1
1 749 996 561 133 38 29 1
1 749 997 561 133 38 29 1
1 749 998 561 133 38 29 1
1 749 999 561 133 38 29 1
1 749 1000 562 134 37 28 1
1 749 1001 561 134 37 28 1
1 749 1002 560 134 37 28 1
1 749 1003 560 134 37 28 1
1 749 1004 559 134 37 28 1
1 749 1005 558 134 37 28 1
1 749 1006 558 134 37 28 1
1 749 1007 557 134 37 28 1
1 749 1008 556 134 37 28 1
1 749 1009 556 134 37 28 1
1 749 1010 555 134 37 28 1
1 749 1011 554 134 37 28 1
1 749 1012 554 134 37 28 1
1 749 1013 553 134 37 28 1
1 749 1014 552 134 37 28 1
1 749 1015 552 134 37 28 1
1 749 1016 551 134 37 28 1
1 749 1017 550 134 37 28 1
1 749 1018 550 134 37 28 1
1 749 1019 549 134 37 28 1
1 749 1020 549 135 37 28 1
1 749 1021 549 134 37 28 1
1 749 1022 549 134 37 28 1
1 749 1023 549 134 37 28 1
1 749 1024 549 134 37 28 1
1 749 1025 549 134 37 28 1
1 749 1026 549 134 37 28 1
1 749 1027 549 134 37 28 1
1 749 1028 549 134 37 28 1
1 749 1029 550 134 37 28 1
1 749 1030 550 134 37 28 1
1 749 1031 550 134 37 28 1
1 749 1032 550 134 37 28 1
1 749 1033 550 134 37 28 1
1 749 1034 550 134 37 28 1
1 749 1035 550 134 37 28 1
1 749 1036 550 134 37 28 1
1 749 1037 550 133 37 28 1
1 749 1038 551 133 37 28 1
1 749 1039 551 133 37 28 1
1 749 1040 551 133 37 28 1
1 749 1041 551 133 37 28 1
1 749 1042 551 133 37 28 1
1 749 1043 551 133 37 28 1
1 749 1044 551 133 37 28 1
1 749 1045 551 133 37 28 1
1 749 1046 551 133 37 28 1
1 749 1047 552 133 37 28 1
1 749 1048 552 133 37 28 1
1 749 1049 552 133 37 28 1
1 749 1050 552 133 37 28 1
1 749 1051 552 133 37 28 1
1 749 1052 552 133 37 28 1
1 749 1053 552 132 37 28 1
1 749 1054 552 132 37 28 1
1 749 1055 552 132 37 28 1
1 749 1056 553 132 37 28 1
1 749 1057 553 132 37 28 1
1 749 1058 553 132 37 28 1
1 749 1059 553 132 37 28 1
1 749 1060 553 132 37 28 1
1 749 1061 553 132 37 28 1
1 749 1062 553 132 37 28 1
1 749 1063 553 132 37 28 1
1 749 1064 553 132 37 28 1
1 749 1065 554 132 37 28 1
1 749 1066 554 132 37 28 1
1 749 1067 554 132 37 28 1
1 749 1068 554 132 37 28 1
1 749 1069 554 131 37 28 1
1 749 1070 554 131 37 28 1
1 749 1071 554 131 37 28 1
1 749 1072 554 131 37 28 1
1 749 1073 554 131 37 28 1
1 749 1074 555 131 37 28 1
1 749 1075 555 131 37 28 1
1 749 1076 555 131 37 28 1
1 749 1077 555 131 37 28 1
1 749 1078 555 131 37 28 1
1 749 1079 555 131 37 28 1
1 749 1080 555 131 37 28 1
1 749 1081 555 131 37 28 1
1 749 1082 555 131 37 28 1
1 749 1083 556 131 37 28 1
1 749 1084 556 131 37 28 1
1 749 1085 556 130 37 28 1
1 749 1086 556 130 37 28 1
1 749 1087 556 130 37 28 1
1 749 1088 556 130 37 28 1
1 749 1089 556 130 37 28 1
1 749 1090 556 130 37 28 1
1 749 1091 556 130 37 28 1
1 749 1092 557 130 37 28 1
1 749 1093 557 130 37 28 1
1 749 1094 557 130 37 28 1
1 749 1095 557 130 37 28 1
1 749 1096 557 130 37 28 1
1 749 1097 557 130 37 28 1
1 749 1098 557 130 37 28 1
1 749 1099 557 130 37 28 1
1 749 1100 558 130 37 28 1
1 749 1101 558 130 37 28 1
1 749 1102 558 130 37 28 1
1 749 1103 559 130 37 28 1
1 749 1104 559 130 37 28 1
1 749 1105 560 130 37 28 1
1 749 1106 560 130 37 28 1
1 749 1107 561 131 37 28 1
1 749 1108 561 131 37 28 1
1 749 1109 562 131 37 28 1
1 749 1110 562 131 37 28 1
1 749 1111 562 131 37 28 1
1 749 1112 563 131 37 28 1
1 749 1113 563 131 37 28 1
1 749 1114 564 132 37 28 1
1 749 1115 564 132 37 28 1
1 749 1116 565 132 37 28 1
1 749 1117 565 132 37 28 1
1 749 1118 566 132 37 28 1
1 749 1119 566 132 37 28 1
1 749 1120 567 133 37 28 1
1 749 1121 567 133 37 28 1
1 749 1122 567 133 37 28 1
1 749 1123 567 133 37 28 1
1 749 1124 567 133 37 28 1
1 749 1125 567 133 37 28 1
1 749 1126 567 133 37 28 1
1 749 1127 567 133 37 28 1
1 749 1128 568 133 37 28 1
1 749 1129 568 133 37 28 1
1 749 1130 568 133 37 28 1
1 749 1131 568 133 37 28 1
1 749 1132 568 133 37 28 1
1 749 1133 568 133 37 28 1
1 749 1134 568 133 37 28 1
1 749 1135 568 133 37 28 1
1 749 1136 569 133 37 28 1
1 749 1137 569 133 37 28 1
1 749 1138 569 134 37 28 1
1 749 1139 569 134 37 28 1
1 749 1140 569 134 37 28 1
1 749 1141 569 134 37 28 1
1 749 1142 569 134 37 28 1
1 749 1143 569 134 37 28 1
1 749 1144 570 134 37 28 1
1 749 1145 570 134 37 28 1
1 749 1146 570 134 37 28 1
1 749 1147 570 134 37 28 1
1 749 1148 570 134 37 28 1
1 749 1149 570 134 37 28 1
1 749 1150 570 134 37 28 1
1 749 1151 570 134 37 28 1
1 749 1152 571 134 37 28 1
1 749 1153 571 134 37 28 1
1 749 1154 571 134 37 28 1
1 749 1155 571 135 37 28 1
1 749 1156 571 135 37 28 1
1 749 1157 571 135 37 28 1
1 749 1158 571 135 37 28 1
1 749 1159 572 135 37 28 1
1 749 1160 572 135 37 28 1
1 749 1161 572 135 37 28 1
1 749 1162 572 135 37 28 1
1 749 1163 572 135 37 28 1
1 749 1164 572 135 37 28 1
1 749 1165 572 135 37 28 1
1 749 1166 572 135 37 28 1
1 749 1167 573 135 37 28 1
1 749 1168 573 135 37 28 1
1 749 1169 573 135 37 28 1
1 749 1170 573 135 37 28 1
1 749 1171 573 135 37 28 1
1 749 1172 573 135 37 28 1
1 749 1173 573 136 37 28 1
1 749 1174 573 136 37 28 1
1 749 1175 574 136 37 28 1
1 749 1176 574 136 37 28 1
1 749 1177 574 136 37 28 1
1 749 1178 574 136 37 28 1
1 749 1179 574 136 37 28 1
1 749 1180 574 136 37 28 1
1 749 1181 574 136 37 28 1
1 749 1182 574 136 37 28 1
1 749 1183 575 136 37 28 1
1 749 1184 575 136 37 28 1
1 749 1185 575 136 37 28 1
1 749 1186 575 136 37 28 1
1 749 1187 575 136 37 28 1
1 749 1188 575 136 37 28 1
1 749 1189 575 136 37 28 1
1 749 1190 576 137 37 28 1
1 749 1191 575 137 37 27 1
1 749 1192 575 137 37 27 1
1 749 1193 575 137 37 27 1
1 749 1194 575 138 37 26 1
1 749 1195 575 138 37 26 1
1 749 1196 575 138 37 26 1
1 749 1197 575 138 37 26 1
1 749 1198 575 139 37 25 1
1 749 1199 575 139 37 25 1
1 749 1200 575 139 37 25 1
1 749 1201 575 140 37 24 1
1 749 1202 575 140 37 24 1
1 749 1203 575 140 37 24 1
1 749 1204 575 140 37 24 1
1 749 1205 575 141 37 23 1
1 749 1206 575 141 37 23 1
1 749 1207 575 141 37 23 1
1 749 1208 575 141 37 23 1
1 749 1209 575 142 37 22 1
1 749 1210 575 142 37 22 1
1 749 1211 575 142 37 22 1
1 749 1212 575 142 37 22 1
1 749 1213 575 143 37 21 1
1 749 1214 575 143 37 21 1
1 749 1215 575 143 37 21 1
1 749 1216 575 143 37 21 1
1 749 1217 575 144 37 20 1
1 749 1218 575 144 37 20 1
2 2046 0 496 152 161 76 2
2 2046 1 496 152 161 76 2
2 2046 2 496 152 161 76 2
2 2046 3 496 152 161 76 2
2 2046 4 496 152 161 76 2
2 2046 5 496 152 161 76 2
2 2046 6 496 152 161 76 2
2 2046 7 496 152 161 76 2
2 2046 8 496 152 161 76 2
2 2046 9 496 152 161 76 2
2 2046 10 496 152 161 76 2
2 2046 11 496 152 161 76 2
2 2046 12 496 152 161 76 2
2 2046 13 496 152 161 76 2
2 2046 14 496 152 161 76 2
2 2046 15 496 152 161 76 2
2 2046 16 496 152 161 76 2
2 2046 17 496 152 161 76 2
2 2046 18 496 152 161 76 2
2 2046 19 496 152 161 76 2
2 2046 20 496 152 161 76 2
2 2046 21 496 152 161 76 2
2 2046 22 496 152 161 76 2
2 2046 23 496 152 161 76 2
2 2046 24 496 152 161 76 2
2 2046 25 496 152 161 76 2
2 2046 26 496 152 161 76 2
2 2046 27 496 152 161 76 2
2 2046 28 496 152 161 76 2
2 2046 29 496 152 161 76 2
2 2046 30 496 152 161 76 2
2 2046 31 496 152 161 76 2
2 2046 32 496 152 161 76 2
2 2046 33 496 152 161 76 2
2 2046 34 496 152 161 76 2
2 2046 35 496 152 161 76 2
2 2046 36 496 152 161 76 2
2 2046 37 496 152 161 76 2
2 2046 38 496 152 161 76 2
2 2046 39 496 152 161 76 2
2 2046 40 496 152 161 76 2
2 2046 41 496 152 161 76 2
2 2046 42 496 152 161 76 2
2 2046 43 496 152 161 76 2
2 2046 44 496 152 161 76 2
2 2046 45 496 152 161 76 2
2 2046 46 496 152 161 76 2
2 2046 47 496 152 161 76 2
2 2046 48 496 152 161 76 2
2 2046 49 496 152 161 76 2
2 2046 50 496 152 161 76 2
2 2046 51 496 152 161 76 2
2 2046 52 496 152 161 76 2
2 2046 53 496 152 161 76 2
2 2046 54 496 152 161 76 2
2 2046 55 496 152 161 76 2
2 2046 56 496 152 161 76 2
2 2046 57 496 152 161 76 2
2 2046 58 496 152 161 76 2
2 2046 59 496 152 161 76 2
2 2046 60 496 152 161 76 2
2 2046 61 496 152 161 76 2
2 2046 62 496 152 161 76 2
2 2046 63 496 152 161 76 2
2 2046 64 496 152 161 76 2
2 2046 65 496 152 161 76 2
2 2046 66 496 152 161 76 2
2 2046 67 496 152 161 76 2
2 2046 68 496 152 161 76 2
2 2046 69 496 152 161 76 2
2 2046 70 496 152 161 76 2
2 2046 71 496 152 161 76 2
2 2046 72 496 152 161 76 2
2 2046 73 496 152 161 76 2
2 2046 74 496 152 161 76 2
2 2046 75 496 152 161 76 2
2 2046 76 496 152 161 76 2
2 2046 77 496 152 161 76 2
2 2046 78 496 152 161 76 2
2 2046 79 496 152 161 76 2
2 2046 80 496 152 161 76 2
2 2046 81 496 152 161 76 2
2 2046 82 496 152 161 76 2
2 2046 83 496 152 161 76 2
2 2046 84 496 152 161 76 2
2 2046 85 496 152 161 76 2
2 2046 86 496 152 161 76 2
2 2046 87 496 152 161 76 2
2 2046 88 496 152 161 76 2
2 2046 89 496 152 161 76 2
2 2046 90 496 152 161 76 2
2 2046 91 496 152 161 76 2
2 2046 92 496 152 161 76 2
2 2046 93 496 152 161 76 2
2 2046 94 496 152 161 76 2
2 2046 95 496 152 161 76 2
2 2046 96 496 152 161 76 2
2 2046 97 496 152 161 76 2
2 2046 98 496 152 161 76 2
2 2046 99 496 152 161 76 2
2 2046 100 496 152 161 76 2
2 2046 101 496 152 161 76 2
2 2046 102 496 152 161 76 2
2 2046 103 496 152 161 76 2
2 2046 104 496 152 161 76 2
2 2046 105 496 152 161 76 2
2 2046 106 496 152 161 76 2
2 2046 107 496 152 161 76 2
2 2046 108 496 152 161 76 2
2 2046 109 496 152 161 76 2
2 2046 110 496 152 161 76 2
2 2046 111 496 152 161 76 2
2 2046 112 496 152 161 76 2
2 2046 113 496 152 161 76 2
2 2046 114 496 152 161 76 2
2 2046 115 496 152 161 76 2
2 2046 116 496 152 161 76 2
2 2046 117 496 152 161 76 2
2 2046 118 496 152 161 76 2
2 2046 119 496 152 161 76 2
2 2046 120 496 152 161 76 2
2 2046 121 496 152 161 76 2
2 2046 122 496 152 161 76 2
2 2046 123 496 152 161 76 2
2 2046 124 496 152 161 76 2
2 2046 125 496 152 161 76 2
2 2046 126 496 152 161 76 2
2 2046 127 496 152 161 76 2
2 2046 128 496 152 161 76 2
2 2046 129 496 152 161 76 2
2 2046 130 496 152 161 76 2
2 2046 131 496 152 161 76 2
2 2046 132 496 152 161 76 2
2 2046 133 496 152 161 76 2
2 2046 134 496 152 161 76 2
2 2046 135 496 152 161 76 2
2 2046 136 496 152 161 76 2
2 2046 137 496 152 161 76 2
2 2046 138 496 152 161 76 2
2 2046 139 496 152 161 76 2
2 2046 140 496 152 161 76 2
2 2046 141 496 152 161 76 2
2 2046 142 496 152 161 76 2
2 2046 143 496 152 161 76 2
2 2046 144 496 152 161 76 2
2 2046 145 496 152 161 76 2
2 2046 146 496 152 161 76 2
2 2046 147 496 152 161 76 2
2 2046 148 496 152 161 76 2
2 2046 149 496 152 161 76 2
2 2046 150 496 152 161 76 2
2 2046 151 496 152 161 76 2
2 2046 152 496 152 161 76 2
2 2046 153 496 152 161 76 2
2 2046 154 496 152 161 76 2
2 2046 155 496 152 161 76 2
2 2046 156 496 152 161 76 2
2 2046 157 496 152 161 76 2
2 2046 158 496 152 161 76 2
2 2046 159 496 152 161 76 2
2 2046 160 496 152 161 76 2
2 2046 161 496 152 161 76 2
2 2046 162 496 152 161 76 2
2 2046 163 496 152 161 76 2
2 2046 164 496 152 161 76 2
2 2046 165 496 152 161 76 2
2 2046 166 496 152 161 76 2
2 2046 167 496 152 161 76 2
2 2046 168 496 152 161 76 2
2 2046 169 496 152 161 76 2
2 2046 170 496 152 161 76 2
2 2046 171 496 152 161 76 2
2 2046 172 496 152 161 76 2
2 2046 173 496 152 161 76 2
2 2046 174 496 152 161 76 2
2 2046 175 496 152 161 76 2
2 2046 176 496 152 161 76 2
2 2046 177 496 152 161 76 2
2 2046 178 496 152 161 76 2
2 2046 179 496 152 161 76 2
2 2046 180 496 152 161 76 2
2 2046 181 496 152 161 76 2
2 2046 182 496 152 161 76 2
2 2046 183 496 152 161 76 2
2 2046 184 496 152 161 76 2
2 2046 185 496 152 161 76 2
2 2046 186 496 152 161 76 2
2 2046 187 496 152 161 76 2
2 2046 188 496 152 161 76 2
2 2046 189 496 152 161 76 2
2 2046 190 496 152 161 76 2
2 2046 191 496 152 161 76 2
2 2046 192 496 152 161 76 2
2 2046 193 496 152 161 76 2
2 2046 194 496 152 161 76 2
2 2046 195 496 152 161 76 2
2 2046 196 496 152 161 76 2
2 2046 197 496 152 161 76 2
2 2046 198 496 152 161 76 2
2 2046 199 496 152 161 76 2
2 2046 200 496 152 161 76 2
2 2046 201 496 152 161 76 2
2 2046 202 496 152 161 76 2
2 2046 203 496 152 161 76 2
2 2046 204 496 152 161 76 2
2 2046 205 496 152 161 76 2
2 2046 206 496 152 161 76 2
2 2046 207 496 152 161 76 2
2 2046 208 496 152 161 76 2
2 2046 209 496 152 161 76 2
2 2046 210 496 152 161 76 2
2 2046 211 496 152 161 76 2
2 2046 212 496 152 161 76 2
2 2046 213 496 152 161 76 2
2 2046 214 496 152 161 76 2
2 2046 215 496 152 161 76 2
2 2046 216 496 152 161 76 2
2 2046 217 496 152 161 76 2
2 2046 218 496 152 161 76 2
2 2046 219 496 152 161 76 2
2 2046 220 496 152 161 76 2
2 2046 221 496 152 161 76 2
2 2046 222 496 152 161 76 2
2 2046 223 496 152 161 76 2
2 2046 224 496 152 161 76 2
2 2046 225 496 152 161 76 2
2 2046 226 496 152 161 76 2
2 2046 227 496 152 161 76 2
2 2046 228 496 152 161 76 2
2 2046 229 496 152 161 76 2
2 2046 230 496 152 161 76 2
2 2046 231 496 152 161 76 2
2 2046 232 496 152 161 76 2
2 2046 233 496 152 161 76 2
2 2046 234 496 152 161 76 2
2 2046 235 496 152 161 76 2
2 2046 236 496 152 161 76 2
2 2046 237 496 152 161 76 2
2 2046 238 496 152 161 76 2
2 2046 239 496 152 161 76 2
2 2046 240 496 152 161 76 2
2 2046 241 496 152 161 76 2
2 2046 242 496 152 161 76 2
2 2046 243 496 152 161 76 2
2 2046 244 496 152 161 76 2
2 2046 245 496 152 161 76 2
2 2046 246 496 152 161 76 2
2 2046 247 496 152 161 76 2
2 2046 248 496 152 161 76 2
2 2046 249 496 152 161 76 2
2 2046 250 496 152 161 76 2
2 2046 251 496 152 161 76 2
2 2046 252 496 152 161 76 2
2 2046 253 496 152 161 76 2
2 2046 254 496 152 161 76 2
2 2046 255 496 152 161 76 2
2 2046 256 496 152 161 76 2
2 2046 257 496 152 161 76 2
2 2046 258 496 152 161 76 2
2 2046 259 496 152 161 76 2
2 2046 260 496 152 161 76 2
2 2046 261 496 152 161 76 2
2 2046 262 496 152 161 76 2
2 2046 263 496 152 161 76 2
2 2046 264 496 152 161 76 2
2 2046 265 496 152 161 76 2
2 2046 266 496 152 161 76 2
2 2046 267 496 152 161 76 2
2 2046 268 496 152 161 76 2
2 2046 269 496 152 161 76 2
2 2046 270 496 152 161 76 2
2 2046 271 496 152 161 76 2
2 2046 272 496 152 161 76 2
2 2046 273 496 152 161 76 2
2 2046 274 496 152 161 76 2
2 2046 275 496 152 161 76 2
2 2046 276 496 152 161 76 2
2 2046 277 496 152 161 76 2
2 2046 278 496 152 161 76 2
2 2046 279 496 152 161 76 2
2 2046 280 496 152 161 76 2
2 2046 281 496 152 161 76 2
2 2046 282 496 152 161 76 2
2 2046 283 496 152 161 76 2
2 2046 284 496 152 161 76 2
2 2046 285 496 152 161 76 2
2 2046 286 496 152 161 76 2
2 2046 287 496 152 161 76 2
2 2046 288 496 152 161 76 2
2 2046 289 496 152 161 76 2
2 2046 290 496 152 161 76 2
2 2046 291 496 152 161 76 2
2 2046 292 496 152 161 76 2
2 2046 293 496 152 161 76 2
2 2046 294 496 152 161 76 2
2 2046 295 496 152 161 76 2
2 2046 296 496 152 161 76 2
2 2046 297 496 152 161 76 2
2 2046 298 496 152 161 76 2
2 2046 299 496 152 161 76 2
2 2046 300 496 152 161 76 2
2 2046 301 496 152 161 76 2
2 2046 302 496 152 161 76 2
2 2046 303 496 152 161 76 2
2 2046 304 496 152 161 76 2
2 2046 305 496 152 161 76 2
2 2046 306 496 152 161 76 2
2 2046 307 496 152 161 76 2
2 2046 308 496 152 161 76 2
2 2046 309 496 152 161 76 2
2 2046 310 496 152 161 76 2
2 2046 311 496 152 161 76 2
2 2046 312 496 152 161 76 2
2 2046 313 496 152 161 76 2
2 2046 314 496 152 161 76 2
2 2046 315 496 152 161 76 2
2 2046 316 496 152 161 76 2
2 2046 317 496 152 161 76 2
2 2046 318 496 152 161 76 2
2 2046 319 496 152 161 76 2
2 2046 320 496 152 161 76 2
2 2046 321 496 152 161 76 2
2 2046 322 496 152 161 76 2
2 2046 323 496 152 161 76 2
2 2046 324 496 152 161 76 2
2 2046 325 496 152 161 76 2
2 2046 326 496 152 161 76 2
2 2046 327 496 152 161 76 2
2 2046 328 496 152 161 76 2
2 2046 329 496 152 161 76 2
2 2046 330 496 152 161 76 2
2 2046 331 496 152 161 76 2
2 2046 332 496 152 161 76 2
2 2046 333 496 152 161 76 2
2 2046 334 496 152 161 76 2
2 2046 335 496 152 161 76 2
2 2046 336 496 152 161 76 2
2 2046 337 496 152 161 76 2
2 2046 338 496 152 161 76 2
2 2046 339 496 152 161 76 2
2 2046 340 496 152 161 76 2
2 2046 341 496 152 161 76 2
2 2046 342 496 152 161 76 2
2 2046 343 496 152 161 76 2
2 2046 344 496 152 161 76 2
2 2046 345 496 152 161 76 2
2 2046 346 496 152 161 76 2
2 2046 347 496 152 161 76 2
2 2046 348 496 152 161 76 2
2 2046 349 496 152 161 76 2
2 2046 350 496 152 161 76 2
2 2046 351 496 152 161 76 2
2 2046 352 496 152 161 76 2
2 2046 353 496 152 161 76 2
2 2046 354 496 152 161 76 2
2 2046 355 496 152 161 76 2
2 2046 356 496 152 161 76 2
2 2046 357 496 152 161 76 2
2 2046 358 496 152 161 76 2
2 2046 359 496 152 161 76 2
2 2046 360 496 152 161 76 2
2 2046 361 496 152 161 76 2
2 2046 362 496 152 161 76 2
2 2046 363 496 152 161 76 2
2 2046 364 496 152 161 76 2
2 2046 365 496 152 161 76 2
2 2046 366 496 152 161 76 2
2 2046 367 496 152 161 76 2
2 2046 368 496 152 161 76 2
2 2046 369 496 152 161 76 2
2 2046 370 496 152 161 76 2
2 2046 371 496 152 161 76 2
2 2046 372 496 152 161 76 2
2 2046 373 496 152 161 76 2
2 2046 374 496 152 161 76 2
2 2046 375 496 152 161 76 2
2 2046 376 496 152 161 76 2
2 2046 377 496 152 161 76 2
2 2046 378 496 152 161 76 2
2 2046 379 496 152 161 76 2
2 2046 380 496 152 161 76 2
2 2046 381 496 152 161 76 2
2 2046 382 496 152 161 76 2
2 2046 383 496 152 161 76 2
2 2046 384 496 152 161 76 2
2 2046 385 496 152 161 76 2
2 2046 386 496 152 161 76 2
2 2046 387 496 152 161 76 2
2 2046 388 496 152 161 76 2
2 2046 389 496 152 161 76 2
2 2046 390 496 152 161 76 2
2 2046 391 496 152 161 76 2
2 2046 392 496 152 161 76 2
2 2046 393 496 152 161 76 2
2 2046 394 496 152 161 76 2
2 2046 395 496 152 161 76 2
2 2046 396 496 152 161 76 2
2 2046 397 496 152 161 76 2
2 2046 398 496 152 161 76 2
2 2046 399 496 152 161 76 2
2 2046 400 496 152 161 76 2
2 2046 401 496 152 161 76 2
2 2046 402 496 152 161 76 2
2 2046 403 496 152 161 76 2
2 2046 404 496 152 161 76 2
2 2046 405 496 152 161 76 2
2 2046 406 496 152 161 76 2
2 2046 407 496 152 161 76 2
2 2046 408 496 152 161 76 2
2 2046 409 496 152 161 76 2
2 2046 410 496 152 161 76 2
2 2046 411 496 152 161 76 2
2 2046 412 496 152 161 76 2
2 2046 413 496 152 161 76 2
2 2046 414 496 152 161 76 2
2 2046 415 496 152 161 76 2
2 2046 416 496 152 161 76 2
2 2046 417 496 152 161 76 2
2 2046 418 496 152 161 76 2
2 2046 419 496 152 161 76 2
2 2046 420 496 152 161 76 2
2 2046 421 496 152 161 76 2
2 2046 422 496 152 161 76 2
2 2046 423 496 152 161 76 2
2 2046 424 496 152 161 76 2
2 2046 425 496 152 161 76 2
2 2046 426 496 152 161 76 2
2 2046 427 496 152 161 76 2
2 2046 428 496 152 161 76 2
2 2046 429 496 152 161 76 2
2 2046 430 496 152 161 76 2
2 2046 431 496 152 161 76 2
2 2046 432 496 152 161 76 2
2 2046 433 496 152 161 76 2
2 2046 434 496 152 161 76 2
2 2046 435 496 152 161 76 2
2 2046 436 496 152 161 76 2
2 2046 437 496 152 161 76 2
2 2046 438 496 152 161 76 2
2 2046 439 496 152 161 76 2
2 2046 440 496 152 161 76 2
2 2046 441 496 152 161 76 2
2 2046 442 496 152 161 76 2
2 2046 443 496 152 161 76 2
2 2046 444 496 152 161 76 2
2 2046 445 496 152 161 76 2
2 2046 446 496 152 161 76 2
2 2046 447 496 152 161 76 2
2 2046 448 496 152 161 76 2
2 2046 449 496 152 161 76 2
2 2046 450 496 152 161 76 2
2 2046 451 496 152 161 76 2
2 2046 452 496 152 161 76 2
2 2046 453 496 152 161 76 2
2 2046 454 496 152 161 76 2
2 2046 455 496 152 161 76 2
2 2046 456 496 152 161 76 2
2 2046 457 496 152 161 76 2
2 2046 458 496 152 161 76 2
2 2046 459 496 152 161 76 2
2 2046 460 496 152 161 76 2
2 2046 461 496 152 161 76 2
2 2046 462 496 152 161 76 2
2 2046 463 496 152 161 76 2
2 2046 464 496 152 161 76 2
2 2046 465 496 152 161 76 2
2 2046 466 496 152 161 76 2
2 2046 467 496 152 161 76 2
2 2046 468 496 152 161 76 2
2 2046 469 496 152 161 76 2
2 2046 470 496 152 161 76 2
2 2046 471 496 152 161 76 2
2 2046 472 496 152 161 76 2
2 2046 473 496 152 161 76 2
2 2046 474 496 152 161 76 2
2 2046 475 496 152 161 76 2
2 2046 476 496 152 161 76 2
2 2046 477 496 152 161 76 2
2 2046 478 496 152 161 76 2
2 2046 479 496 152 161 76 2
2 2046 480 496 152 161 76 2
2 2046 481 496 152 161 76 2
2 2046 482 496 152 161 76 2
2 2046 483 496 152 161 76 2
2 2046 484 496 152 161 76 2
2 2046 485 496 152 161 76 2
2 2046 486 496 152 161 76 2
2 2046 487 496 152 161 76 2
2 2046 488 496 152 161 76 2
2 2046 489 496 152 161 76 2
2 2046 490 496 152 161 76 2
2 2046 491 496 152 161 76 2
2 2046 492 496 152 161 76 2
2 2046 493 496 152 161 76 2
2 2046 494 496 152 161 76 2
2 2046 495 496 152 161 76 2
2 2046 496 496 152 161 76 2
2 2046 497 496 152 161 76 2
2 2046 498 496 152 161 76 2
2 2046 499 496 152 161 76 2
2 2046 500 496 152 161 76 2
2 2046 501 496 152 161 76 2
2 2046 502 496 152 161 76 2
2 2046 503 496 152 161 76 2
2 2046 504 496 152 161 76 2
2 2046 505 496 152 161 76 2
2 2046 506 496 152 161 76 2
2 2046 507 496 152 161 76 2
2 2046 508 496 152 161 76 2
2 2046 509 496 152 161 76 2
2 2046 510 496 152 161 76 2
2 2046 511 496 152 161 76 2
2 2046 512 496 152 161 76 2
2 2046 513 496 152 161 76 2
2 2046 514 496 152 161 76 2
2 2046 515 496 152 161 76 2
2 2046 516 496 152 161 76 2
2 2046 517 496 152 161 76 2
2 2046 518 496 152 161 76 2
2 2046 519 496 152 161 76 2
2 2046 520 496 152 161 76 2
2 2046 521 496 152 161 76 2
2 2046 522 496 152 161 76 2
2 2046 523 496 152 161 76 2
2 2046 524 496 152 161 76 2
2 2046 525 496 152 161 76 2
2 2046 526 496 152 161 76 2
2 2046 527 496 152 161 76 2
2 2046 528 496 152 161 76 2
2 2046 529 496 152 161 76 2
2 2046 530 496 152 161 76 2
2 2046 531 496 152 161 76 2
2 2046 532 496 152 161 76 2
2 2046 533 496 152 161 76 2
2 2046 534 496 152 161 76 2
2 2046 535 496 152 161 76 2
2 2046 536 496 152 161 76 2
2 2046 537 496 152 161 76 2
2 2046 538 496 152 161 76 2
2 2046 539 496 152 161 76 2
2 2046 540 496 152 161 76 2
2 2046 541 496 152 161 76 2
2 2046 542 496 152 161 76 2
2 2046 543 496 152 161 76 2
2 2046 544 496 152 161 76 2
2 2046 545 496 152 161 76 2
2 2046 546 496 152 161 76 2
2 2046 547 496 152 161 76 2
2 2046 548 496 152 161 76 2
2 2046 549 496 152 161 76 2
2 2046 550 496 152 161 76 2
2 2046 551 496 152 161 76 2
2 2046 552 496 152 161 76 2
2 2046 553 496 152 161 76 2
2 2046 554 496 152 161 76 2
2 2046 555 496 152 161 76 2
2 2046 556 496 152 161 76 2
2 2046 557 496 152 161 76 2
2 2046 558 496 152 161 76 2
2 2046 559 496 152 161 76 2
2 2046 560 496 152 161 76 2
2 2046 561 496 152 161 76 2
2 2046 562 496 152 161 76 2
2 2046 563 496 152 161 76 2
2 2046 564 496 152 161 76 2
2 2046 565 496 152 161 76 2
2 2046 566 496 152 161 76 2
2 2046 567 496 152 161 76 2
2 2046 568 496 152 161 76 2
2 2046 569 496 152 161 76 2
2 2046 570 496 152 161 76 2
2 2046 571 496 152 161 76 2
2 2046 572 496 152 161 76 2
2 2046 573 496 152 161 76 2
2 2046 574 496 152 161 76 2
2 2046 575 496 152 161 76 2
2 2046 576 496 152 161 76 2
2 2046 577 496 152 161 76 2
2 2046 578 496 152 161 76 2
2 2046 579 496 152 161 76 2
2 2046 580 496 152 161 76 2
2 2046 581 496 152 161 76 2
2 2046 582 496 152 161 76 2
2 2046 583 496 152 161 76 2
2 2046 584 496 152 161 76 2
2 2046 585 496 152 161 76 2
2 2046 586 496 152 161 76 2
2 2046 587 496 152 161 76 2
2 2046 588 496 152 161 76 2
2 2046 589 496 152 161 76 2
2 2046 590 496 152 161 76 2
2 2046 591 496 152 161 76 2
2 2046 592 496 152 161 76 2
2 2046 593 496 152 161 76 2
2 2046 594 496 152 161 76 2
2 2046 595 496 152 161 76 2
2 2046 596 496 152 161 76 2
2 2046 597 496 152 161 76 2
2 2046 598 496 152 161 76 2
2 2046 599 496 152 161 76 2
2 2046 600 496 152 161 76 2
2 2046 601 496 152 161 76 2
2 2046 602 496 152 161 76 2
2 2046 603 496 152 161 76 2
2 2046 604 496 152 161 76 2
2 2046 605 496 152 161 76 2
2 2046 606 496 152 161 76 2
2 2046 607 496 152 161 76 2
2 2046 608 496 152 161 76 2
2 2046 609 496 152 161 76 2
2 2046 610 496 152 161 76 2
2 2046 611 496 152 161 76 2
2 2046 612 496 152 161 76 2
2 2046 613 496 152 161 76 2
2 2046 614 496 152 161 76 2
2 2046 615 496 152 161 76 2
2 2046 616 496 152 161 76 2
2 2046 617 496 152 161 76 2
2 2046 618 496 152 161 76 2
2 2046 619 496 152 161 76 2
2 2046 620 496 152 161 76 2
2 2046 621 496 152 161 76 2
2 2046 622 496 152 161 76 2
2 2046 623 496 152 161 76 2
2 2046 624 496 152 161 76 2
2 2046 625 496 152 161 76 2
2 2046 626 496 152 161 76 2
2 2046 627 496 152 161 76 2
2 2046 628 496 152 161 76 2
2 2046 629 496 152 161 76 2
2 2046 630 496 152 161 76 2
2 2046 631 496 152 161 76 2
2 2046 632 496 152 161 76 2
2 2046 633 496 152 161 76 2
2 2046 634 496 152 161 76 2
2 2046 635 496 152 161 76 2
2 2046 636 496 152 161 76 2
2 2046 637 496 152 161 76 2
2 2046 638 496 152 161 76 2
2 2046 639 496 152 161 76 2
2 2046 640 496 152 161 76 2
2 2046 641 496 152 161 76 2
2 2046 642 496 152 161 76 2
2 2046 643 496 152 161 76 2
2 2046 644 496 152 161 76 2
2 2046 645 496 152 161 76 2
2 2046 646 496 152 161 76 2
2 2046 647 496 152 161 76 2
2 2046 648 496 152 161 76 2
2 2046 649 496 152 161 76 2
2 2046 650 496 152 161 76 2
2 2046 651 496 152 161 76 2
2 2046 652 496 152 161 76 2
2 2046 653 496 152 161 76 2
2 2046 654 496 152 161 76 2
2 2046 655 496 152 161 76 2
2 2046 656 496 152 161 76 2
2 2046 657 496 152 161 76 2
2 2046 658 496 152 161 76 2
2 2046 659 496 152 161 76 2
2 2046 660 496 152 161 76 2
2 2046 661 496 152 161 76 2
2 2046 662 496 152 161 76 2
2 2046 663 496 152 161 76 2
2 2046 664 496 152 161 76 2
2 2046 665 496 152 161 76 2
2 2046 666 496 152 161 76 2
2 2046 667 496 152 161 76 2
2 2046 668 496 152 161 76 2
2 2046 669 496 152 161 76 2
2 2046 670 496 152 161 76 2
2 2046 671 496 152 161 76 2
2 2046 672 496 152 161 76 2
2 2046 673 496 152 161 76 2
2 2046 674 496 152 161 76 2
2 2046 675 496 152 161 76 2
2 2046 676 496 152 161 76 2
2 2046 677 496 152 161 76 2
2 2046 678 496 152 161 76 2
2 2046 679 496 152 161 76 2
2 2046 680 496 152 161 76 2
2 2046 681 496 152 161 76 2
2 2046 682 496 152 161 76 2
2 2046 683 496 152 161 76 2
2 2046 684 496 152 161 76 2
2 2046 685 496 152 161 76 2
2 2046 686 496 152 161 76 2
2 2046 687 496 152 161 76 2
2 2046 688 496 152 161 76 2
2 2046 689 496 152 161 76 2
2 2046 690 496 152 161 76 2
2 2046 691 496 152 161 76 2
2 2046 692 496 152 161 76 2
2 2046 693 496 152 161 76 2
2 2046 694 496 152 161 76 2
2 2046 695 496 152 161 76 2
2 2046 696 496 152 161 76 2
2 2046 697 496 152 161 76 2
2 2046 698 496 152 161 76 2
2 2046 699 496 152 161 76 2
2 2046 700 496 152 161 76 2
2 2046 701 496 152 161 76 2
2 2046 702 496 152 161 76 2
2 2046 703 496 152 161 76 2
2 2046 704 496 152 161 76 2
2 2046 705 496 152 161 76 2
2 2046 706 496 152 161 76 2
2 2046 707 496 152 161 76 2
2 2046 708 496 152 161 76 2
2 2046 709 496 152 161 76 2
2 2046 710 496 152 161 76 2
2 2046 711 496 152 161 76 2
2 2046 712 496 152 161 76 2
2 2046 713 496 152 161 76 2
2 2046 714 496 152 161 76 2
2 2046 715 496 152 161 76 2
2 2046 716 496 152 161 76 2
2 2046 717 496 152 161 76 2
2 2046 718 496 152 161 76 2
2 2046 719 496 152 161 76 2
2 2046 720 496 152 161 76 2
2 2046 721 496 152 161 76 2
2 2046 722 496 152 161 76 2
2 2046 723 496 152 161 76 2
2 2046 724 496 152 161 76 2
2 2046 725 496 152 161 76 2
2 2046 726 496 152 161 76 2
2 2046 727 496 152 161 76 2
2 2046 728 496 152 161 76 2
2 2046 729 496 152 161 76 2
2 2046 730 496 152 161 76 2
2 2046 731 496 152 161 76 2
2 2046 732 496 152 161 76 2
2 2046 733 496 152 161 76 2
2 2046 734 496 152 161 76 2
2 2046 735 496 152 161 76 2
2 2046 736 496 152 161 76 2
2 2046 737 496 152 161 76 2
2 2046 738 496 152 161 76 2
2 2046 739 496 152 161 76 2
2 2046 740 496 152 161 76 2
2 2046 741 496 152 161 76 2
2 2046 742 496 152 161 76 2
2 2046 743 496 152 161 76 2
2 2046 744 496 152 161 76 2
2 2046 745 496 152 161 76 2
2 2046 746 496 152 161 76 2
2 2046 747 496 152 161 76 2
2 2046 748 496 152 161 76 2
2 2046 749 496 152 161 76 2
2 2046 750 496 152 161 76 2
2 2046 751 496 152 161 76 2
2 2046 752 496 152 161 76 2
2 2046 753 496 152 161 76 2
2 2046 754 496 152 161 76 2
2 2046 755 496 152 161 76 2
2 2046 756 496 152 161 76 2
2 2046 757 496 152 161 76 2
2 2046 758 496 152 161 76 2
2 2046 759 496 152 161 76 2
2 2046 760 496 152 161 76 2
2 2046 761 496 152 161 76 2
2 2046 762 496 152 161 76 2
2 2046 763 496 152 161 76 2
2 2046 764 496 152 161 76 2
2 2046 765 496 152 161 76 2
2 2046 766 496 152 161 76 2
2 2046 767 496 152 161 76 2
2 2046 768 496 152 161 76 2
2 2046 769 496 152 161 76 2
2 2046 770 496 152 161 76 2
2 2046 771 496 152 161 76 2
2 2046 772 496 152 161 76 2
2 2046 773 496 152 161 76 2
2 2046 774 496 152 161 76 2
2 2046 775 496 152 161 76 2
2 2046 776 496 152 161 76 2
2 2046 777 496 152 161 76 2
2 2046 778 496 152 161 76 2
2 2046 779 496 152 161 76 2
2 2046 780 496 152 161 76 2
2 2046 781 496 152 161 76 2
2 2046 782 496 152 161 76 2
2 2046 783 496 152 161 76 2
2 2046 784 496 152 161 76 2
2 2046 785 496 152 161 76 2
2 2046 786 496 152 161 76 2
2 2046 787 496 152 161 76 2
2 2046 788 496 152 161 76 2
2 2046 789 496 152 161 76 2
2 2046 790 496 152 161 76 2
2 2046 791 496 152 161 76 2
2 2046 792 496 152 161 76 2
2 2046 793 496 152 161 76 2
2 2046 794 496 152 161 76 2
2 2046 795 496 152 161 76 2
2 2046 796 496 152 161 76 2
2 2046 797 496 152 161 76 2
2 2046 798 496 152 161 76 2
2 2046 799 496 152 161 76 2
2 2046 800 496 152 161 76 2
2 2046 801 496 152 161 76 2
2 2046 802 496 152 161 76 2
2 2046 803 496 152 161 76 2
2 2046 804 496 152 161 76 2
2 2046 805 496 152 161 76 2
2 2046 806 496 152 161 76 2
2 2046 807 496 152 161 76 2
2 2046 808 496 152 161 76 2
2 2046 809 496 152 161 76 2
2 2046 810 496 152 161 76 2
2 2046 811 496 152 161 76 2
2 2046 812 496 152 161 76 2
2 2046 813 496 152 161 76 2
2 2046 814 496 152 161 76 2
2 2046 815 496 152 161 76 2
2 2046 816 496 152 161 76 2
2 2046 817 496 152 161 76 2
2 2046 818 496 152 161 76 2
2 2046 819 496 152 161 76 2
2 2046 820 496 152 161 76 2
2 2046 821 496 152 161 76 2
2 2046 822 496 152 161 76 2
2 2046 823 496 152 161 76 2
2 2046 824 496 152 161 76 2
2 2046 825 496 152 161 76 2
2 2046 826 496 152 161 76 2
2 2046 827 496 152 161 76 2
2 2046 828 496 152 161 76 2
2 2046 829 496 152 161 76 2
2 2046 830 496 152 161 76 2
2 2046 831 496 152 161 76 2
2 2046 832 496 152 161 76 2
2 2046 833 496 152 161 76 2
2 2046 834 496 152 161 76 2
2 2046 835 496 152 161 76 2
2 2046 836 496 152 161 76 2
2 2046 837 496 152 161 76 2
2 2046 838 496 152 161 76 2
2 2046 839 496 152 161 76 2
2 2046 840 496 152 161 76 2
2 2046 841 496 152 161 76 2
2 2046 842 496 152 161 76 2
2 2046 843 496 152 161 76 2
2 2046 844 496 152 161 76 2
2 2046 845 496 152 161 76 2
2 2046 846 496 152 161 76 2
2 2046 847 496 152 161 76 2
2 2046 848 496 152 161 76 2
2 2046 849 496 152 161 76 2
2 2046 850 496 152 161 76 2
2 2046 851 496 152 161 76 2
2 2046 852 496 152 161 76 2
2 2046 853 496 152 161 76 2
2 2046 854 496 152 161 76 2
2 2046 855 496 152 161 76 2
2 2046 856 496 152 161 76 2
2 2046 857 496 152 161 76 2
2 2046 858 496 152 161 76 2
2 2046 859 496 152 161 76 2
2 2046 860 496 152 161 76 2
2 2046 861 496 152 161 76 2
2 2046 862 496 152 161 76 2
2 2046 863 496 152 161 76 2
2 2046 864 496 152 161 76 2
2 2046 865 496 152 161 76 2
2 2046 866 496 152 161 76 2
2 2046 867 496 152 161 76 2
2 2046 868 496 152 161 76 2
2 2046 869 496 152 161 76 2
2 2046 870 496 152 161 76 2
2 2046 871 496 152 161 76 2
2 2046 872 496 152 161 76 2
2 2046 873 496 152 161 76 2
2 2046 874 496 152 161 76 2
2 2046 875 496 152 161 76 2
2 2046 876 496 152 161 76 2
2 2046 877 496 152 161 76 2
2 2046 878 496 152 161 76 2
2 2046 879 496 152 161 76 2
2 2046 880 496 152 161 76 2
2 2046 881 496 152 161 76 2
2 2046 882 496 152 161 76 2
2 2046 883 496 152 161 76 2
2 2046 884 496 152 161 76 2
2 2046 885 496 152 161 76 2
2 2046 886 496 152 161 76 2
2 2046 887 496 152 161 76 2
2 2046 888 496 152 161 76 2
2 2046 889 496 152 161 76 2
2 2046 890 496 152 161 76 2
2 2046 891 496 152 161 76 2
2 2046 892 496 152 161 76 2
2 2046 893 496 152 161 76 2
2 2046 894 496 152 161 76 2
2 2046 895 496 152 161 76 2
2 2046 896 496 152 161 76 2
2 2046 897 496 152 161 76 2
2 2046 898 496 152 161 76 2
2 2046 899 496 152 161 76 2
2 2046 900 496 152 161 76 2
2 2046 901 496 152 161 76 2
2 2046 902 496 152 161 76 2
2 2046 903 496 152 161 76 2
2 2046 904 496 152 161 76 2
2 2046 905 496 152 161 76 2
2 2046 906 496 152 161 76 2
2 2046 907 496 152 161 76 2
2 2046 908 496 152 161 76 2
2 2046 909 496 152 161 76 2
2 2046 910 496 152 161 76 2
2 2046 911 496 152 161 76 2
2 2046 912 496 152 161 76 2
2 2046 913 496 152 161 76 2
2 2046 914 496 152 161 76 2
2 2046 915 496 152 161 76 2
2 2046 916 496 152 161 76 2
2 2046 917 496 152 161 76 2
2 2046 918 496 152 161 76 2
2 2046 919 496 152 161 76 2
2 2046 920 496 152 161 76 2
2 2046 921 496 152 161 76 2
2 2046 922 496 152 161 76 2
2 2046 923 496 152 161 76 2
2 2046 924 496 152 161 76 2
2 2046 925 496 152 161 76 2
2 2046 926 496 152 161 76 2
2 2046 927 496 152 161 76 2
2 2046 928 496 152 161 76 2
2 2046 929 496 152 161 76 2
2 2046 930 496 152 161 76 2
2 2046 931 496 152 161 76 2
2 2046 932 496 152 161 76 2
2 2046 933 496 152 161 76 2
2 2046 934 496 152 161 76 2
2 2046 935 496 152 161 76 2
2 2046 936 496 152 161 76 2
2 2046 937 496 152 161 76 2
2 2046 938 496 152 161 76 2
2 2046 939 496 152 161 76 2
2 2046 940 496 152 161 76 2
2 2046 941 496 152 161 76 2
2 2046 942 496 152 161 76 2
2 2046 943 496 152 161 76 2
2 2046 944 496 152 161 76 2
2 2046 945 496 152 161 76 2
2 2046 946 496 152 161 76 2
2 2046 947 496 152 161 76 2
2 2046 948 496 152 161 76 2
2 2046 949 496 152 161 76 2
2 2046 950 496 152 161 76 2
2 2046 951 496 152 161 76 2
2 2046 952 496 152 161 76 2
2 2046 953 496 152 161 76 2
2 2046 954 496 152 161 76 2
2 2046 955 496 152 161 76 2
2 2046 956 496 152 161 76 2
2 2046 957 496 152 161 76 2
2 2046 958 496 152 161 76 2
2 2046 959 496 152 161 76 2
2 2046 960 496 152 161 76 2
2 2046 961 496 152 161 76 2
2 2046 962 496 152 161 76 2
2 2046 963 496 152 161 76 2
2 2046 964 496 152 161 76 2
2 2046 965 496 152 161 76 2
2 2046 966 496 152 161 76 2
2 2046 967 496 152 161 76 2
2 2046 968 496 152 161 76 2
2 2046 969 496 152 161 76 2
2 2046 970 496 152 161 76 2
2 2046 971 496 152 161 76 2
2 2046 972 496 152 161 76 2
2 2046 973 496 152 161 76 2
2 2046 974 496 152 161 76 2
2 2046 975 496 152 161 76 2
2 2046 976 496 152 161 76 2
2 2046 977 496 152 161 76 2
2 2046 978 496 152 161 76 2
2 2046 979 496 152 161 76 2
2 2046 980 496 152 161 76 2
2 2046 981 496 152 161 76 2
2 2046 982 496 152 161 76 2
2 2046 983 496 152 161 76 2
2 2046 984 496 152 161 76 2
2 2046 985 496 152 161 76 2
2 2046 986 496 152 161 76 2
2 2046 987 496 152 161 76 2
2 2046 988 496 152 161 76 2
2 2046 989 496 152 161 76 2
2 2046 990 496 152 161 76 2
2 2046 991 496 152 161 76 2
2 2046 992 496 152 161 76 2
2 2046 993 496 152 161 76 2
2 2046 994 496 152 161 76 2
2 2046 995 496 152 161 76 2
2 2046 996 496 152 161 76 2
2 2046 997 496 152 161 76 2
2 2046 998 496 152 161 76 2
2 2046 999 496 152 161 76 2
2 2046 1000 496 152 161 76 2
2 2046 1001 496 152 161 76 2
2 2046 1002 496 152 161 76 2
2 2046 1003 496 152 161 76 2
2 2046 1004 496 152 161 76 2
2 2046 1005 496 152 161 76 2
2 2046 1006 496 152 161 76 2
2 2046 1007 496 152 161 76 2
2 2046 1008 496 152 161 76 2
2 2046 1009 496 152 161 76 2
2 2046 1010 496 152 161 76 2
2 2046 1011 496 152 161 76 2
2 2046 1012 496 152 161 76 2
2 2046 1013 496 152 161 76 2
2 2046 1014 496 152 161 76 2
2 2046 1015 496 152 161 76 2
2 2046 1016 496 152 161 76 2
2 2046 1017 496 152 161 76 2
2 2046 1018 496 152 161 76 2
2 2046 1019 496 152 161 76 2
2 2046 1020 496 152 161 76 2
2 2046 1021 496 152 161 76 2
2 2046 1022 496 152 161 76 2
2 2046 1023 496 152 161 76 2
2 2046 1024 496 152 161 76 2
2 2046 1025 496 152 161 76 2
2 2046 1026 496 152 161 76 2
2 2046 1027 496 152 161 76 2
2 2046 1028 496 152 161 76 2
2 2046 1029 496 152 161 76 2
2 2046 1030 496 152 161 76 2
2 2046 1031 496 152 161 76 2
2 2046 1032 496 152 161 76 2
2 2046 1033 496 152 161 76 2
2 2046 1034 496 152 161 76 2
2 2046 1035 496 152 161 76 2
2 2046 1036 496 152 161 76 2
2 2046 1037 496 152 161 76 2
2 2046 1038 496 152 161 76 2
2 2046 1039 496 152 161 76 2
2 2046 1040 496 152 161 76 2
2 2046 1041 496 152 161 76 2
2 2046 1042 496 152 161 76 2
2 2046 1043 496 152 161 76 2
2 2046 1044 496 152 161 76 2
2 2046 1045 496 152 161 76 2
2 2046 1046 496 152 161 76 2
2 2046 1047 496 152 161 76 2
2 2046 1048 496 152 161 76 2
2 2046 1049 496 152 161 76 2
2 2046 1050 496 152 161 76 2
2 2046 1051 496 152 161 76 2
2 2046 1052 496 152 161 76 2
2 2046 1053 496 152 161 76 2
2 2046 1054 496 152 161 76 2
2 2046 1055 496 152 161 76 2
2 2046 1056 496 152 161 76 2
2 2046 1057 496 152 161 76 2
2 2046 1058 496 152 161 76 2
2 2046 1059 496 152 161 76 2
2 2046 1060 496 152 161 76 2
2 2046 1061 496 152 161 76 2
2 2046 1062 496 152 161 76 2
2 2046 1063 496 152 161 76 2
2 2046 1064 496 152 161 76 2
2 2046 1065 496 152 161 76 2
2 2046 1066 496 152 161 76 2
2 2046 1067 496 152 161 76 2
2 2046 1068 496 152 161 76 2
2 2046 1069 496 152 161 76 2
2 2046 1070 496 152 161 76 2
2 2046 1071 496 152 161 76 2
2 2046 1072 496 152 161 76 2
2 2046 1073 496 152 161 76 2
2 2046 1074 496 152 161 76 2
2 2046 1075 496 152 161 76 2
2 2046 1076 496 152 161 76 2
2 2046 1077 496 152 161 76 2
2 2046 1078 496 152 161 76 2
2 2046 1079 496 152 161 76 2
2 2046 1080 496 152 161 76 2
2 2046 1081 496 152 161 76 2
2 2046 1082 496 152 161 76 2
2 2046 1083 496 152 161 76 2
2 2046 1084 496 152 161 76 2
2 2046 1085 496 152 161 76 2
2 2046 1086 496 152 161 76 2
2 2046 1087 496 152 161 76 2
2 2046 1088 496 152 161 76 2
2 2046 1089 496 152 161 76 2
2 2046 1090 496 152 161 76 2
2 2046 1091 496 152 161 76 2
2 2046 1092 496 152 161 76 2
2 2046 1093 496 152 161 76 2
2 2046 1094 496 152 161 76 2
2 2046 1095 496 152 161 76 2
2 2046 1096 496 152 161 76 2
2 2046 1097 496 152 161 76 2
2 2046 1098 496 152 161 76 2
2 2046 1099 496 152 161 76 2
2 2046 1100 496 152 161 76 2
2 2046 1101 496 152 161 76 2
2 2046 1102 496 152 161 76 2
2 2046 1103 496 152 161 76 2
2 2046 1104 496 152 161 76 2
2 2046 1105 496 152 161 76 2
2 2046 1106 496 152 161 76 2
2 2046 1107 496 152 161 76 2
2 2046 1108 496 152 161 76 2
2 2046 1109 496 152 161 76 2
2 2046 1110 496 152 161 76 2
2 2046 1111 496 152 161 76 2
2 2046 1112 496 152 161 76 2
2 2046 1113 496 152 161 76 2
2 2046 1114 496 152 161 76 2
2 2046 1115 496 152 161 76 2
2 2046 1116 496 152 161 76 2
2 2046 1117 496 152 161 76 2
2 2046 1118 496 152 161 76 2
2 2046 1119 496 152 161 76 2
2 2046 1120 496 152 161 76 2
2 2046 1121 496 152 161 76 2
2 2046 1122 496 152 161 76 2
2 2046 1123 496 152 161 76 2
2 2046 1124 496 152 161 76 2
2 2046 1125 496 152 161 76 2
2 2046 1126 496 152 161 76 2
2 2046 1127 496 152 161 76 2
2 2046 1128 496 152 161 76 2
2 2046 1129 496 152 161 76 2
2 2046 1130 496 152 161 76 2
2 2046 1131 496 152 161 76 2
2 2046 1132 496 152 161 76 2
2 2046 1133 496 152 161 76 2
2 2046 1134 496 152 161 76 2
2 2046 1135 496 152 161 76 2
2 2046 1136 496 152 161 76 2
2 2046 1137 496 152 161 76 2
2 2046 1138 496 152 161 76 2
2 2046 1139 496 152 161 76 2
2 2046 1140 496 152 161 76 2
2 2046 1141 496 152 161 76 2
2 2046 1142 496 152 161 76 2
2 2046 1143 496 152 161 76 2
2 2046 1144 496 152 161 76 2
2 2046 1145 496 152 161 76 2
2 2046 1146 496 152 161 76 2
2 2046 1147 496 152 161 76 2
2 2046 1148 496 152 161 76 2
2 2046 1149 496 152 161 76 2
2 2046 1150 496 152 161 76 2
2 2046 1151 496 152 161 76 2
2 2046 1152 496 152 161 76 2
2 2046 1153 496 152 161 76 2
2 2046 1154 496 152 161 76 2
2 2046 1155 496 152 161 76 2
2 2046 1156 496 152 161 76 2
2 2046 1157 496 152 161 76 2
2 2046 1158 496 152 161 76 2
2 2046 1159 496 152 161 76 2
2 2046 1160 496 152 161 76 2
2 2046 1161 496 152 161 76 2
2 2046 1162 496 152 161 76 2
2 2046 1163 496 152 161 76 2
2 2046 1164 496 152 161 76 2
2 2046 1165 496 152 161 76 2
2 2046 1166 496 152 161 76 2
2 2046 1167 496 152 161 76 2
2 2046 1168 496 152 161 76 2
2 2046 1169 496 152 161 76 2
2 2046 1170 496 152 161 76 2
2 2046 1171 496 152 161 76 2
2 2046 1172 496 152 161 76 2
2 2046 1173 496 152 161 76 2
2 2046 1174 496 152 161 76 2
2 2046 1175 496 152 161 76 2
2 2046 1176 496 152 161 76 2
2 2046 1177 496 152 161 76 2
2 2046 1178 496 152 161 76 2
2 2046 1179 496 152 161 76 2
2 2046 1180 496 152 161 76 2
2 2046 1181 496 152 161 76 2
2 2046 1182 496 152 161 76 2
2 2046 1183 496 152 161 76 2
2 2046 1184 496 152 161 76 2
2 2046 1185 496 152 161 76 2
2 2046 1186 496 152 161 76 2
2 2046 1187 496 152 161 76 2
2 2046 1188 496 152 161 76 2
2 2046 1189 496 152 161 76 2
2 2046 1190 496 152 161 76 2
2 2046 1191 496 152 161 76 2
2 2046 1192 496 152 161 76 2
2 2046 1193 496 152 161 76 2
2 2046 1194 496 152 161 76 2
2 2046 1195 496 152 161 76 2
2 2046 1196 496 152 161 76 2
2 2046 1197 496 152 161 76 2
2 2046 1198 496 152 161 76 2
2 2046 1199 496 152 161 76 2
2 2046 1200 496 152 161 76 2
2 2046 1201 496 152 161 76 2
2 2046 1202 496 152 161 76 2
2 2046 1203 496 152 161 76 2
2 2046 1204 496 152 161 76 2
2 2046 1205 496 152 161 76 2
2 2046 1206 496 152 161 76 2
2 2046 1207 496 152 161 76 2
2 2046 1208 496 152 161 76 2
2 2046 1209 496 152 161 76 2
2 2046 1210 496 152 161 76 2
2 2046 1211 496 152 161 76 2
2 2046 1212 496 152 161 76 2
2 2046 1213 496 152 161 76 2
2 2046 1214 496 152 161 76 2
2 2046 1215 496 152 161 76 2
2 2046 1216 496 152 161 76 2
2 2046 1217 496 152 161 76 2
2 2046 1218 496 152 162 76 2
2 2046 1219 496 152 162 76 2
2 2046 1220 496 152 162 76 2
2 2046 1221 496 152 162 76 2
2 2046 1222 496 152 162 76 2
2 2046 1223 496 152 162 76 2
2 2046 1224 496 152 162 76 2
2 2046 1225 496 152 162 76 2
2 2046 1226 496 152 162 76 2
2 2046 1227 496 152 162 76 2
2 2046 1228 496 152 162 76 2
2 2046 1229 496 152 162 76 2
2 2046 1230 496 152 162 76 2
2 2046 1231 496 152 162 76 2
2 2046 1232 496 152 162 76 2
2 2046 1233 496 152 162 76 2
2 2046 1234 496 152 162 76 2
2 2046 1235 496 152 162 76 2
2 2046 1236 496 152 162 76 2
2 2046 1237 496 152 162 76 2
2 2046 1238 496 152 162 76 2
2 2046 1239 496 152 162 76 2
2 2046 1240 496 152 162 76 2
2 2046 1241 496 152 162 76 2
2 2046 1242 496 152 162 76 2
2 2046 1243 496 152 162 76 2
2 2046 1244 496 152 162 76 2
2 2046 1245 496 152 162 76 2
2 2046 1246 496 152 162 76 2
2 2046 1247 496 152 162 76 2
2 2046 1248 496 152 162 76 2
2 2046 1249 496 152 162 76 2
2 2046 1250 497 152 162 76 2
2 2046 1251 497 152 162 76 2
2 2046 1252 497 152 162 76 2
2 2046 1253 497 152 162 76 2
2 2046 1254 497 152 162 76 2
2 2046 1255 497 152 162 76 2
2 2046 1256 497 152 162 76 2
2 2046 1257 497 152 162 76 2
2 2046 1258 497 152 162 76 2
2 2046 1259 497 152 162 76 2
2 2046 1260 497 152 162 76 2
2 2046 1261 497 152 162 76 2
2 2046 1262 497 152 162 76 2
2 2046 1263 497 152 162 76 2
2 2046 1264 497 152 162 76 2
2 2046 1265 497 152 162 76 2
2 2046 1266 497 152 162 76 2
2 2046 1267 497 152 162 76 2
2 2046 1268 497 152 162 76 2
2 2046 1269 497 152 162 76 2
2 2046 1270 497 152 162 76 2
2 2046 1271 497 152 162 76 2
2 2046 1272 497 152 162 76 2
2 2046 1273 497 152 162 76 2
2 2046 1274 497 152 162 76 2
2 2046 1275 497 152 162 76 2
2 2046 1276 497 152 162 76 2
2 2046 1277 497 152 162 76 2
2 2046 1278 497 152 162 76 2
2 2046 1279 497 152 162 76 2
2 2046 1280 497 152 162 76 2
2 2046 1281 497 152 162 76 2
2 2046 1282 498 152 162 76 2
2 2046 1283 498 152 162 76 2
2 2046 1284 498 152 162 76 2
2 2046 1285 498 152 162 76 2
2 2046 1286 498 152 162 76 2
2 2046 1287 498 152 162 76 2
2 2046 1288 498 152 162 76 2
2 2046 1289 498 152 162 76 2
2 2046 1290 498 152 162 76 2
2 2046 1291 498 152 162 76 2
2 2046 1292 498 152 162 76 2
2 2046 1293 498 152 162 76 2
2 2046 1294 498 152 162 76 2
2 2046 1295 498 152 162 76 2
2 2046 1296 498 152 162 76 2
2 2046 1297 498 152 162 76 2
2 2046 1298 498 152 162 76 2
2 2046 1299 498 152 162 76 2
2 2046 1300 498 152 162 76 2
2 2046 1301 498 152 162 76 2
2 2046 1302 498 152 162 76 2
2 2046 1303 498 152 162 76 2
2 2046 1304 498 152 162 76 2
2 2046 1305 498 152 162 76 2
2 2046 1306 498 152 162 76 2
2 2046 1307 498 152 162 76 2
2 2046 1308 498 152 162 76 2
2 2046 1309 498 152 162 76 2
2 2046 1310 498 152 162 76 2
2 2046 1311 498 152 162 76 2
2 2046 1312 498 152 162 76 2
2 2046 1313 499 153 162 76 2
2 2046 1314 499 153 162 76 2
2 2046 1315 499 153 162 76 2
2 2046 1316 499 153 162 76 2
2 2046 1317 499 153 162 76 2
2 2046 1318 499 153 162 76 2
2 2046 1319 499 153 162 76 2
2 2046 1320 499 153 162 76 2
2 2046 1321 499 153 162 76 2
2 2046 1322 499 153 162 76 2
2 2046 1323 499 153 162 76 2
2 2046 1324 499 153 162 76 2
2 2046 1325 499 153 162 76 2
2 2046 1326 499 153 162 76 2
2 2046 1327 499 153 162 76 2
2 2046 1328 499 153 162 76 2
2 2046 1329 499 153 162 76 2
2 2046 1330 499 153 162 76 2
2 2046 1331 499 153 162 76 2
2 2046 1332 499 153 162 76 2
2 2046 1333 499 153 162 76 2
2 2046 1334 499 153 162 76 2
2 2046 1335 499 153 162 76 2
2 2046 1336 499 153 162 76 2
2 2046 1337 499 153 162 76 2
2 2046 1338 499 153 162 76 2
2 2046 1339 499 153 162 76 2
2 2046 1340 499 153 162 76 2
2 2046 1341 499 153 162 76 2
2 2046 1342 499 153 162 76 2
2 2046 1343 499 153 162 76 2
2 2046 1344 499 153 162 76 2
2 2046 1345 500 153 162 76 2
2 2046 1346 500 153 162 76 2
2 2046 1347 500 153 162 76 2
2 2046 1348 500 153 162 76 2
2 2046 1349 500 153 162 76 2
2 2046 1350 500 153 162 76 2
2 2046 1351 500 153 162 76 2
2 2046 1352 500 153 162 76 2
2 2046 1353 500 153 162 76 2
2 2046 1354 500 153 162 76 2
2 2046 1355 500 153 162 76 2
2 2046 1356 500 153 162 76 2
2 2046 1357 500 153 162 76 2
2 2046 1358 500 153 162 76 2
2 2046 1359 500 153 162 76 2
2 2046 1360 500 153 162 76 2
2 2046 1361 500 153 162 76 2
2 2046 1362 500 153 162 76 2
2 2046 1363 500 153 162 76 2
2 2046 1364 500 153 162 76 2
2 2046 1365 500 153 162 76 2
2 2046 1366 500 153 162 76 2
2 2046 1367 500 153 162 76 2
2 2046 1368 500 153 162 76 2
2 2046 1369 500 153 162 76 2
2 2046 1370 500 153 162 76 2
2 2046 1371 500 153 162 76 2
2 2046 1372 500 153 162 76 2
2 2046 1373 500 153 162 76 2
2 2046 1374 500 153 162 76 2
2 2046 1375 500 153 162 76 2
2 2046 1376 501 153 162 76 2
2 2046 1377 501 153 162 76 2
2 2046 1378 501 153 162 76 2
2 2046 1379 501 153 162 76 2
2 2046 1380 501 153 162 76 2
2 2046 1381 501 153 162 76 2
2 2046 1382 501 153 162 76 2
2 2046 1383 501 153 162 76 2
2 2046 1384 501 153 162 76 2
2 2046 1385 501 153 162 76 2
2 2046 1386 501 153 162 76 2
2 2046 1387 501 153 162 76 2
2 2046 1388 501 153 162 76 2
2 2046 1389 501 153 162 76 2
2 2046 1390 501 153 162 76 2
2 2046 1391 501 153 162 76 2
2 2046 1392 501 153 162 76 2
2 2046 1393 501 153 162 76 2
2 2046 1394 501 153 162 76 2
2 2046 1395 501 153 162 76 2
2 2046 1396 501 153 162 76 2
2 2046 1397 501 153 162 76 2
2 2046 1398 501 153 162 76 2
2 2046 1399 501 153 162 76 2
2 2046 1400 501 153 162 76 2
2 2046 1401 501 153 162 76 2
2 2046 1402 501 153 162 76 2
2 2046 1403 501 153 162 76 2
2 2046 1404 501 153 162 76 2
2 2046 1405 501 153 162 76 2
2 2046 1406 501 153 162 76 2
2 2046 1407 501 153 162 76 2
2 2046 1408 502 154 162 76 2
2 2046 1409 502 154 162 76 2
2 2046 1410 502 154 162 76 2
2 2046 1411 502 154 162 76 2
2 2046 1412 502 154 162 76 2
2 2046 1413 502 154 162 76 2
2 2046 1414 502 154 162 76 2
2 2046 1415 502 154 162 76 2
2 2046 1416 502 154 162 76 2
2 2046 1417 502 154 162 76 2
2 2046 1418 502 154 162 76 2
2 2046 1419 502 154 162 76 2
2 2046 1420 502 154 162 76 2
2 2046 1421 502 154 162 76 2
2 2046 1422 502 154 162 76 2
2 2046 1423 502 154 162 76 2
2 2046 1424 502 154 162 76 2
2 2046 1425 502 154 162 76 2
2 2046 1426 502 154 162 76 2
2 2046 1427 502 154 162 76 2
2 2046 1428 502 154 162 76 2
2 2046 1429 502 154 162 76 2
2 2046 1430 502 154 162 76 2
2 2046 1431 502 154 162 76 2
2 2046 1432 502 154 162 76 2
2 2046 1433 502 154 162 76 2
2 2046 1434 502 154 162 76 2
2 2046 1435 502 154 162 76 2
2 2046 1436 502 154 162 76 2
2 2046 1437 502 154 162 76 2
2 2046 1438 502 154 162 76 2
2 2046 1439 503 154 162 76 2
2 2046 1440 503 154 162 76 2
2 2046 1441 503 154 162 76 2
2 2046 1442 503 154 162 76 2
2 2046 1443 503 154 162 76 2
2 2046 1444 503 154 162 76 2
2 2046 1445 503 154 162 76 2
2 2046 1446 503 154 162 76 2
2 2046 1447 503 154 162 76 2
2 2046 1448 503 154 162 76 2
2 2046 1449 503 154 162 76 2
2 2046 1450 503 154 162 76 2
2 2046 1451 503 154 162 76 2
2 2046 1452 503 154 162 76 2
2 2046 1453 503 154 162 76 2
2 2046 1454 503 154 162 76 2
2 2046 1455 503 154 162 76 2
2 2046 1456 503 154 162 76 2
2 2046 1457 503 154 162 76 2
2 2046 1458 503 154 162 76 2
2 2046 1459 503 154 162 76 2
2 2046 1460 503 154 162 76 2
2 2046 1461 503 154 162 76 2
2 2046 1462 503 154 162 76 2
2 2046 1463 503 154 162 76 2
2 2046 1464 503 154 162 76 2
2 2046 1465 503 154 162 76 2
2 2046 1466 503 154 162 76 2
2 2046 1467 503 154 162 76 2
2 2046 1468 503 154 162 76 2
2 2046 1469 503 154 162 76 2
2 2046 1470 503 154 162 76 2
2 2046 1471 504 154 162 76 2
2 2046 1472 504 154 162 76 2
2 2046 1473 504 154 162 76 2
2 2046 1474 504 154 162 76 2
2 2046 1475 504 154 162 76 2
2 2046 1476 504 154 162 76 2
2 2046 1477 504 154 162 76 2
2 2046 1478 504 154 162 76 2
2 2046 1479 504 154 162 76 2
2 2046 1480 504 154 162 76 2
2 2046 1481 504 154 162 76 2
2 2046 1482 504 154 162 76 2
2 2046 1483 504 154 162 76 2
2 2046 1484 504 154 162 76 2
2 2046 1485 504 154 162 76 2
2 2046 1486 504 154 162 76 2
2 2046 1487 504 154 162 76 2
2 2046 1488 504 154 162 76 2
2 2046 1489 504 154 162 76 2
2 2046 1490 504 154 162 76 2
2 2046 1491 504 154 162 76 2
2 2046 1492 504 154 162 76 2
2 2046 1493 504 154 162 76 2
2 2046 1494 504 154 162 76 2
2 2046 1495 504 154 162 76 2
2 2046 1496 504 154 162 76 2
2 2046 1497 504 154 162 76 2
2 2046 1498 504 154 162 76 2
2 2046 1499 504 154 162 76 2
2 2046 1500 504 154 162 76 2
2 2046 1501 504 154 162 76 2
2 2046 1502 505 155 162 76 2
2 2046 1503 505 155 162 76 2
2 2046 1504 506 155 162 76 2
2 2046 1505 507 155 162 76 2
2 2046 1506 508 155 162 76 2
2 2046 1507 509 156 162 76 2
2 2046 1508 509 156 162 76 2
2 2046 1509 510 156 162 76 2
2 2046 1510 511 156 162 76 2
2 2046 1511 512 156 162 76 2
2 2046 1512 513 157 162 76 2
2 2046 1513 513 157 162 76 2
2 2046 1514 514 157 162 76 2
2 2046 1515 515 157 162 76 2
2 2046 1516 516 157 162 76 2
2 2046 1517 517 158 162 76 2
2 2046 1518 518 158 162 76 2
2 2046 1519 518 158 162 76 2
2 2046 1520 519 158 162 76 2
2 2046 1521 520 158 162 76 2
2 2046 1522 521 159 162 76 2
2 2046 1523 522 159 162 76 2
2 2046 1524 522 159 162 76 2
2 2046 1525 523 159 162 76 2
2 2046 1526 524 159 162 76 2
2 2046 1527 525 160 162 76 2
2 2046 1528 526 160 162 76 2
2 2046 1529 526 160 162 76 2
2 2046 1530 527 160 162 76 2
2 2046 1531 528 160 162 76 2
2 2046 1532 529 161 162 76 2
2 2046 1533 530 161 162 76 2
2 2046 1534 531 161 162 76 2
2 2046 1535 531 161 162 76 2
2 2046 1536 532 161 162 76 2
2 2046 1537 533 162 162 76 2
2 2046 1538 534 162 162 76 2
2 2046 1539 535 162 162 76 2
2 2046 1540 535 162 162 76 2
2 2046 1541 536 162 162 76 2
2 2046 1542 537 163 162 76 2
2 2046 1543 538 163 162 76 2
2 2046 1544 539 163 162 76 2
2 2046 1545 540 163 162 76 2
2 2046 1546 540 163 162 76 2
2 2046 1547 541 164 162 76 2
2 2046 1548 542 164 162 76 2
2 2046 1549 543 164 162 76 2
2 2046 1550 544 164 162 76 2
2 2046 1551 544 164 162 76 2
2 2046 1552 545 165 162 76 2
2 2046 1553 546 165 162 76 2
2 2046 1554 547 165 162 76 2
2 2046 1555 548 165 162 76 2
2 2046 1556 548 165 162 76 2
2 2046 1557 549 166 162 76 2
2 2046 1558 550 166 162 76 2
2 2046 1559 551 166 162 76 2
2 2046 1560 552 166 162 76 2
2 2046 1561 553 166 162 76 2
2 2046 1562 553 167 162 76 2
2 2046 1563 554 167 162 76 2
2 2046 1564 555 167 162 76 2
2 2046 1565 556 167 162 76 2
2 2046 1566 557 167 162 76 2
2 2046 1567 557 168 162 76 2
2 2046 1568 558 168 162 76 2
2 2046 1569 559 168 162 76 2
2 2046 1570 560 168 162 76 2
2 2046 1571 561 168 162 76 2
2 2046 1572 562 169 162 76 2
2 2046 1573 563 169 162 76 2
2 2046 1574 565 169 162 76 2
2 2046 1575 566 170 162 76 2
2 2046 1576 568 170 162 76 2
2 2046 1577 569 170 162 76 2
2 2046 1578 571 171 162 76 2
2 2046 1579 572 171 162 76 2
2 2046 1580 574 171 162 76 2
2 2046 1581 575 172 162 76 2
2 2046 1582 577 172 162 76 2
2 2046 1583 578 172 162 76 2
2 2046 1584 580 173 162 76 2
2 2046 1585 581 173 162 76 2
2 2046 1586 583 173 162 76 2
2 2046 1587 584 174 162 76 2
2 2046 1588 586 174 162 76 2
2 2046 1589 587 174 162 76 2
2 2046 1590 589 175 162 76 2
2 2046 1591 590 175 162 76 2
2 2046 1592 592 176 162 76 2
2 2046 1593 593 176 162 76 2
2 2046 1594 595 176 162 76 2
2 2046 1595 596 177 162 76 2
2 2046 1596 598 177 162 76 2
2 2046 1597 599 177 162 76 2
2 2046 1598 601 178 162 76 2
2 2046 1599 602 178 162 76 2
2 2046 1600 604 178 162 76 2
2 2046 1601 605 179 162 76 2
2 2046 1602 607 179 162 76 2
2 2046 1603 608 179 162 76 2
2 2046 1604 610 180 162 76 2
2 2046 1605 611 180 162 76 2
2 2046 1606 613 180 162 76 2
2 2046 1607 614 181 162 76 2
2 2046 1608 616 181 162 76 2
2 2046 1609 617 181 162 76 2
2 2046 1610 619 182 162 76 2
2 2046 1611 620 182 162 76 2
2 2046 1612 622 183 162 76 2
2 2046 1613 624 183 162 76 2
2 2046 1614 626 183 162 76 2
2 2046 1615 629 183 162 76 2
2 2046 1616 631 183 162 76 2
2 2046 1617 634 183 162 76 2
2 2046 1618 636 184 162 76 2
2 2046 1619 639 184 162 76 2
2 2046 1620 641 184 162 76 2
2 2046 1621 644 184 162 76 2
2 2046 1622 646 184 162 76 2
2 2046 1623 649 184 162 76 2
2 2046 1624 651 185 162 76 2
2 2046 1625 654 185 162 76 2
2 2046 1626 656 185 162 76 2
2 2046 1627 659 185 162 76 2
2 2046 1628 661 185 162 76 2
2 2046 1629 664 186 162 76 2
2 2046 1630 666 186 162 76 2
2 2046 1631 669 186 162 76 2
2 2046 1632 671 186 162 76 2
2 2046 1633 674 186 162 76 2
2 2046 1634 676 186 162 76 2
2 2046 1635 679 187 162 76 2
2 2046 1636 681 187 162 76 2
2 2046 1637 684 187 162 76 2
2 2046 1638 686 187 162 76 2
2 2046 1639 688 187 162 76 2
2 2046 1640 691 188 162 76 2
2 2046 1641 693 188 162 76 2
2 2046 1642 696 188 162 76 2
2 2046 1643 698 188 162 76 2
2 2046 1644 701 188 162 76 2
2 2046 1645 703 188 162 76 2
2 2046 1646 706 189 162 76 2
2 2046 1647 708 189 162 76 2
2 2046 1648 711 189 162 76 2
2 2046 1649 713 189 162 76 2
2 2046 1650 716 189 162 76 2
2 2046 1651 718 190 162 76 2
2 2046 1652 721 190 162 76 2
2 2046 1653 723 190 162 76 2
2 2046 1654 726 190 162 76 2
2 2046 1655 728 190 162 76 2
2 2046 1656 731 190 162 76 2
2 2046 1657 733 191 162 76 2
2 2046 1658 736 191 162 76 2
2 2046 1659 738 191 162 76 2
2 2046 1660 741 191 162 76 2
2 2046 1661 743 191 162 76 2
2 2046 1662 746 192 162 76 2
2 2046 1663 748 191 162 76 2
2 2046 1664 750 191 162 76 2
2 2046 1665 752 191 162 76 2
2 2046 1666 754 190 162 77 2
2 2046 1667 756 190 163 77 2
2 2046 1668 758 190 163 77 2
2 2046 1669 760 189 163 78 2
2 2046 1670 763 189 162 78 2
2 2046 1671 765 189 162 78 2
2 2046 1672 767 188 163 79 2
2 2046 1673 769 188 163 79 2
2 2046 1674 771 188 163 79 2
2 2046 1675 773 187 163 80 2
2 2046 1676 775 187 164 80 2
2 2046 1677 777 187 164 80 2
2 2046 1678 780 186 163 81 2
2 2046 1679 782 186 163 81 2
2 2046 1680 784 186 163 81 2
2 2046 1681 786 185 164 82 2
2 2046 1682 788 185 164 82 2
2 2046 1683 790 185 164 82 2
2 2046 1684 792 184 164 83 2
2 2046 1685 794 184 165 83 2
2 2046 1686 797 184 164 83 2
2 2046 1687 799 183 164 84 2
2 2046 1688 801 183 164 84 2
2 2046 1689 803 183 164 84 2
2 2046 1690 805 182 165 85 2
2 2046 1691 807 182 165 85 2
2 2046 1692 809 182 165 85 2
2 2046 1693 811 181 165 86 2
2 2046 1694 814 181 165 86 2
2 2046 1695 816 181 165 86 2
2 2046 1696 818 180 165 87 2
2 2046 1697 820 180 165 87 2
2 2046 1698 822 180 166 87 2
2 2046 1699 824 179 166 88 2
2 2046 1700 826 179 166 88 2
2 2046 1701 828 179 166 88 2
2 2046 1702 831 179 166 88 2
2 2046 1703 832 178 166 87 2
2 2046 1704 834 177 166 87 2
2 2046 1705 835 177 166 86 2
2 2046 1706 837 176 166 86 2
2 2046 1707 839 176 165 85 2
2 2046 1708 840 175 166 85 2
2 2046 1709 842 174 165 84 2
2 2046 1710 843 174 166 83 2
2 2046 1711 845 173 165 83 2
2 2046 1712 847 173 165 82 2
2 2046 1713 848 172 165 82 2
2 2046 1714 850 171 165 82 2
2 2046 1715 851 171 166 81 2
2 2046 1716 853 170 165 80 2
2 2046 1717 855 170 165 79 2
2 2046 1718 856 169 165 79 2
2 2046 1719 858 168 165 79 2
2 2046 1720 859 168 165 78 2
2 2046 1721 861 167 165 78 2
2 2046 1722 863 167 165 77 2
2 2046 1723 864 165 162 78 2
2 2046 1724 866 164 158 78 2
2 2046 1725 868 163 155 79 2
2 2046 1726 870 162 151 79 2
2 2046 1727 872 160 147 81 2
2 2046 1728 874 159 144 81 2
2 2046 1729 876 158 140 82 2
2 2046 1730 878 157 137 82 2
2 2046 1731 880 155 133 84 2
2 2046 1732 882 154 129 84 2
2 2046 1733 883 153 127 85 2
2 2046 1734 885 152 123 85 2
2 2046 1735 887 150 120 87 2
2 2046 1736 889 149 116 87 2
2 2046 1737 891 148 112 88 2
2 2046 1738 893 147 109 88 2
2 2046 1739 895 145 105 90 2
2 2046 1740 897 144 102 90 2
2 2046 1741 899 143 98 91 2
2 2046 1742 901 142 95 92 2
2 2046 1743 899 141 96 92 2
2 2046 1744 898 140 96 92 2
2 2046 1745 897 139 96 92 2
2 2046 1746 896 138 97 92 2
2 2046 1747 895 137 97 92 2
2 2046 1748 894 136 97 92 2
2 2046 1749 892 135 99 92 2
2 2046 1750 891 134 99 92 2
2 2046 1751 890 133 99 92 2
2 2046 1752 889 132 99 92 2
2 2046 1753 888 131 100 92 2
2 2046 1754 887 130 100 92 2
2 2046 1755 885 129 101 92 2
2 2046 1756 884 128 102 92 2
2 2046 1757 883 127 102 92 2
2 2046 1758 882 126 102 92 2
2 2046 1759 881 125 103 92 2
2 2046 1760 880 124 103 92 2
2 2046 1761 878 123 104 92 2
2 2046 1762 877 122 104 92 2
2 2046 1763 876 121 105 92 2
2 2046 1764 875 120 105 92 2
2 2046 1765 874 119 105 92 2
2 2046 1766 873 118 106 92 2
2 2046 1767 871 117 107 92 2
2 2046 1768 870 116 107 92 2
2 2046 1769 869 115 108 92 2
2 2046 1770 868 114 108 92 2
2 2046 1771 867 113 108 92 2
2 2046 1772 866 113 109 92 2
2 2046 1773 863 112 110 91 2
2 2046 1774 860 111 111 91 2
2 2046 1775 857 111 113 90 2
2 2046 1776 854 110 114 90 2
2 2046 1777 851 110 116 89 2
2 2046 1778 848 109 117 89 2
2 2046 1779 845 109 119 88 2
2 2046 1780 842 108 120 88 2
2 2046 1781 839 108 122 87 2
2 2046 1782 836 107 123 87 2
2 2046 1783 833 107 125 86 2
2 2046 1784 830 106 126 86 2
2 2046 1785 827 106 128 85 2
2 2046 1786 824 105 129 85 2
2 2046 1787 821 105 130 84 2
2 2046 1788 818 104 132 84 2
2 2046 1789 815 103 133 84 2
2 2046 1790 812 103 135 83 2
2 2046 1791 809 102 136 83 2
2 2046 1792 806 102 138 82 2
2 2046 1793 803 101 139 82 2
2 2046 1794 800 101 141 81 2
2 2046 1795 797 100 142 81 2
2 2046 1796 794 100 144 80 2
2 2046 1797 791 99 145 80 2
2 2046 1798 788 99 147 79 2
2 2046 1799 785 98 148 79 2
2 2046 1800 782 98 150 78 2
2 2046 1801 779 97 151 78 2
2 2046 1802 776 97 153 78 2
2 2046 1803 774 96 153 78 2
2 2046 1804 772 95 153 78 2
2 2046 1805 770 94 153 78 2
2 2046 1806 768 93 153 78 2
2 2046 1807 766 92 153 78 2
2 2046 1808 764 91 153 78 2
2 2046 1809 762 90 153 78 2
2 2046 1810 760 89 153 78 2
2 2046 1811 758 88 153 78 2
2 2046 1812 756 88 153 78 2
2 2046 1813 754 87 153 78 2
2 2046 1814 752 86 153 78 2
2 2046 1815 750 85 153 78 2
2 2046 1816 748 84 153 78 2
2 2046 1817 747 83 153 78 2
2 2046 1818 745 82 153 78 2
2 2046 1819 743 81 153 78 2
2 2046 1820 741 80 153 78 2
2 2046 1821 739 79 153 78 2
2 2046 1822 737 79 153 78 2
2 2046 1823 735 78 153 78 2
2 2046 1824 733 77 153 78 2
2 2046 1825 731 76 153 78 2
2 2046 1826 729 75 153 78 2
2 2046 1827 727 74 153 78 2
2 2046 1828 725 73 153 78 2
2 2046 1829 723 72 153 78 2
2 2046 1830 721 71 153 78 2
2 2046 1831 719 70 153 78 2
2 2046 1832 718 70 153 78 2
2 2046 1833 715 69 153 78 2
2 2046 1834 713 69 153 78 2
2 2046 1835 711 68 153 78 2
2 2046 1836 709 68 153 78 2
2 2046 1837 706 67 153 78 2
2 2046 1838 704 67 153 78 2
2 2046 1839 702 66 153 78 2
2 2046 1840 700 66 153 78 2
2 2046 1841 697 66 153 78 2
2 2046 1842 695 65 153 78 2
2 2046 1843 693 65 153 78 2
2 2046 1844 691 64 153 78 2
2 2046 1845 688 64 153 78 2
2 2046 1846 686 63 153 78 2
2 2046 1847 684 63 153 78 2
2 2046 1848 682 63 153 78 2
2 2046 1849 680 62 153 78 2
2 2046 1850 677 62 153 78 2
2 2046 1851 675 61 153 78 2
2 2046 1852 673 61 153 78 2
2 2046 1853 671 60 153 78 2
2 2046 1854 668 60 153 78 2
2 2046 1855 666 60 153 78 2
2 2046 1856 664 59 153 78 2
2 2046 1857 662 59 153 78 2
2 2046 1858 659 58 153 78 2
2 2046 1859 657 58 153 78 2
2 2046 1860 655 57 153 78 2
2 2046 1861 653 57 153 78 2
2 2046 1862 651 57 153 78 2
2 2046 1863 648 56 153 78 2
2 2046 1864 646 56 153 78 2
2 2046 1865 644 55 153 78 2
2 2046 1866 642 55 153 78 2
2 2046 1867 640 54 153 78 2
2 2046 1868 637 54 153 78 2
2 2046 1869 635 53 153 78 2
2 2046 1870 633 53 153 78 2
2 2046 1871 631 52 153 78 2
2 2046 1872 629 52 153 78 2
2 2046 1873 626 51 153 78 2
2 2046 1874 624 51 153 78 2
2 2046 1875 622 50 153 78 2
2 2046 1876 620 50 153 78 2
2 2046 1877 618 49 153 78 2
2 2046 1878 615 49 153 78 2
2 2046 1879 613 48 153 78 2
2 2046 1880 611 48 153 78 2
2 2046 1881 609 47 153 78 2
2 2046 1882 607 47 153 78 2
2 2046 1883 604 46 153 78 2
2 2046 1884 602 46 153 78 2
2 2046 1885 600 45 153 78 2
2 2046 1886 598 45 153 78 2
2 2046 1887 596 44 153 78 2
2 2046 1888 593 44 153 78 2
2 2046 1889 591 43 153 78 2
2 2046 1890 589 43 153 78 2
2 2046 1891 587 42 153 78 2
2 2046 1892 585 42 153 78 2
2 2046 1893 584 40 153 78 2
2 2046 1894 583 39 153 78 2
2 2046 1895 582 38 153 78 2
2 2046 1896 581 36 153 78 2
2 2046 1897 580 35 153 78 2
2 2046 1898 579 34 153 78 2
2 2046 1899 578 33 153 78 2
2 2046 1900 577 31 153 78 2
2 2046 1901 576 30 153 78 2
2 2046 1902 575 29 153 78 2
2 2046 1903 574 28 153 78 2
2 2046 1904 573 26 153 78 2
2 2046 1905 572 25 153 78 2
2 2046 1906 571 24 153 78 2
2 2046 1907 570 23 153 78 2
2 2046 1908 569 21 153 78 2
2 2046 1909 568 20 153 78 2
2 2046 1910 567 19 153 78 2
2 2046 1911 566 17 153 78 2
2 2046 1912 565 16 153 78 2
2 2046 1913 564 15 153 78 2
2 2046 1914 563 14 153 78 2
2 2046 1915 562 12 153 78 2
2 2046 1916 561 11 153 78 2
2 2046 1917 560 10 153 78 2
2 2046 1918 559 9 153 78 2
2 2046 1919 558 7 153 78 2
2 2046 1920 557 6 153 78 2
2 2046 1921 556 5 153 78 2
2 2046 1922 555 4 153 78 2
2 2046 1923 554 3 152 78 2
2 2046 1924 553 3 151 77 2
2 2046 1925 552 3 150 76 2
2 2046 1926 551 3 149 75 2
2 2046 1927 550 3 149 74 2
2 2046 1928 549 2 148 75 2
2 2046 1929 548 2 147 74 2
2 2046 1930 547 2 146 73 2
2 2046 1931 546 2 146 72 2
2 2046 1932 545 2 145 71 2
2 2046 1933 544 2 144 70 2
2 2046 1934 543 1 143 71 2
2 2046 1935 541 1 144 70 2
2 2046 1936 540 1 143 69 2
2 2046 1937 539 1 142 68 2
2 2046 1938 538 1 141 67 2
2 2046 1939 537 0 141 68 2
2 2046 1940 536 0 140 67 2
2 2046 1941 535 0 139 66 2
2 2046 1942 534 0 138 65 2
2 2046 1943 533 0 138 65 2
2 2046 1944 532 0 137 64 2
2 2046 1945 531 0 136 63 2
2 2046 1946 530 0 136 62 2
2 2046 1947 529 0 135 61 2
2 2046 1948 528 0 134 61 2
2 2046 1949 527 0 134 60 2
2 2046 1950 526 0 133 59 2
2 2046 1951 525 0 132 58 2
2 2046 1952 524 0 132 58 2
2 2046 1953 524 0 130 57 2
2 2046 1954 524 0 129 56 2
2 2046 1955 524 0 127 55 2
2 2046 1956 524 0 126 55 2
2 2046 1957 524 0 124 54 2
2 2046 1958 524 0 123 53 2
2 2046 1959 524 0 122 52 2
2 2046 1960 524 0 120 52 2
2 2046 1961 524 0 119 51 2
2 2046 1962 524 0 118 50 2
2 2046 1963 524 0 116 50 2
2 2046 1964 524 0 115 49 2
2 2046 1965 524 0 114 48 2
2 2046 1966 524 0 112 48 2
2 2046 1967 524 0 111 47 2
2 2046 1968 523 0 111 46 2
2 2046 1969 523 0 109 46 2
2 2046 1970 523 0 108 45 2
2 2046 1971 523 0 107 44 2
2 2046 1972 523 0 106 44 2
2 2046 1973 523 0 104 43 2
2 2046 1974 523 0 103 42 2
2 2046 1975 523 0 102 42 2
2 2046 1976 523 0 101 41 2
2 2046 1977 522 0 100 41 2
2 2046 1978 522 0 99 40 2
2 2046 1979 522 0 98 39 2
2 2046 1980 522 0 97 39 2
2 2046 1981 522 0 96 38 2
2 2046 1982 522 0 95 38 2
2 2046 1983 522 0 93 36 2
2 2046 1984 522 0 92 35 2
2 2046 1985 522 0 90 34 2
2 2046 1986 523 0 88 33 2
2 2046 1987 523 0 87 32 2
2 2046 1988 523 0 86 31 2
2 2046 1989 523 0 85 30 2
2 2046 1990 523 0 83 29 2
2 2046 1991 523 0 82 28 2
2 2046 1992 523 0 81 27 2
2 2046 1993 524 0 79 26 2
2 2046 1994 524 0 78 26 2
2 2046 1995 523 0 78 25 2
2 2046 1996 523 0 77 24 2
2 2046 1997 523 0 76 23 2
2 2046 1998 523 0 75 22 2
2 2046 1999 523 0 74 21 2
2 2046 2000 523 0 73 20 2
2 2046 2001 523 0 73 19 2
2 2046 2002 523 0 72 19 2
2 2046 2003 522 0 72 18 2
2 2046 2004 522 0 71 17 2
2 2046 2005 522 0 70 16 2
2 2046 2006 522 0 70 15 2
2 2046 2007 521 0 70 14 2
2 2046 2008 521 0 69 14 2
2 2046 2009 521 0 68 13 2
2 2046 2010 520 0 69 12 2
2 2046 2011 520 0 68 11 2
2 2046 2012 520 0 68 11 2
2 2046 2013 520 0 68 11 2
2 2046 2014 520 0 68 11 2
2 2046 2015 520 0 68 11 2
2 2046 2016 520 0 68 11 2
2 2046 2017 520 0 68 11 2
2 2046 2018 520 0 68 11 2
2 2046 2019 520 0 68 11 2
2 2046 2020 520 0 68 11 2
2 2046 2021 520 0 68 11 2
2 2046 2022 520 0 68 11 2
2 2046 2023 520 0 68 11 2
2 2046 2024 520 0 68 11 2
2 2046 2025 520 0 68 11 2
2 2046 2026 520 0 68 11 2
2 2046 2027 520 0 68 11 2
2 2046 2028 520 0 68 11 2
2 2046 2029 520 0 68 11 2
2 2046 2030 520 0 68 11 2
2 2046 2031 520 0 68 11 2
2 2046 2032 520 0 68 11 2
2 2046 2033 520 0 68 11 2
2 2046 2034 520 0 68 11 2
2 2046 2035 520 0 68 11 2
2 2046 2036 520 0 68 11 2
2 2046 2037 520 0 68 11 2
2 2046 2038 520 0 68 11 2
2 2046 2039 520 0 68 11 2
2 2046 2040 520 0 68 11 2
2 2046 2041 520 0 68 11 2
2 2046 2042 520 0 68 11 2
2 2046 2043 520 0 68 11 2
2 2046 2044 520 0 68 11 2
2 2046 2045 520 0 68 11 2
