44 9 348 1163 1510 1163 0 207 41 31 
44 9 348 1163 1510 1164 0 207 41 34 
44 9 348 1163 1510 1165 0 207 44 34 
44 9 348 1163 1510 1166 0 206 44 37 
44 9 348 1163 1510 1167 0 206 44 40 
44 9 348 1163 1510 1168 0 206 44 40 
44 9 348 1163 1510 1169 0 206 46 42 
44 9 348 1163 1510 1170 0 205 46 45 
44 9 348 1163 1510 1171 2 205 46 45 
44 9 348 1163 1510 1172 2 205 46 48 
44 9 348 1163 1510 1173 4 204 46 51 
44 9 348 1163 1510 1174 5 204 46 52 
44 9 348 1163 1510 1175 5 202 46 54 
44 9 348 1163 1510 1176 7 202 46 54 
44 9 348 1163 1510 1177 7 202 46 54 
44 9 348 1163 1510 1178 9 202 46 54 
44 9 348 1163 1510 1179 9 202 46 54 
44 9 348 1163 1510 1180 11 202 46 54 
44 9 348 1163 1510 1181 11 200 46 54 
44 9 348 1163 1510 1182 12 200 48 54 
44 9 348 1163 1510 1183 12 200 48 54 
44 9 348 1163 1510 1184 14 200 46 54 
44 9 348 1163 1510 1185 14 200 46 54 
44 9 348 1163 1510 1186 16 200 46 54 
44 9 348 1163 1510 1187 16 199 46 52 
44 9 348 1163 1510 1188 18 199 46 52 
44 9 348 1163 1510 1189 18 199 46 52 
44 9 348 1163 1510 1190 20 199 46 52 
44 9 348 1163 1510 1191 20 199 46 52 
44 9 348 1163 1510 1192 21 199 46 52 
44 9 348 1163 1510 1193 21 197 46 52 
44 9 348 1163 1510 1194 23 197 46 52 
44 9 348 1163 1510 1195 23 197 46 52 
44 9 348 1163 1510 1196 25 197 46 52 
44 9 348 1163 1510 1197 25 197 46 52 
44 9 348 1163 1510 1198 27 197 46 52 
44 9 348 1163 1510 1199 28 197 48 52 
44 9 348 1163 1510 1200 28 195 48 54 
44 9 348 1163 1510 1201 28 195 48 51 
44 9 348 1163 1510 1202 30 195 46 51 
44 9 348 1163 1510 1203 30 195 46 51 
44 9 348 1163 1510 1204 32 195 46 51 
44 9 348 1163 1510 1205 32 195 46 51 
44 9 348 1163 1510 1206 34 195 46 51 
44 9 348 1163 1510 1207 34 195 46 51 
44 9 348 1163 1510 1208 36 195 46 51 
44 9 348 1163 1510 1209 36 195 46 51 
44 9 348 1163 1510 1210 37 195 46 51 
44 9 348 1163 1510 1211 37 193 46 54 
44 9 348 1163 1510 1212 37 193 46 54 
44 9 348 1163 1510 1213 39 193 46 54 
44 9 348 1163 1510 1214 39 193 46 54 
44 9 348 1163 1510 1215 41 192 46 57 
44 9 348 1163 1510 1216 41 192 46 57 
44 9 348 1163 1510 1217 41 192 46 57 
44 9 348 1163 1510 1218 43 192 46 57 
44 9 348 1163 1510 1219 43 192 46 57 
44 9 348 1163 1510 1220 44 192 48 58 
44 9 348 1163 1510 1221 44 192 48 57 
44 9 348 1163 1510 1222 46 192 46 57 
44 9 348 1163 1510 1223 48 192 46 57 
44 9 348 1163 1510 1224 50 192 46 57 
44 9 348 1163 1510 1225 52 195 46 54 
44 9 348 1163 1510 1226 52 195 46 54 
44 9 348 1163 1510 1227 53 195 46 54 
44 9 348 1163 1510 1228 55 195 46 54 
44 9 348 1163 1510 1229 57 195 46 54 
44 9 348 1163 1510 1230 59 197 46 51 
44 9 348 1163 1510 1231 59 195 46 51 
44 9 348 1163 1510 1232 59 195 46 51 
44 9 348 1163 1510 1233 60 195 48 51 
44 9 348 1163 1510 1234 60 195 48 51 
44 9 348 1163 1510 1235 62 195 46 51 
44 9 348 1163 1510 1236 62 193 46 51 
44 9 348 1163 1510 1237 62 193 46 51 
44 9 348 1163 1510 1238 64 193 46 51 
44 9 348 1163 1510 1239 64 193 46 51 
44 9 348 1163 1510 1240 66 193 46 51 
44 9 348 1163 1510 1241 66 191 46 54 
44 9 348 1163 1510 1242 66 191 46 54 
44 9 348 1163 1510 1243 68 191 46 54 
44 9 348 1163 1510 1244 68 191 46 54 
44 9 348 1163 1510 1245 69 190 46 57 
44 9 348 1163 1510 1246 69 189 46 58 
44 9 348 1163 1510 1247 69 189 46 58 
44 9 348 1163 1510 1248 71 189 46 58 
44 9 348 1163 1510 1249 71 189 46 58 
44 9 348 1163 1510 1250 73 188 46 61 
44 9 348 1163 1510 1251 73 186 46 61 
44 9 348 1163 1510 1252 75 186 46 61 
44 9 348 1163 1510 1253 75 186 46 61 
44 9 348 1163 1510 1254 76 186 48 61 
44 9 348 1163 1510 1255 76 186 48 61 
44 9 348 1163 1510 1256 78 187 46 58 
44 9 348 1163 1510 1257 78 187 46 58 
44 9 348 1163 1510 1258 80 187 46 58 
44 9 348 1163 1510 1259 80 187 46 58 
44 9 348 1163 1510 1260 82 187 46 58 
44 9 348 1163 1510 1261 82 187 46 55 
44 9 348 1163 1510 1262 84 187 46 55 
44 9 348 1163 1510 1263 84 187 46 55 
44 9 348 1163 1510 1264 85 187 46 55 
44 9 348 1163 1510 1265 87 187 46 55 
44 9 348 1163 1510 1266 87 187 46 55 
44 9 348 1163 1510 1267 89 187 46 55 
44 9 348 1163 1510 1268 89 187 46 55 
44 9 348 1163 1510 1269 91 187 46 55 
44 9 348 1163 1510 1270 92 187 48 55 
44 9 348 1163 1510 1271 92 185 48 55 
44 9 348 1163 1510 1272 92 185 48 55 
44 9 348 1163 1510 1273 92 185 48 55 
44 9 348 1163 1510 1274 92 185 48 55 
44 9 348 1163 1510 1275 94 185 46 55 
44 9 348 1163 1510 1276 94 185 46 55 
44 9 348 1163 1510 1277 94 185 46 55 
44 9 348 1163 1510 1278 94 185 46 55 
44 9 348 1163 1510 1279 94 185 46 55 
44 9 348 1163 1510 1280 96 185 46 55 
44 9 348 1163 1510 1281 96 183 46 58 
44 9 348 1163 1510 1282 98 183 46 58 
44 9 348 1163 1510 1283 98 183 46 58 
44 9 348 1163 1510 1284 100 183 46 58 
44 9 348 1163 1510 1285 100 183 46 58 
44 9 348 1163 1510 1286 101 183 46 58 
44 9 348 1163 1510 1287 101 183 46 58 
44 9 348 1163 1510 1288 103 183 46 58 
44 9 348 1163 1510 1289 103 183 46 58 
44 9 348 1163 1510 1290 105 183 46 58 
44 9 348 1163 1510 1291 105 183 46 58 
44 9 348 1163 1510 1292 107 183 46 58 
44 9 348 1163 1510 1293 107 183 46 58 
44 9 348 1163 1510 1294 108 183 48 58 
44 9 348 1163 1510 1295 110 183 46 58 
44 9 348 1163 1510 1296 110 183 46 58 
44 9 348 1163 1510 1297 112 183 46 58 
44 9 348 1163 1510 1298 112 183 46 58 
44 9 348 1163 1510 1299 114 183 46 58 
44 9 348 1163 1510 1300 116 183 46 58 
44 9 348 1163 1510 1301 116 182 46 58 
44 9 348 1163 1510 1302 116 182 46 58 
44 9 348 1163 1510 1303 116 182 46 58 
44 9 348 1163 1510 1304 117 182 46 58 
44 9 348 1163 1510 1305 117 182 46 58 
44 9 348 1163 1510 1306 117 179 46 61 
44 9 348 1163 1510 1307 119 179 46 61 
44 9 348 1163 1510 1308 119 179 46 61 
44 9 348 1163 1510 1309 119 179 46 61 
44 9 348 1163 1510 1310 121 179 46 61 
44 9 348 1163 1510 1311 121 177 46 61 
44 9 348 1163 1510 1312 121 177 46 61 
44 9 348 1163 1510 1313 121 177 46 61 
44 9 348 1163 1510 1314 123 177 46 61 
44 9 348 1163 1510 1315 123 177 46 61 
44 9 348 1163 1510 1316 123 177 46 61 
44 9 348 1163 1510 1317 124 177 48 61 
44 9 348 1163 1510 1318 124 177 48 61 
44 9 348 1163 1510 1319 124 177 48 61 
44 9 348 1163 1510 1320 126 177 46 61 
44 9 348 1163 1510 1321 126 178 46 58 
44 9 348 1163 1510 1322 128 178 46 58 
44 9 348 1163 1510 1323 130 178 46 58 
44 9 348 1163 1510 1324 130 178 46 58 
44 9 348 1163 1510 1325 132 178 46 58 
44 9 348 1163 1510 1326 133 178 46 58 
44 9 348 1163 1510 1327 133 178 46 58 
44 9 348 1163 1510 1328 135 178 46 58 
44 9 348 1163 1510 1329 137 178 46 58 
44 9 348 1163 1510 1330 139 178 46 58 
44 9 348 1163 1510 1331 139 176 46 58 
44 9 348 1163 1510 1332 140 176 48 58 
44 9 348 1163 1510 1333 142 176 46 58 
44 9 348 1163 1510 1334 142 176 46 58 
44 9 348 1163 1510 1335 144 176 46 58 
44 9 348 1163 1510 1336 146 174 46 60 
44 9 348 1163 1510 1337 146 174 46 60 
44 9 348 1163 1510 1338 148 174 46 60 
44 9 348 1163 1510 1339 149 174 46 60 
44 9 348 1163 1510 1340 151 174 46 60 
44 9 348 1163 1510 1341 151 174 46 60 
44 9 348 1163 1510 1342 151 174 46 60 
44 9 348 1163 1510 1343 151 174 46 60 
44 9 348 1163 1510 1344 153 174 46 60 
44 9 348 1163 1510 1345 153 174 46 60 
44 9 348 1163 1510 1346 153 174 46 60 
44 9 348 1163 1510 1347 155 174 46 60 
44 9 348 1163 1510 1348 155 174 46 60 
44 9 348 1163 1510 1349 155 174 46 60 
44 9 348 1163 1510 1350 156 176 48 58 
44 9 348 1163 1510 1351 156 173 48 61 
44 9 348 1163 1510 1352 156 173 48 61 
44 9 348 1163 1510 1353 156 173 48 61 
44 9 348 1163 1510 1354 158 173 46 61 
44 9 348 1163 1510 1355 158 173 46 64 
44 9 348 1163 1510 1356 158 173 46 64 
44 9 348 1163 1510 1357 160 173 46 64 
44 9 348 1163 1510 1358 160 173 46 64 
44 9 348 1163 1510 1359 160 173 46 64 
44 9 348 1163 1510 1360 162 172 46 67 
44 9 348 1163 1510 1361 162 172 46 66 
44 9 348 1163 1510 1362 162 172 46 66 
44 9 348 1163 1510 1363 162 172 46 66 
44 9 348 1163 1510 1364 162 172 46 63 
44 9 348 1163 1510 1365 162 172 46 63 
44 9 348 1163 1510 1366 162 172 46 63 
44 9 348 1163 1510 1367 162 172 46 61 
44 9 348 1163 1510 1368 162 172 46 61 
44 9 348 1163 1510 1369 162 172 46 61 
44 9 348 1163 1510 1370 162 172 46 61 
44 9 348 1163 1510 1371 162 170 46 64 
44 9 348 1163 1510 1372 164 170 46 64 
44 9 348 1163 1510 1373 165 170 46 64 
44 9 348 1163 1510 1374 165 170 46 64 
44 9 348 1163 1510 1375 167 170 46 64 
44 9 348 1163 1510 1376 169 170 46 64 
44 9 348 1163 1510 1377 169 170 46 64 
44 9 348 1163 1510 1378 171 170 46 64 
44 9 348 1163 1510 1379 172 170 48 64 
44 9 348 1163 1510 1380 174 170 46 66 
44 9 348 1163 1510 1381 174 170 46 66 
44 9 348 1163 1510 1382 174 170 46 66 
44 9 348 1163 1510 1383 176 170 46 66 
44 9 348 1163 1510 1384 176 170 46 66 
44 9 348 1163 1510 1385 178 170 46 66 
44 9 348 1163 1510 1386 178 170 46 66 
44 9 348 1163 1510 1387 178 170 46 66 
44 9 348 1163 1510 1388 180 170 46 66 
44 9 348 1163 1510 1389 180 170 46 66 
44 9 348 1163 1510 1390 181 170 46 66 
44 9 348 1163 1510 1391 181 170 46 66 
44 9 348 1163 1510 1392 183 170 46 66 
44 9 348 1163 1510 1393 183 170 46 66 
44 9 348 1163 1510 1394 185 170 46 66 
44 9 348 1163 1510 1395 185 170 46 66 
44 9 348 1163 1510 1396 187 170 46 66 
44 9 348 1163 1510 1397 187 170 46 66 
44 9 348 1163 1510 1398 188 170 48 66 
44 9 348 1163 1510 1399 188 170 48 66 
44 9 348 1163 1510 1400 190 169 46 69 
44 9 348 1163 1510 1401 190 170 46 66 
44 9 348 1163 1510 1402 192 170 46 66 
44 9 348 1163 1510 1403 194 170 46 66 
44 9 348 1163 1510 1404 194 170 46 64 
44 9 348 1163 1510 1405 196 170 46 64 
44 9 348 1163 1510 1406 197 170 46 64 
44 9 348 1163 1510 1407 197 170 46 61 
44 9 348 1163 1510 1408 199 170 46 61 
44 9 348 1163 1510 1409 201 170 46 61 
44 9 348 1163 1510 1410 203 170 46 61 
44 9 348 1163 1510 1411 203 168 46 61 
44 9 348 1163 1510 1412 203 168 46 61 
44 9 348 1163 1510 1413 203 168 46 61 
44 9 348 1163 1510 1414 204 168 48 61 
44 9 348 1163 1510 1415 204 168 48 61 
44 9 348 1163 1510 1416 204 168 48 61 
44 9 348 1163 1510 1417 206 168 46 61 
44 9 348 1163 1510 1418 206 168 46 61 
44 9 348 1163 1510 1419 206 168 46 61 
44 9 348 1163 1510 1420 208 168 46 61 
44 9 348 1163 1510 1421 208 168 46 61 
44 9 348 1163 1510 1422 208 168 46 61 
44 9 348 1163 1510 1423 208 168 46 61 
44 9 348 1163 1510 1424 210 171 46 58 
44 9 348 1163 1510 1425 210 171 46 58 
44 9 348 1163 1510 1426 210 171 46 58 
44 9 348 1163 1510 1427 212 173 46 55 
44 9 348 1163 1510 1428 212 173 46 55 
44 9 348 1163 1510 1429 212 173 46 55 
44 9 348 1163 1510 1430 213 174 46 57 
44 9 348 1163 1510 1431 213 173 46 55 
44 9 348 1163 1510 1432 213 173 46 55 
44 9 348 1163 1510 1433 213 173 46 55 
44 9 348 1163 1510 1434 215 171 46 55 
44 9 348 1163 1510 1435 215 171 46 55 
44 9 348 1163 1510 1436 215 171 46 55 
44 9 348 1163 1510 1437 217 169 46 55 
44 9 348 1163 1510 1438 217 169 46 55 
44 9 348 1163 1510 1439 217 169 46 55 
44 9 348 1163 1510 1440 219 169 46 55 
44 9 348 1163 1510 1441 219 167 46 57 
44 9 348 1163 1510 1442 219 167 46 57 
44 9 348 1163 1510 1443 219 167 46 57 
44 9 348 1163 1510 1444 220 167 48 57 
44 9 348 1163 1510 1445 220 167 48 57 
44 9 348 1163 1510 1446 220 167 48 57 
44 9 348 1163 1510 1447 222 167 46 57 
44 9 348 1163 1510 1448 222 167 46 57 
44 9 348 1163 1510 1449 222 167 46 57 
44 9 348 1163 1510 1450 224 167 46 57 
44 9 348 1163 1510 1451 224 168 46 54 
44 9 348 1163 1510 1452 226 168 46 54 
44 9 348 1163 1510 1453 226 168 46 54 
44 9 348 1163 1510 1454 228 170 46 51 
44 9 348 1163 1510 1455 228 170 46 51 
44 9 348 1163 1510 1456 229 171 46 48 
44 9 348 1163 1510 1457 229 173 46 45 
44 9 348 1163 1510 1458 231 173 46 45 
44 9 348 1163 1510 1459 231 173 46 45 
44 9 348 1163 1510 1460 233 176 46 42 
44 9 348 1163 1510 1461 233 173 46 45 
44 9 348 1163 1510 1462 233 173 46 48 
44 9 348 1163 1510 1463 233 173 46 48 
44 9 348 1163 1510 1464 235 172 46 51 
44 9 348 1163 1510 1465 235 172 46 51 
44 9 348 1163 1510 1466 235 172 46 52 
44 9 348 1163 1510 1467 236 172 48 52 
44 9 348 1163 1510 1468 236 171 48 55 
44 9 348 1163 1510 1469 236 171 48 55 
44 9 348 1163 1510 1470 238 171 46 58 
44 9 348 1163 1510 1471 238 169 46 58 
44 9 348 1163 1510 1472 238 169 46 58 
44 9 348 1163 1510 1473 240 167 46 58 
44 9 348 1163 1510 1474 240 167 46 58 
44 9 348 1163 1510 1475 242 167 46 57 
44 9 348 1163 1510 1476 242 166 46 58 
44 9 348 1163 1510 1477 242 166 46 55 
44 9 348 1163 1510 1478 244 164 46 58 
44 9 348 1163 1510 1479 244 164 46 55 
44 9 348 1163 1510 1480 245 164 46 55 
44 9 348 1163 1510 1481 245 165 46 52 
44 9 348 1163 1510 1482 245 165 46 52 
44 9 348 1163 1510 1483 245 165 46 52 
44 9 348 1163 1510 1484 245 165 46 52 
44 9 348 1163 1510 1485 247 165 46 52 
44 9 348 1163 1510 1486 247 165 46 51 
44 9 348 1163 1510 1487 247 165 46 51 
44 9 348 1163 1510 1488 247 165 46 51 
44 9 348 1163 1510 1489 247 165 46 51 
44 9 348 1163 1510 1490 249 165 46 51 
44 9 348 1163 1510 1491 249 166 46 48 
44 9 348 1163 1510 1492 249 166 46 48 
44 9 348 1163 1510 1493 249 166 46 48 
44 9 348 1163 1510 1494 251 166 46 48 
44 9 348 1163 1510 1495 251 166 46 48 
44 9 348 1163 1510 1496 251 166 46 48 
44 9 348 1163 1510 1497 252 166 48 48 
44 9 348 1163 1510 1498 252 166 48 48 
44 9 348 1163 1510 1499 252 166 48 48 
44 9 348 1163 1510 1500 254 168 46 45 
44 9 348 1163 1510 1501 254 168 46 45 
44 9 348 1163 1510 1502 254 168 46 48 
44 9 348 1163 1510 1503 253 168 50 48 
44 9 348 1163 1510 1504 253 167 50 49 
44 9 348 1163 1510 1505 255 168 50 51 
44 9 348 1163 1510 1506 255 168 50 51 
44 9 348 1163 1510 1507 255 168 50 54 
44 9 348 1163 1510 1508 254 168 54 54 
44 9 348 1163 1510 1509 254 167 54 57 
44 9 348 1163 1510 1510 257 169 52 55 
