0 120 711 262 76 36 36 1
0 120 712 264 76 36 39 1
0 120 713 266 76 37 42 1
0 120 714 268 77 37 44 1
0 120 715 271 77 37 47 1
0 120 716 273 78 38 49 1
0 120 717 275 78 38 52 1
0 120 718 277 78 39 55 1
0 120 719 279 78 40 59 1
0 120 720 281 78 41 62 1
0 120 721 284 79 42 65 1
0 120 722 285 79 42 65 1
0 120 723 287 79 42 65 1
0 120 724 288 79 42 65 1
0 120 725 290 79 42 65 1
0 120 726 291 79 43 65 1
0 120 727 293 79 42 66 1
0 120 728 295 80 42 65 1
0 120 729 296 80 43 65 1
0 120 730 298 80 42 65 1
0 120 731 299 80 43 65 1
0 120 732 301 80 43 66 1
0 120 733 302 80 43 66 1
0 120 734 304 80 43 66 1
0 120 735 306 81 43 65 1
0 120 736 307 81 43 65 1
0 120 737 309 81 43 66 1
0 120 738 310 81 44 66 1
0 120 739 312 81 43 66 1
0 120 740 313 81 44 66 1
0 120 741 315 82 43 65 1
0 120 742 317 82 43 66 1
0 120 743 318 82 44 66 1
0 120 744 320 82 43 66 1
0 120 745 321 82 44 66 1
0 120 746 323 82 44 66 1
0 120 747 324 82 44 67 1
0 120 748 326 83 44 66 1
0 120 749 328 83 44 66 1
0 120 750 329 83 44 66 1
0 120 751 331 83 44 66 1
0 120 752 332 83 45 67 1
0 120 753 334 83 44 67 1
0 120 754 335 83 45 67 1
0 120 755 337 84 45 66 1
0 120 756 339 84 44 66 1
0 120 757 340 84 45 67 1
0 120 758 342 84 45 67 1
0 120 759 343 84 45 67 1
0 120 760 345 84 45 67 1
0 120 761 347 85 45 67 1
0 120 762 349 83 44 63 1
0 120 763 351 82 44 59 1
0 120 764 353 81 44 56 1
0 120 765 355 80 44 52 1
0 120 766 357 79 44 48 1
0 120 767 359 77 44 45 1
0 120 768 361 76 44 41 1
0 120 769 363 74 44 39 1
0 120 770 365 73 44 35 1
0 120 771 367 72 45 32 1
0 120 772 367 72 44 31 1
0 120 773 367 72 44 31 1
0 120 774 368 72 43 31 1
0 120 775 368 72 43 31 1
0 120 776 369 73 42 30 1
0 120 777 369 73 42 30 1
0 120 778 370 73 41 30 1
0 120 779 370 73 41 30 1
0 120 780 371 74 40 29 1
0 120 781 371 74 40 29 1
0 120 782 372 74 39 29 1
0 120 783 372 74 38 29 1
0 120 784 372 75 38 28 1
0 120 785 373 75 37 28 1
0 120 786 373 75 37 28 1
0 120 787 374 75 36 27 1
0 120 788 374 75 36 27 1
0 120 789 375 76 35 26 1
0 120 790 375 76 35 26 1
0 120 791 375 76 35 26 1
0 120 792 376 76 34 26 1
0 120 793 376 77 34 25 1
0 120 794 377 77 33 25 1
0 120 795 377 77 33 25 1
0 120 796 377 77 33 25 1
0 120 797 378 77 32 25 1
0 120 798 378 78 32 24 1
0 120 799 379 78 31 24 1
0 120 800 379 78 31 24 1
0 120 801 380 78 30 24 1
0 120 802 380 78 30 24 1
0 120 803 380 79 30 23 1
0 120 804 381 79 28 23 1
0 120 805 381 79 28 23 1
0 120 806 382 79 27 23 1
0 120 807 382 79 27 23 1
0 120 808 382 80 27 22 1
0 120 809 383 80 26 22 1
0 120 810 383 80 26 22 1
0 120 811 383 80 26 22 1
0 120 812 384 80 25 22 1
0 120 813 384 80 25 22 1
0 120 814 385 81 24 21 1
0 120 815 385 81 24 21 1
0 120 816 385 81 24 21 1
0 120 817 386 81 23 21 1
0 120 818 386 81 23 21 1
0 120 819 386 82 23 20 1
0 120 820 387 82 22 20 1
0 120 821 387 82 22 20 1
0 120 822 388 82 21 20 1
0 120 823 388 82 21 20 1
0 120 824 388 82 21 20 1
0 120 825 389 83 20 19 1
0 120 826 389 83 20 19 1
0 120 827 389 83 20 19 1
0 120 828 390 83 19 18 1
0 120 829 390 83 19 18 1
0 120 830 391 84 19 18 1
1 866 476 398 3 74 73 2
1 866 477 397 3 75 74 2
1 866 478 397 4 75 74 2
1 866 479 397 5 75 74 2
1 866 480 397 6 75 74 2
1 866 481 397 7 75 74 2
1 866 482 397 8 75 75 2
1 866 483 397 9 75 75 2
1 866 484 397 10 75 75 2
1 866 485 397 11 75 75 2
1 866 486 397 12 75 75 2
1 866 487 397 13 75 75 2
1 866 488 397 14 75 76 2
1 866 489 397 15 75 76 2
1 866 490 397 15 75 77 2
1 866 491 397 16 76 77 2
1 866 492 397 17 76 77 2
1 866 493 397 18 76 77 2
1 866 494 397 19 76 78 2
1 866 495 397 20 76 78 2
1 866 496 397 21 76 78 2
1 866 497 396 22 77 78 2
1 866 498 396 23 77 78 2
1 866 499 396 24 77 78 2
1 866 500 396 25 77 79 2
1 866 501 396 26 77 79 2
1 866 502 396 27 77 79 2
1 866 503 396 28 77 79 2
1 866 504 396 28 78 80 2
1 866 505 396 29 78 81 2
1 866 506 396 30 78 81 2
1 866 507 396 31 78 81 2
1 866 508 396 32 78 81 2
1 866 509 396 33 78 81 2
1 866 510 396 34 78 81 2
1 866 511 396 35 78 82 2
1 866 512 396 36 78 82 2
1 866 513 396 37 78 82 2
1 866 514 396 38 78 82 2
1 866 515 395 39 79 82 2
1 866 516 396 40 79 83 2
1 866 517 395 40 79 83 2
1 866 518 395 40 79 84 2
1 866 519 395 41 79 83 2
1 866 520 395 41 79 84 2
1 866 521 395 42 79 84 2
1 866 522 395 42 79 84 2
1 866 523 395 42 79 85 2
1 866 524 394 43 79 85 2
1 866 525 394 43 79 85 2
1 866 526 394 44 79 85 2
1 866 527 394 44 79 86 2
1 866 528 394 45 79 85 2
1 866 529 394 45 79 86 2
1 866 530 394 45 79 86 2
1 866 531 393 46 79 86 2
1 866 532 393 46 79 87 2
1 866 533 393 47 79 86 2
1 866 534 393 47 79 87 2
1 866 535 393 48 79 87 2
1 866 536 393 48 79 87 2
1 866 537 393 48 79 88 2
1 866 538 392 49 79 88 2
1 866 539 392 49 79 88 2
1 866 540 392 50 79 88 2
1 866 541 392 50 79 88 2
1 866 542 392 50 79 89 2
1 866 543 392 51 79 89 2
1 866 544 392 51 79 89 2
1 866 545 391 52 79 89 2
1 866 546 391 52 79 90 2
1 866 547 391 53 79 89 2
1 866 548 391 53 79 90 2
1 866 549 391 53 79 91 2
1 866 550 391 54 79 90 2
1 866 551 391 54 79 91 2
1 866 552 390 55 79 91 2
1 866 553 390 55 79 91 2
1 866 554 390 55 79 92 2
1 866 555 390 56 79 91 2
1 866 556 390 56 79 92 2
1 866 557 390 57 79 92 2
1 866 558 390 57 79 92 2
1 866 559 389 58 79 92 2
1 866 560 389 58 79 93 2
1 866 561 389 58 79 93 2
1 866 562 389 59 79 93 2
1 866 563 389 59 79 94 2
1 866 564 389 60 79 93 2
1 866 565 389 60 79 94 2
1 866 566 389 61 79 94 2
1 866 567 388 61 79 94 2
1 866 568 388 61 79 94 2
1 866 569 388 61 79 94 2
1 866 570 388 61 79 94 2
1 866 571 388 62 79 94 2
1 866 572 388 62 79 94 2
1 866 573 388 62 79 94 2
1 866 574 388 62 79 94 2
1 866 575 388 62 79 94 2
1 866 576 388 63 79 94 2
1 866 577 387 63 79 94 2
1 866 578 387 63 79 94 2
1 866 579 387 63 79 94 2
1 866 580 387 63 79 94 2
1 866 581 387 64 79 94 2
1 866 582 387 64 79 94 2
1 866 583 387 64 79 94 2
1 866 584 387 64 79 94 2
1 866 585 387 64 79 94 2
1 866 586 387 65 79 94 2
1 866 587 386 65 79 94 2
1 866 588 386 65 79 94 2
1 866 589 386 65 79 94 2
1 866 590 386 65 79 94 2
1 866 591 386 66 79 94 2
1 866 592 386 66 79 94 2
1 866 593 386 66 79 94 2
1 866 594 386 66 79 94 2
1 866 595 386 66 79 94 2
1 866 596 386 67 79 94 2
1 866 597 385 67 79 94 2
1 866 598 385 67 79 94 2
1 866 599 385 67 79 94 2
1 866 600 385 67 79 94 2
1 866 601 385 68 79 94 2
1 866 602 385 68 79 94 2
1 866 603 385 68 79 94 2
1 866 604 385 68 79 94 2
1 866 605 385 68 79 94 2
1 866 606 385 69 79 94 2
1 866 607 384 69 79 94 2
1 866 608 384 69 79 94 2
1 866 609 384 69 79 94 2
1 866 610 384 69 79 94 2
1 866 611 384 70 79 94 2
1 866 612 384 70 79 94 2
1 866 613 384 70 79 94 2
1 866 614 384 70 79 94 2
1 866 615 384 70 79 94 2
1 866 616 384 71 79 94 2
1 866 617 383 71 79 94 2
1 866 618 383 71 79 94 2
1 866 619 383 71 79 94 2
1 866 620 383 71 79 94 2
1 866 621 383 72 79 94 2
1 866 622 383 72 79 94 2
1 866 623 383 72 79 94 2
1 866 624 383 72 79 94 2
1 866 625 383 72 79 94 2
1 866 626 383 73 79 94 2
1 866 627 382 73 79 94 2
1 866 628 382 73 79 94 2
1 866 629 382 73 79 94 2
1 866 630 382 73 79 94 2
1 866 631 382 74 79 94 2
1 866 632 382 74 79 94 2
1 866 633 382 74 79 94 2
1 866 634 382 74 79 94 2
1 866 635 382 74 79 94 2
1 866 636 382 75 79 94 2
1 866 637 381 74 79 94 2
1 866 638 381 74 79 94 2
1 866 639 381 74 79 94 2
1 866 640 381 74 79 94 2
1 866 641 381 74 79 94 2
1 866 642 381 74 79 94 2
1 866 643 381 74 79 94 2
1 866 644 381 74 79 94 2
1 866 645 381 74 79 94 2
1 866 646 381 74 79 94 2
1 866 647 381 74 79 94 2
1 866 648 381 74 79 94 2
1 866 649 381 74 79 94 2
1 866 650 381 74 79 94 2
1 866 651 381 74 79 94 2
1 866 652 381 74 79 94 2
1 866 653 381 74 79 94 2
1 866 654 381 74 79 94 2
1 866 655 381 74 79 94 2
1 866 656 381 74 79 94 2
1 866 657 381 74 79 94 2
1 866 658 381 74 79 94 2
1 866 659 381 74 79 94 2
1 866 660 381 74 79 94 2
1 866 661 381 74 79 94 2
1 866 662 381 74 79 94 2
1 866 663 381 74 79 94 2
1 866 664 381 74 79 94 2
1 866 665 381 74 79 94 2
1 866 666 381 74 79 94 2
1 866 667 381 74 79 94 2
1 866 668 381 74 79 94 2
1 866 669 381 74 79 94 2
1 866 670 381 74 79 94 2
1 866 671 381 74 79 94 2
1 866 672 381 74 79 94 2
1 866 673 381 74 79 94 2
1 866 674 381 74 79 94 2
1 866 675 381 74 79 94 2
1 866 676 381 74 79 94 2
1 866 677 381 74 79 94 2
1 866 678 381 74 79 94 2
1 866 679 381 74 79 94 2
1 866 680 381 74 79 94 2
1 866 681 381 74 79 94 2
1 866 682 381 74 79 94 2
1 866 683 381 74 79 94 2
1 866 684 381 74 79 94 2
1 866 685 381 74 79 94 2
1 866 686 381 74 79 94 2
1 866 687 381 74 79 94 2
1 866 688 381 74 79 94 2
1 866 689 381 74 79 94 2
1 866 690 381 74 79 94 2
1 866 691 381 74 79 94 2
1 866 692 381 74 79 94 2
1 866 693 381 74 79 94 2
1 866 694 381 74 79 94 2
1 866 695 381 74 79 94 2
1 866 696 381 74 79 94 2
1 866 697 381 74 79 94 2
1 866 698 381 74 79 94 2
1 866 699 381 74 79 94 2
1 866 700 381 74 79 94 2
1 866 701 381 74 79 94 2
1 866 702 381 74 79 94 2
1 866 703 381 74 79 94 2
1 866 704 381 74 79 94 2
1 866 705 381 74 79 94 2
1 866 706 381 74 79 94 2
1 866 707 381 74 79 94 2
1 866 708 381 74 79 94 2
1 866 709 381 74 79 94 2
1 866 710 381 74 79 94 2
1 866 711 381 74 79 94 2
1 866 712 381 74 79 94 2
1 866 713 381 74 79 94 2
1 866 714 381 74 79 94 2
1 866 715 381 74 79 94 2
1 866 716 381 74 79 94 2
1 866 717 381 74 79 94 2
1 866 718 381 74 79 94 2
1 866 719 381 74 79 94 2
1 866 720 381 74 79 94 2
1 866 721 381 74 79 94 2
1 866 722 381 74 79 94 2
1 866 723 381 74 79 94 2
1 866 724 381 74 79 94 2
1 866 725 381 74 79 94 2
1 866 726 381 74 79 94 2
1 866 727 381 74 79 94 2
1 866 728 381 74 79 94 2
1 866 729 381 74 79 94 2
1 866 730 381 74 79 94 2
1 866 731 381 74 79 94 2
1 866 732 381 74 79 94 2
1 866 733 381 74 79 94 2
1 866 734 381 74 79 94 2
1 866 735 381 74 79 94 2
1 866 736 381 74 79 94 2
1 866 737 381 74 79 94 2
1 866 738 381 74 78 94 2
1 866 739 381 74 78 94 2
1 866 740 381 74 78 94 2
1 866 741 381 74 78 94 2
1 866 742 381 74 78 94 2
1 866 743 381 74 78 94 2
1 866 744 381 74 78 94 2
1 866 745 381 74 78 94 2
1 866 746 381 74 78 94 2
1 866 747 381 74 78 94 2
1 866 748 381 74 78 94 2
1 866 749 381 74 78 94 2
1 866 750 381 74 78 94 2
1 866 751 381 74 78 94 2
1 866 752 381 74 78 94 2
1 866 753 381 74 78 94 2
1 866 754 381 74 78 94 2
1 866 755 381 74 78 94 2
1 866 756 381 74 78 94 2
1 866 757 381 74 78 94 2
1 866 758 381 74 78 94 2
1 866 759 381 74 78 94 2
1 866 760 381 74 78 94 2
1 866 761 381 74 78 94 2
1 866 762 381 74 78 94 2
1 866 763 381 74 78 94 2
1 866 764 381 74 78 94 2
1 866 765 381 74 78 94 2
1 866 766 381 74 78 94 2
1 866 767 381 74 78 94 2
1 866 768 381 74 78 94 2
1 866 769 381 74 78 94 2
1 866 770 381 74 78 94 2
1 866 771 381 74 78 94 2
1 866 772 381 74 78 94 2
1 866 773 381 74 78 94 2
1 866 774 381 74 78 94 2
1 866 775 381 74 78 94 2
1 866 776 381 74 78 94 2
1 866 777 381 74 78 94 2
1 866 778 381 74 78 94 2
1 866 779 381 74 78 94 2
1 866 780 381 74 78 94 2
1 866 781 381 74 78 94 2
1 866 782 381 74 78 94 2
1 866 783 381 74 78 94 2
1 866 784 381 74 78 94 2
1 866 785 381 74 78 94 2
1 866 786 381 74 78 94 2
1 866 787 381 74 78 94 2
1 866 788 381 74 78 94 2
1 866 789 381 74 78 94 2
1 866 790 381 74 78 94 2
1 866 791 381 74 78 94 2
1 866 792 381 74 78 94 2
1 866 793 381 74 78 94 2
1 866 794 381 74 78 94 2
1 866 795 381 74 78 94 2
1 866 796 381 74 78 94 2
1 866 797 381 74 78 94 2
1 866 798 381 74 78 94 2
1 866 799 381 74 78 94 2
1 866 800 381 74 78 94 2
1 866 801 381 74 78 94 2
1 866 802 381 74 78 94 2
1 866 803 381 74 78 94 2
1 866 804 381 74 78 94 2
1 866 805 381 74 78 94 2
1 866 806 381 74 78 94 2
1 866 807 381 74 78 94 2
1 866 808 381 74 78 94 2
1 866 809 381 74 78 94 2
1 866 810 381 74 78 94 2
1 866 811 381 74 78 94 2
1 866 812 381 74 78 94 2
1 866 813 381 74 78 94 2
1 866 814 381 74 78 94 2
1 866 815 381 74 78 94 2
1 866 816 381 74 78 94 2
1 866 817 381 74 78 94 2
1 866 818 381 74 78 94 2
1 866 819 381 74 78 94 2
1 866 820 381 74 78 94 2
1 866 821 381 74 78 94 2
1 866 822 381 74 78 94 2
1 866 823 381 74 78 94 2
1 866 824 381 74 78 94 2
1 866 825 381 74 78 94 2
1 866 826 381 74 78 94 2
1 866 827 381 74 78 94 2
1 866 828 381 74 78 94 2
1 866 829 381 74 78 94 2
1 866 830 381 74 78 94 2
1 866 831 381 74 78 94 2
1 866 832 381 74 78 94 2
1 866 833 381 74 78 94 2
1 866 834 381 74 78 94 2
1 866 835 381 74 78 94 2
1 866 836 381 74 78 94 2
1 866 837 381 74 78 94 2
1 866 838 381 74 78 94 2
1 866 839 381 74 78 94 2
1 866 840 381 74 77 94 2
1 866 841 381 74 77 94 2
1 866 842 381 74 77 94 2
1 866 843 381 74 77 94 2
1 866 844 381 74 77 94 2
1 866 845 381 74 77 94 2
1 866 846 381 74 77 94 2
1 866 847 381 74 77 94 2
1 866 848 381 74 77 94 2
1 866 849 381 74 77 94 2
1 866 850 381 74 77 94 2
1 866 851 381 74 77 94 2
1 866 852 381 74 77 94 2
1 866 853 381 74 77 94 2
1 866 854 381 74 77 94 2
1 866 855 381 74 77 94 2
1 866 856 381 74 77 94 2
1 866 857 381 74 77 94 2
1 866 858 381 74 77 94 2
1 866 859 381 74 77 94 2
1 866 860 381 74 77 94 2
1 866 861 381 74 77 94 2
1 866 862 381 74 77 94 2
1 866 863 381 74 77 94 2
1 866 864 381 74 77 94 2
1 866 865 381 74 77 94 2
1 866 866 381 74 77 94 2
1 866 867 381 74 77 94 2
1 866 868 381 74 77 94 2
1 866 869 381 74 77 94 2
1 866 870 381 74 77 94 2
1 866 871 381 74 77 94 2
1 866 872 381 74 77 94 2
1 866 873 381 74 77 94 2
1 866 874 381 74 77 94 2
1 866 875 381 74 77 94 2
1 866 876 381 74 77 94 2
1 866 877 381 74 77 94 2
1 866 878 381 74 77 94 2
1 866 879 381 74 77 94 2
1 866 880 381 74 77 94 2
1 866 881 381 74 77 94 2
1 866 882 381 74 77 94 2
1 866 883 381 74 77 94 2
1 866 884 381 74 77 94 2
1 866 885 381 74 77 94 2
1 866 886 381 74 77 94 2
1 866 887 381 74 77 94 2
1 866 888 381 74 77 94 2
1 866 889 381 74 77 94 2
1 866 890 381 74 77 94 2
1 866 891 381 74 77 94 2
1 866 892 381 74 77 94 2
1 866 893 381 74 77 94 2
1 866 894 381 74 77 94 2
1 866 895 381 74 77 94 2
1 866 896 381 74 77 94 2
1 866 897 381 74 77 94 2
1 866 898 381 74 77 94 2
1 866 899 381 74 77 94 2
1 866 900 381 74 77 94 2
1 866 901 381 74 77 94 2
1 866 902 381 74 77 94 2
1 866 903 381 74 77 94 2
1 866 904 381 74 77 94 2
1 866 905 381 74 77 94 2
1 866 906 381 74 77 94 2
1 866 907 381 74 77 94 2
1 866 908 381 74 77 94 2
1 866 909 381 74 77 94 2
1 866 910 381 74 77 94 2
1 866 911 381 74 77 94 2
1 866 912 381 74 77 94 2
1 866 913 381 74 77 94 2
1 866 914 381 74 77 94 2
1 866 915 381 74 77 94 2
1 866 916 381 74 77 94 2
1 866 917 381 74 77 94 2
1 866 918 381 74 77 94 2
1 866 919 381 74 77 94 2
1 866 920 381 74 77 94 2
1 866 921 381 74 77 94 2
1 866 922 381 74 77 94 2
1 866 923 381 74 77 94 2
1 866 924 381 74 77 94 2
1 866 925 381 74 77 94 2
1 866 926 381 74 77 94 2
1 866 927 381 74 77 94 2
1 866 928 381 74 77 94 2
1 866 929 381 74 77 94 2
1 866 930 381 74 77 94 2
1 866 931 381 74 77 94 2
1 866 932 381 74 77 94 2
1 866 933 381 74 77 94 2
1 866 934 381 74 77 94 2
1 866 935 381 74 77 94 2
1 866 936 381 74 77 94 2
1 866 937 381 74 77 94 2
1 866 938 381 74 77 94 2
1 866 939 381 74 77 94 2
1 866 940 381 74 77 94 2
1 866 941 381 74 77 94 2
1 866 942 380 74 77 94 2
1 866 943 380 75 77 94 2
1 866 944 380 75 77 94 2
1 866 945 380 76 77 94 2
1 866 946 380 77 77 94 2
1 866 947 379 77 77 94 2
1 866 948 379 78 77 94 2
1 866 949 379 78 77 94 2
1 866 950 379 79 77 94 2
1 866 951 379 80 77 94 2
1 866 952 378 80 77 94 2
1 866 953 378 81 77 94 2
1 866 954 378 82 77 94 2
1 866 955 378 82 77 94 2
1 866 956 378 83 77 94 2
1 866 957 377 83 77 94 2
1 866 958 377 84 77 94 2
1 866 959 377 85 77 94 2
1 866 960 377 85 77 94 2
1 866 961 377 86 77 94 2
1 866 962 376 87 77 94 2
1 866 963 376 87 77 94 2
1 866 964 376 88 77 94 2
1 866 965 376 88 77 94 2
1 866 966 376 89 77 94 2
1 866 967 375 90 77 94 2
1 866 968 375 90 77 94 2
1 866 969 375 91 77 94 2
1 866 970 375 91 77 94 2
1 866 971 375 92 77 94 2
1 866 972 374 93 77 94 2
1 866 973 374 93 77 94 2
1 866 974 374 94 77 94 2
1 866 975 374 95 77 94 2
1 866 976 374 95 77 94 2
1 866 977 373 96 77 94 2
1 866 978 373 96 77 94 2
1 866 979 373 97 77 94 2
1 866 980 373 98 77 94 2
1 866 981 373 98 77 94 2
1 866 982 372 99 77 94 2
1 866 983 372 100 77 94 2
1 866 984 372 100 77 94 2
1 866 985 372 101 77 94 2
1 866 986 372 101 77 94 2
1 866 987 371 102 77 94 2
1 866 988 371 103 77 94 2
1 866 989 371 103 77 94 2
1 866 990 371 104 77 94 2
1 866 991 371 105 77 94 2
1 866 992 371 106 77 94 2
1 866 993 371 107 77 94 2
1 866 994 371 108 77 94 2
1 866 995 371 109 77 94 2
1 866 996 371 110 78 94 2
1 866 997 371 111 78 94 2
1 866 998 372 112 77 94 2
1 866 999 372 113 77 95 2
1 866 1000 372 114 78 95 2
1 866 1001 372 116 78 94 2
1 866 1002 372 117 78 94 2
1 866 1003 372 118 78 94 2
1 866 1004 372 119 78 94 2
1 866 1005 373 120 78 94 2
1 866 1006 373 121 78 95 2
1 866 1007 373 122 78 95 2
1 866 1008 373 123 78 95 2
1 866 1009 373 124 79 95 2
1 866 1010 373 126 79 94 2
1 866 1011 374 127 78 94 2
1 866 1012 374 128 78 94 2
1 866 1013 374 129 79 95 2
1 866 1014 374 130 79 95 2
1 866 1015 374 131 79 95 2
1 866 1016 374 132 79 95 2
1 866 1017 374 133 79 95 2
1 866 1018 375 134 79 95 2
1 866 1019 375 136 79 94 2
1 866 1020 375 137 79 95 2
1 866 1021 375 138 79 95 2
1 866 1022 375 139 80 95 2
1 866 1023 375 140 80 95 2
1 866 1024 375 141 80 95 2
1 866 1025 376 142 79 95 2
1 866 1026 376 143 80 95 2
1 866 1027 376 144 80 96 2
1 866 1028 376 146 80 95 2
1 866 1029 376 147 80 95 2
1 866 1030 376 148 80 95 2
1 866 1031 377 149 80 95 2
1 866 1032 377 150 80 95 2
1 866 1033 377 151 80 95 2
1 866 1034 377 152 80 96 2
1 866 1035 377 153 81 96 2
1 866 1036 377 154 81 96 2
1 866 1037 377 156 81 95 2
1 866 1038 378 157 80 95 2
1 866 1039 378 158 81 95 2
1 866 1040 378 159 81 95 2
1 866 1041 378 160 81 95 2
1 866 1042 378 161 81 96 2
1 866 1043 378 162 81 96 2
1 866 1044 378 163 82 96 2
1 866 1045 379 164 81 96 2
1 866 1046 379 166 81 95 2
1 866 1047 379 167 81 95 2
1 866 1048 379 168 82 95 2
1 866 1049 379 169 82 96 2
1 866 1050 379 170 82 96 2
1 866 1051 380 171 81 96 2
1 866 1052 380 172 82 96 2
1 866 1053 380 173 82 96 2
1 866 1054 380 174 82 96 2
1 866 1055 380 176 82 95 2
1 866 1056 380 177 82 96 2
1 866 1057 380 178 83 96 2
1 866 1058 381 179 82 96 2
1 866 1059 381 180 82 96 2
1 866 1060 381 181 82 96 2
1 866 1061 381 182 83 96 2
1 866 1062 381 183 83 96 2
1 866 1063 381 184 83 97 2
1 866 1064 381 186 83 96 2
1 866 1065 382 187 83 96 2
1 866 1066 382 188 83 96 2
1 866 1067 382 189 83 96 2
1 866 1068 382 190 83 96 2
1 866 1069 382 191 83 96 2
1 866 1070 382 192 84 97 2
1 866 1071 383 193 83 97 2
1 866 1072 383 194 83 97 2
1 866 1073 383 196 83 96 2
1 866 1074 383 197 84 96 2
1 866 1075 383 198 84 96 2
1 866 1076 383 199 84 96 2
1 866 1077 383 200 84 97 2
1 866 1078 384 201 84 97 2
1 866 1079 384 202 84 97 2
1 866 1080 384 203 84 97 2
1 866 1081 384 204 84 97 2
1 866 1082 384 206 84 96 2
1 866 1083 384 207 85 96 2
1 866 1084 384 208 85 97 2
1 866 1085 385 209 84 97 2
1 866 1086 385 210 84 97 2
1 866 1087 385 211 85 97 2
1 866 1088 385 212 85 97 2
1 866 1089 385 213 85 97 2
1 866 1090 385 214 85 97 2
1 866 1091 386 216 85 97 2
1 866 1092 386 217 85 97 2
1 866 1093 386 218 85 97 2
1 866 1094 386 219 85 98 2
1 866 1095 386 220 86 98 2
1 866 1096 386 221 86 99 2
1 866 1097 386 223 86 98 2
1 866 1098 386 224 86 99 2
1 866 1099 386 225 87 100 2
1 866 1100 386 226 87 100 2
1 866 1101 386 227 87 101 2
1 866 1102 387 229 86 100 2
1 866 1103 387 230 87 101 2
1 866 1104 387 231 87 101 2
1 866 1105 387 232 87 102 2
1 866 1106 387 233 87 102 2
1 866 1107 387 235 88 102 2
1 866 1108 387 236 88 102 2
1 866 1109 387 237 88 103 2
1 866 1110 387 238 89 104 2
1 866 1111 387 240 89 103 2
1 866 1112 388 241 88 104 2
1 866 1113 388 242 88 104 2
1 866 1114 388 244 89 104 2
1 866 1115 388 245 89 105 2
1 866 1116 388 246 89 105 2
1 866 1117 388 247 90 106 2
1 866 1118 388 249 90 106 2
1 866 1119 388 250 90 106 2
1 866 1120 388 251 90 107 2
1 866 1121 389 253 90 107 2
1 866 1122 389 254 90 107 2
1 866 1123 389 255 90 108 2
1 866 1124 389 257 91 108 2
1 866 1125 389 258 91 108 2
1 866 1126 389 259 91 109 2
1 866 1127 389 261 91 109 2
1 866 1128 389 262 92 109 2
1 866 1129 389 263 92 110 2
1 866 1130 390 265 91 110 2
1 866 1131 390 266 92 111 2
1 866 1132 390 268 92 110 2
1 866 1133 390 269 92 111 2
1 866 1134 390 270 93 112 2
1 866 1135 390 272 93 112 2
1 866 1136 390 273 93 112 2
1 866 1137 390 275 94 112 2
1 866 1138 390 276 94 113 2
1 866 1139 391 278 93 113 2
1 866 1140 391 279 93 113 2
1 866 1141 391 280 94 114 2
1 866 1142 391 282 94 114 2
1 866 1143 391 283 94 115 2
1 866 1144 391 285 95 115 2
1 866 1145 391 286 95 116 2
1 866 1146 391 288 95 115 2
1 866 1147 391 289 96 116 2
1 866 1148 392 291 95 116 2
1 866 1149 392 292 95 117 2
1 866 1150 392 294 96 117 2
1 866 1151 392 295 96 118 2
1 866 1152 392 297 96 118 2
1 866 1153 392 298 97 119 2
1 866 1154 392 300 97 118 2
1 866 1155 392 301 97 119 2
1 866 1156 393 303 97 119 2
1 866 1157 393 305 97 119 2
1 866 1158 393 306 97 120 2
1 866 1159 393 308 98 120 2
1 866 1160 393 309 98 121 2
1 866 1161 393 311 98 121 2
1 866 1162 393 312 99 122 2
1 866 1163 394 314 98 122 2
1 866 1164 394 316 98 122 2
1 866 1165 394 317 99 123 2
1 866 1166 394 319 99 123 2
1 866 1167 394 321 100 123 2
1 866 1168 394 322 100 124 2
1 866 1169 394 324 100 124 2
1 866 1170 394 326 101 124 2
1 866 1171 395 327 100 125 2
1 866 1172 395 329 100 125 2
1 866 1173 395 331 101 125 2
1 866 1174 395 332 101 126 2
1 866 1175 395 334 101 127 2
1 866 1176 395 336 102 127 2
1 866 1177 395 337 102 128 2
1 866 1178 396 339 102 128 2
1 866 1179 396 341 102 128 2
1 866 1180 396 343 102 128 2
1 866 1181 396 344 103 129 2
1 866 1182 396 346 103 130 2
1 866 1183 396 348 103 130 2
1 866 1184 396 350 104 130 2
1 866 1185 397 352 103 130 2
1 866 1186 397 353 104 131 2
1 866 1187 397 355 104 132 2
1 866 1188 397 357 104 132 2
1 866 1189 397 359 105 132 2
1 866 1190 397 361 105 132 2
1 866 1191 398 363 105 133 2
1 866 1192 398 366 105 134 2
1 866 1193 398 370 105 134 2
1 866 1194 398 374 105 134 2
1 866 1195 398 377 105 136 2
1 866 1196 398 381 105 136 2
1 866 1197 398 385 106 136 2
1 866 1198 398 388 106 138 2
1 866 1199 398 392 106 138 2
1 866 1200 398 396 106 138 2
1 866 1201 398 399 106 139 2
1 866 1202 398 403 107 140 2
1 866 1203 398 407 107 140 2
1 866 1204 398 410 107 141 2
1 866 1205 398 414 107 142 2
1 866 1206 399 418 106 142 2
1 866 1207 399 421 107 143 2
1 866 1208 399 425 107 144 2
1 866 1209 399 429 107 144 2
1 866 1210 399 433 107 144 2
1 866 1211 399 436 107 145 2
1 866 1212 399 440 108 146 2
1 866 1213 399 444 108 146 2
1 866 1214 399 447 108 147 2
1 866 1215 399 451 108 148 2
1 866 1216 399 455 108 148 2
1 866 1217 399 458 109 149 2
1 866 1218 399 462 109 150 2
1 866 1219 399 466 109 150 2
1 866 1220 399 469 109 151 2
1 866 1221 399 473 109 151 2
1 866 1222 399 477 110 152 2
1 866 1223 400 480 109 153 2
1 866 1224 400 484 109 153 2
1 866 1225 400 488 109 154 2
1 866 1226 400 491 109 155 2
1 866 1227 400 495 110 155 2
1 866 1228 400 499 110 156 2
1 866 1229 400 502 110 157 2
1 866 1230 400 506 110 157 2
1 866 1231 400 510 110 158 2
1 866 1232 400 513 111 159 2
1 866 1233 400 517 111 159 2
1 866 1234 400 521 111 160 2
1 866 1235 400 524 111 161 2
1 866 1236 400 528 112 161 2
1 866 1237 400 531 112 163 2
1 866 1238 400 535 112 163 2
1 866 1239 400 539 112 163 2
1 866 1240 400 542 112 165 2
1 866 1241 400 546 113 165 2
1 866 1242 400 550 113 165 2
1 866 1243 400 553 113 167 2
1 866 1244 400 557 113 167 2
1 866 1245 401 561 113 167 2
1 866 1246 401 564 113 169 2
1 866 1247 401 568 113 169 2
1 866 1248 401 572 113 169 2
1 866 1249 401 575 113 171 2
1 866 1250 401 579 114 171 2
1 866 1251 401 583 114 171 2
1 866 1252 401 586 114 173 2
1 866 1253 401 590 114 173 2
1 866 1254 401 593 115 174 2
1 866 1255 401 597 115 175 2
1 866 1256 401 601 115 175 2
1 866 1257 401 604 115 176 2
1 866 1258 401 608 115 177 2
1 866 1259 401 612 116 177 2
1 866 1260 401 615 116 178 2
1 866 1261 401 619 116 179 2
1 866 1262 401 623 116 179 2
1 866 1263 401 626 117 180 2
1 866 1264 401 630 117 181 2
1 866 1265 401 633 117 182 2
1 866 1266 401 637 117 182 2
1 866 1267 401 641 118 183 2
1 866 1268 401 644 118 184 2
1 866 1269 401 648 118 184 2
1 866 1270 401 652 118 185 2
1 866 1271 401 655 119 186 2
1 866 1272 401 659 119 187 2
1 866 1273 401 662 119 188 2
1 866 1274 401 666 119 188 2
1 866 1275 401 670 119 189 2
1 866 1276 401 673 120 190 2
1 866 1277 401 677 120 190 2
1 866 1278 401 681 120 191 2
1 866 1279 401 684 120 192 2
1 866 1280 401 688 121 192 2
1 866 1281 401 691 121 194 2
1 866 1282 401 695 121 194 2
1 866 1283 401 699 121 195 2
1 866 1284 401 702 122 196 2
1 866 1285 401 706 122 196 2
1 866 1286 401 709 122 198 2
1 866 1287 401 713 122 198 2
1 866 1288 401 717 123 198 2
1 866 1289 401 720 123 200 2
1 866 1290 401 724 123 200 2
1 866 1291 402 728 123 201 2
1 866 1292 401 733 123 201 2
1 866 1293 401 738 123 201 2
1 866 1294 401 744 123 201 2
1 866 1295 401 749 123 201 2
1 866 1296 400 755 123 201 2
1 866 1297 400 760 123 201 2
1 866 1298 400 766 123 201 2
1 866 1299 400 771 123 201 2
1 866 1300 399 777 123 201 2
1 866 1301 399 782 123 201 2
1 866 1302 399 788 123 201 2
1 866 1303 399 793 123 201 2
1 866 1304 398 799 123 201 2
1 866 1305 398 804 123 201 2
1 866 1306 398 810 123 201 2
1 866 1307 398 815 123 201 2
1 866 1308 398 820 123 201 2
1 866 1309 397 826 123 201 2
1 866 1310 397 831 123 201 2
1 866 1311 397 837 123 201 2
1 866 1312 397 842 123 201 2
1 866 1313 396 848 123 201 2
1 866 1314 396 853 123 201 2
1 866 1315 396 859 123 201 2
1 866 1316 396 864 123 201 2
1 866 1317 395 870 123 201 2
1 866 1318 395 875 123 201 2
1 866 1319 395 881 123 198 2
1 866 1320 395 886 123 193 2
1 866 1321 395 892 123 187 2
1 866 1322 395 898 123 181 2
1 866 1323 395 904 123 175 2
1 866 1324 395 910 123 169 2
1 866 1325 395 916 124 163 2
1 866 1326 395 922 124 157 2
1 866 1327 395 928 125 151 2
1 866 1328 395 934 125 145 2
1 866 1329 395 940 126 139 2
1 866 1330 395 946 126 133 2
1 866 1331 395 952 127 127 2
1 866 1332 395 957 127 122 2
1 866 1333 395 963 128 116 2
1 866 1334 395 969 129 110 2
1 866 1335 395 974 129 105 2
1 866 1336 395 980 130 99 2
1 866 1337 394 986 132 93 2
1 866 1338 394 991 132 88 2
1 866 1339 394 997 133 82 2
1 866 1340 394 1002 134 77 2
1 866 1341 394 1008 135 71 2
