5 6 163 951 1113 951 578 675 134 146 
5 6 163 951 1113 952 578 675 134 146 
5 6 163 951 1113 953 578 675 134 146 
5 6 163 951 1113 954 578 675 134 146 
5 6 163 951 1113 955 578 675 134 146 
5 6 163 951 1113 956 578 675 134 146 
5 6 163 951 1113 957 578 675 134 146 
5 6 163 951 1113 958 578 675 134 146 
5 6 163 951 1113 959 578 675 134 146 
5 6 163 951 1113 960 578 675 134 146 
5 6 163 951 1113 961 578 675 134 146 
5 6 163 951 1113 962 578 675 134 146 
5 6 163 951 1113 963 578 675 134 146 
5 6 163 951 1113 964 578 675 134 146 
5 6 163 951 1113 965 578 675 134 146 
5 6 163 951 1113 966 578 675 134 146 
5 6 163 951 1113 967 578 675 134 146 
5 6 163 951 1113 968 578 675 134 146 
5 6 163 951 1113 969 578 675 134 146 
5 6 163 951 1113 970 578 675 134 146 
5 6 163 951 1113 971 578 675 134 146 
5 6 163 951 1113 972 578 675 134 146 
5 6 163 951 1113 973 578 675 134 146 
5 6 163 951 1113 974 578 675 134 146 
5 6 163 951 1113 975 578 675 134 146 
5 6 163 951 1113 976 578 675 134 146 
5 6 163 951 1113 977 578 675 134 146 
5 6 163 951 1113 978 578 675 134 146 
5 6 163 951 1113 979 578 675 134 146 
5 6 163 951 1113 980 578 675 134 146 
5 6 163 951 1113 981 578 675 134 146 
5 6 163 951 1113 982 578 675 134 146 
5 6 163 951 1113 983 578 675 134 146 
5 6 163 951 1113 984 578 675 134 146 
5 6 163 951 1113 985 578 675 134 146 
5 6 163 951 1113 986 578 675 134 146 
5 6 163 951 1113 987 578 675 134 146 
5 6 163 951 1113 988 578 675 134 146 
5 6 163 951 1113 989 578 675 134 146 
5 6 163 951 1113 990 578 675 134 146 
5 6 163 951 1113 991 578 675 134 146 
5 6 163 951 1113 992 578 675 134 146 
5 6 163 951 1113 993 578 675 134 146 
5 6 163 951 1113 994 578 675 134 146 
5 6 163 951 1113 995 578 675 134 146 
5 6 163 951 1113 996 578 675 134 146 
5 6 163 951 1113 997 578 675 134 146 
5 6 163 951 1113 998 578 675 134 146 
5 6 163 951 1113 999 578 675 134 146 
5 6 163 951 1113 1000 578 675 134 146 
5 6 163 951 1113 1001 578 675 134 146 
5 6 163 951 1113 1002 578 675 134 146 
5 6 163 951 1113 1003 578 675 134 146 
5 6 163 951 1113 1004 578 675 134 146 
5 6 163 951 1113 1005 578 675 134 146 
5 6 163 951 1113 1006 578 675 134 146 
5 6 163 951 1113 1007 578 675 134 146 
5 6 163 951 1113 1008 578 675 134 146 
5 6 163 951 1113 1009 578 675 134 146 
5 6 163 951 1113 1010 578 675 134 146 
5 6 163 951 1113 1011 578 675 134 146 
5 6 163 951 1113 1012 578 675 134 146 
5 6 163 951 1113 1013 578 675 134 146 
5 6 163 951 1113 1014 578 675 134 146 
5 6 163 951 1113 1015 578 675 134 146 
5 6 163 951 1113 1016 578 675 134 146 
5 6 163 951 1113 1017 578 675 134 146 
5 6 163 951 1113 1018 578 675 134 146 
5 6 163 951 1113 1019 578 675 134 146 
5 6 163 951 1113 1020 578 675 134 146 
5 6 163 951 1113 1021 578 675 134 146 
5 6 163 951 1113 1022 578 675 134 146 
5 6 163 951 1113 1023 578 675 134 146 
5 6 163 951 1113 1024 578 675 134 146 
5 6 163 951 1113 1025 578 675 134 146 
5 6 163 951 1113 1026 578 675 134 146 
5 6 163 951 1113 1027 578 675 134 146 
5 6 163 951 1113 1028 578 675 134 146 
5 6 163 951 1113 1029 578 675 134 146 
5 6 163 951 1113 1030 578 675 134 146 
5 6 163 951 1113 1031 578 675 134 146 
5 6 163 951 1113 1032 578 675 134 146 
5 6 163 951 1113 1033 578 675 134 146 
5 6 163 951 1113 1034 578 675 134 146 
5 6 163 951 1113 1035 578 675 134 146 
5 6 163 951 1113 1036 578 675 134 146 
5 6 163 951 1113 1037 578 675 134 146 
5 6 163 951 1113 1038 578 675 134 146 
5 6 163 951 1113 1039 578 675 134 146 
5 6 163 951 1113 1040 578 675 134 146 
5 6 163 951 1113 1041 578 675 134 146 
5 6 163 951 1113 1042 578 675 134 146 
5 6 163 951 1113 1043 578 675 134 146 
5 6 163 951 1113 1044 578 675 134 146 
5 6 163 951 1113 1045 578 675 134 146 
5 6 163 951 1113 1046 578 675 134 146 
5 6 163 951 1113 1047 578 675 134 146 
5 6 163 951 1113 1048 578 675 134 146 
5 6 163 951 1113 1049 578 675 134 146 
5 6 163 951 1113 1050 578 675 134 146 
5 6 163 951 1113 1051 578 675 134 146 
5 6 163 951 1113 1052 578 675 134 146 
5 6 163 951 1113 1053 578 675 134 146 
5 6 163 951 1113 1054 578 675 134 146 
5 6 163 951 1113 1055 578 675 134 146 
5 6 163 951 1113 1056 578 675 134 146 
5 6 163 951 1113 1057 578 675 134 146 
5 6 163 951 1113 1058 578 675 134 146 
5 6 163 951 1113 1059 578 675 134 146 
5 6 163 951 1113 1060 578 675 134 146 
5 6 163 951 1113 1061 578 675 134 146 
5 6 163 951 1113 1062 578 675 134 146 
5 6 163 951 1113 1063 578 675 134 146 
5 6 163 951 1113 1064 578 675 134 146 
5 6 163 951 1113 1065 578 675 134 146 
5 6 163 951 1113 1066 578 675 134 146 
5 6 163 951 1113 1067 578 675 134 146 
5 6 163 951 1113 1068 578 675 134 146 
5 6 163 951 1113 1069 578 675 134 146 
5 6 163 951 1113 1070 578 675 134 146 
5 6 163 951 1113 1071 578 675 134 146 
5 6 163 951 1113 1072 578 675 134 146 
5 6 163 951 1113 1073 578 675 134 146 
5 6 163 951 1113 1074 578 675 134 146 
5 6 163 951 1113 1075 578 675 134 146 
5 6 163 951 1113 1076 578 675 134 146 
5 6 163 951 1113 1077 578 675 134 146 
5 6 163 951 1113 1078 578 675 134 146 
5 6 163 951 1113 1079 578 675 134 146 
5 6 163 951 1113 1080 578 675 134 146 
5 6 163 951 1113 1081 578 675 134 146 
5 6 163 951 1113 1082 578 675 134 146 
5 6 163 951 1113 1083 578 675 134 146 
5 6 163 951 1113 1084 578 675 134 146 
5 6 163 951 1113 1085 578 675 134 146 
5 6 163 951 1113 1086 578 675 134 146 
5 6 163 951 1113 1087 578 675 134 146 
5 6 163 951 1113 1088 578 675 134 146 
5 6 163 951 1113 1089 578 675 134 146 
5 6 163 951 1113 1090 578 675 134 146 
5 6 163 951 1113 1091 578 675 134 146 
5 6 163 951 1113 1092 578 675 134 146 
5 6 163 951 1113 1093 578 675 134 146 
5 6 163 951 1113 1094 578 675 134 146 
5 6 163 951 1113 1095 578 675 134 146 
5 6 163 951 1113 1096 578 675 134 146 
5 6 163 951 1113 1097 578 675 134 146 
5 6 163 951 1113 1098 578 675 134 146 
5 6 163 951 1113 1099 578 675 134 146 
5 6 163 951 1113 1100 578 675 134 146 
5 6 163 951 1113 1101 578 675 134 146 
5 6 163 951 1113 1102 578 675 134 146 
5 6 163 951 1113 1103 578 675 134 146 
5 6 163 951 1113 1104 578 675 134 146 
5 6 163 951 1113 1105 578 675 134 146 
5 6 163 951 1113 1106 578 675 134 146 
5 6 163 951 1113 1107 578 675 134 146 
5 6 163 951 1113 1108 578 675 134 146 
5 6 163 951 1113 1109 578 675 134 146 
5 6 163 951 1113 1110 578 675 134 146 
5 6 163 951 1113 1111 578 675 134 146 
5 6 163 951 1113 1112 578 675 134 146 
5 6 163 951 1113 1113 578 675 134 146 
6 6 194 948 1141 948 644 603 106 79 
6 6 194 948 1141 949 644 603 106 79 
6 6 194 948 1141 950 644 603 106 79 
6 6 194 948 1141 951 644 603 106 79 
6 6 194 948 1141 952 644 603 106 79 
6 6 194 948 1141 953 644 603 106 79 
6 6 194 948 1141 954 644 603 106 79 
6 6 194 948 1141 955 644 603 106 79 
6 6 194 948 1141 956 644 603 106 79 
6 6 194 948 1141 957 644 603 106 79 
6 6 194 948 1141 958 644 603 106 79 
6 6 194 948 1141 959 644 603 106 79 
6 6 194 948 1141 960 644 603 106 79 
6 6 194 948 1141 961 644 603 106 79 
6 6 194 948 1141 962 644 603 106 79 
6 6 194 948 1141 963 644 603 106 79 
6 6 194 948 1141 964 644 603 106 79 
6 6 194 948 1141 965 644 603 106 79 
6 6 194 948 1141 966 644 603 106 79 
6 6 194 948 1141 967 644 603 106 79 
6 6 194 948 1141 968 644 603 106 79 
6 6 194 948 1141 969 644 603 106 79 
6 6 194 948 1141 970 644 603 106 79 
6 6 194 948 1141 971 644 603 106 79 
6 6 194 948 1141 972 644 603 106 79 
6 6 194 948 1141 973 644 603 106 79 
6 6 194 948 1141 974 644 603 106 79 
6 6 194 948 1141 975 644 603 106 79 
6 6 194 948 1141 976 644 603 106 79 
6 6 194 948 1141 977 644 603 106 79 
6 6 194 948 1141 978 644 603 106 79 
6 6 194 948 1141 979 644 603 106 79 
6 6 194 948 1141 980 644 603 106 79 
6 6 194 948 1141 981 644 603 106 79 
6 6 194 948 1141 982 644 603 106 79 
6 6 194 948 1141 983 644 603 106 79 
6 6 194 948 1141 984 644 603 106 79 
6 6 194 948 1141 985 644 603 106 79 
6 6 194 948 1141 986 644 603 106 79 
6 6 194 948 1141 987 644 603 106 79 
6 6 194 948 1141 988 644 603 106 79 
6 6 194 948 1141 989 644 603 106 79 
6 6 194 948 1141 990 644 603 106 79 
6 6 194 948 1141 991 644 603 106 79 
6 6 194 948 1141 992 644 603 106 79 
6 6 194 948 1141 993 644 603 106 79 
6 6 194 948 1141 994 644 603 106 79 
6 6 194 948 1141 995 644 603 106 79 
6 6 194 948 1141 996 644 603 106 79 
6 6 194 948 1141 997 644 603 106 79 
6 6 194 948 1141 998 644 603 106 79 
6 6 194 948 1141 999 644 603 106 79 
6 6 194 948 1141 1000 644 603 106 79 
6 6 194 948 1141 1001 644 603 106 79 
6 6 194 948 1141 1002 644 603 106 79 
6 6 194 948 1141 1003 644 603 106 79 
6 6 194 948 1141 1004 644 603 106 79 
6 6 194 948 1141 1005 644 603 106 79 
6 6 194 948 1141 1006 644 603 106 79 
6 6 194 948 1141 1007 644 603 106 79 
6 6 194 948 1141 1008 644 603 106 79 
6 6 194 948 1141 1009 644 603 106 79 
6 6 194 948 1141 1010 644 603 106 79 
6 6 194 948 1141 1011 644 603 106 79 
6 6 194 948 1141 1012 644 603 106 79 
6 6 194 948 1141 1013 644 603 106 79 
6 6 194 948 1141 1014 644 603 106 79 
6 6 194 948 1141 1015 644 603 106 79 
6 6 194 948 1141 1016 644 603 106 79 
6 6 194 948 1141 1017 644 603 106 79 
6 6 194 948 1141 1018 644 603 106 79 
6 6 194 948 1141 1019 644 603 106 79 
6 6 194 948 1141 1020 644 603 106 79 
6 6 194 948 1141 1021 644 603 106 79 
6 6 194 948 1141 1022 644 603 106 79 
6 6 194 948 1141 1023 644 603 106 79 
6 6 194 948 1141 1024 644 603 106 79 
6 6 194 948 1141 1025 644 603 106 79 
6 6 194 948 1141 1026 644 603 106 79 
6 6 194 948 1141 1027 644 603 106 79 
6 6 194 948 1141 1028 644 603 106 79 
6 6 194 948 1141 1029 644 603 106 79 
6 6 194 948 1141 1030 644 603 106 79 
6 6 194 948 1141 1031 644 603 106 79 
6 6 194 948 1141 1032 644 603 106 79 
6 6 194 948 1141 1033 644 603 106 79 
6 6 194 948 1141 1034 644 603 106 79 
6 6 194 948 1141 1035 644 603 106 79 
6 6 194 948 1141 1036 644 603 106 79 
6 6 194 948 1141 1037 644 603 106 79 
6 6 194 948 1141 1038 644 603 106 79 
6 6 194 948 1141 1039 644 603 106 79 
6 6 194 948 1141 1040 644 603 106 79 
6 6 194 948 1141 1041 644 603 106 79 
6 6 194 948 1141 1042 644 603 106 79 
6 6 194 948 1141 1043 644 603 106 79 
6 6 194 948 1141 1044 644 603 106 79 
6 6 194 948 1141 1045 644 603 106 79 
6 6 194 948 1141 1046 644 603 106 79 
6 6 194 948 1141 1047 644 603 106 79 
6 6 194 948 1141 1048 644 603 106 79 
6 6 194 948 1141 1049 644 603 106 79 
6 6 194 948 1141 1050 644 603 106 79 
6 6 194 948 1141 1051 644 603 106 79 
6 6 194 948 1141 1052 644 603 106 79 
6 6 194 948 1141 1053 644 603 106 79 
6 6 194 948 1141 1054 644 603 106 79 
6 6 194 948 1141 1055 644 603 106 79 
6 6 194 948 1141 1056 644 603 106 79 
6 6 194 948 1141 1057 644 603 106 79 
6 6 194 948 1141 1058 644 603 106 79 
6 6 194 948 1141 1059 644 603 106 79 
6 6 194 948 1141 1060 644 603 106 79 
6 6 194 948 1141 1061 644 603 106 79 
6 6 194 948 1141 1062 644 603 106 79 
6 6 194 948 1141 1063 644 603 106 79 
6 6 194 948 1141 1064 644 603 106 79 
6 6 194 948 1141 1065 644 603 106 79 
6 6 194 948 1141 1066 644 603 106 79 
6 6 194 948 1141 1067 644 603 106 79 
6 6 194 948 1141 1068 644 603 106 79 
6 6 194 948 1141 1069 644 603 106 79 
6 6 194 948 1141 1070 644 603 106 79 
6 6 194 948 1141 1071 644 603 106 79 
6 6 194 948 1141 1072 644 603 106 79 
6 6 194 948 1141 1073 644 603 106 79 
6 6 194 948 1141 1074 644 603 106 79 
6 6 194 948 1141 1075 644 603 106 79 
6 6 194 948 1141 1076 644 603 106 79 
6 6 194 948 1141 1077 644 603 106 79 
6 6 194 948 1141 1078 644 603 106 79 
6 6 194 948 1141 1079 644 603 106 79 
6 6 194 948 1141 1080 644 603 106 79 
6 6 194 948 1141 1081 644 603 106 79 
6 6 194 948 1141 1082 644 603 106 79 
6 6 194 948 1141 1083 644 603 106 79 
6 6 194 948 1141 1084 644 603 106 79 
6 6 194 948 1141 1085 644 603 106 79 
6 6 194 948 1141 1086 644 603 106 79 
6 6 194 948 1141 1087 644 603 106 79 
6 6 194 948 1141 1088 644 603 106 79 
6 6 194 948 1141 1089 644 603 106 79 
6 6 194 948 1141 1090 644 603 106 79 
6 6 194 948 1141 1091 644 603 106 79 
6 6 194 948 1141 1092 644 603 106 79 
6 6 194 948 1141 1093 644 603 106 79 
6 6 194 948 1141 1094 644 603 106 79 
6 6 194 948 1141 1095 644 603 106 79 
6 6 194 948 1141 1096 644 603 106 79 
6 6 194 948 1141 1097 644 603 106 79 
6 6 194 948 1141 1098 644 603 106 79 
6 6 194 948 1141 1099 644 603 106 79 
6 6 194 948 1141 1100 644 603 106 79 
6 6 194 948 1141 1101 644 603 106 79 
6 6 194 948 1141 1102 644 603 106 79 
6 6 194 948 1141 1103 644 603 106 79 
6 6 194 948 1141 1104 644 603 106 79 
6 6 194 948 1141 1105 644 603 106 79 
6 6 194 948 1141 1106 644 603 106 79 
6 6 194 948 1141 1107 644 603 106 79 
6 6 194 948 1141 1108 644 603 106 79 
6 6 194 948 1141 1109 644 603 106 79 
6 6 194 948 1141 1110 644 603 106 79 
6 6 194 948 1141 1111 644 603 106 79 
6 6 194 948 1141 1112 644 603 106 79 
6 6 194 948 1141 1113 644 603 106 79 
6 6 194 948 1141 1114 644 603 106 79 
6 6 194 948 1141 1115 644 603 106 79 
6 6 194 948 1141 1116 644 603 106 79 
6 6 194 948 1141 1117 644 603 106 79 
6 6 194 948 1141 1118 644 603 106 79 
6 6 194 948 1141 1119 644 603 106 79 
6 6 194 948 1141 1120 644 603 106 79 
6 6 194 948 1141 1121 644 603 106 79 
6 6 194 948 1141 1122 644 603 106 79 
6 6 194 948 1141 1123 644 603 106 79 
6 6 194 948 1141 1124 644 603 106 79 
6 6 194 948 1141 1125 644 603 106 79 
6 6 194 948 1141 1126 644 603 106 79 
6 6 194 948 1141 1127 644 603 106 79 
6 6 194 948 1141 1128 644 603 106 79 
6 6 194 948 1141 1129 644 603 106 79 
6 6 194 948 1141 1130 644 603 106 79 
6 6 194 948 1141 1131 644 603 106 79 
6 6 194 948 1141 1132 644 603 106 79 
6 6 194 948 1141 1133 644 603 106 79 
6 6 194 948 1141 1134 644 603 106 79 
6 6 194 948 1141 1135 644 603 106 79 
6 6 194 948 1141 1136 644 603 106 79 
6 6 194 948 1141 1137 644 603 106 79 
6 6 194 948 1141 1138 644 603 106 79 
6 6 194 948 1141 1139 644 603 106 79 
6 6 194 948 1141 1140 644 603 106 79 
6 6 194 948 1141 1141 644 603 106 79 
7 6 232 899 1130 899 691 623 100 103 
7 6 232 899 1130 900 691 623 100 103 
7 6 232 899 1130 901 691 623 100 103 
7 6 232 899 1130 902 691 623 100 103 
7 6 232 899 1130 903 691 623 100 103 
7 6 232 899 1130 904 691 623 100 103 
7 6 232 899 1130 905 691 623 100 103 
7 6 232 899 1130 906 691 623 100 103 
7 6 232 899 1130 907 691 623 100 103 
7 6 232 899 1130 908 691 623 100 103 
7 6 232 899 1130 909 691 623 100 103 
7 6 232 899 1130 910 691 623 100 103 
7 6 232 899 1130 911 691 623 100 103 
7 6 232 899 1130 912 691 623 100 103 
7 6 232 899 1130 913 691 623 100 103 
7 6 232 899 1130 914 691 623 100 103 
7 6 232 899 1130 915 691 623 100 103 
7 6 232 899 1130 916 691 623 100 103 
7 6 232 899 1130 917 691 623 100 103 
7 6 232 899 1130 918 691 623 100 103 
7 6 232 899 1130 919 691 623 100 103 
7 6 232 899 1130 920 691 623 100 103 
7 6 232 899 1130 921 691 623 100 103 
7 6 232 899 1130 922 691 623 100 103 
7 6 232 899 1130 923 691 623 100 103 
7 6 232 899 1130 924 691 623 100 103 
7 6 232 899 1130 925 691 623 100 103 
7 6 232 899 1130 926 691 623 100 103 
7 6 232 899 1130 927 691 623 100 103 
7 6 232 899 1130 928 691 623 100 103 
7 6 232 899 1130 929 691 623 100 103 
7 6 232 899 1130 930 691 623 100 103 
7 6 232 899 1130 931 691 623 100 103 
7 6 232 899 1130 932 691 623 100 103 
7 6 232 899 1130 933 691 623 100 103 
7 6 232 899 1130 934 691 623 100 103 
7 6 232 899 1130 935 691 623 100 103 
7 6 232 899 1130 936 691 623 100 103 
7 6 232 899 1130 937 691 623 100 103 
7 6 232 899 1130 938 691 623 100 103 
7 6 232 899 1130 939 691 623 100 103 
7 6 232 899 1130 940 691 623 100 103 
7 6 232 899 1130 941 691 623 100 103 
7 6 232 899 1130 942 691 623 100 103 
7 6 232 899 1130 943 691 623 100 103 
7 6 232 899 1130 944 691 623 100 103 
7 6 232 899 1130 945 691 623 100 103 
7 6 232 899 1130 946 691 623 100 103 
7 6 232 899 1130 947 691 623 100 103 
7 6 232 899 1130 948 691 623 100 103 
7 6 232 899 1130 949 691 623 100 103 
7 6 232 899 1130 950 691 623 100 103 
7 6 232 899 1130 951 691 623 100 103 
7 6 232 899 1130 952 691 623 100 103 
7 6 232 899 1130 953 691 623 100 103 
7 6 232 899 1130 954 691 623 100 103 
7 6 232 899 1130 955 691 623 100 103 
7 6 232 899 1130 956 691 623 100 103 
7 6 232 899 1130 957 691 623 100 103 
7 6 232 899 1130 958 691 623 100 103 
7 6 232 899 1130 959 691 623 100 103 
7 6 232 899 1130 960 691 623 100 103 
7 6 232 899 1130 961 691 623 100 103 
7 6 232 899 1130 962 691 623 100 103 
7 6 232 899 1130 963 691 623 100 103 
7 6 232 899 1130 964 691 623 100 103 
7 6 232 899 1130 965 691 623 100 103 
7 6 232 899 1130 966 691 623 100 103 
7 6 232 899 1130 967 691 623 100 103 
7 6 232 899 1130 968 691 623 100 103 
7 6 232 899 1130 969 691 623 100 103 
7 6 232 899 1130 970 691 623 100 103 
7 6 232 899 1130 971 691 623 100 103 
7 6 232 899 1130 972 691 623 100 103 
7 6 232 899 1130 973 691 623 100 103 
7 6 232 899 1130 974 691 623 100 103 
7 6 232 899 1130 975 691 623 100 103 
7 6 232 899 1130 976 691 623 100 103 
7 6 232 899 1130 977 691 623 100 103 
7 6 232 899 1130 978 691 623 100 103 
7 6 232 899 1130 979 691 623 100 103 
7 6 232 899 1130 980 691 623 100 103 
7 6 232 899 1130 981 691 623 100 103 
7 6 232 899 1130 982 691 623 100 103 
7 6 232 899 1130 983 691 623 100 103 
7 6 232 899 1130 984 691 623 100 103 
7 6 232 899 1130 985 691 623 100 103 
7 6 232 899 1130 986 691 623 100 103 
7 6 232 899 1130 987 691 623 100 103 
7 6 232 899 1130 988 691 623 100 103 
7 6 232 899 1130 989 691 623 100 103 
7 6 232 899 1130 990 691 623 100 103 
7 6 232 899 1130 991 691 623 100 103 
7 6 232 899 1130 992 691 623 100 103 
7 6 232 899 1130 993 691 623 100 103 
7 6 232 899 1130 994 691 623 100 103 
7 6 232 899 1130 995 691 623 100 103 
7 6 232 899 1130 996 691 623 100 103 
7 6 232 899 1130 997 691 623 100 103 
7 6 232 899 1130 998 691 623 100 103 
7 6 232 899 1130 999 691 623 100 103 
7 6 232 899 1130 1000 691 623 100 103 
7 6 232 899 1130 1001 691 623 100 103 
7 6 232 899 1130 1002 691 623 100 103 
7 6 232 899 1130 1003 691 623 100 103 
7 6 232 899 1130 1004 691 623 100 103 
7 6 232 899 1130 1005 691 623 100 103 
7 6 232 899 1130 1006 691 623 100 103 
7 6 232 899 1130 1007 691 623 100 103 
7 6 232 899 1130 1008 691 623 100 103 
7 6 232 899 1130 1009 691 623 100 103 
7 6 232 899 1130 1010 691 623 100 103 
7 6 232 899 1130 1011 691 623 100 103 
7 6 232 899 1130 1012 691 623 100 103 
7 6 232 899 1130 1013 691 623 100 103 
7 6 232 899 1130 1014 691 623 100 103 
7 6 232 899 1130 1015 691 623 100 103 
7 6 232 899 1130 1016 691 623 100 103 
7 6 232 899 1130 1017 691 623 100 103 
7 6 232 899 1130 1018 691 623 100 103 
7 6 232 899 1130 1019 691 623 100 103 
7 6 232 899 1130 1020 691 623 100 103 
7 6 232 899 1130 1021 691 623 100 103 
7 6 232 899 1130 1022 691 623 100 103 
7 6 232 899 1130 1023 691 623 100 103 
7 6 232 899 1130 1024 691 623 100 103 
7 6 232 899 1130 1025 691 623 100 103 
7 6 232 899 1130 1026 691 623 100 103 
7 6 232 899 1130 1027 691 623 100 103 
7 6 232 899 1130 1028 691 623 100 103 
7 6 232 899 1130 1029 691 623 100 103 
7 6 232 899 1130 1030 691 623 100 103 
7 6 232 899 1130 1031 691 623 100 103 
7 6 232 899 1130 1032 691 623 100 103 
7 6 232 899 1130 1033 691 623 100 103 
7 6 232 899 1130 1034 691 623 100 103 
7 6 232 899 1130 1035 691 623 100 103 
7 6 232 899 1130 1036 691 623 100 103 
7 6 232 899 1130 1037 691 623 100 103 
7 6 232 899 1130 1038 691 623 100 103 
7 6 232 899 1130 1039 691 623 100 103 
7 6 232 899 1130 1040 691 623 100 103 
7 6 232 899 1130 1041 691 623 100 103 
7 6 232 899 1130 1042 691 623 100 103 
7 6 232 899 1130 1043 691 623 100 103 
7 6 232 899 1130 1044 691 623 100 103 
7 6 232 899 1130 1045 691 623 100 103 
7 6 232 899 1130 1046 691 623 100 103 
7 6 232 899 1130 1047 691 623 100 103 
7 6 232 899 1130 1048 691 623 100 103 
7 6 232 899 1130 1049 691 623 100 103 
7 6 232 899 1130 1050 691 623 100 103 
7 6 232 899 1130 1051 691 623 100 103 
7 6 232 899 1130 1052 691 623 100 103 
7 6 232 899 1130 1053 691 623 100 103 
7 6 232 899 1130 1054 691 623 100 103 
7 6 232 899 1130 1055 691 623 100 103 
7 6 232 899 1130 1056 691 623 100 103 
7 6 232 899 1130 1057 691 623 100 103 
7 6 232 899 1130 1058 691 623 100 103 
7 6 232 899 1130 1059 691 623 100 103 
7 6 232 899 1130 1060 691 623 100 103 
7 6 232 899 1130 1061 691 623 100 103 
7 6 232 899 1130 1062 691 623 100 103 
7 6 232 899 1130 1063 691 623 100 103 
7 6 232 899 1130 1064 691 623 100 103 
7 6 232 899 1130 1065 691 623 100 103 
7 6 232 899 1130 1066 691 623 100 103 
7 6 232 899 1130 1067 691 623 100 103 
7 6 232 899 1130 1068 691 623 100 103 
7 6 232 899 1130 1069 691 623 100 103 
7 6 232 899 1130 1070 691 623 100 103 
7 6 232 899 1130 1071 691 623 100 103 
7 6 232 899 1130 1072 691 623 100 103 
7 6 232 899 1130 1073 691 623 100 103 
7 6 232 899 1130 1074 691 623 100 103 
7 6 232 899 1130 1075 691 623 100 103 
7 6 232 899 1130 1076 691 623 100 103 
7 6 232 899 1130 1077 691 623 100 103 
7 6 232 899 1130 1078 691 623 100 103 
7 6 232 899 1130 1079 691 623 100 103 
7 6 232 899 1130 1080 691 623 100 103 
7 6 232 899 1130 1081 691 623 100 103 
7 6 232 899 1130 1082 691 623 100 103 
7 6 232 899 1130 1083 691 623 100 103 
7 6 232 899 1130 1084 691 623 100 103 
7 6 232 899 1130 1085 691 623 100 103 
7 6 232 899 1130 1086 691 623 100 103 
7 6 232 899 1130 1087 691 623 100 103 
7 6 232 899 1130 1088 691 623 100 103 
7 6 232 899 1130 1089 691 623 100 103 
7 6 232 899 1130 1090 691 623 100 103 
7 6 232 899 1130 1091 691 623 100 103 
7 6 232 899 1130 1092 691 623 100 103 
7 6 232 899 1130 1093 691 623 100 103 
7 6 232 899 1130 1094 691 623 100 103 
7 6 232 899 1130 1095 691 623 100 103 
7 6 232 899 1130 1096 691 623 100 103 
7 6 232 899 1130 1097 691 623 100 103 
7 6 232 899 1130 1098 691 623 100 103 
7 6 232 899 1130 1099 691 623 100 103 
7 6 232 899 1130 1100 691 623 100 103 
7 6 232 899 1130 1101 691 623 100 103 
7 6 232 899 1130 1102 691 623 100 103 
7 6 232 899 1130 1103 691 623 100 103 
7 6 232 899 1130 1104 691 623 100 103 
7 6 232 899 1130 1105 691 623 100 103 
7 6 232 899 1130 1106 691 623 100 103 
7 6 232 899 1130 1107 691 623 100 103 
7 6 232 899 1130 1108 691 623 100 103 
7 6 232 899 1130 1109 691 623 100 103 
7 6 232 899 1130 1110 691 623 100 103 
7 6 232 899 1130 1111 691 623 100 103 
7 6 232 899 1130 1112 691 623 100 103 
7 6 232 899 1130 1113 691 623 100 103 
7 6 232 899 1130 1114 691 623 100 103 
7 6 232 899 1130 1115 691 623 100 103 
7 6 232 899 1130 1116 691 623 100 103 
7 6 232 899 1130 1117 691 623 100 103 
7 6 232 899 1130 1118 691 623 100 103 
7 6 232 899 1130 1119 691 623 100 103 
7 6 232 899 1130 1120 691 623 100 103 
7 6 232 899 1130 1121 691 623 100 103 
7 6 232 899 1130 1122 691 623 100 103 
7 6 232 899 1130 1123 691 623 100 103 
7 6 232 899 1130 1124 691 623 100 103 
7 6 232 899 1130 1125 691 623 100 103 
7 6 232 899 1130 1126 691 623 100 103 
7 6 232 899 1130 1127 691 623 100 103 
7 6 232 899 1130 1128 691 623 100 103 
7 6 232 899 1130 1129 691 623 100 103 
7 6 232 899 1130 1130 691 623 100 103 
8 5 109 2589 2697 2589 545 141 97 42 
8 5 109 2589 2697 2590 545 141 97 42 
8 5 109 2589 2697 2591 545 141 97 42 
8 5 109 2589 2697 2592 545 141 97 42 
8 5 109 2589 2697 2593 545 141 97 42 
8 5 109 2589 2697 2594 545 141 97 42 
8 5 109 2589 2697 2595 545 141 97 42 
8 5 109 2589 2697 2596 545 141 97 42 
8 5 109 2589 2697 2597 545 141 97 42 
8 5 109 2589 2697 2598 545 141 97 42 
8 5 109 2589 2697 2599 545 141 97 42 
8 5 109 2589 2697 2600 545 141 97 42 
8 5 109 2589 2697 2601 545 141 97 42 
8 5 109 2589 2697 2602 545 141 97 42 
8 5 109 2589 2697 2603 545 141 97 42 
8 5 109 2589 2697 2604 545 141 97 42 
8 5 109 2589 2697 2605 545 141 97 42 
8 5 109 2589 2697 2606 545 141 97 42 
8 5 109 2589 2697 2607 545 141 97 42 
8 5 109 2589 2697 2608 545 141 97 42 
8 5 109 2589 2697 2609 545 141 97 42 
8 5 109 2589 2697 2610 545 141 97 42 
8 5 109 2589 2697 2611 545 141 97 42 
8 5 109 2589 2697 2612 545 141 97 42 
8 5 109 2589 2697 2613 545 141 97 42 
8 5 109 2589 2697 2614 545 141 97 42 
8 5 109 2589 2697 2615 545 141 97 42 
8 5 109 2589 2697 2616 545 141 97 42 
8 5 109 2589 2697 2617 545 141 97 42 
8 5 109 2589 2697 2618 545 141 97 42 
8 5 109 2589 2697 2619 545 141 97 42 
8 5 109 2589 2697 2620 545 141 97 42 
8 5 109 2589 2697 2621 545 141 97 42 
8 5 109 2589 2697 2622 545 141 97 42 
8 5 109 2589 2697 2623 545 141 97 42 
8 5 109 2589 2697 2624 545 141 97 42 
8 5 109 2589 2697 2625 545 141 97 42 
8 5 109 2589 2697 2626 545 141 97 42 
8 5 109 2589 2697 2627 545 141 97 42 
8 5 109 2589 2697 2628 545 141 97 42 
8 5 109 2589 2697 2629 545 141 97 42 
8 5 109 2589 2697 2630 545 141 97 42 
8 5 109 2589 2697 2631 545 141 97 42 
8 5 109 2589 2697 2632 545 141 97 42 
8 5 109 2589 2697 2633 545 141 97 42 
8 5 109 2589 2697 2634 545 141 97 42 
8 5 109 2589 2697 2635 545 141 97 42 
8 5 109 2589 2697 2636 545 141 97 42 
8 5 109 2589 2697 2637 545 141 97 42 
8 5 109 2589 2697 2638 545 141 97 42 
8 5 109 2589 2697 2639 545 141 97 42 
8 5 109 2589 2697 2640 545 141 97 42 
8 5 109 2589 2697 2641 545 141 97 42 
8 5 109 2589 2697 2642 545 141 97 42 
8 5 109 2589 2697 2643 545 141 97 42 
8 5 109 2589 2697 2644 545 141 97 42 
8 5 109 2589 2697 2645 545 141 97 42 
8 5 109 2589 2697 2646 545 141 97 42 
8 5 109 2589 2697 2647 545 141 97 42 
8 5 109 2589 2697 2648 545 141 97 42 
8 5 109 2589 2697 2649 545 141 97 42 
8 5 109 2589 2697 2650 545 141 97 42 
8 5 109 2589 2697 2651 545 141 97 42 
8 5 109 2589 2697 2652 545 141 97 42 
8 5 109 2589 2697 2653 545 141 97 42 
8 5 109 2589 2697 2654 545 141 97 42 
8 5 109 2589 2697 2655 545 141 97 42 
8 5 109 2589 2697 2656 545 141 97 42 
8 5 109 2589 2697 2657 545 141 97 42 
8 5 109 2589 2697 2658 545 141 97 42 
8 5 109 2589 2697 2659 545 141 97 42 
8 5 109 2589 2697 2660 545 141 97 42 
8 5 109 2589 2697 2661 545 141 97 42 
8 5 109 2589 2697 2662 545 141 97 42 
8 5 109 2589 2697 2663 545 141 97 42 
8 5 109 2589 2697 2664 545 141 97 42 
8 5 109 2589 2697 2665 545 141 97 42 
8 5 109 2589 2697 2666 545 141 97 42 
8 5 109 2589 2697 2667 545 141 97 42 
8 5 109 2589 2697 2668 545 141 97 42 
8 5 109 2589 2697 2669 545 141 97 42 
8 5 109 2589 2697 2670 545 141 97 42 
8 5 109 2589 2697 2671 545 141 97 42 
8 5 109 2589 2697 2672 545 141 97 42 
8 5 109 2589 2697 2673 545 141 97 42 
8 5 109 2589 2697 2674 545 141 97 42 
8 5 109 2589 2697 2675 545 141 97 42 
8 5 109 2589 2697 2676 545 141 97 42 
8 5 109 2589 2697 2677 545 141 97 42 
8 5 109 2589 2697 2678 545 141 97 42 
8 5 109 2589 2697 2679 545 141 97 42 
8 5 109 2589 2697 2680 545 141 97 42 
8 5 109 2589 2697 2681 545 141 97 42 
8 5 109 2589 2697 2682 545 141 97 42 
8 5 109 2589 2697 2683 545 141 97 42 
8 5 109 2589 2697 2684 545 141 97 42 
8 5 109 2589 2697 2685 545 141 97 42 
8 5 109 2589 2697 2686 545 141 97 42 
8 5 109 2589 2697 2687 545 141 97 42 
8 5 109 2589 2697 2688 545 141 97 42 
8 5 109 2589 2697 2689 545 141 97 42 
8 5 109 2589 2697 2690 545 141 97 42 
8 5 109 2589 2697 2691 545 141 97 42 
8 5 109 2589 2697 2692 545 141 97 42 
8 5 109 2589 2697 2693 545 141 97 42 
8 5 109 2589 2697 2694 545 141 97 42 
8 5 109 2589 2697 2695 545 141 97 42 
8 5 109 2589 2697 2696 545 141 97 42 
8 5 109 2589 2697 2697 545 141 97 42 
