0 5 321 749 1069 749 308 58 132 90 
0 5 321 749 1069 750 308 58 132 90 
0 5 321 749 1069 751 308 58 132 90 
0 5 321 749 1069 752 308 58 132 90 
0 5 321 749 1069 753 308 58 132 90 
0 5 321 749 1069 754 308 58 132 90 
0 5 321 749 1069 755 308 58 132 90 
0 5 321 749 1069 756 308 58 132 90 
0 5 321 749 1069 757 308 58 132 90 
0 5 321 749 1069 758 308 58 132 90 
0 5 321 749 1069 759 308 58 132 90 
0 5 321 749 1069 760 308 58 132 90 
0 5 321 749 1069 761 308 58 132 90 
0 5 321 749 1069 762 308 58 132 90 
0 5 321 749 1069 763 308 58 132 90 
0 5 321 749 1069 764 308 58 132 90 
0 5 321 749 1069 765 308 58 132 90 
0 5 321 749 1069 766 308 58 132 90 
0 5 321 749 1069 767 308 58 132 90 
0 5 321 749 1069 768 308 58 132 90 
0 5 321 749 1069 769 308 58 132 90 
0 5 321 749 1069 770 308 58 132 90 
0 5 321 749 1069 771 308 58 132 90 
0 5 321 749 1069 772 308 58 132 90 
0 5 321 749 1069 773 308 58 132 90 
0 5 321 749 1069 774 308 58 132 90 
0 5 321 749 1069 775 308 58 132 90 
0 5 321 749 1069 776 308 58 132 90 
0 5 321 749 1069 777 308 58 132 90 
0 5 321 749 1069 778 308 58 132 90 
0 5 321 749 1069 779 308 58 132 90 
0 5 321 749 1069 780 308 58 132 90 
0 5 321 749 1069 781 308 58 132 90 
0 5 321 749 1069 782 308 58 132 90 
0 5 321 749 1069 783 308 58 132 90 
0 5 321 749 1069 784 308 58 132 90 
0 5 321 749 1069 785 308 58 132 90 
0 5 321 749 1069 786 308 58 132 90 
0 5 321 749 1069 787 308 58 132 90 
0 5 321 749 1069 788 308 58 132 90 
0 5 321 749 1069 789 308 58 132 90 
0 5 321 749 1069 790 308 58 132 90 
0 5 321 749 1069 791 308 58 132 90 
0 5 321 749 1069 792 308 58 132 90 
0 5 321 749 1069 793 308 58 132 90 
0 5 321 749 1069 794 308 58 132 90 
0 5 321 749 1069 795 308 58 132 90 
0 5 321 749 1069 796 308 58 132 90 
0 5 321 749 1069 797 308 58 132 90 
0 5 321 749 1069 798 308 58 132 90 
0 5 321 749 1069 799 308 58 132 90 
0 5 321 749 1069 800 308 58 132 90 
0 5 321 749 1069 801 308 58 132 90 
0 5 321 749 1069 802 308 58 132 90 
0 5 321 749 1069 803 308 58 132 90 
0 5 321 749 1069 804 308 58 132 90 
0 5 321 749 1069 805 308 58 132 90 
0 5 321 749 1069 806 308 58 132 90 
0 5 321 749 1069 807 308 58 132 90 
0 5 321 749 1069 808 308 58 132 90 
0 5 321 749 1069 809 308 58 132 90 
0 5 321 749 1069 810 308 58 132 90 
0 5 321 749 1069 811 308 58 132 90 
0 5 321 749 1069 812 308 58 132 90 
0 5 321 749 1069 813 308 58 132 90 
0 5 321 749 1069 814 308 58 132 90 
0 5 321 749 1069 815 308 58 132 90 
0 5 321 749 1069 816 308 58 132 90 
0 5 321 749 1069 817 308 58 132 90 
0 5 321 749 1069 818 308 58 132 90 
0 5 321 749 1069 819 308 58 132 90 
0 5 321 749 1069 820 308 58 132 90 
0 5 321 749 1069 821 308 58 132 90 
0 5 321 749 1069 822 308 58 132 90 
0 5 321 749 1069 823 308 58 132 90 
0 5 321 749 1069 824 308 58 132 90 
0 5 321 749 1069 825 308 58 132 90 
0 5 321 749 1069 826 308 58 132 90 
0 5 321 749 1069 827 308 58 132 90 
0 5 321 749 1069 828 308 58 132 90 
0 5 321 749 1069 829 308 58 132 90 
0 5 321 749 1069 830 308 58 132 90 
0 5 321 749 1069 831 308 58 132 90 
0 5 321 749 1069 832 308 58 132 90 
0 5 321 749 1069 833 308 58 132 90 
0 5 321 749 1069 834 308 58 132 90 
0 5 321 749 1069 835 308 58 132 90 
0 5 321 749 1069 836 308 58 132 90 
0 5 321 749 1069 837 308 58 132 90 
0 5 321 749 1069 838 308 58 132 90 
0 5 321 749 1069 839 308 58 132 90 
0 5 321 749 1069 840 308 58 132 90 
0 5 321 749 1069 841 308 58 132 90 
0 5 321 749 1069 842 308 58 132 90 
0 5 321 749 1069 843 308 58 132 90 
0 5 321 749 1069 844 308 58 132 90 
0 5 321 749 1069 845 308 58 132 90 
0 5 321 749 1069 846 308 58 132 90 
0 5 321 749 1069 847 308 58 132 90 
0 5 321 749 1069 848 308 58 132 90 
0 5 321 749 1069 849 308 58 132 90 
0 5 321 749 1069 850 308 58 132 90 
0 5 321 749 1069 851 308 58 132 90 
0 5 321 749 1069 852 308 58 132 90 
0 5 321 749 1069 853 308 58 132 90 
0 5 321 749 1069 854 308 58 132 90 
0 5 321 749 1069 855 308 58 132 90 
0 5 321 749 1069 856 308 58 132 90 
0 5 321 749 1069 857 308 58 132 90 
0 5 321 749 1069 858 308 58 132 90 
0 5 321 749 1069 859 308 58 132 90 
0 5 321 749 1069 860 308 58 132 90 
0 5 321 749 1069 861 308 58 132 90 
0 5 321 749 1069 862 308 58 132 90 
0 5 321 749 1069 863 308 58 132 90 
0 5 321 749 1069 864 308 58 132 90 
0 5 321 749 1069 865 308 58 132 90 
0 5 321 749 1069 866 308 58 132 90 
0 5 321 749 1069 867 308 58 132 90 
0 5 321 749 1069 868 308 58 132 90 
0 5 321 749 1069 869 308 58 132 90 
0 5 321 749 1069 870 308 58 132 90 
0 5 321 749 1069 871 308 58 132 90 
0 5 321 749 1069 872 308 58 132 90 
0 5 321 749 1069 873 308 58 132 90 
0 5 321 749 1069 874 308 58 132 90 
0 5 321 749 1069 875 308 58 132 90 
0 5 321 749 1069 876 308 58 132 90 
0 5 321 749 1069 877 308 58 132 90 
0 5 321 749 1069 878 308 58 132 90 
0 5 321 749 1069 879 308 58 132 90 
0 5 321 749 1069 880 308 58 132 90 
0 5 321 749 1069 881 308 58 132 90 
0 5 321 749 1069 882 308 58 132 90 
0 5 321 749 1069 883 308 58 132 90 
0 5 321 749 1069 884 308 58 132 90 
0 5 321 749 1069 885 308 58 132 90 
0 5 321 749 1069 886 308 58 132 90 
0 5 321 749 1069 887 308 58 132 90 
0 5 321 749 1069 888 308 58 132 90 
0 5 321 749 1069 889 308 58 132 90 
0 5 321 749 1069 890 308 58 132 90 
0 5 321 749 1069 891 308 58 132 90 
0 5 321 749 1069 892 308 58 132 90 
0 5 321 749 1069 893 308 58 132 90 
0 5 321 749 1069 894 308 58 132 90 
0 5 321 749 1069 895 308 58 132 90 
0 5 321 749 1069 896 308 58 132 90 
0 5 321 749 1069 897 308 58 132 90 
0 5 321 749 1069 898 308 58 132 90 
0 5 321 749 1069 899 308 58 132 90 
0 5 321 749 1069 900 308 58 132 90 
0 5 321 749 1069 901 308 58 132 90 
0 5 321 749 1069 902 308 58 132 90 
0 5 321 749 1069 903 308 58 132 90 
0 5 321 749 1069 904 308 58 132 90 
0 5 321 749 1069 905 308 58 132 90 
0 5 321 749 1069 906 308 58 132 90 
0 5 321 749 1069 907 308 58 132 90 
0 5 321 749 1069 908 308 58 132 90 
0 5 321 749 1069 909 308 58 132 90 
0 5 321 749 1069 910 308 58 132 90 
0 5 321 749 1069 911 308 58 132 90 
0 5 321 749 1069 912 308 58 132 90 
0 5 321 749 1069 913 308 58 132 90 
0 5 321 749 1069 914 308 58 132 90 
0 5 321 749 1069 915 308 58 132 90 
0 5 321 749 1069 916 308 58 132 90 
0 5 321 749 1069 917 308 58 132 90 
0 5 321 749 1069 918 308 58 132 90 
0 5 321 749 1069 919 308 58 132 90 
0 5 321 749 1069 920 308 58 132 90 
0 5 321 749 1069 921 308 58 132 90 
0 5 321 749 1069 922 308 58 132 90 
0 5 321 749 1069 923 308 58 132 90 
0 5 321 749 1069 924 308 58 132 90 
0 5 321 749 1069 925 308 58 132 90 
0 5 321 749 1069 926 308 58 132 90 
0 5 321 749 1069 927 308 58 132 90 
0 5 321 749 1069 928 308 58 132 90 
0 5 321 749 1069 929 308 58 132 90 
0 5 321 749 1069 930 308 58 132 90 
0 5 321 749 1069 931 308 58 132 90 
0 5 321 749 1069 932 308 58 132 90 
0 5 321 749 1069 933 308 58 132 90 
0 5 321 749 1069 934 308 58 132 90 
0 5 321 749 1069 935 308 58 132 90 
0 5 321 749 1069 936 308 58 132 90 
0 5 321 749 1069 937 308 58 132 90 
0 5 321 749 1069 938 308 58 132 90 
0 5 321 749 1069 939 308 58 132 90 
0 5 321 749 1069 940 308 58 132 90 
0 5 321 749 1069 941 308 58 132 90 
0 5 321 749 1069 942 308 58 132 90 
0 5 321 749 1069 943 308 58 132 90 
0 5 321 749 1069 944 308 58 132 90 
0 5 321 749 1069 945 308 58 132 90 
0 5 321 749 1069 946 308 58 132 90 
0 5 321 749 1069 947 308 58 132 90 
0 5 321 749 1069 948 308 58 132 90 
0 5 321 749 1069 949 308 58 132 90 
0 5 321 749 1069 950 308 58 132 90 
0 5 321 749 1069 951 308 58 132 90 
0 5 321 749 1069 952 308 58 132 90 
0 5 321 749 1069 953 308 58 132 90 
0 5 321 749 1069 954 308 58 132 90 
0 5 321 749 1069 955 308 58 132 90 
0 5 321 749 1069 956 308 58 132 90 
0 5 321 749 1069 957 308 58 132 90 
0 5 321 749 1069 958 308 58 132 90 
0 5 321 749 1069 959 308 58 132 90 
0 5 321 749 1069 960 308 58 132 90 
0 5 321 749 1069 961 308 58 132 90 
0 5 321 749 1069 962 308 58 132 90 
0 5 321 749 1069 963 308 58 132 90 
0 5 321 749 1069 964 308 58 132 90 
0 5 321 749 1069 965 308 58 132 90 
0 5 321 749 1069 966 308 58 132 90 
0 5 321 749 1069 967 308 58 132 90 
0 5 321 749 1069 968 308 58 132 90 
0 5 321 749 1069 969 308 58 132 90 
0 5 321 749 1069 970 308 58 132 90 
0 5 321 749 1069 971 308 58 132 90 
0 5 321 749 1069 972 308 58 132 90 
0 5 321 749 1069 973 308 58 132 90 
0 5 321 749 1069 974 308 58 132 90 
0 5 321 749 1069 975 308 58 132 90 
0 5 321 749 1069 976 308 58 132 90 
0 5 321 749 1069 977 308 58 132 90 
0 5 321 749 1069 978 308 58 132 90 
0 5 321 749 1069 979 308 58 132 90 
0 5 321 749 1069 980 308 58 132 90 
0 5 321 749 1069 981 308 58 132 90 
0 5 321 749 1069 982 308 58 132 90 
0 5 321 749 1069 983 308 58 132 90 
0 5 321 749 1069 984 308 58 132 90 
0 5 321 749 1069 985 308 58 132 90 
0 5 321 749 1069 986 308 58 132 90 
0 5 321 749 1069 987 308 58 132 90 
0 5 321 749 1069 988 308 58 132 90 
0 5 321 749 1069 989 308 58 132 90 
0 5 321 749 1069 990 308 58 132 90 
0 5 321 749 1069 991 308 58 132 90 
0 5 321 749 1069 992 308 58 132 90 
0 5 321 749 1069 993 308 58 132 90 
0 5 321 749 1069 994 308 58 132 90 
0 5 321 749 1069 995 308 58 132 90 
0 5 321 749 1069 996 308 58 132 90 
0 5 321 749 1069 997 308 58 132 90 
0 5 321 749 1069 998 308 58 132 90 
0 5 321 749 1069 999 308 58 132 90 
0 5 321 749 1069 1000 308 58 132 90 
0 5 321 749 1069 1001 308 58 132 90 
0 5 321 749 1069 1002 308 58 132 90 
0 5 321 749 1069 1003 308 58 132 90 
0 5 321 749 1069 1004 308 58 132 90 
0 5 321 749 1069 1005 308 58 132 90 
0 5 321 749 1069 1006 308 58 132 90 
0 5 321 749 1069 1007 308 58 132 90 
0 5 321 749 1069 1008 308 58 132 90 
0 5 321 749 1069 1009 308 58 132 90 
0 5 321 749 1069 1010 308 58 132 90 
0 5 321 749 1069 1011 308 58 132 90 
0 5 321 749 1069 1012 308 58 132 90 
0 5 321 749 1069 1013 308 58 132 90 
0 5 321 749 1069 1014 308 58 132 90 
0 5 321 749 1069 1015 308 58 132 90 
0 5 321 749 1069 1016 308 58 132 90 
0 5 321 749 1069 1017 308 58 132 90 
0 5 321 749 1069 1018 308 58 132 90 
0 5 321 749 1069 1019 308 58 132 90 
0 5 321 749 1069 1020 308 58 132 90 
0 5 321 749 1069 1021 308 58 132 90 
0 5 321 749 1069 1022 308 58 132 90 
0 5 321 749 1069 1023 308 58 132 90 
0 5 321 749 1069 1024 308 58 132 90 
0 5 321 749 1069 1025 308 58 132 90 
0 5 321 749 1069 1026 308 58 132 90 
0 5 321 749 1069 1027 308 58 132 90 
0 5 321 749 1069 1028 308 58 132 90 
0 5 321 749 1069 1029 308 58 132 90 
0 5 321 749 1069 1030 308 58 132 90 
0 5 321 749 1069 1031 308 58 132 90 
0 5 321 749 1069 1032 308 58 132 90 
0 5 321 749 1069 1033 308 58 132 90 
0 5 321 749 1069 1034 308 58 132 90 
0 5 321 749 1069 1035 308 58 132 90 
0 5 321 749 1069 1036 308 58 132 90 
0 5 321 749 1069 1037 308 58 132 90 
0 5 321 749 1069 1038 308 58 132 90 
0 5 321 749 1069 1039 308 58 132 90 
0 5 321 749 1069 1040 308 58 132 90 
0 5 321 749 1069 1041 308 58 132 90 
0 5 321 749 1069 1042 308 58 132 90 
0 5 321 749 1069 1043 308 58 132 90 
0 5 321 749 1069 1044 308 58 132 90 
0 5 321 749 1069 1045 308 58 132 90 
0 5 321 749 1069 1046 308 58 132 90 
0 5 321 749 1069 1047 308 58 132 90 
0 5 321 749 1069 1048 308 58 132 90 
0 5 321 749 1069 1049 308 58 132 90 
0 5 321 749 1069 1050 308 58 132 90 
0 5 321 749 1069 1051 308 58 132 90 
0 5 321 749 1069 1052 308 58 132 90 
0 5 321 749 1069 1053 308 58 132 90 
0 5 321 749 1069 1054 308 58 132 90 
0 5 321 749 1069 1055 308 58 132 90 
0 5 321 749 1069 1056 308 58 132 90 
0 5 321 749 1069 1057 308 58 132 90 
0 5 321 749 1069 1058 308 58 132 90 
0 5 321 749 1069 1059 308 58 132 90 
0 5 321 749 1069 1060 308 58 132 90 
0 5 321 749 1069 1061 308 58 132 90 
0 5 321 749 1069 1062 308 58 132 90 
0 5 321 749 1069 1063 308 58 132 90 
0 5 321 749 1069 1064 308 58 132 90 
0 5 321 749 1069 1065 308 58 132 90 
0 5 321 749 1069 1066 308 58 132 90 
0 5 321 749 1069 1067 308 58 132 90 
0 5 321 749 1069 1068 308 58 132 90 
0 5 321 749 1069 1069 308 58 132 90 
