1 5 59 5730 5788 5730 217 50 75 61 
1 5 59 5730 5788 5731 217 50 75 61 
1 5 59 5730 5788 5732 217 50 75 61 
1 5 59 5730 5788 5733 217 50 75 61 
1 5 59 5730 5788 5734 217 50 75 61 
1 5 59 5730 5788 5735 217 50 75 61 
1 5 59 5730 5788 5736 217 50 75 61 
1 5 59 5730 5788 5737 217 50 75 61 
1 5 59 5730 5788 5738 217 50 75 61 
1 5 59 5730 5788 5739 217 50 75 61 
1 5 59 5730 5788 5740 217 50 75 61 
1 5 59 5730 5788 5741 217 50 75 61 
1 5 59 5730 5788 5742 217 50 75 61 
1 5 59 5730 5788 5743 217 50 75 61 
1 5 59 5730 5788 5744 217 50 75 61 
1 5 59 5730 5788 5745 217 50 75 61 
1 5 59 5730 5788 5746 217 50 75 61 
1 5 59 5730 5788 5747 217 50 75 61 
1 5 59 5730 5788 5748 217 50 75 61 
1 5 59 5730 5788 5749 217 50 75 61 
1 5 59 5730 5788 5750 217 50 75 61 
1 5 59 5730 5788 5751 217 50 75 61 
1 5 59 5730 5788 5752 217 50 75 61 
1 5 59 5730 5788 5753 217 50 75 61 
1 5 59 5730 5788 5754 217 50 75 61 
1 5 59 5730 5788 5755 217 50 75 61 
1 5 59 5730 5788 5756 217 50 75 61 
1 5 59 5730 5788 5757 217 50 75 61 
1 5 59 5730 5788 5758 217 50 75 61 
1 5 59 5730 5788 5759 217 50 75 61 
1 5 59 5730 5788 5760 217 50 75 61 
1 5 59 5730 5788 5761 217 50 75 61 
1 5 59 5730 5788 5762 217 50 75 61 
1 5 59 5730 5788 5763 217 50 75 61 
1 5 59 5730 5788 5764 217 50 75 61 
1 5 59 5730 5788 5765 217 50 75 61 
1 5 59 5730 5788 5766 217 50 75 61 
1 5 59 5730 5788 5767 217 50 75 61 
1 5 59 5730 5788 5768 217 50 75 61 
1 5 59 5730 5788 5769 217 50 75 61 
1 5 59 5730 5788 5770 217 50 75 61 
1 5 59 5730 5788 5771 217 50 75 61 
1 5 59 5730 5788 5772 217 50 75 61 
1 5 59 5730 5788 5773 217 50 75 61 
1 5 59 5730 5788 5774 217 50 75 61 
1 5 59 5730 5788 5775 217 50 75 61 
1 5 59 5730 5788 5776 217 50 75 61 
1 5 59 5730 5788 5777 217 50 75 61 
1 5 59 5730 5788 5778 217 50 75 61 
1 5 59 5730 5788 5779 217 50 75 61 
1 5 59 5730 5788 5780 217 50 75 61 
1 5 59 5730 5788 5781 217 50 75 61 
1 5 59 5730 5788 5782 217 50 75 61 
1 5 59 5730 5788 5783 217 50 75 61 
1 5 59 5730 5788 5784 217 50 75 61 
1 5 59 5730 5788 5785 217 50 75 61 
1 5 59 5730 5788 5786 217 50 75 61 
1 5 59 5730 5788 5787 217 50 75 61 
1 5 59 5730 5788 5788 217 50 75 61 
