53 2 67 1143 1209 1143 1460 638 297 249 
53 2 67 1143 1209 1144 1460 638 297 249 
53 2 67 1143 1209 1145 1460 638 297 249 
53 2 67 1143 1209 1146 1460 638 297 249 
53 2 67 1143 1209 1147 1460 638 297 249 
53 2 67 1143 1209 1148 1460 638 297 249 
53 2 67 1143 1209 1149 1460 638 297 249 
53 2 67 1143 1209 1150 1460 638 297 249 
53 2 67 1143 1209 1151 1460 638 297 249 
53 2 67 1143 1209 1152 1460 638 297 249 
53 2 67 1143 1209 1153 1460 638 297 249 
53 2 67 1143 1209 1154 1460 638 297 249 
53 2 67 1143 1209 1155 1460 638 297 249 
53 2 67 1143 1209 1156 1460 638 297 249 
53 2 67 1143 1209 1157 1460 638 297 249 
53 2 67 1143 1209 1158 1460 638 297 249 
53 2 67 1143 1209 1159 1460 638 297 249 
53 2 67 1143 1209 1160 1460 638 297 249 
53 2 67 1143 1209 1161 1460 638 297 249 
53 2 67 1143 1209 1162 1460 638 297 249 
53 2 67 1143 1209 1163 1460 638 297 249 
53 2 67 1143 1209 1164 1460 638 297 249 
53 2 67 1143 1209 1165 1460 638 297 249 
53 2 67 1143 1209 1166 1460 638 297 249 
53 2 67 1143 1209 1167 1460 638 297 249 
53 2 67 1143 1209 1168 1460 638 297 249 
53 2 67 1143 1209 1169 1460 638 297 249 
53 2 67 1143 1209 1170 1460 638 297 249 
53 2 67 1143 1209 1171 1460 638 297 249 
53 2 67 1143 1209 1172 1460 638 297 249 
53 2 67 1143 1209 1173 1460 638 297 249 
53 2 67 1143 1209 1174 1460 638 297 249 
53 2 67 1143 1209 1175 1460 638 297 249 
53 2 67 1143 1209 1176 1460 638 297 249 
53 2 67 1143 1209 1177 1460 638 297 249 
53 2 67 1143 1209 1178 1460 638 297 249 
53 2 67 1143 1209 1179 1460 638 297 249 
53 2 67 1143 1209 1180 1460 638 297 249 
53 2 67 1143 1209 1181 1460 638 297 249 
53 2 67 1143 1209 1182 1460 638 297 249 
53 2 67 1143 1209 1183 1460 638 297 249 
53 2 67 1143 1209 1184 1460 638 297 249 
53 2 67 1143 1209 1185 1460 638 297 249 
53 2 67 1143 1209 1186 1460 638 297 249 
53 2 67 1143 1209 1187 1460 638 297 249 
53 2 67 1143 1209 1188 1460 638 297 249 
53 2 67 1143 1209 1189 1460 638 297 249 
53 2 67 1143 1209 1190 1460 638 297 249 
53 2 67 1143 1209 1191 1460 638 297 249 
53 2 67 1143 1209 1192 1460 638 297 249 
53 2 67 1143 1209 1193 1460 638 297 249 
53 2 67 1143 1209 1194 1460 638 297 249 
53 2 67 1143 1209 1195 1460 638 297 249 
53 2 67 1143 1209 1196 1460 638 297 249 
53 2 67 1143 1209 1197 1460 638 297 249 
53 2 67 1143 1209 1198 1460 638 297 249 
53 2 67 1143 1209 1199 1460 638 297 249 
53 2 67 1143 1209 1200 1460 638 297 249 
53 2 67 1143 1209 1201 1460 638 297 249 
53 2 67 1143 1209 1202 1460 638 297 249 
53 2 67 1143 1209 1203 1460 638 297 249 
53 2 67 1143 1209 1204 1460 638 297 249 
53 2 67 1143 1209 1205 1460 638 297 249 
53 2 67 1143 1209 1206 1460 638 297 249 
53 2 67 1143 1209 1207 1460 638 297 249 
53 2 67 1143 1209 1208 1460 638 297 249 
53 2 67 1143 1209 1209 1460 638 297 249 
55 9 491 1259 1749 1259 1625 720 186 240 
55 9 491 1259 1749 1260 1621 720 192 240 
55 9 491 1259 1749 1261 1619 722 198 240 
55 9 491 1259 1749 1262 1616 722 198 240 
55 9 491 1259 1749 1263 1618 725 192 235 
55 9 491 1259 1749 1264 1618 725 192 240 
55 9 491 1259 1749 1265 1619 728 188 235 
55 9 491 1259 1749 1266 1617 728 186 235 
55 9 491 1259 1749 1267 1617 730 186 237 
55 9 491 1259 1749 1268 1619 730 180 237 
55 9 491 1259 1749 1269 1620 734 176 232 
55 9 491 1259 1749 1270 1620 737 176 231 
55 9 491 1259 1749 1271 1615 737 182 231 
55 9 491 1259 1749 1272 1612 737 182 231 
55 9 491 1259 1749 1273 1609 736 186 235 
55 9 491 1259 1749 1274 1611 736 180 240 
55 9 491 1259 1749 1275 1606 736 186 240 
55 9 491 1259 1749 1276 1607 735 182 243 
55 9 491 1259 1749 1277 1603 734 188 247 
55 9 491 1259 1749 1278 1604 734 182 247 
55 9 491 1259 1749 1279 1601 734 186 252 
55 9 491 1259 1749 1280 1601 736 186 252 
55 9 491 1259 1749 1281 1597 736 192 252 
55 9 491 1259 1749 1282 1594 736 192 252 
55 9 491 1259 1749 1283 1595 736 188 252 
55 9 491 1259 1749 1284 1596 739 182 252 
55 9 491 1259 1749 1285 1595 739 180 252 
55 9 491 1259 1749 1286 1595 739 180 252 
55 9 491 1259 1749 1287 1596 742 176 252 
55 9 491 1259 1749 1288 1593 742 176 252 
55 9 491 1259 1749 1289 1594 742 170 252 
55 9 491 1259 1749 1290 1594 744 170 252 
55 9 491 1259 1749 1291 1588 744 176 252 
55 9 491 1259 1749 1292 1585 744 176 252 
55 9 491 1259 1749 1293 1579 744 180 252 
55 9 491 1259 1749 1294 1575 744 182 252 
55 9 491 1259 1749 1295 1571 744 188 252 
55 9 491 1259 1749 1296 1565 744 192 252 
55 9 491 1259 1749 1297 1562 744 192 252 
55 9 491 1259 1749 1298 1555 744 198 252 
55 9 491 1259 1749 1299 1552 744 198 252 
55 9 491 1259 1749 1300 1549 744 202 252 
55 9 491 1259 1749 1301 1551 744 196 252 
55 9 491 1259 1749 1302 1552 744 192 252 
55 9 491 1259 1749 1303 1553 744 186 252 
55 9 491 1259 1749 1304 1553 744 186 252 
55 9 491 1259 1749 1305 1555 747 180 252 
55 9 491 1259 1749 1306 1556 747 176 252 
55 9 491 1259 1749 1307 1556 747 176 252 
55 9 491 1259 1749 1308 1557 747 170 252 
55 9 491 1259 1749 1309 1559 747 164 252 
55 9 491 1259 1749 1310 1559 750 164 252 
55 9 491 1259 1749 1311 1555 750 166 252 
55 9 491 1259 1749 1312 1552 750 166 252 
55 9 491 1259 1749 1313 1549 750 170 252 
55 9 491 1259 1749 1314 1546 749 170 255 
55 9 491 1259 1749 1315 1542 749 176 255 
55 9 491 1259 1749 1316 1540 749 176 255 
55 9 491 1259 1749 1317 1537 748 176 259 
55 9 491 1259 1749 1318 1532 748 182 259 
55 9 491 1259 1749 1319 1531 748 180 259 
55 9 491 1259 1749 1320 1531 750 180 261 
55 9 491 1259 1749 1321 1527 750 182 261 
55 9 491 1259 1749 1322 1527 750 182 261 
55 9 491 1259 1749 1323 1529 750 176 261 
55 9 491 1259 1749 1324 1529 750 176 261 
55 9 491 1259 1749 1325 1530 753 170 259 
55 9 491 1259 1749 1326 1530 753 170 259 
55 9 491 1259 1749 1327 1531 753 166 259 
55 9 491 1259 1749 1328 1531 753 166 259 
55 9 491 1259 1749 1329 1533 753 160 259 
55 9 491 1259 1749 1330 1533 756 160 259 
55 9 491 1259 1749 1331 1527 756 164 259 
55 9 491 1259 1749 1332 1523 756 166 259 
55 9 491 1259 1749 1333 1520 756 166 259 
55 9 491 1259 1749 1334 1519 756 164 259 
55 9 491 1259 1749 1335 1514 756 170 259 
55 9 491 1259 1749 1336 1508 756 176 259 
55 9 491 1259 1749 1337 1505 756 176 259 
55 9 491 1259 1749 1338 1502 756 176 259 
55 9 491 1259 1749 1339 1500 756 176 259 
55 9 491 1259 1749 1340 1495 756 182 259 
55 9 491 1259 1749 1341 1492 753 182 259 
55 9 491 1259 1749 1342 1494 753 176 259 
55 9 491 1259 1749 1343 1495 753 172 259 
55 9 491 1259 1749 1344 1492 750 176 261 
55 9 491 1259 1749 1345 1493 750 170 261 
55 9 491 1259 1749 1346 1495 750 164 261 
55 9 491 1259 1749 1347 1490 748 170 259 
55 9 491 1259 1749 1348 1491 748 166 259 
55 9 491 1259 1749 1349 1493 748 160 259 
55 9 491 1259 1749 1350 1493 748 160 259 
55 9 491 1259 1749 1351 1487 748 164 259 
55 9 491 1259 1749 1352 1483 748 166 259 
55 9 491 1259 1749 1353 1480 748 166 259 
55 9 491 1259 1749 1354 1479 748 164 259 
55 9 491 1259 1749 1355 1474 748 170 259 
55 9 491 1259 1749 1356 1471 748 172 259 
55 9 491 1259 1749 1357 1469 748 170 259 
55 9 491 1259 1749 1358 1466 748 170 259 
55 9 491 1259 1749 1359 1463 748 172 259 
55 9 491 1259 1749 1360 1460 750 176 261 
55 9 491 1259 1749 1361 1461 750 170 261 
55 9 491 1259 1749 1362 1461 750 170 261 
55 9 491 1259 1749 1363 1463 750 164 261 
55 9 491 1259 1749 1364 1463 750 164 261 
55 9 491 1259 1749 1365 1463 750 164 261 
55 9 491 1259 1749 1366 1464 750 160 261 
55 9 491 1259 1749 1367 1464 750 160 261 
55 9 491 1259 1749 1368 1465 750 154 261 
55 9 491 1259 1749 1369 1465 750 154 261 
55 9 491 1259 1749 1370 1465 750 154 261 
55 9 491 1259 1749 1371 1462 750 154 261 
55 9 491 1259 1749 1372 1459 750 156 261 
55 9 491 1259 1749 1373 1457 750 154 261 
55 9 491 1259 1749 1374 1457 750 154 261 
55 9 491 1259 1749 1375 1454 750 154 261 
55 9 491 1259 1749 1376 1451 750 156 261 
55 9 491 1259 1749 1377 1451 750 156 261 
55 9 491 1259 1749 1378 1449 750 154 261 
55 9 491 1259 1749 1379 1446 750 154 261 
55 9 491 1259 1749 1380 1446 750 154 261 
55 9 491 1259 1749 1381 1443 748 156 259 
55 9 491 1259 1749 1382 1443 748 156 259 
55 9 491 1259 1749 1383 1441 748 154 259 
55 9 491 1259 1749 1384 1441 748 154 259 
55 9 491 1259 1749 1385 1443 748 148 259 
55 9 491 1259 1749 1386 1438 745 154 259 
55 9 491 1259 1749 1387 1439 745 150 259 
55 9 491 1259 1749 1388 1435 745 156 259 
55 9 491 1259 1749 1389 1436 745 150 259 
55 9 491 1259 1749 1390 1436 745 150 259 
55 9 491 1259 1749 1391 1435 745 148 259 
55 9 491 1259 1749 1392 1430 745 154 259 
55 9 491 1259 1749 1393 1427 745 156 259 
55 9 491 1259 1749 1394 1424 745 160 259 
55 9 491 1259 1749 1395 1419 745 166 259 
55 9 491 1259 1749 1396 1416 745 166 259 
55 9 491 1259 1749 1397 1413 745 170 259 
55 9 491 1259 1749 1398 1410 745 170 259 
55 9 491 1259 1749 1399 1406 745 176 259 
55 9 491 1259 1749 1400 1406 745 176 264 
55 9 491 1259 1749 1401 1404 745 176 264 
55 9 491 1259 1749 1402 1405 745 170 264 
55 9 491 1259 1749 1403 1407 745 164 264 
55 9 491 1259 1749 1404 1403 748 166 264 
55 9 491 1259 1749 1405 1405 748 160 264 
55 9 491 1259 1749 1406 1406 748 154 264 
55 9 491 1259 1749 1407 1407 748 150 264 
55 9 491 1259 1749 1408 1404 750 150 264 
55 9 491 1259 1749 1409 1406 750 144 264 
55 9 491 1259 1749 1410 1407 750 140 264 
55 9 491 1259 1749 1411 1407 753 140 264 
55 9 491 1259 1749 1412 1401 753 144 264 
55 9 491 1259 1749 1413 1395 753 148 264 
55 9 491 1259 1749 1414 1387 753 156 264 
55 9 491 1259 1749 1415 1384 756 160 264 
55 9 491 1259 1749 1416 1376 756 166 264 
55 9 491 1259 1749 1417 1370 756 170 264 
55 9 491 1259 1749 1418 1366 758 176 264 
55 9 491 1259 1749 1419 1359 758 182 264 
55 9 491 1259 1749 1420 1353 758 186 264 
55 9 491 1259 1749 1421 1349 761 192 264 
55 9 491 1259 1749 1422 1351 761 182 264 
55 9 491 1259 1749 1423 1353 761 176 264 
55 9 491 1259 1749 1424 1354 761 170 264 
55 9 491 1259 1749 1425 1355 761 166 264 
55 9 491 1259 1749 1426 1357 761 160 264 
55 9 491 1259 1749 1427 1358 761 154 264 
55 9 491 1259 1749 1428 1359 761 150 264 
55 9 491 1259 1749 1429 1361 761 144 264 
55 9 491 1259 1749 1430 1362 764 138 264 
55 9 491 1259 1749 1431 1362 768 138 252 
55 9 491 1259 1749 1432 1356 768 144 252 
55 9 491 1259 1749 1433 1353 767 144 256 
55 9 491 1259 1749 1434 1350 766 144 261 
55 9 491 1259 1749 1435 1343 766 150 264 
55 9 491 1259 1749 1436 1340 765 150 268 
55 9 491 1259 1749 1437 1339 765 148 268 
55 9 491 1259 1749 1438 1331 764 156 273 
55 9 491 1259 1749 1439 1329 764 154 276 
55 9 491 1259 1749 1440 1326 763 154 280 
55 9 491 1259 1749 1441 1323 766 156 280 
55 9 491 1259 1749 1442 1317 766 160 280 
55 9 491 1259 1749 1443 1314 766 160 280 
55 9 491 1259 1749 1444 1312 766 160 280 
55 9 491 1259 1749 1445 1307 770 166 276 
55 9 491 1259 1749 1446 1304 770 166 276 
55 9 491 1259 1749 1447 1303 770 164 276 
55 9 491 1259 1749 1448 1299 772 166 273 
55 9 491 1259 1749 1449 1295 772 172 273 
55 9 491 1259 1749 1450 1293 772 170 273 
55 9 491 1259 1749 1451 1290 775 170 271 
55 9 491 1259 1749 1452 1287 775 172 271 
55 9 491 1259 1749 1453 1284 775 176 271 
55 9 491 1259 1749 1454 1281 779 176 267 
55 9 491 1259 1749 1455 1278 779 176 267 
55 9 491 1259 1749 1456 1276 779 176 267 
55 9 491 1259 1749 1457 1271 782 182 264 
55 9 491 1259 1749 1458 1268 782 182 264 
55 9 491 1259 1749 1459 1267 782 180 264 
55 9 491 1259 1749 1460 1262 785 186 264 
55 9 491 1259 1749 1461 1257 785 186 264 
55 9 491 1259 1749 1462 1254 784 186 268 
55 9 491 1259 1749 1463 1248 787 192 267 
55 9 491 1259 1749 1464 1246 786 186 271 
55 9 491 1259 1749 1465 1243 788 188 273 
55 9 491 1259 1749 1466 1237 788 192 276 
55 9 491 1259 1749 1467 1234 791 192 276 
55 9 491 1259 1749 1468 1233 790 186 280 
55 9 491 1259 1749 1469 1226 793 192 279 
55 9 491 1259 1749 1470 1224 792 192 283 
55 9 491 1259 1749 1471 1221 794 192 284 
55 9 491 1259 1749 1472 1216 794 192 284 
55 9 491 1259 1749 1473 1213 794 192 284 
55 9 491 1259 1749 1474 1210 798 192 280 
55 9 491 1259 1749 1475 1203 798 198 280 
55 9 491 1259 1749 1476 1200 801 198 277 
55 9 491 1259 1749 1477 1199 801 196 277 
55 9 491 1259 1749 1478 1191 804 204 275 
55 9 491 1259 1749 1479 1189 804 202 275 
55 9 491 1259 1749 1480 1186 807 202 271 
55 9 491 1259 1749 1481 1181 807 202 272 
55 9 491 1259 1749 1482 1178 810 202 268 
55 9 491 1259 1749 1483 1175 810 204 268 
55 9 491 1259 1749 1484 1169 813 208 265 
55 9 491 1259 1749 1485 1166 813 208 265 
55 9 491 1259 1749 1486 1164 816 208 262 
55 9 491 1259 1749 1487 1156 816 214 262 
55 9 491 1259 1749 1488 1155 820 212 259 
55 9 491 1259 1749 1489 1151 820 214 259 
55 9 491 1259 1749 1490 1148 822 214 257 
55 9 491 1259 1749 1491 1148 822 208 257 
55 9 491 1259 1749 1492 1145 821 208 257 
55 9 491 1259 1749 1493 1142 825 208 254 
55 9 491 1259 1749 1494 1140 824 208 254 
55 9 491 1259 1749 1495 1137 827 208 251 
55 9 491 1259 1749 1496 1135 827 204 251 
55 9 491 1259 1749 1497 1133 826 202 252 
55 9 491 1259 1749 1498 1130 829 202 249 
55 9 491 1259 1749 1499 1127 828 204 250 
55 9 491 1259 1749 1500 1125 831 202 247 
55 9 491 1259 1749 1501 1119 831 204 247 
55 9 491 1259 1749 1502 1117 831 202 247 
55 9 491 1259 1749 1503 1114 835 202 243 
55 9 491 1259 1749 1504 1111 834 204 244 
55 9 491 1259 1749 1505 1109 837 202 241 
55 9 491 1259 1749 1506 1106 837 202 241 
55 9 491 1259 1749 1507 1104 837 198 241 
55 9 491 1259 1749 1508 1103 840 196 238 
55 9 491 1259 1749 1509 1095 840 204 238 
55 9 491 1259 1749 1510 1093 844 202 235 
55 9 491 1259 1749 1511 1090 844 202 235 
55 9 491 1259 1749 1512 1087 846 204 233 
55 9 491 1259 1749 1513 1085 846 202 233 
55 9 491 1259 1749 1514 1083 846 198 233 
55 9 491 1259 1749 1515 1080 849 198 230 
55 9 491 1259 1749 1516 1079 849 196 230 
55 9 491 1259 1749 1517 1075 852 198 226 
55 9 491 1259 1749 1518 1069 852 202 226 
55 9 491 1259 1749 1519 1066 854 202 224 
55 9 491 1259 1749 1520 1064 854 198 224 
55 9 491 1259 1749 1521 1063 854 196 224 
55 9 491 1259 1749 1522 1059 858 198 220 
55 9 491 1259 1749 1523 1056 857 198 221 
55 9 491 1259 1749 1524 1055 861 196 217 
55 9 491 1259 1749 1525 1051 861 198 217 
55 9 491 1259 1749 1526 1048 863 198 215 
55 9 491 1259 1749 1527 1047 863 196 215 
55 9 491 1259 1749 1528 1043 863 198 215 
55 9 491 1259 1749 1529 1040 863 198 215 
55 9 491 1259 1749 1530 1039 867 196 212 
55 9 491 1259 1749 1531 1035 867 198 212 
55 9 491 1259 1749 1532 1032 867 198 212 
55 9 491 1259 1749 1533 1031 870 196 208 
55 9 491 1259 1749 1534 1024 870 198 208 
55 9 491 1259 1749 1535 1023 870 196 208 
55 9 491 1259 1749 1536 1016 873 198 205 
55 9 491 1259 1749 1537 1015 873 196 205 
55 9 491 1259 1749 1538 1011 877 198 202 
55 9 491 1259 1749 1539 1007 877 196 202 
55 9 491 1259 1749 1540 1003 880 198 198 
55 9 491 1259 1749 1541 1000 880 198 198 
55 9 491 1259 1749 1542 995 880 198 198 
55 9 491 1259 1749 1543 992 883 198 195 
55 9 491 1259 1749 1544 987 883 198 195 
55 9 491 1259 1749 1545 984 887 198 192 
55 9 491 1259 1749 1546 983 887 196 192 
55 9 491 1259 1749 1547 976 890 198 188 
55 9 491 1259 1749 1548 975 890 196 188 
55 9 491 1259 1749 1549 971 893 198 185 
55 9 491 1259 1749 1550 967 893 196 185 
55 9 491 1259 1749 1551 963 893 198 185 
55 9 491 1259 1749 1552 959 897 196 182 
55 9 491 1259 1749 1553 955 897 198 182 
55 9 491 1259 1749 1554 952 900 198 178 
55 9 491 1259 1749 1555 947 900 198 178 
55 9 491 1259 1749 1556 944 903 198 175 
55 9 491 1259 1749 1557 943 903 196 175 
55 9 491 1259 1749 1558 936 903 198 175 
55 9 491 1259 1749 1559 935 907 196 172 
55 9 491 1259 1749 1560 928 907 198 172 
55 9 491 1259 1749 1561 927 910 196 168 
55 9 491 1259 1749 1562 923 910 198 168 
55 9 491 1259 1749 1563 919 913 196 165 
55 9 491 1259 1749 1564 915 913 198 165 
55 9 491 1259 1749 1565 912 917 198 162 
55 9 491 1259 1749 1566 907 917 198 162 
55 9 491 1259 1749 1567 903 917 196 162 
55 9 491 1259 1749 1568 895 917 204 162 
55 9 491 1259 1749 1569 890 917 202 162 
55 9 491 1259 1749 1570 884 917 208 162 
55 9 491 1259 1749 1571 882 917 202 162 
55 9 491 1259 1749 1572 876 917 208 162 
55 9 491 1259 1749 1573 870 917 208 162 
55 9 491 1259 1749 1574 863 920 214 158 
55 9 491 1259 1749 1575 859 920 212 158 
55 9 491 1259 1749 1576 851 920 220 158 
55 9 491 1259 1749 1577 851 920 212 158 
55 9 491 1259 1749 1578 843 920 220 158 
55 9 491 1259 1749 1579 838 920 218 158 
55 9 491 1259 1749 1580 833 920 218 158 
55 9 491 1259 1749 1581 826 920 224 158 
55 9 491 1259 1749 1582 821 923 224 155 
55 9 491 1259 1749 1583 818 923 224 155 
55 9 491 1259 1749 1584 813 923 224 155 
55 9 491 1259 1749 1585 807 923 228 155 
55 9 491 1259 1749 1586 800 923 230 155 
55 9 491 1259 1749 1587 794 923 234 155 
55 9 491 1259 1749 1588 789 923 234 155 
55 9 491 1259 1749 1589 786 923 234 155 
55 9 491 1259 1749 1590 781 927 234 152 
55 9 491 1259 1749 1591 774 927 240 152 
55 9 491 1259 1749 1592 769 927 240 152 
55 9 491 1259 1749 1593 764 927 240 152 
55 9 491 1259 1749 1594 756 927 246 152 
55 9 491 1259 1749 1595 756 927 240 152 
55 9 491 1259 1749 1596 748 927 246 152 
55 9 491 1259 1749 1597 743 927 246 152 
55 9 491 1259 1749 1598 737 930 250 148 
55 9 491 1259 1749 1599 731 930 252 148 
55 9 491 1259 1749 1600 725 930 256 148 
55 9 491 1259 1749 1601 723 930 252 148 
55 9 491 1259 1749 1602 717 930 256 148 
55 9 491 1259 1749 1603 712 930 256 148 
55 9 491 1259 1749 1604 704 930 262 148 
55 9 491 1259 1749 1605 699 930 262 148 
55 9 491 1259 1749 1606 696 933 262 145 
55 9 491 1259 1749 1607 691 933 262 145 
55 9 491 1259 1749 1608 690 933 256 145 
55 9 491 1259 1749 1609 683 933 262 145 
55 9 491 1259 1749 1610 682 933 256 145 
55 9 491 1259 1749 1611 675 933 262 145 
55 9 491 1259 1749 1612 674 933 256 145 
55 9 491 1259 1749 1613 669 933 256 145 
55 9 491 1259 1749 1614 666 937 256 142 
55 9 491 1259 1749 1615 665 937 250 142 
55 9 491 1259 1749 1616 658 937 256 142 
55 9 491 1259 1749 1617 657 937 250 142 
55 9 491 1259 1749 1618 650 937 256 142 
55 9 491 1259 1749 1619 649 937 250 142 
55 9 491 1259 1749 1620 643 937 252 142 
55 9 491 1259 1749 1621 641 940 250 138 
55 9 491 1259 1749 1622 635 940 252 138 
55 9 491 1259 1749 1623 633 940 250 138 
55 9 491 1259 1749 1624 631 940 246 138 
55 9 491 1259 1749 1625 627 940 244 138 
55 9 491 1259 1749 1626 623 940 246 138 
55 9 491 1259 1749 1627 619 940 244 138 
55 9 491 1259 1749 1628 615 943 246 135 
55 9 491 1259 1749 1629 611 943 244 135 
55 9 491 1259 1749 1630 607 943 246 135 
55 9 491 1259 1749 1631 603 943 244 135 
55 9 491 1259 1749 1632 601 943 240 135 
55 9 491 1259 1749 1633 598 943 240 135 
55 9 491 1259 1749 1634 593 943 240 135 
55 9 491 1259 1749 1635 590 947 240 132 
55 9 491 1259 1749 1636 585 947 240 132 
55 9 491 1259 1749 1637 583 947 236 132 
55 9 491 1259 1749 1638 577 947 240 132 
55 9 491 1259 1749 1639 575 947 236 132 
55 9 491 1259 1749 1640 569 947 240 132 
55 9 491 1259 1749 1641 567 947 236 132 
55 9 491 1259 1749 1642 565 950 234 128 
55 9 491 1259 1749 1643 559 950 236 128 
55 9 491 1259 1749 1644 554 950 234 128 
55 9 491 1259 1749 1645 551 950 236 128 
55 9 491 1259 1749 1646 546 950 234 128 
55 9 491 1259 1749 1647 541 950 234 128 
55 9 491 1259 1749 1648 538 950 234 128 
55 9 491 1259 1749 1649 533 950 234 128 
55 9 491 1259 1749 1650 527 950 236 128 
55 9 491 1259 1749 1651 525 950 234 128 
55 9 491 1259 1749 1652 519 950 236 128 
55 9 491 1259 1749 1653 514 950 234 128 
55 9 491 1259 1749 1654 511 950 236 128 
55 9 491 1259 1749 1655 506 950 234 128 
55 9 491 1259 1749 1656 501 950 234 128 
55 9 491 1259 1749 1657 498 950 234 128 
55 9 491 1259 1749 1658 493 950 234 128 
55 9 491 1259 1749 1659 487 950 236 128 
55 9 491 1259 1749 1660 485 950 234 128 
55 9 491 1259 1749 1661 479 950 236 128 
55 9 491 1259 1749 1662 474 950 234 128 
55 9 491 1259 1749 1663 471 953 236 125 
55 9 491 1259 1749 1664 466 953 234 125 
55 9 491 1259 1749 1665 461 953 234 125 
55 9 491 1259 1749 1666 458 953 234 125 
55 9 491 1259 1749 1667 453 957 234 122 
55 9 491 1259 1749 1668 450 957 234 122 
55 9 491 1259 1749 1669 445 957 234 122 
55 9 491 1259 1749 1670 439 957 236 122 
55 9 491 1259 1749 1671 437 960 234 118 
55 9 491 1259 1749 1672 431 960 236 118 
55 9 491 1259 1749 1673 429 960 234 118 
55 9 491 1259 1749 1674 423 960 236 118 
55 9 491 1259 1749 1675 418 963 234 115 
55 9 491 1259 1749 1676 415 963 236 115 
55 9 491 1259 1749 1677 410 963 234 115 
55 9 491 1259 1749 1678 407 967 236 112 
55 9 491 1259 1749 1679 402 967 234 112 
55 9 491 1259 1749 1680 399 967 236 112 
55 9 491 1259 1749 1681 394 967 234 112 
55 9 491 1259 1749 1682 389 970 234 108 
55 9 491 1259 1749 1683 386 970 234 108 
55 9 491 1259 1749 1684 381 970 234 108 
55 9 491 1259 1749 1685 378 970 234 108 
55 9 491 1259 1749 1686 373 973 234 105 
55 9 491 1259 1749 1687 367 973 236 105 
55 9 491 1259 1749 1688 365 973 234 105 
55 9 491 1259 1749 1689 359 973 236 105 
55 9 491 1259 1749 1690 357 977 234 102 
55 9 491 1259 1749 1691 351 977 236 102 
55 9 491 1259 1749 1692 349 977 234 102 
55 9 491 1259 1749 1693 343 980 236 98 
55 9 491 1259 1749 1694 338 980 234 98 
55 9 491 1259 1749 1695 335 980 236 98 
55 9 491 1259 1749 1696 330 980 234 98 
55 9 491 1259 1749 1697 327 983 236 95 
55 9 491 1259 1749 1698 322 983 234 95 
55 9 491 1259 1749 1699 317 983 234 95 
55 9 491 1259 1749 1700 314 983 234 95 
55 9 491 1259 1749 1701 309 987 234 92 
55 9 491 1259 1749 1702 306 987 234 92 
55 9 491 1259 1749 1703 301 987 234 92 
55 9 491 1259 1749 1704 298 990 234 88 
55 9 491 1259 1749 1705 293 990 234 88 
55 9 491 1259 1749 1706 290 990 234 88 
55 9 491 1259 1749 1707 287 993 236 85 
55 9 491 1259 1749 1708 282 993 234 85 
55 9 491 1259 1749 1709 279 997 236 82 
55 9 491 1259 1749 1710 277 997 234 82 
55 9 491 1259 1749 1711 271 1000 236 78 
55 9 491 1259 1749 1712 269 1000 234 78 
55 9 491 1259 1749 1713 266 1003 234 75 
55 9 491 1259 1749 1714 263 1003 236 75 
55 9 491 1259 1749 1715 258 1007 234 72 
55 9 491 1259 1749 1716 255 1007 236 72 
55 9 491 1259 1749 1717 253 1010 234 68 
55 9 491 1259 1749 1718 247 1010 236 68 
55 9 491 1259 1749 1719 245 1013 234 65 
55 9 491 1259 1749 1720 242 1013 234 65 
55 9 491 1259 1749 1721 239 1017 236 62 
55 9 491 1259 1749 1722 234 1017 234 62 
55 9 491 1259 1749 1723 231 1020 236 58 
55 9 491 1259 1749 1724 229 1020 234 58 
55 9 491 1259 1749 1725 223 1023 236 55 
55 9 491 1259 1749 1726 221 1023 234 55 
55 9 491 1259 1749 1727 218 1027 234 52 
55 9 491 1259 1749 1728 215 1027 236 52 
55 9 491 1259 1749 1729 210 1030 234 48 
55 9 491 1259 1749 1730 207 1030 236 48 
55 9 491 1259 1749 1731 205 1033 234 45 
55 9 491 1259 1749 1732 199 1033 236 45 
55 9 491 1259 1749 1733 197 1037 234 42 
55 9 491 1259 1749 1734 194 1037 234 42 
55 9 491 1259 1749 1735 191 1040 236 38 
55 9 491 1259 1749 1736 186 1040 234 38 
55 9 491 1259 1749 1737 183 1040 236 38 
55 9 491 1259 1749 1738 181 1043 234 35 
55 9 491 1259 1749 1739 181 1043 234 35 
55 9 491 1259 1749 1740 181 1043 234 35 
55 9 491 1259 1749 1741 181 1043 234 35 
55 9 491 1259 1749 1742 181 1043 234 35 
55 9 491 1259 1749 1743 181 1043 234 35 
55 9 491 1259 1749 1744 181 1043 234 35 
55 9 491 1259 1749 1745 181 1043 234 35 
55 9 491 1259 1749 1746 181 1043 234 35 
55 9 491 1259 1749 1747 181 1043 234 35 
55 9 491 1259 1749 1748 181 1043 234 35 
55 9 491 1259 1749 1749 181 1043 234 35 
59 9 725 2328 3052 2328 475 913 156 165 
59 9 725 2328 3052 2329 481 910 154 168 
59 9 725 2328 3052 2330 489 907 154 172 
59 9 725 2328 3052 2331 494 903 154 175 
59 9 725 2328 3052 2332 499 900 156 178 
59 9 725 2328 3052 2333 505 900 154 178 
59 9 725 2328 3052 2334 513 897 154 182 
59 9 725 2328 3052 2335 518 897 154 182 
59 9 725 2328 3052 2336 523 893 156 185 
59 9 725 2328 3052 2337 529 890 154 188 
59 9 725 2328 3052 2338 537 890 154 188 
59 9 725 2328 3052 2339 542 887 154 192 
59 9 725 2328 3052 2340 547 887 156 192 
59 9 725 2328 3052 2341 553 883 154 195 
59 9 725 2328 3052 2342 561 880 154 198 
59 9 725 2328 3052 2343 566 880 154 198 
59 9 725 2328 3052 2344 571 877 156 202 
59 9 725 2328 3052 2345 579 877 156 202 
59 9 725 2328 3052 2346 585 873 154 205 
59 9 725 2328 3052 2347 590 870 154 208 
59 9 725 2328 3052 2348 595 870 156 208 
59 9 725 2328 3052 2349 603 867 156 212 
59 9 725 2328 3052 2350 609 867 154 212 
59 9 725 2328 3052 2351 614 863 154 215 
59 9 725 2328 3052 2352 619 860 156 218 
59 9 725 2328 3052 2353 627 860 156 218 
59 9 725 2328 3052 2354 633 857 154 222 
59 9 725 2328 3052 2355 638 857 154 222 
59 9 725 2328 3052 2356 643 853 156 225 
59 9 725 2328 3052 2357 651 850 156 228 
59 9 725 2328 3052 2358 657 850 154 228 
59 9 725 2328 3052 2359 662 847 154 232 
59 9 725 2328 3052 2360 670 847 154 232 
59 9 725 2328 3052 2361 675 844 156 235 
59 9 725 2328 3052 2362 681 842 154 237 
59 9 725 2328 3052 2363 686 842 154 236 
59 9 725 2328 3052 2364 691 839 156 240 
59 9 725 2328 3052 2365 700 839 150 239 
59 9 725 2328 3052 2366 707 836 148 242 
59 9 725 2328 3052 2367 711 834 150 244 
59 9 725 2328 3052 2368 716 834 150 244 
59 9 725 2328 3052 2369 723 831 148 247 
59 9 725 2328 3052 2370 731 832 148 246 
59 9 725 2328 3052 2371 735 829 150 249 
59 9 725 2328 3052 2372 740 826 150 252 
59 9 725 2328 3052 2373 747 827 148 251 
59 9 725 2328 3052 2374 751 824 150 254 
59 9 725 2328 3052 2375 761 824 144 254 
59 9 725 2328 3052 2376 766 821 144 257 
59 9 725 2328 3052 2377 772 819 144 259 
59 9 725 2328 3052 2378 777 820 144 259 
59 9 725 2328 3052 2379 782 816 144 262 
59 9 725 2328 3052 2380 790 817 144 262 
59 9 725 2328 3052 2381 796 814 144 264 
59 9 725 2328 3052 2382 801 812 144 264 
59 9 725 2328 3052 2383 806 812 144 264 
59 9 725 2328 3052 2384 812 809 144 264 
59 9 725 2328 3052 2385 821 809 138 259 
59 9 725 2328 3052 2386 826 806 138 261 
59 9 725 2328 3052 2387 831 804 140 264 
59 9 725 2328 3052 2388 837 804 138 259 
59 9 725 2328 3052 2389 842 801 138 259 
59 9 725 2328 3052 2390 850 801 138 259 
59 9 725 2328 3052 2391 852 798 144 261 
59 9 725 2328 3052 2392 857 796 144 264 
59 9 725 2328 3052 2393 862 796 144 259 
59 9 725 2328 3052 2394 868 793 144 264 
59 9 725 2328 3052 2395 873 793 144 259 
59 9 725 2328 3052 2396 875 790 148 264 
59 9 725 2328 3052 2397 879 788 150 264 
59 9 725 2328 3052 2398 884 788 150 264 
59 9 725 2328 3052 2399 891 785 148 264 
59 9 725 2328 3052 2400 894 785 154 264 
59 9 725 2328 3052 2401 897 782 154 264 
59 9 725 2328 3052 2402 898 780 160 264 
59 9 725 2328 3052 2403 904 777 160 264 
59 9 725 2328 3052 2404 906 777 160 264 
59 9 725 2328 3052 2405 907 774 166 264 
59 9 725 2328 3052 2406 912 772 166 264 
59 9 725 2328 3052 2407 915 772 166 264 
59 9 725 2328 3052 2408 917 769 170 264 
59 9 725 2328 3052 2409 922 766 170 264 
59 9 725 2328 3052 2410 925 763 170 267 
59 9 725 2328 3052 2411 926 764 176 264 
59 9 725 2328 3052 2412 932 761 176 264 
59 9 725 2328 3052 2413 934 757 176 268 
59 9 725 2328 3052 2414 940 758 176 264 
59 9 725 2328 3052 2415 940 756 182 264 
59 9 725 2328 3052 2416 943 752 182 268 
59 9 725 2328 3052 2417 948 753 182 264 
59 9 725 2328 3052 2418 950 750 186 264 
59 9 725 2328 3052 2419 953 747 186 267 
59 9 725 2328 3052 2420 958 744 186 268 
59 9 725 2328 3052 2421 960 745 192 264 
59 9 725 2328 3052 2422 962 741 192 268 
59 9 725 2328 3052 2423 968 739 192 267 
59 9 725 2328 3052 2424 968 740 198 264 
59 9 725 2328 3052 2425 975 737 196 264 
59 9 725 2328 3052 2426 976 733 198 268 
59 9 725 2328 3052 2427 978 734 202 264 
59 9 725 2328 3052 2428 983 732 204 264 
59 9 725 2328 3052 2429 986 728 202 268 
59 9 725 2328 3052 2430 988 725 208 268 
59 9 725 2328 3052 2431 993 726 208 264 
59 9 725 2328 3052 2432 996 723 208 267 
59 9 725 2328 3052 2433 996 720 214 268 
59 9 725 2328 3052 2434 1003 721 212 264 
59 9 725 2328 3052 2435 1004 717 214 268 
59 9 725 2328 3052 2436 1011 715 212 267 
59 9 725 2328 3052 2437 1011 716 220 264 
59 9 725 2328 3052 2438 1014 712 218 268 
59 9 725 2328 3052 2439 1019 709 220 268 
59 9 725 2328 3052 2440 1021 707 224 267 
59 9 725 2328 3052 2441 1024 707 224 267 
59 9 725 2328 3052 2442 1029 704 224 268 
59 9 725 2328 3052 2443 1031 701 228 268 
59 9 725 2328 3052 2444 1032 701 230 268 
59 9 725 2328 3052 2445 1039 699 228 267 
59 9 725 2328 3052 2446 1039 696 236 268 
59 9 725 2328 3052 2447 1045 696 234 268 
59 9 725 2328 3052 2448 1047 693 236 268 
59 9 725 2328 3052 2449 1050 691 234 267 
59 9 725 2328 3052 2450 1055 691 236 267 
59 9 725 2328 3052 2451 1058 688 234 268 
59 9 725 2328 3052 2452 1061 685 234 268 
59 9 725 2328 3052 2453 1066 685 234 268 
59 9 725 2328 3052 2454 1069 683 234 267 
59 9 725 2328 3052 2455 1075 680 230 268 
59 9 725 2328 3052 2456 1077 680 234 268 
59 9 725 2328 3052 2457 1079 677 236 268 
59 9 725 2328 3052 2458 1087 675 228 267 
59 9 725 2328 3052 2459 1087 675 236 267 
59 9 725 2328 3052 2460 1095 672 228 268 
59 9 725 2328 3052 2461 1095 672 236 268 
59 9 725 2328 3052 2462 1098 669 234 268 
59 9 725 2328 3052 2463 1104 667 230 267 
59 9 725 2328 3052 2464 1106 667 234 267 
59 9 725 2328 3052 2465 1112 664 230 268 
59 9 725 2328 3052 2466 1115 661 230 268 
59 9 725 2328 3052 2467 1117 661 234 268 
59 9 725 2328 3052 2468 1123 659 230 267 
59 9 725 2328 3052 2469 1127 656 228 268 
59 9 725 2328 3052 2470 1131 656 230 268 
59 9 725 2328 3052 2471 1135 653 228 268 
59 9 725 2328 3052 2472 1136 651 230 267 
59 9 725 2328 3052 2473 1143 651 228 267 
59 9 725 2328 3052 2474 1144 648 230 268 
59 9 725 2328 3052 2475 1151 648 228 268 
59 9 725 2328 3052 2476 1154 645 224 268 
59 9 725 2328 3052 2477 1157 646 224 264 
59 9 725 2328 3052 2478 1160 643 224 267 
59 9 725 2328 3052 2479 1162 644 224 264 
59 9 725 2328 3052 2480 1165 640 224 268 
59 9 725 2328 3052 2481 1168 641 224 264 
59 9 725 2328 3052 2482 1170 637 224 268 
59 9 725 2328 3052 2483 1173 638 224 264 
59 9 725 2328 3052 2484 1179 635 220 267 
59 9 725 2328 3052 2485 1182 636 218 264 
59 9 725 2328 3052 2486 1185 632 218 268 
59 9 725 2328 3052 2487 1187 633 220 264 
59 9 725 2328 3052 2488 1190 633 218 264 
59 9 725 2328 3052 2489 1193 630 218 264 
59 9 725 2328 3052 2490 1195 630 220 264 
59 9 725 2328 3052 2491 1198 628 218 264 
59 9 725 2328 3052 2492 1201 628 218 264 
59 9 725 2328 3052 2493 1209 625 208 264 
59 9 725 2328 3052 2494 1212 625 208 264 
59 9 725 2328 3052 2495 1214 622 208 264 
59 9 725 2328 3052 2496 1217 622 208 264 
59 9 725 2328 3052 2497 1220 620 208 264 
59 9 725 2328 3052 2498 1222 620 208 264 
59 9 725 2328 3052 2499 1225 620 208 259 
59 9 725 2328 3052 2500 1228 617 208 264 
59 9 725 2328 3052 2501 1230 617 208 259 
59 9 725 2328 3052 2502 1237 614 202 264 
59 9 725 2328 3052 2503 1239 614 204 261 
59 9 725 2328 3052 2504 1242 612 202 264 
59 9 725 2328 3052 2505 1245 612 202 259 
59 9 725 2328 3052 2506 1247 609 204 264 
59 9 725 2328 3052 2507 1250 609 202 259 
59 9 725 2328 3052 2508 1253 606 202 264 
59 9 725 2328 3052 2509 1255 606 204 261 
59 9 725 2328 3052 2510 1263 606 196 261 
59 9 725 2328 3052 2511 1263 604 196 259 
59 9 725 2328 3052 2512 1264 605 198 255 
59 9 725 2328 3052 2513 1267 601 198 259 
59 9 725 2328 3052 2514 1271 602 196 256 
59 9 725 2328 3052 2515 1274 602 192 256 
59 9 725 2328 3052 2516 1277 599 192 256 
59 9 725 2328 3052 2517 1280 599 192 256 
59 9 725 2328 3052 2518 1282 597 192 255 
59 9 725 2328 3052 2519 1286 598 186 252 
59 9 725 2328 3052 2520 1289 598 186 252 
59 9 725 2328 3052 2521 1291 595 188 252 
59 9 725 2328 3052 2522 1294 595 186 252 
59 9 725 2328 3052 2523 1299 595 180 247 
59 9 725 2328 3052 2524 1300 592 182 252 
59 9 725 2328 3052 2525 1303 592 182 249 
59 9 725 2328 3052 2526 1307 590 180 247 
59 9 725 2328 3052 2527 1310 590 176 247 
59 9 725 2328 3052 2528 1313 591 176 243 
59 9 725 2328 3052 2529 1316 587 176 247 
59 9 725 2328 3052 2530 1318 588 176 244 
59 9 725 2328 3052 2531 1321 588 176 244 
59 9 725 2328 3052 2532 1321 585 176 244 
59 9 725 2328 3052 2533 1324 586 176 240 
59 9 725 2328 3052 2534 1326 583 176 243 
59 9 725 2328 3052 2535 1329 584 176 240 
59 9 725 2328 3052 2536 1333 584 170 240 
59 9 725 2328 3052 2537 1335 581 172 240 
59 9 725 2328 3052 2538 1338 581 170 240 
59 9 725 2328 3052 2539 1341 578 170 240 
59 9 725 2328 3052 2540 1344 578 166 237 
59 9 725 2328 3052 2541 1347 578 166 237 
59 9 725 2328 3052 2542 1351 576 164 235 
59 9 725 2328 3052 2543 1352 576 166 235 
59 9 725 2328 3052 2544 1357 577 160 231 
59 9 725 2328 3052 2545 1360 573 160 235 
59 9 725 2328 3052 2546 1362 574 160 232 
59 9 725 2328 3052 2547 1365 571 160 232 
59 9 725 2328 3052 2548 1369 571 154 232 
59 9 725 2328 3052 2549 1371 572 156 228 
59 9 725 2328 3052 2550 1374 569 154 231 
59 9 725 2328 3052 2551 1377 570 154 228 
59 9 725 2328 3052 2552 1379 570 156 228 
59 9 725 2328 3052 2553 1379 567 156 228 
59 9 725 2328 3052 2554 1382 567 154 228 
59 9 725 2328 3052 2555 1382 564 154 228 
59 9 725 2328 3052 2556 1385 564 154 228 
59 9 725 2328 3052 2557 1385 564 154 228 
59 9 725 2328 3052 2558 1387 562 156 228 
59 9 725 2328 3052 2559 1387 562 156 228 
59 9 725 2328 3052 2560 1390 562 154 223 
59 9 725 2328 3052 2561 1390 559 154 228 
59 9 725 2328 3052 2562 1393 559 154 228 
59 9 725 2328 3052 2563 1393 559 154 223 
59 9 725 2328 3052 2564 1395 556 156 228 
59 9 725 2328 3052 2565 1395 556 156 225 
59 9 725 2328 3052 2566 1398 556 154 225 
59 9 725 2328 3052 2567 1398 554 154 228 
59 9 725 2328 3052 2568 1401 554 154 223 
59 9 725 2328 3052 2569 1401 554 154 223 
59 9 725 2328 3052 2570 1403 551 156 223 
59 9 725 2328 3052 2571 1403 551 156 223 
59 9 725 2328 3052 2572 1406 551 154 223 
59 9 725 2328 3052 2573 1406 548 154 225 
59 9 725 2328 3052 2574 1409 548 154 225 
59 9 725 2328 3052 2575 1409 549 154 220 
59 9 725 2328 3052 2576 1411 546 156 223 
59 9 725 2328 3052 2577 1411 546 156 223 
59 9 725 2328 3052 2578 1414 547 154 219 
59 9 725 2328 3052 2579 1414 543 154 223 
59 9 725 2328 3052 2580 1417 544 154 220 
59 9 725 2328 3052 2581 1417 544 154 220 
59 9 725 2328 3052 2582 1419 540 156 225 
59 9 725 2328 3052 2583 1419 541 156 220 
59 9 725 2328 3052 2584 1422 541 154 220 
59 9 725 2328 3052 2585 1422 539 154 219 
59 9 725 2328 3052 2586 1425 539 154 219 
59 9 725 2328 3052 2587 1425 539 154 219 
59 9 725 2328 3052 2588 1427 536 156 220 
59 9 725 2328 3052 2589 1427 536 156 220 
59 9 725 2328 3052 2590 1430 536 154 220 
59 9 725 2328 3052 2591 1430 533 154 220 
59 9 725 2328 3052 2592 1430 533 154 220 
59 9 725 2328 3052 2593 1433 533 154 220 
59 9 725 2328 3052 2594 1433 533 154 220 
59 9 725 2328 3052 2595 1435 533 156 220 
59 9 725 2328 3052 2596 1435 533 156 220 
59 9 725 2328 3052 2597 1438 531 154 219 
59 9 725 2328 3052 2598 1438 531 154 219 
59 9 725 2328 3052 2599 1441 531 154 219 
59 9 725 2328 3052 2600 1441 531 154 219 
59 9 725 2328 3052 2601 1443 531 156 219 
59 9 725 2328 3052 2602 1443 531 156 219 
59 9 725 2328 3052 2603 1446 528 154 220 
59 9 725 2328 3052 2604 1446 528 154 220 
59 9 725 2328 3052 2605 1449 528 154 220 
59 9 725 2328 3052 2606 1449 528 154 220 
59 9 725 2328 3052 2607 1451 528 156 220 
59 9 725 2328 3052 2608 1451 528 156 220 
59 9 725 2328 3052 2609 1454 525 154 220 
59 9 725 2328 3052 2610 1454 525 154 220 
59 9 725 2328 3052 2611 1457 525 154 220 
59 9 725 2328 3052 2612 1457 525 154 220 
59 9 725 2328 3052 2613 1459 525 156 220 
59 9 725 2328 3052 2614 1459 525 156 220 
59 9 725 2328 3052 2615 1462 525 154 220 
59 9 725 2328 3052 2616 1459 525 156 220 
59 9 725 2328 3052 2617 1459 525 156 220 
59 9 725 2328 3052 2618 1459 525 156 220 
59 9 725 2328 3052 2619 1459 525 156 220 
59 9 725 2328 3052 2620 1459 525 156 220 
59 9 725 2328 3052 2621 1459 525 156 220 
59 9 725 2328 3052 2622 1459 525 156 220 
59 9 725 2328 3052 2623 1459 525 156 220 
59 9 725 2328 3052 2624 1459 525 156 220 
59 9 725 2328 3052 2625 1459 525 156 220 
59 9 725 2328 3052 2626 1457 525 154 220 
59 9 725 2328 3052 2627 1457 525 154 220 
59 9 725 2328 3052 2628 1457 525 154 220 
59 9 725 2328 3052 2629 1457 525 154 220 
59 9 725 2328 3052 2630 1457 525 154 220 
59 9 725 2328 3052 2631 1457 525 154 220 
59 9 725 2328 3052 2632 1457 525 154 220 
59 9 725 2328 3052 2633 1457 525 154 220 
59 9 725 2328 3052 2634 1457 525 154 220 
59 9 725 2328 3052 2635 1457 525 154 220 
59 9 725 2328 3052 2636 1454 525 154 220 
59 9 725 2328 3052 2637 1454 525 154 220 
59 9 725 2328 3052 2638 1454 525 154 220 
59 9 725 2328 3052 2639 1454 525 154 220 
59 9 725 2328 3052 2640 1454 525 154 220 
59 9 725 2328 3052 2641 1454 525 154 220 
59 9 725 2328 3052 2642 1454 525 154 220 
59 9 725 2328 3052 2643 1454 525 154 220 
59 9 725 2328 3052 2644 1454 525 154 220 
59 9 725 2328 3052 2645 1454 525 154 220 
59 9 725 2328 3052 2646 1451 525 156 220 
59 9 725 2328 3052 2647 1451 525 156 220 
59 9 725 2328 3052 2648 1451 525 156 220 
59 9 725 2328 3052 2649 1451 525 156 220 
59 9 725 2328 3052 2650 1451 525 156 220 
59 9 725 2328 3052 2651 1451 525 156 220 
59 9 725 2328 3052 2652 1451 525 156 220 
59 9 725 2328 3052 2653 1451 525 156 220 
59 9 725 2328 3052 2654 1451 525 156 220 
59 9 725 2328 3052 2655 1451 528 156 220 
59 9 725 2328 3052 2656 1451 528 156 220 
59 9 725 2328 3052 2657 1451 528 156 220 
59 9 725 2328 3052 2658 1451 528 156 220 
59 9 725 2328 3052 2659 1451 528 156 220 
59 9 725 2328 3052 2660 1451 528 156 220 
59 9 725 2328 3052 2661 1451 528 156 220 
59 9 725 2328 3052 2662 1451 528 156 220 
59 9 725 2328 3052 2663 1451 528 156 220 
59 9 725 2328 3052 2664 1451 528 156 220 
59 9 725 2328 3052 2665 1451 528 156 220 
59 9 725 2328 3052 2666 1451 528 156 220 
59 9 725 2328 3052 2667 1451 528 156 220 
59 9 725 2328 3052 2668 1451 528 156 220 
59 9 725 2328 3052 2669 1451 528 156 220 
59 9 725 2328 3052 2670 1451 528 156 220 
59 9 725 2328 3052 2671 1451 528 156 220 
59 9 725 2328 3052 2672 1451 528 156 220 
59 9 725 2328 3052 2673 1451 528 156 220 
59 9 725 2328 3052 2674 1451 528 156 220 
59 9 725 2328 3052 2675 1451 528 156 220 
59 9 725 2328 3052 2676 1451 528 156 220 
59 9 725 2328 3052 2677 1451 528 156 220 
59 9 725 2328 3052 2678 1451 528 156 220 
59 9 725 2328 3052 2679 1451 528 156 220 
59 9 725 2328 3052 2680 1451 528 156 220 
59 9 725 2328 3052 2681 1451 528 156 220 
59 9 725 2328 3052 2682 1451 528 156 220 
59 9 725 2328 3052 2683 1451 528 156 220 
59 9 725 2328 3052 2684 1451 528 156 220 
59 9 725 2328 3052 2685 1451 528 156 220 
59 9 725 2328 3052 2686 1451 528 156 220 
59 9 725 2328 3052 2687 1451 528 156 220 
59 9 725 2328 3052 2688 1451 528 156 220 
59 9 725 2328 3052 2689 1451 528 156 220 
59 9 725 2328 3052 2690 1451 528 156 220 
59 9 725 2328 3052 2691 1451 528 156 220 
59 9 725 2328 3052 2692 1451 528 156 220 
59 9 725 2328 3052 2693 1451 528 156 220 
59 9 725 2328 3052 2694 1451 528 156 220 
59 9 725 2328 3052 2695 1451 528 156 220 
59 9 725 2328 3052 2696 1451 528 156 220 
59 9 725 2328 3052 2697 1451 528 156 220 
59 9 725 2328 3052 2698 1451 528 156 220 
59 9 725 2328 3052 2699 1451 528 156 220 
59 9 725 2328 3052 2700 1451 528 156 220 
59 9 725 2328 3052 2701 1452 529 150 216 
59 9 725 2328 3052 2702 1452 529 150 216 
59 9 725 2328 3052 2703 1452 529 150 216 
59 9 725 2328 3052 2704 1452 529 150 216 
59 9 725 2328 3052 2705 1452 529 150 216 
59 9 725 2328 3052 2706 1452 529 150 216 
59 9 725 2328 3052 2707 1452 529 150 216 
59 9 725 2328 3052 2708 1452 529 150 216 
59 9 725 2328 3052 2709 1452 529 150 216 
59 9 725 2328 3052 2710 1452 529 150 216 
59 9 725 2328 3052 2711 1452 529 150 216 
59 9 725 2328 3052 2712 1452 529 150 216 
59 9 725 2328 3052 2713 1452 529 150 216 
59 9 725 2328 3052 2714 1452 529 150 216 
59 9 725 2328 3052 2715 1452 529 150 216 
59 9 725 2328 3052 2716 1452 529 150 216 
59 9 725 2328 3052 2717 1452 529 150 216 
59 9 725 2328 3052 2718 1452 529 150 216 
59 9 725 2328 3052 2719 1454 529 144 216 
59 9 725 2328 3052 2720 1454 529 144 216 
59 9 725 2328 3052 2721 1454 529 144 216 
59 9 725 2328 3052 2722 1454 529 144 216 
59 9 725 2328 3052 2723 1454 529 144 216 
59 9 725 2328 3052 2724 1454 529 144 216 
59 9 725 2328 3052 2725 1454 529 144 216 
59 9 725 2328 3052 2726 1454 529 144 216 
59 9 725 2328 3052 2727 1454 529 144 216 
59 9 725 2328 3052 2728 1454 532 144 211 
59 9 725 2328 3052 2729 1454 532 144 211 
59 9 725 2328 3052 2730 1454 532 144 211 
59 9 725 2328 3052 2731 1454 532 144 211 
59 9 725 2328 3052 2732 1454 532 144 211 
59 9 725 2328 3052 2733 1454 532 144 211 
59 9 725 2328 3052 2734 1454 532 144 211 
59 9 725 2328 3052 2735 1454 532 144 211 
59 9 725 2328 3052 2736 1454 532 144 211 
59 9 725 2328 3052 2737 1459 533 134 207 
59 9 725 2328 3052 2738 1459 533 134 207 
59 9 725 2328 3052 2739 1459 533 134 207 
59 9 725 2328 3052 2740 1459 533 134 207 
59 9 725 2328 3052 2741 1459 533 134 207 
59 9 725 2328 3052 2742 1459 533 134 207 
59 9 725 2328 3052 2743 1459 533 134 207 
59 9 725 2328 3052 2744 1459 533 134 207 
59 9 725 2328 3052 2745 1459 533 134 207 
59 9 725 2328 3052 2746 1459 533 134 207 
59 9 725 2328 3052 2747 1459 533 134 207 
59 9 725 2328 3052 2748 1459 533 134 207 
59 9 725 2328 3052 2749 1459 533 134 207 
59 9 725 2328 3052 2750 1459 533 134 207 
59 9 725 2328 3052 2751 1459 533 134 207 
59 9 725 2328 3052 2752 1459 533 134 207 
59 9 725 2328 3052 2753 1459 533 134 207 
59 9 725 2328 3052 2754 1459 533 134 207 
59 9 725 2328 3052 2755 1459 536 134 204 
59 9 725 2328 3052 2756 1461 536 128 204 
59 9 725 2328 3052 2757 1461 536 128 204 
59 9 725 2328 3052 2758 1461 536 128 204 
59 9 725 2328 3052 2759 1461 536 128 204 
59 9 725 2328 3052 2760 1461 536 128 204 
59 9 725 2328 3052 2761 1461 536 128 204 
59 9 725 2328 3052 2762 1461 536 128 204 
59 9 725 2328 3052 2763 1461 536 128 204 
59 9 725 2328 3052 2764 1461 536 128 204 
59 9 725 2328 3052 2765 1461 536 128 204 
59 9 725 2328 3052 2766 1461 536 128 204 
59 9 725 2328 3052 2767 1461 536 128 204 
59 9 725 2328 3052 2768 1461 536 128 204 
59 9 725 2328 3052 2769 1461 536 128 204 
59 9 725 2328 3052 2770 1461 536 128 204 
59 9 725 2328 3052 2771 1461 536 128 204 
59 9 725 2328 3052 2772 1461 536 128 204 
59 9 725 2328 3052 2773 1461 536 128 204 
59 9 725 2328 3052 2774 1467 536 116 201 
59 9 725 2328 3052 2775 1467 536 116 201 
59 9 725 2328 3052 2776 1467 536 116 201 
59 9 725 2328 3052 2777 1467 536 116 201 
59 9 725 2328 3052 2778 1467 536 116 201 
59 9 725 2328 3052 2779 1467 536 116 201 
59 9 725 2328 3052 2780 1467 536 116 201 
59 9 725 2328 3052 2781 1467 536 116 201 
59 9 725 2328 3052 2782 1467 536 116 201 
59 9 725 2328 3052 2783 1467 540 116 196 
59 9 725 2328 3052 2784 1467 540 116 196 
59 9 725 2328 3052 2785 1467 540 116 196 
59 9 725 2328 3052 2786 1467 540 116 196 
59 9 725 2328 3052 2787 1467 540 116 196 
59 9 725 2328 3052 2788 1467 540 116 196 
59 9 725 2328 3052 2789 1467 540 116 196 
59 9 725 2328 3052 2790 1467 540 116 196 
59 9 725 2328 3052 2791 1467 540 116 196 
59 9 725 2328 3052 2792 1468 540 112 196 
59 9 725 2328 3052 2793 1468 540 112 196 
59 9 725 2328 3052 2794 1468 540 112 196 
59 9 725 2328 3052 2795 1468 540 112 196 
59 9 725 2328 3052 2796 1468 540 112 196 
59 9 725 2328 3052 2797 1468 540 112 196 
59 9 725 2328 3052 2798 1468 540 112 196 
59 9 725 2328 3052 2799 1468 540 112 196 
59 9 725 2328 3052 2800 1468 540 112 196 
59 9 725 2328 3052 2801 1468 540 112 196 
59 9 725 2328 3052 2802 1468 540 112 196 
59 9 725 2328 3052 2803 1468 540 112 196 
59 9 725 2328 3052 2804 1468 540 112 196 
59 9 725 2328 3052 2805 1468 540 112 196 
59 9 725 2328 3052 2806 1468 540 112 196 
59 9 725 2328 3052 2807 1468 540 112 196 
59 9 725 2328 3052 2808 1468 540 112 196 
59 9 725 2328 3052 2809 1468 540 112 196 
59 9 725 2328 3052 2810 1471 544 108 192 
59 9 725 2328 3052 2811 1471 544 108 192 
59 9 725 2328 3052 2812 1471 544 108 192 
59 9 725 2328 3052 2813 1471 544 108 192 
59 9 725 2328 3052 2814 1471 544 108 192 
59 9 725 2328 3052 2815 1471 546 108 192 
59 9 725 2328 3052 2816 1471 546 108 192 
59 9 725 2328 3052 2817 1471 546 108 192 
59 9 725 2328 3052 2818 1471 546 108 192 
59 9 725 2328 3052 2819 1471 549 108 192 
59 9 725 2328 3052 2820 1471 549 108 192 
59 9 725 2328 3052 2821 1470 549 112 192 
59 9 725 2328 3052 2822 1470 549 112 192 
59 9 725 2328 3052 2823 1470 549 112 192 
59 9 725 2328 3052 2824 1470 552 112 192 
59 9 725 2328 3052 2825 1470 552 112 192 
59 9 725 2328 3052 2826 1470 552 112 192 
59 9 725 2328 3052 2827 1470 552 112 192 
59 9 725 2328 3052 2828 1470 554 112 192 
59 9 725 2328 3052 2829 1470 554 112 192 
59 9 725 2328 3052 2830 1470 554 112 192 
59 9 725 2328 3052 2831 1470 554 112 192 
59 9 725 2328 3052 2832 1473 557 112 192 
59 9 725 2328 3052 2833 1473 557 112 192 
59 9 725 2328 3052 2834 1473 560 112 192 
59 9 725 2328 3052 2835 1473 560 112 192 
59 9 725 2328 3052 2836 1473 562 112 192 
59 9 725 2328 3052 2837 1473 562 112 192 
59 9 725 2328 3052 2838 1471 565 118 192 
59 9 725 2328 3052 2839 1476 565 112 192 
59 9 725 2328 3052 2840 1476 568 112 192 
59 9 725 2328 3052 2841 1476 568 112 192 
59 9 725 2328 3052 2842 1476 570 112 192 
59 9 725 2328 3052 2843 1475 570 116 192 
59 9 725 2328 3052 2844 1475 573 116 192 
59 9 725 2328 3052 2845 1478 573 112 192 
59 9 725 2328 3052 2846 1478 576 112 192 
59 9 725 2328 3052 2847 1478 576 112 192 
59 9 725 2328 3052 2848 1476 578 118 192 
59 9 725 2328 3052 2849 1476 578 118 192 
59 9 725 2328 3052 2850 1476 581 118 192 
59 9 725 2328 3052 2851 1476 581 118 192 
59 9 725 2328 3052 2852 1481 584 112 192 
59 9 725 2328 3052 2853 1479 584 118 192 
59 9 725 2328 3052 2854 1479 586 118 192 
59 9 725 2328 3052 2855 1479 586 118 192 
59 9 725 2328 3052 2856 1479 589 118 192 
59 9 725 2328 3052 2857 1479 589 118 192 
59 9 725 2328 3052 2858 1483 592 116 192 
59 9 725 2328 3052 2859 1483 592 116 192 
59 9 725 2328 3052 2860 1483 594 116 192 
59 9 725 2328 3052 2861 1483 597 116 192 
59 9 725 2328 3052 2862 1483 600 116 192 
59 9 725 2328 3052 2863 1481 602 122 192 
59 9 725 2328 3052 2864 1481 605 122 192 
59 9 725 2328 3052 2865 1481 608 122 192 
59 9 725 2328 3052 2866 1481 607 122 195 
59 9 725 2328 3052 2867 1480 609 128 196 
59 9 725 2328 3052 2868 1480 612 128 196 
59 9 725 2328 3052 2869 1480 615 128 195 
59 9 725 2328 3052 2870 1480 617 128 196 
59 9 725 2328 3052 2871 1479 620 132 196 
59 9 725 2328 3052 2872 1479 623 132 195 
59 9 725 2328 3052 2873 1479 622 132 199 
59 9 725 2328 3052 2874 1479 624 132 201 
59 9 725 2328 3052 2875 1477 627 138 199 
59 9 725 2328 3052 2876 1477 630 138 199 
59 9 725 2328 3052 2877 1477 632 138 201 
59 9 725 2328 3052 2878 1477 635 138 199 
59 9 725 2328 3052 2879 1476 638 144 199 
59 9 725 2328 3052 2880 1476 638 144 204 
59 9 725 2328 3052 2881 1475 640 148 204 
59 9 725 2328 3052 2882 1476 638 150 213 
59 9 725 2328 3052 2883 1476 641 150 211 
59 9 725 2328 3052 2884 1479 644 150 216 
59 9 725 2328 3052 2885 1478 643 154 219 
59 9 725 2328 3052 2886 1478 645 154 220 
59 9 725 2328 3052 2887 1481 644 154 228 
59 9 725 2328 3052 2888 1480 647 160 228 
59 9 725 2328 3052 2889 1482 649 160 231 
59 9 725 2328 3052 2890 1482 649 160 231 
59 9 725 2328 3052 2891 1480 651 166 232 
59 9 725 2328 3052 2892 1483 654 166 232 
59 9 725 2328 3052 2893 1482 654 170 232 
59 9 725 2328 3052 2894 1485 657 170 231 
59 9 725 2328 3052 2895 1484 659 176 232 
59 9 725 2328 3052 2896 1483 659 180 232 
59 9 725 2328 3052 2897 1484 662 182 232 
59 9 725 2328 3052 2898 1483 665 188 231 
59 9 725 2328 3052 2899 1486 667 186 232 
59 9 725 2328 3052 2900 1489 667 186 232 
59 9 725 2328 3052 2901 1494 670 186 232 
59 9 725 2328 3052 2902 1497 670 186 232 
59 9 725 2328 3052 2903 1502 673 186 231 
59 9 725 2328 3052 2904 1505 673 186 231 
59 9 725 2328 3052 2905 1510 675 186 232 
59 9 725 2328 3052 2906 1513 675 186 232 
59 9 725 2328 3052 2907 1518 678 186 232 
59 9 725 2328 3052 2908 1521 678 186 232 
59 9 725 2328 3052 2909 1526 681 186 231 
59 9 725 2328 3052 2910 1525 683 192 232 
59 9 725 2328 3052 2911 1528 686 192 232 
59 9 725 2328 3052 2912 1528 689 198 231 
59 9 725 2328 3052 2913 1531 691 198 232 
59 9 725 2328 3052 2914 1533 693 202 235 
59 9 725 2328 3052 2915 1532 696 208 235 
59 9 725 2328 3052 2916 1534 698 208 237 
59 9 725 2328 3052 2917 1535 701 214 235 
59 9 725 2328 3052 2918 1539 704 212 235 
59 9 725 2328 3052 2919 1539 706 220 240 
59 9 725 2328 3052 2920 1542 706 218 240 
59 9 725 2328 3052 2921 1547 706 220 240 
59 9 725 2328 3052 2922 1553 706 218 240 
59 9 725 2328 3052 2923 1559 706 214 240 
59 9 725 2328 3052 2924 1564 706 214 240 
59 9 725 2328 3052 2925 1566 706 218 240 
59 9 725 2328 3052 2926 1572 706 214 240 
59 9 725 2328 3052 2927 1579 706 212 240 
59 9 725 2328 3052 2928 1583 706 214 240 
59 9 725 2328 3052 2929 1588 706 214 240 
59 9 725 2328 3052 2930 1595 706 212 240 
59 9 725 2328 3052 2931 1599 706 214 240 
59 9 725 2328 3052 2932 1609 706 208 240 
59 9 725 2328 3052 2933 1614 706 208 240 
59 9 725 2328 3052 2934 1623 705 204 244 
59 9 725 2328 3052 2935 1629 705 202 244 
59 9 725 2328 3052 2936 1634 705 202 244 
59 9 725 2328 3052 2937 1643 705 198 244 
59 9 725 2328 3052 2938 1648 705 198 244 
59 9 725 2328 3052 2939 1656 704 198 249 
59 9 725 2328 3052 2940 1656 702 198 247 
59 9 725 2328 3052 2941 1659 702 198 247 
59 9 725 2328 3052 2942 1663 702 196 247 
59 9 725 2328 3052 2943 1664 699 198 247 
59 9 725 2328 3052 2944 1667 699 198 247 
59 9 725 2328 3052 2945 1671 699 196 247 
59 9 725 2328 3052 2946 1672 696 198 249 
59 9 725 2328 3052 2947 1675 696 198 249 
59 9 725 2328 3052 2948 1679 696 196 249 
59 9 725 2328 3052 2949 1680 696 198 249 
59 9 725 2328 3052 2950 1685 694 192 247 
59 9 725 2328 3052 2951 1688 694 192 247 
59 9 725 2328 3052 2952 1690 691 192 247 
59 9 725 2328 3052 2953 1693 691 192 247 
59 9 725 2328 3052 2954 1696 692 192 244 
59 9 725 2328 3052 2955 1698 688 192 249 
59 9 725 2328 3052 2956 1701 689 192 244 
59 9 725 2328 3052 2957 1704 686 192 247 
59 9 725 2328 3052 2958 1706 687 192 243 
59 9 725 2328 3052 2959 1709 687 192 243 
59 9 725 2328 3052 2960 1713 684 186 244 
59 9 725 2328 3052 2961 1715 685 188 240 
59 9 725 2328 3052 2962 1718 681 186 244 
59 9 725 2328 3052 2963 1723 682 180 240 
59 9 725 2328 3052 2964 1724 679 182 243 
59 9 725 2328 3052 2965 1727 680 182 240 
59 9 725 2328 3052 2966 1732 677 176 240 
59 9 725 2328 3052 2967 1734 677 176 240 
59 9 725 2328 3052 2968 1737 674 176 240 
59 9 725 2328 3052 2969 1740 674 176 240 
59 9 725 2328 3052 2970 1737 672 176 240 
59 9 725 2328 3052 2971 1737 672 176 240 
59 9 725 2328 3052 2972 1738 672 170 235 
59 9 725 2328 3052 2973 1738 669 170 240 
59 9 725 2328 3052 2974 1738 669 170 235 
59 9 725 2328 3052 2975 1739 669 166 235 
59 9 725 2328 3052 2976 1739 666 166 237 
59 9 725 2328 3052 2977 1741 666 160 237 
59 9 725 2328 3052 2978 1741 667 160 232 
59 9 725 2328 3052 2979 1741 667 160 232 
59 9 725 2328 3052 2980 1741 665 160 231 
59 9 725 2328 3052 2981 1741 662 160 232 
59 9 725 2328 3052 2982 1744 659 160 232 
59 9 725 2328 3052 2983 1744 657 160 231 
59 9 725 2328 3052 2984 1746 657 160 231 
59 9 725 2328 3052 2985 1746 654 160 232 
59 9 725 2328 3052 2986 1746 651 160 232 
59 9 725 2328 3052 2987 1749 649 160 231 
59 9 725 2328 3052 2988 1749 646 160 232 
59 9 725 2328 3052 2989 1752 646 160 232 
59 9 725 2328 3052 2990 1752 646 160 232 
59 9 725 2328 3052 2991 1752 646 160 232 
59 9 725 2328 3052 2992 1752 646 160 232 
59 9 725 2328 3052 2993 1752 646 160 232 
59 9 725 2328 3052 2994 1752 646 160 232 
59 9 725 2328 3052 2995 1752 646 160 232 
59 9 725 2328 3052 2996 1752 646 160 232 
59 9 725 2328 3052 2997 1752 646 160 232 
59 9 725 2328 3052 2998 1752 646 160 232 
59 9 725 2328 3052 2999 1752 646 160 232 
59 9 725 2328 3052 3000 1754 646 160 232 
59 9 725 2328 3052 3001 1752 643 160 232 
59 9 725 2328 3052 3002 1752 643 160 232 
59 9 725 2328 3052 3003 1752 643 160 232 
59 9 725 2328 3052 3004 1752 643 160 232 
59 9 725 2328 3052 3005 1752 643 160 232 
59 9 725 2328 3052 3006 1752 643 160 232 
59 9 725 2328 3052 3007 1752 643 160 232 
59 9 725 2328 3052 3008 1752 643 160 232 
59 9 725 2328 3052 3009 1753 643 154 232 
59 9 725 2328 3052 3010 1753 643 154 232 
59 9 725 2328 3052 3011 1753 643 154 232 
59 9 725 2328 3052 3012 1753 643 154 232 
59 9 725 2328 3052 3013 1753 643 154 232 
59 9 725 2328 3052 3014 1753 643 154 232 
59 9 725 2328 3052 3015 1753 643 154 232 
59 9 725 2328 3052 3016 1753 643 154 232 
59 9 725 2328 3052 3017 1755 643 148 232 
59 9 725 2328 3052 3018 1755 643 148 232 
59 9 725 2328 3052 3019 1755 643 148 232 
59 9 725 2328 3052 3020 1755 643 148 232 
59 9 725 2328 3052 3021 1755 643 148 232 
59 9 725 2328 3052 3022 1755 640 148 235 
59 9 725 2328 3052 3023 1755 640 148 235 
59 9 725 2328 3052 3024 1755 640 148 235 
59 9 725 2328 3052 3025 1755 640 148 235 
59 9 725 2328 3052 3026 1756 640 144 235 
59 9 725 2328 3052 3027 1756 640 144 235 
59 9 725 2328 3052 3028 1756 640 144 235 
59 9 725 2328 3052 3029 1756 640 144 235 
59 9 725 2328 3052 3030 1756 640 144 235 
59 9 725 2328 3052 3031 1756 640 144 235 
59 9 725 2328 3052 3032 1756 640 144 235 
59 9 725 2328 3052 3033 1756 640 144 235 
59 9 725 2328 3052 3034 1757 640 138 235 
59 9 725 2328 3052 3035 1757 640 138 235 
59 9 725 2328 3052 3036 1757 640 138 235 
59 9 725 2328 3052 3037 1757 640 138 235 
59 9 725 2328 3052 3038 1757 640 138 235 
59 9 725 2328 3052 3039 1757 640 138 235 
59 9 725 2328 3052 3040 1757 640 138 235 
59 9 725 2328 3052 3041 1757 640 138 235 
59 9 725 2328 3052 3042 1757 640 138 235 
59 9 725 2328 3052 3043 1757 640 138 235 
59 9 725 2328 3052 3044 1757 640 138 235 
59 9 725 2328 3052 3045 1756 640 144 235 
59 9 725 2328 3052 3046 1756 640 144 235 
59 9 725 2328 3052 3047 1756 640 144 235 
59 9 725 2328 3052 3048 1755 640 148 235 
59 9 725 2328 3052 3049 1755 640 148 235 
59 9 725 2328 3052 3050 1758 640 144 235 
59 9 725 2328 3052 3051 1756 640 150 235 
59 9 725 2328 3052 3052 1756 640 150 235 
60 9 491 1259 1749 1259 1625 720 186 240 
60 9 491 1259 1749 1260 1621 720 192 240 
60 9 491 1259 1749 1261 1619 722 198 240 
60 9 491 1259 1749 1262 1616 722 198 240 
60 9 491 1259 1749 1263 1618 725 192 235 
60 9 491 1259 1749 1264 1618 725 192 240 
60 9 491 1259 1749 1265 1619 728 188 235 
60 9 491 1259 1749 1266 1617 728 186 235 
60 9 491 1259 1749 1267 1617 730 186 237 
60 9 491 1259 1749 1268 1619 730 180 237 
60 9 491 1259 1749 1269 1620 734 176 232 
60 9 491 1259 1749 1270 1620 737 176 231 
60 9 491 1259 1749 1271 1615 737 182 231 
60 9 491 1259 1749 1272 1612 737 182 231 
60 9 491 1259 1749 1273 1609 736 186 235 
60 9 491 1259 1749 1274 1611 736 180 240 
60 9 491 1259 1749 1275 1606 736 186 240 
60 9 491 1259 1749 1276 1607 735 182 243 
60 9 491 1259 1749 1277 1603 734 188 247 
60 9 491 1259 1749 1278 1604 734 182 247 
60 9 491 1259 1749 1279 1601 734 186 252 
60 9 491 1259 1749 1280 1601 736 186 252 
60 9 491 1259 1749 1281 1597 736 192 252 
60 9 491 1259 1749 1282 1594 736 192 252 
60 9 491 1259 1749 1283 1595 736 188 252 
60 9 491 1259 1749 1284 1596 739 182 252 
60 9 491 1259 1749 1285 1595 739 180 252 
60 9 491 1259 1749 1286 1595 739 180 252 
60 9 491 1259 1749 1287 1596 742 176 252 
60 9 491 1259 1749 1288 1593 742 176 252 
60 9 491 1259 1749 1289 1594 742 170 252 
60 9 491 1259 1749 1290 1594 744 170 252 
60 9 491 1259 1749 1291 1588 744 176 252 
60 9 491 1259 1749 1292 1585 744 176 252 
60 9 491 1259 1749 1293 1579 744 180 252 
60 9 491 1259 1749 1294 1575 744 182 252 
60 9 491 1259 1749 1295 1571 744 188 252 
60 9 491 1259 1749 1296 1565 744 192 252 
60 9 491 1259 1749 1297 1562 744 192 252 
60 9 491 1259 1749 1298 1555 744 198 252 
60 9 491 1259 1749 1299 1552 744 198 252 
60 9 491 1259 1749 1300 1549 744 202 252 
60 9 491 1259 1749 1301 1551 744 196 252 
60 9 491 1259 1749 1302 1552 744 192 252 
60 9 491 1259 1749 1303 1553 744 186 252 
60 9 491 1259 1749 1304 1553 744 186 252 
60 9 491 1259 1749 1305 1555 747 180 252 
60 9 491 1259 1749 1306 1556 747 176 252 
60 9 491 1259 1749 1307 1556 747 176 252 
60 9 491 1259 1749 1308 1557 747 170 252 
60 9 491 1259 1749 1309 1559 747 164 252 
60 9 491 1259 1749 1310 1559 750 164 252 
60 9 491 1259 1749 1311 1555 750 166 252 
60 9 491 1259 1749 1312 1552 750 166 252 
60 9 491 1259 1749 1313 1549 750 170 252 
60 9 491 1259 1749 1314 1546 749 170 255 
60 9 491 1259 1749 1315 1542 749 176 255 
60 9 491 1259 1749 1316 1540 749 176 255 
60 9 491 1259 1749 1317 1537 748 176 259 
60 9 491 1259 1749 1318 1532 748 182 259 
60 9 491 1259 1749 1319 1531 748 180 259 
60 9 491 1259 1749 1320 1531 750 180 261 
60 9 491 1259 1749 1321 1527 750 182 261 
60 9 491 1259 1749 1322 1527 750 182 261 
60 9 491 1259 1749 1323 1529 750 176 261 
60 9 491 1259 1749 1324 1529 750 176 261 
60 9 491 1259 1749 1325 1530 753 170 259 
60 9 491 1259 1749 1326 1530 753 170 259 
60 9 491 1259 1749 1327 1531 753 166 259 
60 9 491 1259 1749 1328 1531 753 166 259 
60 9 491 1259 1749 1329 1533 753 160 259 
60 9 491 1259 1749 1330 1533 756 160 259 
60 9 491 1259 1749 1331 1527 756 164 259 
60 9 491 1259 1749 1332 1523 756 166 259 
60 9 491 1259 1749 1333 1520 756 166 259 
60 9 491 1259 1749 1334 1519 756 164 259 
60 9 491 1259 1749 1335 1514 756 170 259 
60 9 491 1259 1749 1336 1508 756 176 259 
60 9 491 1259 1749 1337 1505 756 176 259 
60 9 491 1259 1749 1338 1502 756 176 259 
60 9 491 1259 1749 1339 1500 756 176 259 
60 9 491 1259 1749 1340 1495 756 182 259 
60 9 491 1259 1749 1341 1492 753 182 259 
60 9 491 1259 1749 1342 1494 753 176 259 
60 9 491 1259 1749 1343 1495 753 172 259 
60 9 491 1259 1749 1344 1492 750 176 261 
60 9 491 1259 1749 1345 1493 750 170 261 
60 9 491 1259 1749 1346 1495 750 164 261 
60 9 491 1259 1749 1347 1490 748 170 259 
60 9 491 1259 1749 1348 1491 748 166 259 
60 9 491 1259 1749 1349 1493 748 160 259 
60 9 491 1259 1749 1350 1493 748 160 259 
60 9 491 1259 1749 1351 1487 748 164 259 
60 9 491 1259 1749 1352 1483 748 166 259 
60 9 491 1259 1749 1353 1480 748 166 259 
60 9 491 1259 1749 1354 1479 748 164 259 
60 9 491 1259 1749 1355 1474 748 170 259 
60 9 491 1259 1749 1356 1471 748 172 259 
60 9 491 1259 1749 1357 1469 748 170 259 
60 9 491 1259 1749 1358 1466 748 170 259 
60 9 491 1259 1749 1359 1463 748 172 259 
60 9 491 1259 1749 1360 1460 750 176 261 
60 9 491 1259 1749 1361 1461 750 170 261 
60 9 491 1259 1749 1362 1461 750 170 261 
60 9 491 1259 1749 1363 1463 750 164 261 
60 9 491 1259 1749 1364 1463 750 164 261 
60 9 491 1259 1749 1365 1463 750 164 261 
60 9 491 1259 1749 1366 1464 750 160 261 
60 9 491 1259 1749 1367 1464 750 160 261 
60 9 491 1259 1749 1368 1465 750 154 261 
60 9 491 1259 1749 1369 1465 750 154 261 
60 9 491 1259 1749 1370 1465 750 154 261 
60 9 491 1259 1749 1371 1462 750 154 261 
60 9 491 1259 1749 1372 1459 750 156 261 
60 9 491 1259 1749 1373 1457 750 154 261 
60 9 491 1259 1749 1374 1457 750 154 261 
60 9 491 1259 1749 1375 1454 750 154 261 
60 9 491 1259 1749 1376 1451 750 156 261 
60 9 491 1259 1749 1377 1451 750 156 261 
60 9 491 1259 1749 1378 1449 750 154 261 
60 9 491 1259 1749 1379 1446 750 154 261 
60 9 491 1259 1749 1380 1446 750 154 261 
60 9 491 1259 1749 1381 1443 748 156 259 
60 9 491 1259 1749 1382 1443 748 156 259 
60 9 491 1259 1749 1383 1441 748 154 259 
60 9 491 1259 1749 1384 1441 748 154 259 
60 9 491 1259 1749 1385 1443 748 148 259 
60 9 491 1259 1749 1386 1438 745 154 259 
60 9 491 1259 1749 1387 1439 745 150 259 
60 9 491 1259 1749 1388 1435 745 156 259 
60 9 491 1259 1749 1389 1436 745 150 259 
60 9 491 1259 1749 1390 1436 745 150 259 
60 9 491 1259 1749 1391 1435 745 148 259 
60 9 491 1259 1749 1392 1430 745 154 259 
60 9 491 1259 1749 1393 1427 745 156 259 
60 9 491 1259 1749 1394 1424 745 160 259 
60 9 491 1259 1749 1395 1419 745 166 259 
60 9 491 1259 1749 1396 1416 745 166 259 
60 9 491 1259 1749 1397 1413 745 170 259 
60 9 491 1259 1749 1398 1410 745 170 259 
60 9 491 1259 1749 1399 1406 745 176 259 
60 9 491 1259 1749 1400 1406 745 176 264 
60 9 491 1259 1749 1401 1404 745 176 264 
60 9 491 1259 1749 1402 1405 745 170 264 
60 9 491 1259 1749 1403 1407 745 164 264 
60 9 491 1259 1749 1404 1403 748 166 264 
60 9 491 1259 1749 1405 1405 748 160 264 
60 9 491 1259 1749 1406 1406 748 154 264 
60 9 491 1259 1749 1407 1407 748 150 264 
60 9 491 1259 1749 1408 1404 750 150 264 
60 9 491 1259 1749 1409 1406 750 144 264 
60 9 491 1259 1749 1410 1407 750 140 264 
60 9 491 1259 1749 1411 1407 753 140 264 
60 9 491 1259 1749 1412 1401 753 144 264 
60 9 491 1259 1749 1413 1395 753 148 264 
60 9 491 1259 1749 1414 1387 753 156 264 
60 9 491 1259 1749 1415 1384 756 160 264 
60 9 491 1259 1749 1416 1376 756 166 264 
60 9 491 1259 1749 1417 1370 756 170 264 
60 9 491 1259 1749 1418 1366 758 176 264 
60 9 491 1259 1749 1419 1359 758 182 264 
60 9 491 1259 1749 1420 1353 758 186 264 
60 9 491 1259 1749 1421 1349 761 192 264 
60 9 491 1259 1749 1422 1351 761 182 264 
60 9 491 1259 1749 1423 1353 761 176 264 
60 9 491 1259 1749 1424 1354 761 170 264 
60 9 491 1259 1749 1425 1355 761 166 264 
60 9 491 1259 1749 1426 1357 761 160 264 
60 9 491 1259 1749 1427 1358 761 154 264 
60 9 491 1259 1749 1428 1359 761 150 264 
60 9 491 1259 1749 1429 1361 761 144 264 
60 9 491 1259 1749 1430 1362 764 138 264 
60 9 491 1259 1749 1431 1362 768 138 252 
60 9 491 1259 1749 1432 1356 768 144 252 
60 9 491 1259 1749 1433 1353 767 144 256 
60 9 491 1259 1749 1434 1350 766 144 261 
60 9 491 1259 1749 1435 1343 766 150 264 
60 9 491 1259 1749 1436 1340 765 150 268 
60 9 491 1259 1749 1437 1339 765 148 268 
60 9 491 1259 1749 1438 1331 764 156 273 
60 9 491 1259 1749 1439 1329 764 154 276 
60 9 491 1259 1749 1440 1326 763 154 280 
60 9 491 1259 1749 1441 1323 766 156 280 
60 9 491 1259 1749 1442 1317 766 160 280 
60 9 491 1259 1749 1443 1314 766 160 280 
60 9 491 1259 1749 1444 1312 766 160 280 
60 9 491 1259 1749 1445 1307 770 166 276 
60 9 491 1259 1749 1446 1304 770 166 276 
60 9 491 1259 1749 1447 1303 770 164 276 
60 9 491 1259 1749 1448 1299 772 166 273 
60 9 491 1259 1749 1449 1295 772 172 273 
60 9 491 1259 1749 1450 1293 772 170 273 
60 9 491 1259 1749 1451 1290 775 170 271 
60 9 491 1259 1749 1452 1287 775 172 271 
60 9 491 1259 1749 1453 1284 775 176 271 
60 9 491 1259 1749 1454 1281 779 176 267 
60 9 491 1259 1749 1455 1278 779 176 267 
60 9 491 1259 1749 1456 1276 779 176 267 
60 9 491 1259 1749 1457 1271 782 182 264 
60 9 491 1259 1749 1458 1268 782 182 264 
60 9 491 1259 1749 1459 1267 782 180 264 
60 9 491 1259 1749 1460 1262 785 186 264 
60 9 491 1259 1749 1461 1257 785 186 264 
60 9 491 1259 1749 1462 1254 784 186 268 
60 9 491 1259 1749 1463 1248 787 192 267 
60 9 491 1259 1749 1464 1246 786 186 271 
60 9 491 1259 1749 1465 1243 788 188 273 
60 9 491 1259 1749 1466 1237 788 192 276 
60 9 491 1259 1749 1467 1234 791 192 276 
60 9 491 1259 1749 1468 1233 790 186 280 
60 9 491 1259 1749 1469 1226 793 192 279 
60 9 491 1259 1749 1470 1224 792 192 283 
60 9 491 1259 1749 1471 1221 794 192 284 
60 9 491 1259 1749 1472 1216 794 192 284 
60 9 491 1259 1749 1473 1213 794 192 284 
60 9 491 1259 1749 1474 1210 798 192 280 
60 9 491 1259 1749 1475 1203 798 198 280 
60 9 491 1259 1749 1476 1200 801 198 277 
60 9 491 1259 1749 1477 1199 801 196 277 
60 9 491 1259 1749 1478 1191 804 204 275 
60 9 491 1259 1749 1479 1189 804 202 275 
60 9 491 1259 1749 1480 1186 807 202 271 
60 9 491 1259 1749 1481 1181 807 202 272 
60 9 491 1259 1749 1482 1178 810 202 268 
60 9 491 1259 1749 1483 1175 810 204 268 
60 9 491 1259 1749 1484 1169 813 208 265 
60 9 491 1259 1749 1485 1166 813 208 265 
60 9 491 1259 1749 1486 1164 816 208 262 
60 9 491 1259 1749 1487 1156 816 214 262 
60 9 491 1259 1749 1488 1155 820 212 259 
60 9 491 1259 1749 1489 1151 820 214 259 
60 9 491 1259 1749 1490 1148 822 214 257 
60 9 491 1259 1749 1491 1148 822 208 257 
60 9 491 1259 1749 1492 1145 821 208 257 
60 9 491 1259 1749 1493 1142 825 208 254 
60 9 491 1259 1749 1494 1140 824 208 254 
60 9 491 1259 1749 1495 1137 827 208 251 
60 9 491 1259 1749 1496 1135 827 204 251 
60 9 491 1259 1749 1497 1133 826 202 252 
60 9 491 1259 1749 1498 1130 829 202 249 
60 9 491 1259 1749 1499 1127 828 204 250 
60 9 491 1259 1749 1500 1125 831 202 247 
60 9 491 1259 1749 1501 1119 831 204 247 
60 9 491 1259 1749 1502 1117 831 202 247 
60 9 491 1259 1749 1503 1114 835 202 243 
60 9 491 1259 1749 1504 1111 834 204 244 
60 9 491 1259 1749 1505 1109 837 202 241 
60 9 491 1259 1749 1506 1106 837 202 241 
60 9 491 1259 1749 1507 1104 837 198 241 
60 9 491 1259 1749 1508 1103 840 196 238 
60 9 491 1259 1749 1509 1095 840 204 238 
60 9 491 1259 1749 1510 1093 844 202 235 
60 9 491 1259 1749 1511 1090 844 202 235 
60 9 491 1259 1749 1512 1087 846 204 233 
60 9 491 1259 1749 1513 1085 846 202 233 
60 9 491 1259 1749 1514 1083 846 198 233 
60 9 491 1259 1749 1515 1080 849 198 230 
60 9 491 1259 1749 1516 1079 849 196 230 
60 9 491 1259 1749 1517 1075 852 198 226 
60 9 491 1259 1749 1518 1069 852 202 226 
60 9 491 1259 1749 1519 1066 854 202 224 
60 9 491 1259 1749 1520 1064 854 198 224 
60 9 491 1259 1749 1521 1063 854 196 224 
60 9 491 1259 1749 1522 1059 858 198 220 
60 9 491 1259 1749 1523 1056 857 198 221 
60 9 491 1259 1749 1524 1055 861 196 217 
60 9 491 1259 1749 1525 1051 861 198 217 
60 9 491 1259 1749 1526 1048 863 198 215 
60 9 491 1259 1749 1527 1047 863 196 215 
60 9 491 1259 1749 1528 1043 863 198 215 
60 9 491 1259 1749 1529 1040 863 198 215 
60 9 491 1259 1749 1530 1039 867 196 212 
60 9 491 1259 1749 1531 1035 867 198 212 
60 9 491 1259 1749 1532 1032 867 198 212 
60 9 491 1259 1749 1533 1031 870 196 208 
60 9 491 1259 1749 1534 1024 870 198 208 
60 9 491 1259 1749 1535 1023 870 196 208 
60 9 491 1259 1749 1536 1016 873 198 205 
60 9 491 1259 1749 1537 1015 873 196 205 
60 9 491 1259 1749 1538 1011 877 198 202 
60 9 491 1259 1749 1539 1007 877 196 202 
60 9 491 1259 1749 1540 1003 880 198 198 
60 9 491 1259 1749 1541 1000 880 198 198 
60 9 491 1259 1749 1542 995 880 198 198 
60 9 491 1259 1749 1543 992 883 198 195 
60 9 491 1259 1749 1544 987 883 198 195 
60 9 491 1259 1749 1545 984 887 198 192 
60 9 491 1259 1749 1546 983 887 196 192 
60 9 491 1259 1749 1547 976 890 198 188 
60 9 491 1259 1749 1548 975 890 196 188 
60 9 491 1259 1749 1549 971 893 198 185 
60 9 491 1259 1749 1550 967 893 196 185 
60 9 491 1259 1749 1551 963 893 198 185 
60 9 491 1259 1749 1552 959 897 196 182 
60 9 491 1259 1749 1553 955 897 198 182 
60 9 491 1259 1749 1554 952 900 198 178 
60 9 491 1259 1749 1555 947 900 198 178 
60 9 491 1259 1749 1556 944 903 198 175 
60 9 491 1259 1749 1557 943 903 196 175 
60 9 491 1259 1749 1558 936 903 198 175 
60 9 491 1259 1749 1559 935 907 196 172 
60 9 491 1259 1749 1560 928 907 198 172 
60 9 491 1259 1749 1561 927 910 196 168 
60 9 491 1259 1749 1562 923 910 198 168 
60 9 491 1259 1749 1563 919 913 196 165 
60 9 491 1259 1749 1564 915 913 198 165 
60 9 491 1259 1749 1565 912 917 198 162 
60 9 491 1259 1749 1566 907 917 198 162 
60 9 491 1259 1749 1567 903 917 196 162 
60 9 491 1259 1749 1568 895 917 204 162 
60 9 491 1259 1749 1569 890 917 202 162 
60 9 491 1259 1749 1570 884 917 208 162 
60 9 491 1259 1749 1571 882 917 202 162 
60 9 491 1259 1749 1572 876 917 208 162 
60 9 491 1259 1749 1573 870 917 208 162 
60 9 491 1259 1749 1574 863 920 214 158 
60 9 491 1259 1749 1575 859 920 212 158 
60 9 491 1259 1749 1576 851 920 220 158 
60 9 491 1259 1749 1577 851 920 212 158 
60 9 491 1259 1749 1578 843 920 220 158 
60 9 491 1259 1749 1579 838 920 218 158 
60 9 491 1259 1749 1580 833 920 218 158 
60 9 491 1259 1749 1581 826 920 224 158 
60 9 491 1259 1749 1582 821 923 224 155 
60 9 491 1259 1749 1583 818 923 224 155 
60 9 491 1259 1749 1584 813 923 224 155 
60 9 491 1259 1749 1585 807 923 228 155 
60 9 491 1259 1749 1586 800 923 230 155 
60 9 491 1259 1749 1587 794 923 234 155 
60 9 491 1259 1749 1588 789 923 234 155 
60 9 491 1259 1749 1589 786 923 234 155 
60 9 491 1259 1749 1590 781 927 234 152 
60 9 491 1259 1749 1591 774 927 240 152 
60 9 491 1259 1749 1592 769 927 240 152 
60 9 491 1259 1749 1593 764 927 240 152 
60 9 491 1259 1749 1594 756 927 246 152 
60 9 491 1259 1749 1595 756 927 240 152 
60 9 491 1259 1749 1596 748 927 246 152 
60 9 491 1259 1749 1597 743 927 246 152 
60 9 491 1259 1749 1598 737 930 250 148 
60 9 491 1259 1749 1599 731 930 252 148 
60 9 491 1259 1749 1600 725 930 256 148 
60 9 491 1259 1749 1601 723 930 252 148 
60 9 491 1259 1749 1602 717 930 256 148 
60 9 491 1259 1749 1603 712 930 256 148 
60 9 491 1259 1749 1604 704 930 262 148 
60 9 491 1259 1749 1605 699 930 262 148 
60 9 491 1259 1749 1606 696 933 262 145 
60 9 491 1259 1749 1607 691 933 262 145 
60 9 491 1259 1749 1608 690 933 256 145 
60 9 491 1259 1749 1609 683 933 262 145 
60 9 491 1259 1749 1610 682 933 256 145 
60 9 491 1259 1749 1611 675 933 262 145 
60 9 491 1259 1749 1612 674 933 256 145 
60 9 491 1259 1749 1613 669 933 256 145 
60 9 491 1259 1749 1614 666 937 256 142 
60 9 491 1259 1749 1615 665 937 250 142 
60 9 491 1259 1749 1616 658 937 256 142 
60 9 491 1259 1749 1617 657 937 250 142 
60 9 491 1259 1749 1618 650 937 256 142 
60 9 491 1259 1749 1619 649 937 250 142 
60 9 491 1259 1749 1620 643 937 252 142 
60 9 491 1259 1749 1621 641 940 250 138 
60 9 491 1259 1749 1622 635 940 252 138 
60 9 491 1259 1749 1623 633 940 250 138 
60 9 491 1259 1749 1624 631 940 246 138 
60 9 491 1259 1749 1625 627 940 244 138 
60 9 491 1259 1749 1626 623 940 246 138 
60 9 491 1259 1749 1627 619 940 244 138 
60 9 491 1259 1749 1628 615 943 246 135 
60 9 491 1259 1749 1629 611 943 244 135 
60 9 491 1259 1749 1630 607 943 246 135 
60 9 491 1259 1749 1631 603 943 244 135 
60 9 491 1259 1749 1632 601 943 240 135 
60 9 491 1259 1749 1633 598 943 240 135 
60 9 491 1259 1749 1634 593 943 240 135 
60 9 491 1259 1749 1635 590 947 240 132 
60 9 491 1259 1749 1636 585 947 240 132 
60 9 491 1259 1749 1637 583 947 236 132 
60 9 491 1259 1749 1638 577 947 240 132 
60 9 491 1259 1749 1639 575 947 236 132 
60 9 491 1259 1749 1640 569 947 240 132 
60 9 491 1259 1749 1641 567 947 236 132 
60 9 491 1259 1749 1642 565 950 234 128 
60 9 491 1259 1749 1643 559 950 236 128 
60 9 491 1259 1749 1644 554 950 234 128 
60 9 491 1259 1749 1645 551 950 236 128 
60 9 491 1259 1749 1646 546 950 234 128 
60 9 491 1259 1749 1647 541 950 234 128 
60 9 491 1259 1749 1648 538 950 234 128 
60 9 491 1259 1749 1649 533 950 234 128 
60 9 491 1259 1749 1650 527 950 236 128 
60 9 491 1259 1749 1651 525 950 234 128 
60 9 491 1259 1749 1652 519 950 236 128 
60 9 491 1259 1749 1653 514 950 234 128 
60 9 491 1259 1749 1654 511 950 236 128 
60 9 491 1259 1749 1655 506 950 234 128 
60 9 491 1259 1749 1656 501 950 234 128 
60 9 491 1259 1749 1657 498 950 234 128 
60 9 491 1259 1749 1658 493 950 234 128 
60 9 491 1259 1749 1659 487 950 236 128 
60 9 491 1259 1749 1660 485 950 234 128 
60 9 491 1259 1749 1661 479 950 236 128 
60 9 491 1259 1749 1662 474 950 234 128 
60 9 491 1259 1749 1663 471 953 236 125 
60 9 491 1259 1749 1664 466 953 234 125 
60 9 491 1259 1749 1665 461 953 234 125 
60 9 491 1259 1749 1666 458 953 234 125 
60 9 491 1259 1749 1667 453 957 234 122 
60 9 491 1259 1749 1668 450 957 234 122 
60 9 491 1259 1749 1669 445 957 234 122 
60 9 491 1259 1749 1670 439 957 236 122 
60 9 491 1259 1749 1671 437 960 234 118 
60 9 491 1259 1749 1672 431 960 236 118 
60 9 491 1259 1749 1673 429 960 234 118 
60 9 491 1259 1749 1674 423 960 236 118 
60 9 491 1259 1749 1675 418 963 234 115 
60 9 491 1259 1749 1676 415 963 236 115 
60 9 491 1259 1749 1677 410 963 234 115 
60 9 491 1259 1749 1678 407 967 236 112 
60 9 491 1259 1749 1679 402 967 234 112 
60 9 491 1259 1749 1680 399 967 236 112 
60 9 491 1259 1749 1681 394 967 234 112 
60 9 491 1259 1749 1682 389 970 234 108 
60 9 491 1259 1749 1683 386 970 234 108 
60 9 491 1259 1749 1684 381 970 234 108 
60 9 491 1259 1749 1685 378 970 234 108 
60 9 491 1259 1749 1686 373 973 234 105 
60 9 491 1259 1749 1687 367 973 236 105 
60 9 491 1259 1749 1688 365 973 234 105 
60 9 491 1259 1749 1689 359 973 236 105 
60 9 491 1259 1749 1690 357 977 234 102 
60 9 491 1259 1749 1691 351 977 236 102 
60 9 491 1259 1749 1692 349 977 234 102 
60 9 491 1259 1749 1693 343 980 236 98 
60 9 491 1259 1749 1694 338 980 234 98 
60 9 491 1259 1749 1695 335 980 236 98 
60 9 491 1259 1749 1696 330 980 234 98 
60 9 491 1259 1749 1697 327 983 236 95 
60 9 491 1259 1749 1698 322 983 234 95 
60 9 491 1259 1749 1699 317 983 234 95 
60 9 491 1259 1749 1700 314 983 234 95 
60 9 491 1259 1749 1701 309 987 234 92 
60 9 491 1259 1749 1702 306 987 234 92 
60 9 491 1259 1749 1703 301 987 234 92 
60 9 491 1259 1749 1704 298 990 234 88 
60 9 491 1259 1749 1705 293 990 234 88 
60 9 491 1259 1749 1706 290 990 234 88 
60 9 491 1259 1749 1707 287 993 236 85 
60 9 491 1259 1749 1708 282 993 234 85 
60 9 491 1259 1749 1709 279 997 236 82 
60 9 491 1259 1749 1710 277 997 234 82 
60 9 491 1259 1749 1711 271 1000 236 78 
60 9 491 1259 1749 1712 269 1000 234 78 
60 9 491 1259 1749 1713 266 1003 234 75 
60 9 491 1259 1749 1714 263 1003 236 75 
60 9 491 1259 1749 1715 258 1007 234 72 
60 9 491 1259 1749 1716 255 1007 236 72 
60 9 491 1259 1749 1717 253 1010 234 68 
60 9 491 1259 1749 1718 247 1010 236 68 
60 9 491 1259 1749 1719 245 1013 234 65 
60 9 491 1259 1749 1720 242 1013 234 65 
60 9 491 1259 1749 1721 239 1017 236 62 
60 9 491 1259 1749 1722 234 1017 234 62 
60 9 491 1259 1749 1723 231 1020 236 58 
60 9 491 1259 1749 1724 229 1020 234 58 
60 9 491 1259 1749 1725 223 1023 236 55 
60 9 491 1259 1749 1726 221 1023 234 55 
60 9 491 1259 1749 1727 218 1027 234 52 
60 9 491 1259 1749 1728 215 1027 236 52 
60 9 491 1259 1749 1729 210 1030 234 48 
60 9 491 1259 1749 1730 207 1030 236 48 
60 9 491 1259 1749 1731 205 1033 234 45 
60 9 491 1259 1749 1732 199 1033 236 45 
60 9 491 1259 1749 1733 197 1037 234 42 
60 9 491 1259 1749 1734 194 1037 234 42 
60 9 491 1259 1749 1735 191 1040 236 38 
60 9 491 1259 1749 1736 186 1040 234 38 
60 9 491 1259 1749 1737 183 1040 236 38 
60 9 491 1259 1749 1738 181 1043 234 35 
60 9 491 1259 1749 1739 181 1043 234 35 
60 9 491 1259 1749 1740 181 1043 234 35 
60 9 491 1259 1749 1741 181 1043 234 35 
60 9 491 1259 1749 1742 181 1043 234 35 
60 9 491 1259 1749 1743 181 1043 234 35 
60 9 491 1259 1749 1744 181 1043 234 35 
60 9 491 1259 1749 1745 181 1043 234 35 
60 9 491 1259 1749 1746 181 1043 234 35 
60 9 491 1259 1749 1747 181 1043 234 35 
60 9 491 1259 1749 1748 181 1043 234 35 
60 9 491 1259 1749 1749 181 1043 234 35 
61 9 491 1259 1749 1259 1625 720 186 240 
61 9 491 1259 1749 1260 1621 720 192 240 
61 9 491 1259 1749 1261 1619 722 198 240 
61 9 491 1259 1749 1262 1616 722 198 240 
61 9 491 1259 1749 1263 1618 725 192 235 
61 9 491 1259 1749 1264 1618 725 192 240 
61 9 491 1259 1749 1265 1619 728 188 235 
61 9 491 1259 1749 1266 1617 728 186 235 
61 9 491 1259 1749 1267 1617 730 186 237 
61 9 491 1259 1749 1268 1619 730 180 237 
61 9 491 1259 1749 1269 1620 734 176 232 
61 9 491 1259 1749 1270 1620 737 176 231 
61 9 491 1259 1749 1271 1615 737 182 231 
61 9 491 1259 1749 1272 1612 737 182 231 
61 9 491 1259 1749 1273 1609 736 186 235 
61 9 491 1259 1749 1274 1611 736 180 240 
61 9 491 1259 1749 1275 1606 736 186 240 
61 9 491 1259 1749 1276 1607 735 182 243 
61 9 491 1259 1749 1277 1603 734 188 247 
61 9 491 1259 1749 1278 1604 734 182 247 
61 9 491 1259 1749 1279 1601 734 186 252 
61 9 491 1259 1749 1280 1601 736 186 252 
61 9 491 1259 1749 1281 1597 736 192 252 
61 9 491 1259 1749 1282 1594 736 192 252 
61 9 491 1259 1749 1283 1595 736 188 252 
61 9 491 1259 1749 1284 1596 739 182 252 
61 9 491 1259 1749 1285 1595 739 180 252 
61 9 491 1259 1749 1286 1595 739 180 252 
61 9 491 1259 1749 1287 1596 742 176 252 
61 9 491 1259 1749 1288 1593 742 176 252 
61 9 491 1259 1749 1289 1594 742 170 252 
61 9 491 1259 1749 1290 1594 744 170 252 
61 9 491 1259 1749 1291 1588 744 176 252 
61 9 491 1259 1749 1292 1585 744 176 252 
61 9 491 1259 1749 1293 1579 744 180 252 
61 9 491 1259 1749 1294 1575 744 182 252 
61 9 491 1259 1749 1295 1571 744 188 252 
61 9 491 1259 1749 1296 1565 744 192 252 
61 9 491 1259 1749 1297 1562 744 192 252 
61 9 491 1259 1749 1298 1555 744 198 252 
61 9 491 1259 1749 1299 1552 744 198 252 
61 9 491 1259 1749 1300 1549 744 202 252 
61 9 491 1259 1749 1301 1551 744 196 252 
61 9 491 1259 1749 1302 1552 744 192 252 
61 9 491 1259 1749 1303 1553 744 186 252 
61 9 491 1259 1749 1304 1553 744 186 252 
61 9 491 1259 1749 1305 1555 747 180 252 
61 9 491 1259 1749 1306 1556 747 176 252 
61 9 491 1259 1749 1307 1556 747 176 252 
61 9 491 1259 1749 1308 1557 747 170 252 
61 9 491 1259 1749 1309 1559 747 164 252 
61 9 491 1259 1749 1310 1559 750 164 252 
61 9 491 1259 1749 1311 1555 750 166 252 
61 9 491 1259 1749 1312 1552 750 166 252 
61 9 491 1259 1749 1313 1549 750 170 252 
61 9 491 1259 1749 1314 1546 749 170 255 
61 9 491 1259 1749 1315 1542 749 176 255 
61 9 491 1259 1749 1316 1540 749 176 255 
61 9 491 1259 1749 1317 1537 748 176 259 
61 9 491 1259 1749 1318 1532 748 182 259 
61 9 491 1259 1749 1319 1531 748 180 259 
61 9 491 1259 1749 1320 1531 750 180 261 
61 9 491 1259 1749 1321 1527 750 182 261 
61 9 491 1259 1749 1322 1527 750 182 261 
61 9 491 1259 1749 1323 1529 750 176 261 
61 9 491 1259 1749 1324 1529 750 176 261 
61 9 491 1259 1749 1325 1530 753 170 259 
61 9 491 1259 1749 1326 1530 753 170 259 
61 9 491 1259 1749 1327 1531 753 166 259 
61 9 491 1259 1749 1328 1531 753 166 259 
61 9 491 1259 1749 1329 1533 753 160 259 
61 9 491 1259 1749 1330 1533 756 160 259 
61 9 491 1259 1749 1331 1527 756 164 259 
61 9 491 1259 1749 1332 1523 756 166 259 
61 9 491 1259 1749 1333 1520 756 166 259 
61 9 491 1259 1749 1334 1519 756 164 259 
61 9 491 1259 1749 1335 1514 756 170 259 
61 9 491 1259 1749 1336 1508 756 176 259 
61 9 491 1259 1749 1337 1505 756 176 259 
61 9 491 1259 1749 1338 1502 756 176 259 
61 9 491 1259 1749 1339 1500 756 176 259 
61 9 491 1259 1749 1340 1495 756 182 259 
61 9 491 1259 1749 1341 1492 753 182 259 
61 9 491 1259 1749 1342 1494 753 176 259 
61 9 491 1259 1749 1343 1495 753 172 259 
61 9 491 1259 1749 1344 1492 750 176 261 
61 9 491 1259 1749 1345 1493 750 170 261 
61 9 491 1259 1749 1346 1495 750 164 261 
61 9 491 1259 1749 1347 1490 748 170 259 
61 9 491 1259 1749 1348 1491 748 166 259 
61 9 491 1259 1749 1349 1493 748 160 259 
61 9 491 1259 1749 1350 1493 748 160 259 
61 9 491 1259 1749 1351 1487 748 164 259 
61 9 491 1259 1749 1352 1483 748 166 259 
61 9 491 1259 1749 1353 1480 748 166 259 
61 9 491 1259 1749 1354 1479 748 164 259 
61 9 491 1259 1749 1355 1474 748 170 259 
61 9 491 1259 1749 1356 1471 748 172 259 
61 9 491 1259 1749 1357 1469 748 170 259 
61 9 491 1259 1749 1358 1466 748 170 259 
61 9 491 1259 1749 1359 1463 748 172 259 
61 9 491 1259 1749 1360 1460 750 176 261 
61 9 491 1259 1749 1361 1461 750 170 261 
61 9 491 1259 1749 1362 1461 750 170 261 
61 9 491 1259 1749 1363 1463 750 164 261 
61 9 491 1259 1749 1364 1463 750 164 261 
61 9 491 1259 1749 1365 1463 750 164 261 
61 9 491 1259 1749 1366 1464 750 160 261 
61 9 491 1259 1749 1367 1464 750 160 261 
61 9 491 1259 1749 1368 1465 750 154 261 
61 9 491 1259 1749 1369 1465 750 154 261 
61 9 491 1259 1749 1370 1465 750 154 261 
61 9 491 1259 1749 1371 1462 750 154 261 
61 9 491 1259 1749 1372 1459 750 156 261 
61 9 491 1259 1749 1373 1457 750 154 261 
61 9 491 1259 1749 1374 1457 750 154 261 
61 9 491 1259 1749 1375 1454 750 154 261 
61 9 491 1259 1749 1376 1451 750 156 261 
61 9 491 1259 1749 1377 1451 750 156 261 
61 9 491 1259 1749 1378 1449 750 154 261 
61 9 491 1259 1749 1379 1446 750 154 261 
61 9 491 1259 1749 1380 1446 750 154 261 
61 9 491 1259 1749 1381 1443 748 156 259 
61 9 491 1259 1749 1382 1443 748 156 259 
61 9 491 1259 1749 1383 1441 748 154 259 
61 9 491 1259 1749 1384 1441 748 154 259 
61 9 491 1259 1749 1385 1443 748 148 259 
61 9 491 1259 1749 1386 1438 745 154 259 
61 9 491 1259 1749 1387 1439 745 150 259 
61 9 491 1259 1749 1388 1435 745 156 259 
61 9 491 1259 1749 1389 1436 745 150 259 
61 9 491 1259 1749 1390 1436 745 150 259 
61 9 491 1259 1749 1391 1435 745 148 259 
61 9 491 1259 1749 1392 1430 745 154 259 
61 9 491 1259 1749 1393 1427 745 156 259 
61 9 491 1259 1749 1394 1424 745 160 259 
61 9 491 1259 1749 1395 1419 745 166 259 
61 9 491 1259 1749 1396 1416 745 166 259 
61 9 491 1259 1749 1397 1413 745 170 259 
61 9 491 1259 1749 1398 1410 745 170 259 
61 9 491 1259 1749 1399 1406 745 176 259 
61 9 491 1259 1749 1400 1406 745 176 264 
61 9 491 1259 1749 1401 1404 745 176 264 
61 9 491 1259 1749 1402 1405 745 170 264 
61 9 491 1259 1749 1403 1407 745 164 264 
61 9 491 1259 1749 1404 1403 748 166 264 
61 9 491 1259 1749 1405 1405 748 160 264 
61 9 491 1259 1749 1406 1406 748 154 264 
61 9 491 1259 1749 1407 1407 748 150 264 
61 9 491 1259 1749 1408 1404 750 150 264 
61 9 491 1259 1749 1409 1406 750 144 264 
61 9 491 1259 1749 1410 1407 750 140 264 
61 9 491 1259 1749 1411 1407 753 140 264 
61 9 491 1259 1749 1412 1401 753 144 264 
61 9 491 1259 1749 1413 1395 753 148 264 
61 9 491 1259 1749 1414 1387 753 156 264 
61 9 491 1259 1749 1415 1384 756 160 264 
61 9 491 1259 1749 1416 1376 756 166 264 
61 9 491 1259 1749 1417 1370 756 170 264 
61 9 491 1259 1749 1418 1366 758 176 264 
61 9 491 1259 1749 1419 1359 758 182 264 
61 9 491 1259 1749 1420 1353 758 186 264 
61 9 491 1259 1749 1421 1349 761 192 264 
61 9 491 1259 1749 1422 1351 761 182 264 
61 9 491 1259 1749 1423 1353 761 176 264 
61 9 491 1259 1749 1424 1354 761 170 264 
61 9 491 1259 1749 1425 1355 761 166 264 
61 9 491 1259 1749 1426 1357 761 160 264 
61 9 491 1259 1749 1427 1358 761 154 264 
61 9 491 1259 1749 1428 1359 761 150 264 
61 9 491 1259 1749 1429 1361 761 144 264 
61 9 491 1259 1749 1430 1362 764 138 264 
61 9 491 1259 1749 1431 1362 768 138 252 
61 9 491 1259 1749 1432 1356 768 144 252 
61 9 491 1259 1749 1433 1353 767 144 256 
61 9 491 1259 1749 1434 1350 766 144 261 
61 9 491 1259 1749 1435 1343 766 150 264 
61 9 491 1259 1749 1436 1340 765 150 268 
61 9 491 1259 1749 1437 1339 765 148 268 
61 9 491 1259 1749 1438 1331 764 156 273 
61 9 491 1259 1749 1439 1329 764 154 276 
61 9 491 1259 1749 1440 1326 763 154 280 
61 9 491 1259 1749 1441 1323 766 156 280 
61 9 491 1259 1749 1442 1317 766 160 280 
61 9 491 1259 1749 1443 1314 766 160 280 
61 9 491 1259 1749 1444 1312 766 160 280 
61 9 491 1259 1749 1445 1307 770 166 276 
61 9 491 1259 1749 1446 1304 770 166 276 
61 9 491 1259 1749 1447 1303 770 164 276 
61 9 491 1259 1749 1448 1299 772 166 273 
61 9 491 1259 1749 1449 1295 772 172 273 
61 9 491 1259 1749 1450 1293 772 170 273 
61 9 491 1259 1749 1451 1290 775 170 271 
61 9 491 1259 1749 1452 1287 775 172 271 
61 9 491 1259 1749 1453 1284 775 176 271 
61 9 491 1259 1749 1454 1281 779 176 267 
61 9 491 1259 1749 1455 1278 779 176 267 
61 9 491 1259 1749 1456 1276 779 176 267 
61 9 491 1259 1749 1457 1271 782 182 264 
61 9 491 1259 1749 1458 1268 782 182 264 
61 9 491 1259 1749 1459 1267 782 180 264 
61 9 491 1259 1749 1460 1262 785 186 264 
61 9 491 1259 1749 1461 1257 785 186 264 
61 9 491 1259 1749 1462 1254 784 186 268 
61 9 491 1259 1749 1463 1248 787 192 267 
61 9 491 1259 1749 1464 1246 786 186 271 
61 9 491 1259 1749 1465 1243 788 188 273 
61 9 491 1259 1749 1466 1237 788 192 276 
61 9 491 1259 1749 1467 1234 791 192 276 
61 9 491 1259 1749 1468 1233 790 186 280 
61 9 491 1259 1749 1469 1226 793 192 279 
61 9 491 1259 1749 1470 1224 792 192 283 
61 9 491 1259 1749 1471 1221 794 192 284 
61 9 491 1259 1749 1472 1216 794 192 284 
61 9 491 1259 1749 1473 1213 794 192 284 
61 9 491 1259 1749 1474 1210 798 192 280 
61 9 491 1259 1749 1475 1203 798 198 280 
61 9 491 1259 1749 1476 1200 801 198 277 
61 9 491 1259 1749 1477 1199 801 196 277 
61 9 491 1259 1749 1478 1191 804 204 275 
61 9 491 1259 1749 1479 1189 804 202 275 
61 9 491 1259 1749 1480 1186 807 202 271 
61 9 491 1259 1749 1481 1181 807 202 272 
61 9 491 1259 1749 1482 1178 810 202 268 
61 9 491 1259 1749 1483 1175 810 204 268 
61 9 491 1259 1749 1484 1169 813 208 265 
61 9 491 1259 1749 1485 1166 813 208 265 
61 9 491 1259 1749 1486 1164 816 208 262 
61 9 491 1259 1749 1487 1156 816 214 262 
61 9 491 1259 1749 1488 1155 820 212 259 
61 9 491 1259 1749 1489 1151 820 214 259 
61 9 491 1259 1749 1490 1148 822 214 257 
61 9 491 1259 1749 1491 1148 822 208 257 
61 9 491 1259 1749 1492 1145 821 208 257 
61 9 491 1259 1749 1493 1142 825 208 254 
61 9 491 1259 1749 1494 1140 824 208 254 
61 9 491 1259 1749 1495 1137 827 208 251 
61 9 491 1259 1749 1496 1135 827 204 251 
61 9 491 1259 1749 1497 1133 826 202 252 
61 9 491 1259 1749 1498 1130 829 202 249 
61 9 491 1259 1749 1499 1127 828 204 250 
61 9 491 1259 1749 1500 1125 831 202 247 
61 9 491 1259 1749 1501 1119 831 204 247 
61 9 491 1259 1749 1502 1117 831 202 247 
61 9 491 1259 1749 1503 1114 835 202 243 
61 9 491 1259 1749 1504 1111 834 204 244 
61 9 491 1259 1749 1505 1109 837 202 241 
61 9 491 1259 1749 1506 1106 837 202 241 
61 9 491 1259 1749 1507 1104 837 198 241 
61 9 491 1259 1749 1508 1103 840 196 238 
61 9 491 1259 1749 1509 1095 840 204 238 
61 9 491 1259 1749 1510 1093 844 202 235 
61 9 491 1259 1749 1511 1090 844 202 235 
61 9 491 1259 1749 1512 1087 846 204 233 
61 9 491 1259 1749 1513 1085 846 202 233 
61 9 491 1259 1749 1514 1083 846 198 233 
61 9 491 1259 1749 1515 1080 849 198 230 
61 9 491 1259 1749 1516 1079 849 196 230 
61 9 491 1259 1749 1517 1075 852 198 226 
61 9 491 1259 1749 1518 1069 852 202 226 
61 9 491 1259 1749 1519 1066 854 202 224 
61 9 491 1259 1749 1520 1064 854 198 224 
61 9 491 1259 1749 1521 1063 854 196 224 
61 9 491 1259 1749 1522 1059 858 198 220 
61 9 491 1259 1749 1523 1056 857 198 221 
61 9 491 1259 1749 1524 1055 861 196 217 
61 9 491 1259 1749 1525 1051 861 198 217 
61 9 491 1259 1749 1526 1048 863 198 215 
61 9 491 1259 1749 1527 1047 863 196 215 
61 9 491 1259 1749 1528 1043 863 198 215 
61 9 491 1259 1749 1529 1040 863 198 215 
61 9 491 1259 1749 1530 1039 867 196 212 
61 9 491 1259 1749 1531 1035 867 198 212 
61 9 491 1259 1749 1532 1032 867 198 212 
61 9 491 1259 1749 1533 1031 870 196 208 
61 9 491 1259 1749 1534 1024 870 198 208 
61 9 491 1259 1749 1535 1023 870 196 208 
61 9 491 1259 1749 1536 1016 873 198 205 
61 9 491 1259 1749 1537 1015 873 196 205 
61 9 491 1259 1749 1538 1011 877 198 202 
61 9 491 1259 1749 1539 1007 877 196 202 
61 9 491 1259 1749 1540 1003 880 198 198 
61 9 491 1259 1749 1541 1000 880 198 198 
61 9 491 1259 1749 1542 995 880 198 198 
61 9 491 1259 1749 1543 992 883 198 195 
61 9 491 1259 1749 1544 987 883 198 195 
61 9 491 1259 1749 1545 984 887 198 192 
61 9 491 1259 1749 1546 983 887 196 192 
61 9 491 1259 1749 1547 976 890 198 188 
61 9 491 1259 1749 1548 975 890 196 188 
61 9 491 1259 1749 1549 971 893 198 185 
61 9 491 1259 1749 1550 967 893 196 185 
61 9 491 1259 1749 1551 963 893 198 185 
61 9 491 1259 1749 1552 959 897 196 182 
61 9 491 1259 1749 1553 955 897 198 182 
61 9 491 1259 1749 1554 952 900 198 178 
61 9 491 1259 1749 1555 947 900 198 178 
61 9 491 1259 1749 1556 944 903 198 175 
61 9 491 1259 1749 1557 943 903 196 175 
61 9 491 1259 1749 1558 936 903 198 175 
61 9 491 1259 1749 1559 935 907 196 172 
61 9 491 1259 1749 1560 928 907 198 172 
61 9 491 1259 1749 1561 927 910 196 168 
61 9 491 1259 1749 1562 923 910 198 168 
61 9 491 1259 1749 1563 919 913 196 165 
61 9 491 1259 1749 1564 915 913 198 165 
61 9 491 1259 1749 1565 912 917 198 162 
61 9 491 1259 1749 1566 907 917 198 162 
61 9 491 1259 1749 1567 903 917 196 162 
61 9 491 1259 1749 1568 895 917 204 162 
61 9 491 1259 1749 1569 890 917 202 162 
61 9 491 1259 1749 1570 884 917 208 162 
61 9 491 1259 1749 1571 882 917 202 162 
61 9 491 1259 1749 1572 876 917 208 162 
61 9 491 1259 1749 1573 870 917 208 162 
61 9 491 1259 1749 1574 863 920 214 158 
61 9 491 1259 1749 1575 859 920 212 158 
61 9 491 1259 1749 1576 851 920 220 158 
61 9 491 1259 1749 1577 851 920 212 158 
61 9 491 1259 1749 1578 843 920 220 158 
61 9 491 1259 1749 1579 838 920 218 158 
61 9 491 1259 1749 1580 833 920 218 158 
61 9 491 1259 1749 1581 826 920 224 158 
61 9 491 1259 1749 1582 821 923 224 155 
61 9 491 1259 1749 1583 818 923 224 155 
61 9 491 1259 1749 1584 813 923 224 155 
61 9 491 1259 1749 1585 807 923 228 155 
61 9 491 1259 1749 1586 800 923 230 155 
61 9 491 1259 1749 1587 794 923 234 155 
61 9 491 1259 1749 1588 789 923 234 155 
61 9 491 1259 1749 1589 786 923 234 155 
61 9 491 1259 1749 1590 781 927 234 152 
61 9 491 1259 1749 1591 774 927 240 152 
61 9 491 1259 1749 1592 769 927 240 152 
61 9 491 1259 1749 1593 764 927 240 152 
61 9 491 1259 1749 1594 756 927 246 152 
61 9 491 1259 1749 1595 756 927 240 152 
61 9 491 1259 1749 1596 748 927 246 152 
61 9 491 1259 1749 1597 743 927 246 152 
61 9 491 1259 1749 1598 737 930 250 148 
61 9 491 1259 1749 1599 731 930 252 148 
61 9 491 1259 1749 1600 725 930 256 148 
61 9 491 1259 1749 1601 723 930 252 148 
61 9 491 1259 1749 1602 717 930 256 148 
61 9 491 1259 1749 1603 712 930 256 148 
61 9 491 1259 1749 1604 704 930 262 148 
61 9 491 1259 1749 1605 699 930 262 148 
61 9 491 1259 1749 1606 696 933 262 145 
61 9 491 1259 1749 1607 691 933 262 145 
61 9 491 1259 1749 1608 690 933 256 145 
61 9 491 1259 1749 1609 683 933 262 145 
61 9 491 1259 1749 1610 682 933 256 145 
61 9 491 1259 1749 1611 675 933 262 145 
61 9 491 1259 1749 1612 674 933 256 145 
61 9 491 1259 1749 1613 669 933 256 145 
61 9 491 1259 1749 1614 666 937 256 142 
61 9 491 1259 1749 1615 665 937 250 142 
61 9 491 1259 1749 1616 658 937 256 142 
61 9 491 1259 1749 1617 657 937 250 142 
61 9 491 1259 1749 1618 650 937 256 142 
61 9 491 1259 1749 1619 649 937 250 142 
61 9 491 1259 1749 1620 643 937 252 142 
61 9 491 1259 1749 1621 641 940 250 138 
61 9 491 1259 1749 1622 635 940 252 138 
61 9 491 1259 1749 1623 633 940 250 138 
61 9 491 1259 1749 1624 631 940 246 138 
61 9 491 1259 1749 1625 627 940 244 138 
61 9 491 1259 1749 1626 623 940 246 138 
61 9 491 1259 1749 1627 619 940 244 138 
61 9 491 1259 1749 1628 615 943 246 135 
61 9 491 1259 1749 1629 611 943 244 135 
61 9 491 1259 1749 1630 607 943 246 135 
61 9 491 1259 1749 1631 603 943 244 135 
61 9 491 1259 1749 1632 601 943 240 135 
61 9 491 1259 1749 1633 598 943 240 135 
61 9 491 1259 1749 1634 593 943 240 135 
61 9 491 1259 1749 1635 590 947 240 132 
61 9 491 1259 1749 1636 585 947 240 132 
61 9 491 1259 1749 1637 583 947 236 132 
61 9 491 1259 1749 1638 577 947 240 132 
61 9 491 1259 1749 1639 575 947 236 132 
61 9 491 1259 1749 1640 569 947 240 132 
61 9 491 1259 1749 1641 567 947 236 132 
61 9 491 1259 1749 1642 565 950 234 128 
61 9 491 1259 1749 1643 559 950 236 128 
61 9 491 1259 1749 1644 554 950 234 128 
61 9 491 1259 1749 1645 551 950 236 128 
61 9 491 1259 1749 1646 546 950 234 128 
61 9 491 1259 1749 1647 541 950 234 128 
61 9 491 1259 1749 1648 538 950 234 128 
61 9 491 1259 1749 1649 533 950 234 128 
61 9 491 1259 1749 1650 527 950 236 128 
61 9 491 1259 1749 1651 525 950 234 128 
61 9 491 1259 1749 1652 519 950 236 128 
61 9 491 1259 1749 1653 514 950 234 128 
61 9 491 1259 1749 1654 511 950 236 128 
61 9 491 1259 1749 1655 506 950 234 128 
61 9 491 1259 1749 1656 501 950 234 128 
61 9 491 1259 1749 1657 498 950 234 128 
61 9 491 1259 1749 1658 493 950 234 128 
61 9 491 1259 1749 1659 487 950 236 128 
61 9 491 1259 1749 1660 485 950 234 128 
61 9 491 1259 1749 1661 479 950 236 128 
61 9 491 1259 1749 1662 474 950 234 128 
61 9 491 1259 1749 1663 471 953 236 125 
61 9 491 1259 1749 1664 466 953 234 125 
61 9 491 1259 1749 1665 461 953 234 125 
61 9 491 1259 1749 1666 458 953 234 125 
61 9 491 1259 1749 1667 453 957 234 122 
61 9 491 1259 1749 1668 450 957 234 122 
61 9 491 1259 1749 1669 445 957 234 122 
61 9 491 1259 1749 1670 439 957 236 122 
61 9 491 1259 1749 1671 437 960 234 118 
61 9 491 1259 1749 1672 431 960 236 118 
61 9 491 1259 1749 1673 429 960 234 118 
61 9 491 1259 1749 1674 423 960 236 118 
61 9 491 1259 1749 1675 418 963 234 115 
61 9 491 1259 1749 1676 415 963 236 115 
61 9 491 1259 1749 1677 410 963 234 115 
61 9 491 1259 1749 1678 407 967 236 112 
61 9 491 1259 1749 1679 402 967 234 112 
61 9 491 1259 1749 1680 399 967 236 112 
61 9 491 1259 1749 1681 394 967 234 112 
61 9 491 1259 1749 1682 389 970 234 108 
61 9 491 1259 1749 1683 386 970 234 108 
61 9 491 1259 1749 1684 381 970 234 108 
61 9 491 1259 1749 1685 378 970 234 108 
61 9 491 1259 1749 1686 373 973 234 105 
61 9 491 1259 1749 1687 367 973 236 105 
61 9 491 1259 1749 1688 365 973 234 105 
61 9 491 1259 1749 1689 359 973 236 105 
61 9 491 1259 1749 1690 357 977 234 102 
61 9 491 1259 1749 1691 351 977 236 102 
61 9 491 1259 1749 1692 349 977 234 102 
61 9 491 1259 1749 1693 343 980 236 98 
61 9 491 1259 1749 1694 338 980 234 98 
61 9 491 1259 1749 1695 335 980 236 98 
61 9 491 1259 1749 1696 330 980 234 98 
61 9 491 1259 1749 1697 327 983 236 95 
61 9 491 1259 1749 1698 322 983 234 95 
61 9 491 1259 1749 1699 317 983 234 95 
61 9 491 1259 1749 1700 314 983 234 95 
61 9 491 1259 1749 1701 309 987 234 92 
61 9 491 1259 1749 1702 306 987 234 92 
61 9 491 1259 1749 1703 301 987 234 92 
61 9 491 1259 1749 1704 298 990 234 88 
61 9 491 1259 1749 1705 293 990 234 88 
61 9 491 1259 1749 1706 290 990 234 88 
61 9 491 1259 1749 1707 287 993 236 85 
61 9 491 1259 1749 1708 282 993 234 85 
61 9 491 1259 1749 1709 279 997 236 82 
61 9 491 1259 1749 1710 277 997 234 82 
61 9 491 1259 1749 1711 271 1000 236 78 
61 9 491 1259 1749 1712 269 1000 234 78 
61 9 491 1259 1749 1713 266 1003 234 75 
61 9 491 1259 1749 1714 263 1003 236 75 
61 9 491 1259 1749 1715 258 1007 234 72 
61 9 491 1259 1749 1716 255 1007 236 72 
61 9 491 1259 1749 1717 253 1010 234 68 
61 9 491 1259 1749 1718 247 1010 236 68 
61 9 491 1259 1749 1719 245 1013 234 65 
61 9 491 1259 1749 1720 242 1013 234 65 
61 9 491 1259 1749 1721 239 1017 236 62 
61 9 491 1259 1749 1722 234 1017 234 62 
61 9 491 1259 1749 1723 231 1020 236 58 
61 9 491 1259 1749 1724 229 1020 234 58 
61 9 491 1259 1749 1725 223 1023 236 55 
61 9 491 1259 1749 1726 221 1023 234 55 
61 9 491 1259 1749 1727 218 1027 234 52 
61 9 491 1259 1749 1728 215 1027 236 52 
61 9 491 1259 1749 1729 210 1030 234 48 
61 9 491 1259 1749 1730 207 1030 236 48 
61 9 491 1259 1749 1731 205 1033 234 45 
61 9 491 1259 1749 1732 199 1033 236 45 
61 9 491 1259 1749 1733 197 1037 234 42 
61 9 491 1259 1749 1734 194 1037 234 42 
61 9 491 1259 1749 1735 191 1040 236 38 
61 9 491 1259 1749 1736 186 1040 234 38 
61 9 491 1259 1749 1737 183 1040 236 38 
61 9 491 1259 1749 1738 181 1043 234 35 
61 9 491 1259 1749 1739 181 1043 234 35 
61 9 491 1259 1749 1740 181 1043 234 35 
61 9 491 1259 1749 1741 181 1043 234 35 
61 9 491 1259 1749 1742 181 1043 234 35 
61 9 491 1259 1749 1743 181 1043 234 35 
61 9 491 1259 1749 1744 181 1043 234 35 
61 9 491 1259 1749 1745 181 1043 234 35 
61 9 491 1259 1749 1746 181 1043 234 35 
61 9 491 1259 1749 1747 181 1043 234 35 
61 9 491 1259 1749 1748 181 1043 234 35 
61 9 491 1259 1749 1749 181 1043 234 35 
