3 5 333 286 618 286 694 216 64 45 
3 5 333 286 618 287 694 216 64 45 
3 5 333 286 618 288 694 216 64 45 
3 5 333 286 618 289 694 216 64 45 
3 5 333 286 618 290 694 216 64 45 
3 5 333 286 618 291 694 216 64 45 
3 5 333 286 618 292 694 216 64 45 
3 5 333 286 618 293 694 216 64 45 
3 5 333 286 618 294 694 216 64 45 
3 5 333 286 618 295 694 216 64 45 
3 5 333 286 618 296 694 216 64 45 
3 5 333 286 618 297 694 216 64 45 
3 5 333 286 618 298 694 216 64 45 
3 5 333 286 618 299 694 216 64 45 
3 5 333 286 618 300 694 216 64 45 
3 5 333 286 618 301 694 216 64 45 
3 5 333 286 618 302 694 216 64 45 
3 5 333 286 618 303 694 216 64 45 
3 5 333 286 618 304 694 216 64 45 
3 5 333 286 618 305 694 216 64 45 
3 5 333 286 618 306 694 216 64 45 
3 5 333 286 618 307 694 216 64 45 
3 5 333 286 618 308 694 216 64 45 
3 5 333 286 618 309 694 216 64 45 
3 5 333 286 618 310 694 216 64 45 
3 5 333 286 618 311 694 216 64 45 
3 5 333 286 618 312 694 216 64 45 
3 5 333 286 618 313 694 216 64 45 
3 5 333 286 618 314 694 216 64 45 
3 5 333 286 618 315 694 216 64 45 
3 5 333 286 618 316 694 216 64 45 
3 5 333 286 618 317 694 216 64 45 
3 5 333 286 618 318 694 216 64 45 
3 5 333 286 618 319 694 216 64 45 
3 5 333 286 618 320 694 216 64 45 
3 5 333 286 618 321 694 216 64 45 
3 5 333 286 618 322 694 216 64 45 
3 5 333 286 618 323 694 216 64 45 
3 5 333 286 618 324 694 216 64 45 
3 5 333 286 618 325 694 216 64 45 
3 5 333 286 618 326 694 216 64 45 
3 5 333 286 618 327 694 216 64 45 
3 5 333 286 618 328 694 216 64 45 
3 5 333 286 618 329 694 216 64 45 
3 5 333 286 618 330 694 216 64 45 
3 5 333 286 618 331 694 216 64 45 
3 5 333 286 618 332 694 216 64 45 
3 5 333 286 618 333 694 216 64 45 
3 5 333 286 618 334 694 216 64 45 
3 5 333 286 618 335 694 216 64 45 
3 5 333 286 618 336 694 216 64 45 
3 5 333 286 618 337 694 216 64 45 
3 5 333 286 618 338 694 216 64 45 
3 5 333 286 618 339 694 216 64 45 
3 5 333 286 618 340 694 216 64 45 
3 5 333 286 618 341 694 216 64 45 
3 5 333 286 618 342 694 216 64 45 
3 5 333 286 618 343 694 216 64 45 
3 5 333 286 618 344 694 216 64 45 
3 5 333 286 618 345 694 216 64 45 
3 5 333 286 618 346 694 216 64 45 
3 5 333 286 618 347 694 216 64 45 
3 5 333 286 618 348 694 216 64 45 
3 5 333 286 618 349 694 216 64 45 
3 5 333 286 618 350 694 216 64 45 
3 5 333 286 618 351 694 216 64 45 
3 5 333 286 618 352 694 216 64 45 
3 5 333 286 618 353 694 216 64 45 
3 5 333 286 618 354 694 216 64 45 
3 5 333 286 618 355 694 216 64 45 
3 5 333 286 618 356 694 216 64 45 
3 5 333 286 618 357 694 216 64 45 
3 5 333 286 618 358 694 216 64 45 
3 5 333 286 618 359 694 216 64 45 
3 5 333 286 618 360 694 216 64 45 
3 5 333 286 618 361 694 216 64 45 
3 5 333 286 618 362 694 216 64 45 
3 5 333 286 618 363 694 216 64 45 
3 5 333 286 618 364 694 216 64 45 
3 5 333 286 618 365 694 216 64 45 
3 5 333 286 618 366 694 216 64 45 
3 5 333 286 618 367 694 216 64 45 
3 5 333 286 618 368 694 216 64 45 
3 5 333 286 618 369 694 216 64 45 
3 5 333 286 618 370 694 216 64 45 
3 5 333 286 618 371 694 216 64 45 
3 5 333 286 618 372 694 216 64 45 
3 5 333 286 618 373 694 216 64 45 
3 5 333 286 618 374 694 216 64 45 
3 5 333 286 618 375 694 216 64 45 
3 5 333 286 618 376 694 216 64 45 
3 5 333 286 618 377 694 216 64 45 
3 5 333 286 618 378 694 216 64 45 
3 5 333 286 618 379 694 216 64 45 
3 5 333 286 618 380 694 216 64 45 
3 5 333 286 618 381 694 216 64 45 
3 5 333 286 618 382 694 216 64 45 
3 5 333 286 618 383 694 216 64 45 
3 5 333 286 618 384 694 216 64 45 
3 5 333 286 618 385 694 216 64 45 
3 5 333 286 618 386 694 216 64 45 
3 5 333 286 618 387 694 216 64 45 
3 5 333 286 618 388 694 216 64 45 
3 5 333 286 618 389 694 216 64 45 
3 5 333 286 618 390 694 216 64 45 
3 5 333 286 618 391 694 216 64 45 
3 5 333 286 618 392 694 216 64 45 
3 5 333 286 618 393 694 216 64 45 
3 5 333 286 618 394 694 216 64 45 
3 5 333 286 618 395 694 216 64 45 
3 5 333 286 618 396 694 216 64 45 
3 5 333 286 618 397 694 216 64 45 
3 5 333 286 618 398 694 216 64 45 
3 5 333 286 618 399 694 216 64 45 
3 5 333 286 618 400 694 216 64 45 
3 5 333 286 618 401 694 216 64 45 
3 5 333 286 618 402 694 216 64 45 
3 5 333 286 618 403 694 216 64 45 
3 5 333 286 618 404 694 216 64 45 
3 5 333 286 618 405 694 216 64 45 
3 5 333 286 618 406 694 216 64 45 
3 5 333 286 618 407 694 216 64 45 
3 5 333 286 618 408 694 216 64 45 
3 5 333 286 618 409 694 216 64 45 
3 5 333 286 618 410 694 216 64 45 
3 5 333 286 618 411 694 216 64 45 
3 5 333 286 618 412 694 216 64 45 
3 5 333 286 618 413 694 216 64 45 
3 5 333 286 618 414 694 216 64 45 
3 5 333 286 618 415 694 216 64 45 
3 5 333 286 618 416 694 216 64 45 
3 5 333 286 618 417 694 216 64 45 
3 5 333 286 618 418 694 216 64 45 
3 5 333 286 618 419 694 216 64 45 
3 5 333 286 618 420 694 216 64 45 
3 5 333 286 618 421 694 216 64 45 
3 5 333 286 618 422 694 216 64 45 
3 5 333 286 618 423 694 216 64 45 
3 5 333 286 618 424 694 216 64 45 
3 5 333 286 618 425 694 216 64 45 
3 5 333 286 618 426 694 216 64 45 
3 5 333 286 618 427 694 216 64 45 
3 5 333 286 618 428 694 216 64 45 
3 5 333 286 618 429 694 216 64 45 
3 5 333 286 618 430 694 216 64 45 
3 5 333 286 618 431 694 216 64 45 
3 5 333 286 618 432 694 216 64 45 
3 5 333 286 618 433 694 216 64 45 
3 5 333 286 618 434 694 216 64 45 
3 5 333 286 618 435 694 216 64 45 
3 5 333 286 618 436 694 216 64 45 
3 5 333 286 618 437 694 216 64 45 
3 5 333 286 618 438 694 216 64 45 
3 5 333 286 618 439 694 216 64 45 
3 5 333 286 618 440 694 216 64 45 
3 5 333 286 618 441 694 216 64 45 
3 5 333 286 618 442 694 216 64 45 
3 5 333 286 618 443 694 216 64 45 
3 5 333 286 618 444 694 216 64 45 
3 5 333 286 618 445 694 216 64 45 
3 5 333 286 618 446 694 216 64 45 
3 5 333 286 618 447 694 216 64 45 
3 5 333 286 618 448 694 216 64 45 
3 5 333 286 618 449 694 216 64 45 
3 5 333 286 618 450 694 216 64 45 
3 5 333 286 618 451 694 216 64 45 
3 5 333 286 618 452 694 216 64 45 
3 5 333 286 618 453 694 216 64 45 
3 5 333 286 618 454 694 216 64 45 
3 5 333 286 618 455 694 216 64 45 
3 5 333 286 618 456 694 216 64 45 
3 5 333 286 618 457 694 216 64 45 
3 5 333 286 618 458 694 216 64 45 
3 5 333 286 618 459 694 216 64 45 
3 5 333 286 618 460 694 216 64 45 
3 5 333 286 618 461 694 216 64 45 
3 5 333 286 618 462 694 216 64 45 
3 5 333 286 618 463 694 216 64 45 
3 5 333 286 618 464 694 216 64 45 
3 5 333 286 618 465 694 216 64 45 
3 5 333 286 618 466 694 216 64 45 
3 5 333 286 618 467 694 216 64 45 
3 5 333 286 618 468 694 216 64 45 
3 5 333 286 618 469 694 216 64 45 
3 5 333 286 618 470 694 216 64 45 
3 5 333 286 618 471 694 216 64 45 
3 5 333 286 618 472 694 216 64 45 
3 5 333 286 618 473 694 216 64 45 
3 5 333 286 618 474 694 216 64 45 
3 5 333 286 618 475 694 216 64 45 
3 5 333 286 618 476 694 216 64 45 
3 5 333 286 618 477 694 216 64 45 
3 5 333 286 618 478 694 216 64 45 
3 5 333 286 618 479 694 216 64 45 
3 5 333 286 618 480 694 216 64 45 
3 5 333 286 618 481 694 216 64 45 
3 5 333 286 618 482 694 216 64 45 
3 5 333 286 618 483 694 216 64 45 
3 5 333 286 618 484 694 216 64 45 
3 5 333 286 618 485 694 216 64 45 
3 5 333 286 618 486 694 216 64 45 
3 5 333 286 618 487 694 216 64 45 
3 5 333 286 618 488 694 216 64 45 
3 5 333 286 618 489 694 216 64 45 
3 5 333 286 618 490 694 216 64 45 
3 5 333 286 618 491 694 216 64 45 
3 5 333 286 618 492 694 216 64 45 
3 5 333 286 618 493 694 216 64 45 
3 5 333 286 618 494 694 216 64 45 
3 5 333 286 618 495 694 216 64 45 
3 5 333 286 618 496 694 216 64 45 
3 5 333 286 618 497 694 216 64 45 
3 5 333 286 618 498 694 216 64 45 
3 5 333 286 618 499 694 216 64 45 
3 5 333 286 618 500 694 216 64 45 
3 5 333 286 618 501 694 216 64 45 
3 5 333 286 618 502 694 216 64 45 
3 5 333 286 618 503 694 216 64 45 
3 5 333 286 618 504 694 216 64 45 
3 5 333 286 618 505 694 216 64 45 
3 5 333 286 618 506 694 216 64 45 
3 5 333 286 618 507 694 216 64 45 
3 5 333 286 618 508 694 216 64 45 
3 5 333 286 618 509 694 216 64 45 
3 5 333 286 618 510 694 216 64 45 
3 5 333 286 618 511 694 216 64 45 
3 5 333 286 618 512 694 216 64 45 
3 5 333 286 618 513 694 216 64 45 
3 5 333 286 618 514 694 216 64 45 
3 5 333 286 618 515 694 216 64 45 
3 5 333 286 618 516 694 216 64 45 
3 5 333 286 618 517 694 216 64 45 
3 5 333 286 618 518 694 216 64 45 
3 5 333 286 618 519 694 216 64 45 
3 5 333 286 618 520 694 216 64 45 
3 5 333 286 618 521 694 216 64 45 
3 5 333 286 618 522 694 216 64 45 
3 5 333 286 618 523 694 216 64 45 
3 5 333 286 618 524 694 216 64 45 
3 5 333 286 618 525 694 216 64 45 
3 5 333 286 618 526 694 216 64 45 
3 5 333 286 618 527 694 216 64 45 
3 5 333 286 618 528 694 216 64 45 
3 5 333 286 618 529 694 216 64 45 
3 5 333 286 618 530 694 216 64 45 
3 5 333 286 618 531 694 216 64 45 
3 5 333 286 618 532 694 216 64 45 
3 5 333 286 618 533 694 216 64 45 
3 5 333 286 618 534 694 216 64 45 
3 5 333 286 618 535 694 216 64 45 
3 5 333 286 618 536 694 216 64 45 
3 5 333 286 618 537 694 216 64 45 
3 5 333 286 618 538 694 216 64 45 
3 5 333 286 618 539 694 216 64 45 
3 5 333 286 618 540 694 216 64 45 
3 5 333 286 618 541 694 216 64 45 
3 5 333 286 618 542 694 216 64 45 
3 5 333 286 618 543 694 216 64 45 
3 5 333 286 618 544 694 216 64 45 
3 5 333 286 618 545 694 216 64 45 
3 5 333 286 618 546 694 216 64 45 
3 5 333 286 618 547 694 216 64 45 
3 5 333 286 618 548 694 216 64 45 
3 5 333 286 618 549 694 216 64 45 
3 5 333 286 618 550 694 216 64 45 
3 5 333 286 618 551 694 216 64 45 
3 5 333 286 618 552 694 216 64 45 
3 5 333 286 618 553 694 216 64 45 
3 5 333 286 618 554 694 216 64 45 
3 5 333 286 618 555 694 216 64 45 
3 5 333 286 618 556 694 216 64 45 
3 5 333 286 618 557 694 216 64 45 
3 5 333 286 618 558 694 216 64 45 
3 5 333 286 618 559 694 216 64 45 
3 5 333 286 618 560 694 216 64 45 
3 5 333 286 618 561 694 216 64 45 
3 5 333 286 618 562 694 216 64 45 
3 5 333 286 618 563 694 216 64 45 
3 5 333 286 618 564 694 216 64 45 
3 5 333 286 618 565 694 216 64 45 
3 5 333 286 618 566 694 216 64 45 
3 5 333 286 618 567 694 216 64 45 
3 5 333 286 618 568 694 216 64 45 
3 5 333 286 618 569 694 216 64 45 
3 5 333 286 618 570 694 216 64 45 
3 5 333 286 618 571 694 216 64 45 
3 5 333 286 618 572 694 216 64 45 
3 5 333 286 618 573 694 216 64 45 
3 5 333 286 618 574 694 216 64 45 
3 5 333 286 618 575 694 216 64 45 
3 5 333 286 618 576 694 216 64 45 
3 5 333 286 618 577 694 216 64 45 
3 5 333 286 618 578 694 216 64 45 
3 5 333 286 618 579 694 216 64 45 
3 5 333 286 618 580 694 216 64 45 
3 5 333 286 618 581 694 216 64 45 
3 5 333 286 618 582 694 216 64 45 
3 5 333 286 618 583 694 216 64 45 
3 5 333 286 618 584 694 216 64 45 
3 5 333 286 618 585 694 216 64 45 
3 5 333 286 618 586 694 216 64 45 
3 5 333 286 618 587 694 216 64 45 
3 5 333 286 618 588 694 216 64 45 
3 5 333 286 618 589 694 216 64 45 
3 5 333 286 618 590 694 216 64 45 
3 5 333 286 618 591 694 216 64 45 
3 5 333 286 618 592 694 216 64 45 
3 5 333 286 618 593 694 216 64 45 
3 5 333 286 618 594 694 216 64 45 
3 5 333 286 618 595 694 216 64 45 
3 5 333 286 618 596 694 216 64 45 
3 5 333 286 618 597 694 216 64 45 
3 5 333 286 618 598 694 216 64 45 
3 5 333 286 618 599 694 216 64 45 
3 5 333 286 618 600 694 216 64 45 
3 5 333 286 618 601 694 216 64 45 
3 5 333 286 618 602 694 216 64 45 
3 5 333 286 618 603 694 216 64 45 
3 5 333 286 618 604 694 216 64 45 
3 5 333 286 618 605 694 216 64 45 
3 5 333 286 618 606 694 216 64 45 
3 5 333 286 618 607 694 216 64 45 
3 5 333 286 618 608 694 216 64 45 
3 5 333 286 618 609 694 216 64 45 
3 5 333 286 618 610 694 216 64 45 
3 5 333 286 618 611 694 216 64 45 
3 5 333 286 618 612 694 216 64 45 
3 5 333 286 618 613 694 216 64 45 
3 5 333 286 618 614 694 216 64 45 
3 5 333 286 618 615 694 216 64 45 
3 5 333 286 618 616 694 216 64 45 
3 5 333 286 618 617 694 216 64 45 
3 5 333 286 618 618 694 216 64 45 
4 5 319 300 618 300 694 216 64 45 
4 5 319 300 618 301 694 216 64 45 
4 5 319 300 618 302 694 216 64 45 
4 5 319 300 618 303 694 216 64 45 
4 5 319 300 618 304 694 216 64 45 
4 5 319 300 618 305 694 216 64 45 
4 5 319 300 618 306 694 216 64 45 
4 5 319 300 618 307 694 216 64 45 
4 5 319 300 618 308 694 216 64 45 
4 5 319 300 618 309 694 216 64 45 
4 5 319 300 618 310 694 216 64 45 
4 5 319 300 618 311 694 216 64 45 
4 5 319 300 618 312 694 216 64 45 
4 5 319 300 618 313 694 216 64 45 
4 5 319 300 618 314 694 216 64 45 
4 5 319 300 618 315 694 216 64 45 
4 5 319 300 618 316 694 216 64 45 
4 5 319 300 618 317 694 216 64 45 
4 5 319 300 618 318 694 216 64 45 
4 5 319 300 618 319 694 216 64 45 
4 5 319 300 618 320 694 216 64 45 
4 5 319 300 618 321 694 216 64 45 
4 5 319 300 618 322 694 216 64 45 
4 5 319 300 618 323 694 216 64 45 
4 5 319 300 618 324 694 216 64 45 
4 5 319 300 618 325 694 216 64 45 
4 5 319 300 618 326 694 216 64 45 
4 5 319 300 618 327 694 216 64 45 
4 5 319 300 618 328 694 216 64 45 
4 5 319 300 618 329 694 216 64 45 
4 5 319 300 618 330 694 216 64 45 
4 5 319 300 618 331 694 216 64 45 
4 5 319 300 618 332 694 216 64 45 
4 5 319 300 618 333 694 216 64 45 
4 5 319 300 618 334 694 216 64 45 
4 5 319 300 618 335 694 216 64 45 
4 5 319 300 618 336 694 216 64 45 
4 5 319 300 618 337 694 216 64 45 
4 5 319 300 618 338 694 216 64 45 
4 5 319 300 618 339 694 216 64 45 
4 5 319 300 618 340 694 216 64 45 
4 5 319 300 618 341 694 216 64 45 
4 5 319 300 618 342 694 216 64 45 
4 5 319 300 618 343 694 216 64 45 
4 5 319 300 618 344 694 216 64 45 
4 5 319 300 618 345 694 216 64 45 
4 5 319 300 618 346 694 216 64 45 
4 5 319 300 618 347 694 216 64 45 
4 5 319 300 618 348 694 216 64 45 
4 5 319 300 618 349 694 216 64 45 
4 5 319 300 618 350 694 216 64 45 
4 5 319 300 618 351 694 216 64 45 
4 5 319 300 618 352 694 216 64 45 
4 5 319 300 618 353 694 216 64 45 
4 5 319 300 618 354 694 216 64 45 
4 5 319 300 618 355 694 216 64 45 
4 5 319 300 618 356 694 216 64 45 
4 5 319 300 618 357 694 216 64 45 
4 5 319 300 618 358 694 216 64 45 
4 5 319 300 618 359 694 216 64 45 
4 5 319 300 618 360 694 216 64 45 
4 5 319 300 618 361 694 216 64 45 
4 5 319 300 618 362 694 216 64 45 
4 5 319 300 618 363 694 216 64 45 
4 5 319 300 618 364 694 216 64 45 
4 5 319 300 618 365 694 216 64 45 
4 5 319 300 618 366 694 216 64 45 
4 5 319 300 618 367 694 216 64 45 
4 5 319 300 618 368 694 216 64 45 
4 5 319 300 618 369 694 216 64 45 
4 5 319 300 618 370 694 216 64 45 
4 5 319 300 618 371 694 216 64 45 
4 5 319 300 618 372 694 216 64 45 
4 5 319 300 618 373 694 216 64 45 
4 5 319 300 618 374 694 216 64 45 
4 5 319 300 618 375 694 216 64 45 
4 5 319 300 618 376 694 216 64 45 
4 5 319 300 618 377 694 216 64 45 
4 5 319 300 618 378 694 216 64 45 
4 5 319 300 618 379 694 216 64 45 
4 5 319 300 618 380 694 216 64 45 
4 5 319 300 618 381 694 216 64 45 
4 5 319 300 618 382 694 216 64 45 
4 5 319 300 618 383 694 216 64 45 
4 5 319 300 618 384 694 216 64 45 
4 5 319 300 618 385 694 216 64 45 
4 5 319 300 618 386 694 216 64 45 
4 5 319 300 618 387 694 216 64 45 
4 5 319 300 618 388 694 216 64 45 
4 5 319 300 618 389 694 216 64 45 
4 5 319 300 618 390 694 216 64 45 
4 5 319 300 618 391 694 216 64 45 
4 5 319 300 618 392 694 216 64 45 
4 5 319 300 618 393 694 216 64 45 
4 5 319 300 618 394 694 216 64 45 
4 5 319 300 618 395 694 216 64 45 
4 5 319 300 618 396 694 216 64 45 
4 5 319 300 618 397 694 216 64 45 
4 5 319 300 618 398 694 216 64 45 
4 5 319 300 618 399 694 216 64 45 
4 5 319 300 618 400 694 216 64 45 
4 5 319 300 618 401 694 216 64 45 
4 5 319 300 618 402 694 216 64 45 
4 5 319 300 618 403 694 216 64 45 
4 5 319 300 618 404 694 216 64 45 
4 5 319 300 618 405 694 216 64 45 
4 5 319 300 618 406 694 216 64 45 
4 5 319 300 618 407 694 216 64 45 
4 5 319 300 618 408 694 216 64 45 
4 5 319 300 618 409 694 216 64 45 
4 5 319 300 618 410 694 216 64 45 
4 5 319 300 618 411 694 216 64 45 
4 5 319 300 618 412 694 216 64 45 
4 5 319 300 618 413 694 216 64 45 
4 5 319 300 618 414 694 216 64 45 
4 5 319 300 618 415 694 216 64 45 
4 5 319 300 618 416 694 216 64 45 
4 5 319 300 618 417 694 216 64 45 
4 5 319 300 618 418 694 216 64 45 
4 5 319 300 618 419 694 216 64 45 
4 5 319 300 618 420 694 216 64 45 
4 5 319 300 618 421 694 216 64 45 
4 5 319 300 618 422 694 216 64 45 
4 5 319 300 618 423 694 216 64 45 
4 5 319 300 618 424 694 216 64 45 
4 5 319 300 618 425 694 216 64 45 
4 5 319 300 618 426 694 216 64 45 
4 5 319 300 618 427 694 216 64 45 
4 5 319 300 618 428 694 216 64 45 
4 5 319 300 618 429 694 216 64 45 
4 5 319 300 618 430 694 216 64 45 
4 5 319 300 618 431 694 216 64 45 
4 5 319 300 618 432 694 216 64 45 
4 5 319 300 618 433 694 216 64 45 
4 5 319 300 618 434 694 216 64 45 
4 5 319 300 618 435 694 216 64 45 
4 5 319 300 618 436 694 216 64 45 
4 5 319 300 618 437 694 216 64 45 
4 5 319 300 618 438 694 216 64 45 
4 5 319 300 618 439 694 216 64 45 
4 5 319 300 618 440 694 216 64 45 
4 5 319 300 618 441 694 216 64 45 
4 5 319 300 618 442 694 216 64 45 
4 5 319 300 618 443 694 216 64 45 
4 5 319 300 618 444 694 216 64 45 
4 5 319 300 618 445 694 216 64 45 
4 5 319 300 618 446 694 216 64 45 
4 5 319 300 618 447 694 216 64 45 
4 5 319 300 618 448 694 216 64 45 
4 5 319 300 618 449 694 216 64 45 
4 5 319 300 618 450 694 216 64 45 
4 5 319 300 618 451 694 216 64 45 
4 5 319 300 618 452 694 216 64 45 
4 5 319 300 618 453 694 216 64 45 
4 5 319 300 618 454 694 216 64 45 
4 5 319 300 618 455 694 216 64 45 
4 5 319 300 618 456 694 216 64 45 
4 5 319 300 618 457 694 216 64 45 
4 5 319 300 618 458 694 216 64 45 
4 5 319 300 618 459 694 216 64 45 
4 5 319 300 618 460 694 216 64 45 
4 5 319 300 618 461 694 216 64 45 
4 5 319 300 618 462 694 216 64 45 
4 5 319 300 618 463 694 216 64 45 
4 5 319 300 618 464 694 216 64 45 
4 5 319 300 618 465 694 216 64 45 
4 5 319 300 618 466 694 216 64 45 
4 5 319 300 618 467 694 216 64 45 
4 5 319 300 618 468 694 216 64 45 
4 5 319 300 618 469 694 216 64 45 
4 5 319 300 618 470 694 216 64 45 
4 5 319 300 618 471 694 216 64 45 
4 5 319 300 618 472 694 216 64 45 
4 5 319 300 618 473 694 216 64 45 
4 5 319 300 618 474 694 216 64 45 
4 5 319 300 618 475 694 216 64 45 
4 5 319 300 618 476 694 216 64 45 
4 5 319 300 618 477 694 216 64 45 
4 5 319 300 618 478 694 216 64 45 
4 5 319 300 618 479 694 216 64 45 
4 5 319 300 618 480 694 216 64 45 
4 5 319 300 618 481 694 216 64 45 
4 5 319 300 618 482 694 216 64 45 
4 5 319 300 618 483 694 216 64 45 
4 5 319 300 618 484 694 216 64 45 
4 5 319 300 618 485 694 216 64 45 
4 5 319 300 618 486 694 216 64 45 
4 5 319 300 618 487 694 216 64 45 
4 5 319 300 618 488 694 216 64 45 
4 5 319 300 618 489 694 216 64 45 
4 5 319 300 618 490 694 216 64 45 
4 5 319 300 618 491 694 216 64 45 
4 5 319 300 618 492 694 216 64 45 
4 5 319 300 618 493 694 216 64 45 
4 5 319 300 618 494 694 216 64 45 
4 5 319 300 618 495 694 216 64 45 
4 5 319 300 618 496 694 216 64 45 
4 5 319 300 618 497 694 216 64 45 
4 5 319 300 618 498 694 216 64 45 
4 5 319 300 618 499 694 216 64 45 
4 5 319 300 618 500 694 216 64 45 
4 5 319 300 618 501 694 216 64 45 
4 5 319 300 618 502 694 216 64 45 
4 5 319 300 618 503 694 216 64 45 
4 5 319 300 618 504 694 216 64 45 
4 5 319 300 618 505 694 216 64 45 
4 5 319 300 618 506 694 216 64 45 
4 5 319 300 618 507 694 216 64 45 
4 5 319 300 618 508 694 216 64 45 
4 5 319 300 618 509 694 216 64 45 
4 5 319 300 618 510 694 216 64 45 
4 5 319 300 618 511 694 216 64 45 
4 5 319 300 618 512 694 216 64 45 
4 5 319 300 618 513 694 216 64 45 
4 5 319 300 618 514 694 216 64 45 
4 5 319 300 618 515 694 216 64 45 
4 5 319 300 618 516 694 216 64 45 
4 5 319 300 618 517 694 216 64 45 
4 5 319 300 618 518 694 216 64 45 
4 5 319 300 618 519 694 216 64 45 
4 5 319 300 618 520 694 216 64 45 
4 5 319 300 618 521 694 216 64 45 
4 5 319 300 618 522 694 216 64 45 
4 5 319 300 618 523 694 216 64 45 
4 5 319 300 618 524 694 216 64 45 
4 5 319 300 618 525 694 216 64 45 
4 5 319 300 618 526 694 216 64 45 
4 5 319 300 618 527 694 216 64 45 
4 5 319 300 618 528 694 216 64 45 
4 5 319 300 618 529 694 216 64 45 
4 5 319 300 618 530 694 216 64 45 
4 5 319 300 618 531 694 216 64 45 
4 5 319 300 618 532 694 216 64 45 
4 5 319 300 618 533 694 216 64 45 
4 5 319 300 618 534 694 216 64 45 
4 5 319 300 618 535 694 216 64 45 
4 5 319 300 618 536 694 216 64 45 
4 5 319 300 618 537 694 216 64 45 
4 5 319 300 618 538 694 216 64 45 
4 5 319 300 618 539 694 216 64 45 
4 5 319 300 618 540 694 216 64 45 
4 5 319 300 618 541 694 216 64 45 
4 5 319 300 618 542 694 216 64 45 
4 5 319 300 618 543 694 216 64 45 
4 5 319 300 618 544 694 216 64 45 
4 5 319 300 618 545 694 216 64 45 
4 5 319 300 618 546 694 216 64 45 
4 5 319 300 618 547 694 216 64 45 
4 5 319 300 618 548 694 216 64 45 
4 5 319 300 618 549 694 216 64 45 
4 5 319 300 618 550 694 216 64 45 
4 5 319 300 618 551 694 216 64 45 
4 5 319 300 618 552 694 216 64 45 
4 5 319 300 618 553 694 216 64 45 
4 5 319 300 618 554 694 216 64 45 
4 5 319 300 618 555 694 216 64 45 
4 5 319 300 618 556 694 216 64 45 
4 5 319 300 618 557 694 216 64 45 
4 5 319 300 618 558 694 216 64 45 
4 5 319 300 618 559 694 216 64 45 
4 5 319 300 618 560 694 216 64 45 
4 5 319 300 618 561 694 216 64 45 
4 5 319 300 618 562 694 216 64 45 
4 5 319 300 618 563 694 216 64 45 
4 5 319 300 618 564 694 216 64 45 
4 5 319 300 618 565 694 216 64 45 
4 5 319 300 618 566 694 216 64 45 
4 5 319 300 618 567 694 216 64 45 
4 5 319 300 618 568 694 216 64 45 
4 5 319 300 618 569 694 216 64 45 
4 5 319 300 618 570 694 216 64 45 
4 5 319 300 618 571 694 216 64 45 
4 5 319 300 618 572 694 216 64 45 
4 5 319 300 618 573 694 216 64 45 
4 5 319 300 618 574 694 216 64 45 
4 5 319 300 618 575 694 216 64 45 
4 5 319 300 618 576 694 216 64 45 
4 5 319 300 618 577 694 216 64 45 
4 5 319 300 618 578 694 216 64 45 
4 5 319 300 618 579 694 216 64 45 
4 5 319 300 618 580 694 216 64 45 
4 5 319 300 618 581 694 216 64 45 
4 5 319 300 618 582 694 216 64 45 
4 5 319 300 618 583 694 216 64 45 
4 5 319 300 618 584 694 216 64 45 
4 5 319 300 618 585 694 216 64 45 
4 5 319 300 618 586 694 216 64 45 
4 5 319 300 618 587 694 216 64 45 
4 5 319 300 618 588 694 216 64 45 
4 5 319 300 618 589 694 216 64 45 
4 5 319 300 618 590 694 216 64 45 
4 5 319 300 618 591 694 216 64 45 
4 5 319 300 618 592 694 216 64 45 
4 5 319 300 618 593 694 216 64 45 
4 5 319 300 618 594 694 216 64 45 
4 5 319 300 618 595 694 216 64 45 
4 5 319 300 618 596 694 216 64 45 
4 5 319 300 618 597 694 216 64 45 
4 5 319 300 618 598 694 216 64 45 
4 5 319 300 618 599 694 216 64 45 
4 5 319 300 618 600 694 216 64 45 
4 5 319 300 618 601 694 216 64 45 
4 5 319 300 618 602 694 216 64 45 
4 5 319 300 618 603 694 216 64 45 
4 5 319 300 618 604 694 216 64 45 
4 5 319 300 618 605 694 216 64 45 
4 5 319 300 618 606 694 216 64 45 
4 5 319 300 618 607 694 216 64 45 
4 5 319 300 618 608 694 216 64 45 
4 5 319 300 618 609 694 216 64 45 
4 5 319 300 618 610 694 216 64 45 
4 5 319 300 618 611 694 216 64 45 
4 5 319 300 618 612 694 216 64 45 
4 5 319 300 618 613 694 216 64 45 
4 5 319 300 618 614 694 216 64 45 
4 5 319 300 618 615 694 216 64 45 
4 5 319 300 618 616 694 216 64 45 
4 5 319 300 618 617 694 216 64 45 
4 5 319 300 618 618 694 216 64 45 
5 3 73 347 419 347 0 214 67 57 
5 3 73 347 419 348 0 214 67 57 
5 3 73 347 419 349 0 214 67 57 
5 3 73 347 419 350 0 214 67 57 
5 3 73 347 419 351 0 214 67 57 
5 3 73 347 419 352 0 214 67 57 
5 3 73 347 419 353 0 214 67 57 
5 3 73 347 419 354 0 214 67 57 
5 3 73 347 419 355 0 214 67 57 
5 3 73 347 419 356 0 214 67 57 
5 3 73 347 419 357 0 214 67 57 
5 3 73 347 419 358 0 214 67 57 
5 3 73 347 419 359 0 214 67 57 
5 3 73 347 419 360 0 214 67 57 
5 3 73 347 419 361 0 214 67 57 
5 3 73 347 419 362 0 214 67 57 
5 3 73 347 419 363 0 214 67 57 
5 3 73 347 419 364 0 214 67 57 
5 3 73 347 419 365 0 214 67 57 
5 3 73 347 419 366 0 214 67 57 
5 3 73 347 419 367 0 214 67 57 
5 3 73 347 419 368 0 214 67 57 
5 3 73 347 419 369 0 214 67 57 
5 3 73 347 419 370 0 214 67 57 
5 3 73 347 419 371 0 214 67 57 
5 3 73 347 419 372 0 214 67 57 
5 3 73 347 419 373 0 214 67 57 
5 3 73 347 419 374 0 214 67 57 
5 3 73 347 419 375 0 214 67 57 
5 3 73 347 419 376 0 214 67 57 
5 3 73 347 419 377 0 214 67 57 
5 3 73 347 419 378 0 214 67 57 
5 3 73 347 419 379 0 214 67 57 
5 3 73 347 419 380 0 214 67 57 
5 3 73 347 419 381 0 214 67 57 
5 3 73 347 419 382 0 214 67 57 
5 3 73 347 419 383 0 214 67 57 
5 3 73 347 419 384 0 214 67 57 
5 3 73 347 419 385 0 214 67 57 
5 3 73 347 419 386 0 214 67 57 
5 3 73 347 419 387 0 214 67 57 
5 3 73 347 419 388 0 214 67 57 
5 3 73 347 419 389 0 214 67 57 
5 3 73 347 419 390 0 214 67 57 
5 3 73 347 419 391 0 214 67 57 
5 3 73 347 419 392 0 214 67 57 
5 3 73 347 419 393 0 214 67 57 
5 3 73 347 419 394 0 214 67 57 
5 3 73 347 419 395 0 214 67 57 
5 3 73 347 419 396 0 214 67 57 
5 3 73 347 419 397 0 214 67 57 
5 3 73 347 419 398 0 214 67 57 
5 3 73 347 419 399 0 214 67 57 
5 3 73 347 419 400 0 214 67 57 
5 3 73 347 419 401 0 214 67 57 
5 3 73 347 419 402 0 214 67 57 
5 3 73 347 419 403 0 214 67 57 
5 3 73 347 419 404 0 214 67 57 
5 3 73 347 419 405 0 214 67 57 
5 3 73 347 419 406 0 214 67 57 
5 3 73 347 419 407 0 214 67 57 
5 3 73 347 419 408 0 214 67 57 
5 3 73 347 419 409 0 214 67 57 
5 3 73 347 419 410 0 214 67 57 
5 3 73 347 419 411 0 214 67 57 
5 3 73 347 419 412 0 214 67 57 
5 3 73 347 419 413 0 214 67 57 
5 3 73 347 419 414 0 214 67 57 
5 3 73 347 419 415 0 214 67 57 
5 3 73 347 419 416 0 214 67 57 
5 3 73 347 419 417 0 214 67 57 
5 3 73 347 419 418 0 214 67 57 
5 3 73 347 419 419 0 214 67 57 
6 4 51 453 503 453 0 214 34 55 
6 4 51 453 503 454 0 214 34 55 
6 4 51 453 503 455 0 214 34 55 
6 4 51 453 503 456 0 214 34 55 
6 4 51 453 503 457 0 214 34 55 
6 4 51 453 503 458 0 214 34 55 
6 4 51 453 503 459 0 214 34 55 
6 4 51 453 503 460 0 214 34 55 
6 4 51 453 503 461 0 214 34 55 
6 4 51 453 503 462 0 214 34 55 
6 4 51 453 503 463 0 214 34 55 
6 4 51 453 503 464 0 214 34 55 
6 4 51 453 503 465 0 214 34 55 
6 4 51 453 503 466 0 214 34 55 
6 4 51 453 503 467 0 214 34 55 
6 4 51 453 503 468 0 214 34 55 
6 4 51 453 503 469 0 214 34 55 
6 4 51 453 503 470 0 214 34 55 
6 4 51 453 503 471 0 214 34 55 
6 4 51 453 503 472 0 214 34 55 
6 4 51 453 503 473 0 214 34 55 
6 4 51 453 503 474 0 214 34 55 
6 4 51 453 503 475 0 214 34 55 
6 4 51 453 503 476 0 214 34 55 
6 4 51 453 503 477 0 214 34 55 
6 4 51 453 503 478 0 214 34 55 
6 4 51 453 503 479 0 214 34 55 
6 4 51 453 503 480 0 214 34 55 
6 4 51 453 503 481 0 214 34 55 
6 4 51 453 503 482 0 214 34 55 
6 4 51 453 503 483 0 214 34 55 
6 4 51 453 503 484 0 214 34 55 
6 4 51 453 503 485 0 214 34 55 
6 4 51 453 503 486 0 214 34 55 
6 4 51 453 503 487 0 214 34 55 
6 4 51 453 503 488 0 214 34 55 
6 4 51 453 503 489 0 214 34 55 
6 4 51 453 503 490 0 214 34 55 
6 4 51 453 503 491 0 214 34 55 
6 4 51 453 503 492 0 214 34 55 
6 4 51 453 503 493 0 214 34 55 
6 4 51 453 503 494 0 214 34 55 
6 4 51 453 503 495 0 214 34 55 
6 4 51 453 503 496 0 214 34 55 
6 4 51 453 503 497 0 214 34 55 
6 4 51 453 503 498 0 214 34 55 
6 4 51 453 503 499 0 214 34 55 
6 4 51 453 503 500 0 214 34 55 
6 4 51 453 503 501 0 214 34 55 
6 4 51 453 503 502 0 214 34 55 
6 4 51 453 503 503 0 214 34 55 
