12 9 369 0 368 0 682 396 64 96 
12 9 369 0 368 1 682 396 64 96 
12 9 369 0 368 2 682 396 64 96 
12 9 369 0 368 3 682 396 64 96 
12 9 369 0 368 4 682 396 64 96 
12 9 369 0 368 5 682 398 64 96 
12 9 369 0 368 6 682 398 64 96 
12 9 369 0 368 7 682 398 64 96 
12 9 369 0 368 8 682 398 64 96 
12 9 369 0 368 9 682 398 64 96 
12 9 369 0 368 10 682 400 64 96 
12 9 369 0 368 11 682 400 64 96 
12 9 369 0 368 12 682 400 64 96 
12 9 369 0 368 13 682 400 64 96 
12 9 369 0 368 14 682 400 64 96 
12 9 369 0 368 15 682 401 64 96 
12 9 369 0 368 16 682 401 64 96 
12 9 369 0 368 17 682 401 64 96 
12 9 369 0 368 18 682 401 64 96 
12 9 369 0 368 19 682 401 64 96 
12 9 369 0 368 20 684 403 64 96 
12 9 369 0 368 21 682 403 64 96 
12 9 369 0 368 22 682 403 64 96 
12 9 369 0 368 23 682 403 64 96 
12 9 369 0 368 24 682 405 64 96 
12 9 369 0 368 25 682 405 64 96 
12 9 369 0 368 26 682 405 64 96 
12 9 369 0 368 27 682 407 64 96 
12 9 369 0 368 28 682 407 64 96 
12 9 369 0 368 29 682 407 64 96 
12 9 369 0 368 30 682 408 64 96 
12 9 369 0 368 31 680 408 64 96 
12 9 369 0 368 32 680 408 64 96 
12 9 369 0 368 33 680 408 64 96 
12 9 369 0 368 34 680 408 64 96 
12 9 369 0 368 35 680 408 64 96 
12 9 369 0 368 36 679 408 64 96 
12 9 369 0 368 37 679 408 64 96 
12 9 369 0 368 38 679 408 64 96 
12 9 369 0 368 39 679 408 64 96 
12 9 369 0 368 40 679 408 64 96 
12 9 369 0 368 41 677 408 64 96 
12 9 369 0 368 42 677 410 64 96 
12 9 369 0 368 43 677 410 64 96 
12 9 369 0 368 44 677 412 64 96 
12 9 369 0 368 45 677 412 64 96 
12 9 369 0 368 46 677 414 64 96 
12 9 369 0 368 47 677 414 64 96 
12 9 369 0 368 48 677 416 64 96 
12 9 369 0 368 49 677 416 64 96 
12 9 369 0 368 50 677 417 64 96 
12 9 369 0 368 51 675 417 64 96 
12 9 369 0 368 52 675 417 64 96 
12 9 369 0 368 53 675 417 64 96 
12 9 369 0 368 54 675 419 64 96 
12 9 369 0 368 55 675 419 64 96 
12 9 369 0 368 56 673 419 64 96 
12 9 369 0 368 57 673 421 64 96 
12 9 369 0 368 58 673 421 64 96 
12 9 369 0 368 59 673 421 64 96 
12 9 369 0 368 60 673 423 64 96 
12 9 369 0 368 61 672 423 64 96 
12 9 369 0 368 62 672 423 64 96 
12 9 369 0 368 63 672 423 64 96 
12 9 369 0 368 64 672 423 64 96 
12 9 369 0 368 65 672 424 64 96 
12 9 369 0 368 66 670 424 64 96 
12 9 369 0 368 67 670 424 64 96 
12 9 369 0 368 68 670 424 64 96 
12 9 369 0 368 69 670 424 64 96 
12 9 369 0 368 70 670 426 64 96 
12 9 369 0 368 71 668 426 64 96 
12 9 369 0 368 72 668 426 64 96 
12 9 369 0 368 73 665 426 68 96 
12 9 369 0 368 74 666 428 64 96 
12 9 369 0 368 75 666 428 64 96 
12 9 369 0 368 76 663 428 68 96 
12 9 369 0 368 77 664 430 64 96 
12 9 369 0 368 78 662 430 66 96 
12 9 369 0 368 79 662 430 66 96 
12 9 369 0 368 80 662 432 66 96 
12 9 369 0 368 81 660 432 68 96 
12 9 369 0 368 82 660 432 68 96 
12 9 369 0 368 83 658 432 68 96 
12 9 369 0 368 84 658 432 68 96 
12 9 369 0 368 85 656 432 68 96 
12 9 369 0 368 86 656 432 68 96 
12 9 369 0 368 87 655 432 66 96 
12 9 369 0 368 88 655 432 66 96 
12 9 369 0 368 89 653 432 68 96 
12 9 369 0 368 90 653 433 68 96 
12 9 369 0 368 91 651 433 68 96 
12 9 369 0 368 92 648 433 72 96 
12 9 369 0 368 93 649 433 68 96 
12 9 369 0 368 94 646 433 72 96 
12 9 369 0 368 95 646 435 72 96 
12 9 369 0 368 96 645 435 70 96 
12 9 369 0 368 97 642 435 74 96 
12 9 369 0 368 98 643 435 70 96 
12 9 369 0 368 99 640 435 74 96 
12 9 369 0 368 100 640 437 74 96 
12 9 369 0 368 101 638 437 76 96 
12 9 369 0 368 102 638 437 76 96 
12 9 369 0 368 103 637 437 74 96 
12 9 369 0 368 104 637 437 74 96 
12 9 369 0 368 105 637 437 74 96 
12 9 369 0 368 106 635 437 74 96 
12 9 369 0 368 107 635 437 74 96 
12 9 369 0 368 108 633 437 74 96 
12 9 369 0 368 109 633 437 74 96 
12 9 369 0 368 110 633 437 74 96 
12 9 369 0 368 111 631 437 76 96 
12 9 369 0 368 112 628 436 80 99 
12 9 369 0 368 113 627 436 78 99 
12 9 369 0 368 114 624 438 82 97 
12 9 369 0 368 115 625 438 78 100 
12 9 369 0 368 116 622 438 82 100 
12 9 369 0 368 117 620 439 82 102 
12 9 369 0 368 118 619 439 84 102 
12 9 369 0 368 119 617 438 84 105 
12 9 369 0 368 120 617 440 84 105 
12 9 369 0 368 121 614 440 86 105 
12 9 369 0 368 122 611 440 90 105 
12 9 369 0 368 123 609 440 90 105 
12 9 369 0 368 124 608 440 92 105 
12 9 369 0 368 125 606 440 92 105 
12 9 369 0 368 126 603 440 96 105 
12 9 369 0 368 127 601 440 96 105 
12 9 369 0 368 128 599 440 98 105 
12 9 369 0 368 129 597 440 100 105 
12 9 369 0 368 130 597 442 100 103 
12 9 369 0 368 131 595 442 100 103 
12 9 369 0 368 132 593 442 100 103 
12 9 369 0 368 133 593 442 100 103 
12 9 369 0 368 134 591 444 100 103 
12 9 369 0 368 135 591 444 100 103 
12 9 369 0 368 136 590 444 98 103 
12 9 369 0 368 137 588 446 100 103 
12 9 369 0 368 138 588 446 100 103 
12 9 369 0 368 139 586 446 100 103 
12 9 369 0 368 140 586 447 100 105 
12 9 369 0 368 141 584 447 100 105 
12 9 369 0 368 142 583 447 98 105 
12 9 369 0 368 143 581 447 100 105 
12 9 369 0 368 144 579 447 100 105 
12 9 369 0 368 145 579 449 100 103 
12 9 369 0 368 146 577 449 100 103 
12 9 369 0 368 147 575 449 100 103 
12 9 369 0 368 148 574 449 98 103 
12 9 369 0 368 149 572 449 100 103 
12 9 369 0 368 150 572 451 100 103 
12 9 369 0 368 151 570 451 100 103 
12 9 369 0 368 152 568 451 100 103 
12 9 369 0 368 153 568 451 100 103 
12 9 369 0 368 154 567 451 98 103 
12 9 369 0 368 155 567 451 98 103 
12 9 369 0 368 156 565 451 100 103 
12 9 369 0 368 157 563 451 100 103 
12 9 369 0 368 158 563 451 100 103 
12 9 369 0 368 159 561 451 100 103 
12 9 369 0 368 160 561 451 100 103 
12 9 369 0 368 161 559 451 100 103 
12 9 369 0 368 162 557 451 102 103 
12 9 369 0 368 163 555 451 102 103 
12 9 369 0 368 164 552 451 106 103 
12 9 369 0 368 165 553 453 104 103 
12 9 369 0 368 166 550 453 108 103 
12 9 369 0 368 167 549 453 106 103 
12 9 369 0 368 168 546 453 110 103 
12 9 369 0 368 169 544 453 110 103 
12 9 369 0 368 170 544 454 110 105 
12 9 369 0 368 171 542 454 110 105 
12 9 369 0 368 172 540 454 112 105 
12 9 369 0 368 173 539 454 110 105 
12 9 369 0 368 174 537 454 110 105 
12 9 369 0 368 175 535 454 110 105 
12 9 369 0 368 176 533 454 110 105 
12 9 369 0 368 177 532 454 110 105 
12 9 369 0 368 178 530 454 110 105 
12 9 369 0 368 179 528 454 110 105 
12 9 369 0 368 180 526 456 110 105 
12 9 369 0 368 181 524 456 112 105 
12 9 369 0 368 182 523 456 110 105 
12 9 369 0 368 183 523 456 110 105 
12 9 369 0 368 184 521 456 110 105 
12 9 369 0 368 185 521 456 110 105 
12 9 369 0 368 186 519 456 110 105 
12 9 369 0 368 187 517 456 110 105 
12 9 369 0 368 188 517 456 110 105 
12 9 369 0 368 189 516 456 110 105 
12 9 369 0 368 190 516 458 110 103 
12 9 369 0 368 191 514 458 110 103 
12 9 369 0 368 192 512 458 110 103 
12 9 369 0 368 193 512 458 110 103 
12 9 369 0 368 194 510 458 110 103 
12 9 369 0 368 195 510 458 110 103 
12 9 369 0 368 196 508 458 112 103 
12 9 369 0 368 197 507 458 110 103 
12 9 369 0 368 198 507 458 110 103 
12 9 369 0 368 199 505 458 110 103 
12 9 369 0 368 200 505 458 110 103 
12 9 369 0 368 201 503 458 110 103 
12 9 369 0 368 202 501 458 110 103 
12 9 369 0 368 203 501 458 110 103 
12 9 369 0 368 204 500 458 110 103 
12 9 369 0 368 205 500 460 110 103 
12 9 369 0 368 206 498 460 110 103 
12 9 369 0 368 207 496 460 110 103 
12 9 369 0 368 208 496 460 110 103 
12 9 369 0 368 209 494 460 110 103 
12 9 369 0 368 210 494 462 110 103 
12 9 369 0 368 211 492 462 112 103 
12 9 369 0 368 212 491 462 110 103 
12 9 369 0 368 213 489 462 110 103 
12 9 369 0 368 214 489 462 110 103 
12 9 369 0 368 215 487 462 110 103 
12 9 369 0 368 216 485 462 110 103 
12 9 369 0 368 217 485 462 110 103 
12 9 369 0 368 218 484 462 110 103 
12 9 369 0 368 219 482 462 110 103 
12 9 369 0 368 220 482 463 110 105 
12 9 369 0 368 221 480 463 110 105 
12 9 369 0 368 222 480 463 110 105 
12 9 369 0 368 223 481 463 106 105 
12 9 369 0 368 224 481 463 106 105 
12 9 369 0 368 225 482 463 104 105 
12 9 369 0 368 226 479 463 108 105 
12 9 369 0 368 227 480 463 104 105 
12 9 369 0 368 228 480 463 104 105 
12 9 369 0 368 229 481 463 100 105 
12 9 369 0 368 230 481 465 100 103 
12 9 369 0 368 231 482 465 96 103 
12 9 369 0 368 232 482 465 96 103 
12 9 369 0 368 233 482 465 96 103 
12 9 369 0 368 234 483 465 92 103 
12 9 369 0 368 235 483 465 92 103 
12 9 369 0 368 236 483 465 92 103 
12 9 369 0 368 237 483 465 90 103 
12 9 369 0 368 238 483 465 90 103 
12 9 369 0 368 239 483 465 90 103 
12 9 369 0 368 240 483 465 90 103 
12 9 369 0 368 241 481 465 90 103 
12 9 369 0 368 242 481 465 90 103 
12 9 369 0 368 243 482 465 86 103 
12 9 369 0 368 244 482 465 86 103 
12 9 369 0 368 245 483 465 82 103 
12 9 369 0 368 246 483 465 82 103 
12 9 369 0 368 247 484 465 80 103 
12 9 369 0 368 248 484 465 80 103 
12 9 369 0 368 249 485 465 76 103 
12 9 369 0 368 250 485 467 76 103 
12 9 369 0 368 251 486 467 72 103 
12 9 369 0 368 252 486 467 72 103 
12 9 369 0 368 253 486 467 72 103 
12 9 369 0 368 254 487 467 68 103 
12 9 369 0 368 255 487 467 68 103 
12 9 369 0 368 256 487 467 68 103 
12 9 369 0 368 257 488 467 64 103 
12 9 369 0 368 258 488 467 64 103 
12 9 369 0 368 259 488 467 64 103 
12 9 369 0 368 260 488 467 64 103 
12 9 369 0 368 261 488 467 62 103 
12 9 369 0 368 262 488 467 62 103 
12 9 369 0 368 263 488 467 62 103 
12 9 369 0 368 264 489 467 58 103 
12 9 369 0 368 265 489 467 58 103 
12 9 369 0 368 266 489 467 58 103 
12 9 369 0 368 267 490 467 54 103 
12 9 369 0 368 268 490 467 54 103 
12 9 369 0 368 269 490 467 54 103 
12 9 369 0 368 270 493 469 50 103 
12 9 369 0 368 271 491 469 50 103 
12 9 369 0 368 272 491 469 50 103 
12 9 369 0 368 273 491 469 50 103 
12 9 369 0 368 274 491 469 50 103 
12 9 369 0 368 275 491 469 50 103 
12 9 369 0 368 276 491 469 50 103 
12 9 369 0 368 277 491 469 50 103 
12 9 369 0 368 278 491 469 50 103 
12 9 369 0 368 279 491 469 50 103 
12 9 369 0 368 280 491 469 50 103 
12 9 369 0 368 281 490 469 50 103 
12 9 369 0 368 282 490 469 50 103 
12 9 369 0 368 283 490 469 50 103 
12 9 369 0 368 284 490 469 50 103 
12 9 369 0 368 285 490 469 50 103 
12 9 369 0 368 286 490 469 50 103 
12 9 369 0 368 287 490 469 50 103 
12 9 369 0 368 288 490 469 50 103 
12 9 369 0 368 289 490 469 50 103 
12 9 369 0 368 290 490 470 50 105 
12 9 369 0 368 291 490 469 50 103 
12 9 369 0 368 292 490 469 50 103 
12 9 369 0 368 293 490 469 50 103 
12 9 369 0 368 294 490 469 50 103 
12 9 369 0 368 295 490 469 50 103 
12 9 369 0 368 296 490 469 50 103 
12 9 369 0 368 297 490 469 50 103 
12 9 369 0 368 298 490 469 50 103 
12 9 369 0 368 299 490 469 50 103 
12 9 369 0 368 300 490 469 50 103 
12 9 369 0 368 301 488 467 50 103 
12 9 369 0 368 302 488 467 50 103 
12 9 369 0 368 303 488 467 50 103 
12 9 369 0 368 304 488 467 50 103 
12 9 369 0 368 305 488 467 50 103 
12 9 369 0 368 306 488 467 50 103 
12 9 369 0 368 307 488 467 50 103 
12 9 369 0 368 308 488 467 50 103 
12 9 369 0 368 309 488 467 50 103 
12 9 369 0 368 310 488 467 50 103 
12 9 369 0 368 311 488 467 50 103 
12 9 369 0 368 312 488 467 50 103 
12 9 369 0 368 313 488 467 50 103 
12 9 369 0 368 314 488 467 50 103 
12 9 369 0 368 315 488 467 50 103 
12 9 369 0 368 316 485 467 54 103 
12 9 369 0 368 317 485 467 54 103 
12 9 369 0 368 318 485 467 54 103 
12 9 369 0 368 319 485 467 54 103 
12 9 369 0 368 320 485 467 54 103 
12 9 369 0 368 321 485 467 54 103 
12 9 369 0 368 322 485 467 54 103 
12 9 369 0 368 323 485 467 54 103 
12 9 369 0 368 324 485 467 54 103 
12 9 369 0 368 325 485 467 54 103 
12 9 369 0 368 326 485 467 54 103 
12 9 369 0 368 327 485 467 54 103 
12 9 369 0 368 328 485 467 54 103 
12 9 369 0 368 329 485 467 54 103 
12 9 369 0 368 330 485 467 54 103 
12 9 369 0 368 331 482 468 58 100 
12 9 369 0 368 332 482 468 58 100 
12 9 369 0 368 333 482 468 58 100 
12 9 369 0 368 334 482 468 58 100 
12 9 369 0 368 335 482 468 58 100 
12 9 369 0 368 336 482 468 58 100 
12 9 369 0 368 337 482 468 58 100 
12 9 369 0 368 338 482 468 58 100 
12 9 369 0 368 339 482 468 58 100 
12 9 369 0 368 340 482 468 58 100 
12 9 369 0 368 341 482 468 58 100 
12 9 369 0 368 342 482 468 58 100 
12 9 369 0 368 343 482 468 58 100 
12 9 369 0 368 344 482 468 58 100 
12 9 369 0 368 345 482 468 58 100 
12 9 369 0 368 346 481 468 60 100 
12 9 369 0 368 347 481 468 60 100 
12 9 369 0 368 348 481 468 60 100 
12 9 369 0 368 349 481 468 60 100 
12 9 369 0 368 350 481 468 60 100 
12 9 369 0 368 351 481 468 60 100 
12 9 369 0 368 352 481 468 60 100 
12 9 369 0 368 353 481 468 60 100 
12 9 369 0 368 354 481 468 60 100 
12 9 369 0 368 355 481 468 60 100 
12 9 369 0 368 356 481 468 60 100 
12 9 369 0 368 357 481 468 60 100 
12 9 369 0 368 358 481 468 60 100 
12 9 369 0 368 359 481 468 60 100 
12 9 369 0 368 360 481 468 60 100 
12 9 369 0 368 361 479 468 60 100 
12 9 369 0 368 362 479 468 60 100 
12 9 369 0 368 363 479 468 60 100 
12 9 369 0 368 364 479 468 60 100 
12 9 369 0 368 365 479 468 60 100 
12 9 369 0 368 366 479 468 60 100 
12 9 369 0 368 367 479 468 60 100 
12 9 369 0 368 368 479 468 60 100 
