0 3 49 796 844 796 986 430 102 52 
0 3 49 796 844 797 986 430 102 52 
0 3 49 796 844 798 986 430 102 52 
0 3 49 796 844 799 986 430 102 52 
0 3 49 796 844 800 986 430 102 52 
0 3 49 796 844 801 986 430 102 52 
0 3 49 796 844 802 986 430 102 52 
0 3 49 796 844 803 986 430 102 52 
0 3 49 796 844 804 986 430 102 52 
0 3 49 796 844 805 986 430 102 52 
0 3 49 796 844 806 986 430 102 52 
0 3 49 796 844 807 986 430 102 52 
0 3 49 796 844 808 986 430 102 52 
0 3 49 796 844 809 986 430 102 52 
0 3 49 796 844 810 986 430 102 52 
0 3 49 796 844 811 986 430 102 52 
0 3 49 796 844 812 986 430 102 52 
0 3 49 796 844 813 986 430 102 52 
0 3 49 796 844 814 986 430 102 52 
0 3 49 796 844 815 986 430 102 52 
0 3 49 796 844 816 986 430 102 52 
0 3 49 796 844 817 986 430 102 52 
0 3 49 796 844 818 986 430 102 52 
0 3 49 796 844 819 986 430 102 52 
0 3 49 796 844 820 986 430 102 52 
0 3 49 796 844 821 986 430 102 52 
0 3 49 796 844 822 986 430 102 52 
0 3 49 796 844 823 986 430 102 52 
0 3 49 796 844 824 986 430 102 52 
0 3 49 796 844 825 986 430 102 52 
0 3 49 796 844 826 986 430 102 52 
0 3 49 796 844 827 986 430 102 52 
0 3 49 796 844 828 986 430 102 52 
0 3 49 796 844 829 986 430 102 52 
0 3 49 796 844 830 986 430 102 52 
0 3 49 796 844 831 986 430 102 52 
0 3 49 796 844 832 986 430 102 52 
0 3 49 796 844 833 986 430 102 52 
0 3 49 796 844 834 986 430 102 52 
0 3 49 796 844 835 986 430 102 52 
0 3 49 796 844 836 986 430 102 52 
0 3 49 796 844 837 986 430 102 52 
0 3 49 796 844 838 986 430 102 52 
0 3 49 796 844 839 986 430 102 52 
0 3 49 796 844 840 986 430 102 52 
0 3 49 796 844 841 986 430 102 52 
0 3 49 796 844 842 986 430 102 52 
0 3 49 796 844 843 986 430 102 52 
0 3 49 796 844 844 986 430 102 52 
1 9 867 0 866 0 315 354 60 79 
1 9 867 0 866 1 312 352 62 79 
1 9 867 0 866 2 312 352 62 79 
1 9 867 0 866 3 312 352 62 79 
1 9 867 0 866 4 312 352 62 79 
1 9 867 0 866 5 312 352 60 79 
1 9 867 0 866 6 312 352 60 79 
1 9 867 0 866 7 312 350 60 79 
1 9 867 0 866 8 312 350 60 79 
1 9 867 0 866 9 309 350 64 79 
1 9 867 0 866 10 310 350 60 79 
1 9 867 0 866 11 310 350 60 79 
1 9 867 0 866 12 310 350 60 79 
1 9 867 0 866 13 307 348 64 81 
1 9 867 0 866 14 308 348 60 81 
1 9 867 0 866 15 308 348 60 81 
1 9 867 0 866 16 308 348 60 81 
1 9 867 0 866 17 305 348 64 81 
1 9 867 0 866 18 305 348 64 81 
1 9 867 0 866 19 305 346 62 81 
1 9 867 0 866 20 305 346 62 81 
1 9 867 0 866 21 304 346 64 81 
1 9 867 0 866 22 304 346 64 81 
1 9 867 0 866 23 305 346 60 81 
1 9 867 0 866 24 305 346 60 81 
1 9 867 0 866 25 305 346 60 81 
1 9 867 0 866 26 302 345 64 79 
1 9 867 0 866 27 302 345 64 79 
1 9 867 0 866 28 303 345 60 79 
1 9 867 0 866 29 303 345 60 79 
1 9 867 0 866 30 300 345 64 79 
1 9 867 0 866 31 300 345 64 79 
1 9 867 0 866 32 301 343 60 79 
1 9 867 0 866 33 301 343 60 79 
1 9 867 0 866 34 298 343 64 79 
1 9 867 0 866 35 298 343 64 79 
1 9 867 0 866 36 298 343 64 79 
1 9 867 0 866 37 299 343 60 79 
1 9 867 0 866 38 296 341 64 79 
1 9 867 0 866 39 296 341 64 79 
1 9 867 0 866 40 296 341 64 79 
1 9 867 0 866 41 296 341 62 79 
1 9 867 0 866 42 295 341 64 79 
1 9 867 0 866 43 295 341 64 79 
1 9 867 0 866 44 295 339 64 81 
1 9 867 0 866 45 295 339 64 81 
1 9 867 0 866 46 293 339 64 81 
1 9 867 0 866 47 293 339 64 81 
1 9 867 0 866 48 293 339 64 81 
1 9 867 0 866 49 293 339 64 81 
1 9 867 0 866 50 293 339 64 81 
1 9 867 0 866 51 291 338 64 79 
1 9 867 0 866 52 291 338 64 79 
1 9 867 0 866 53 291 338 64 79 
1 9 867 0 866 54 289 338 64 79 
1 9 867 0 866 55 289 338 64 79 
1 9 867 0 866 56 289 338 64 79 
1 9 867 0 866 57 289 336 64 79 
1 9 867 0 866 58 288 336 64 79 
1 9 867 0 866 59 288 336 64 79 
1 9 867 0 866 60 288 336 64 79 
1 9 867 0 866 61 288 336 64 79 
1 9 867 0 866 62 286 336 64 79 
1 9 867 0 866 63 286 336 64 79 
1 9 867 0 866 64 286 334 64 79 
1 9 867 0 866 65 284 334 64 79 
1 9 867 0 866 66 284 334 64 79 
1 9 867 0 866 67 284 334 64 79 
1 9 867 0 866 68 284 334 64 79 
1 9 867 0 866 69 282 334 64 79 
1 9 867 0 866 70 282 334 64 79 
1 9 867 0 866 71 282 332 64 81 
1 9 867 0 866 72 282 332 64 81 
1 9 867 0 866 73 280 332 64 81 
1 9 867 0 866 74 280 332 64 81 
1 9 867 0 866 75 280 332 64 81 
1 9 867 0 866 76 279 332 64 81 
1 9 867 0 866 77 279 332 64 81 
1 9 867 0 866 78 279 330 64 81 
1 9 867 0 866 79 279 330 64 81 
1 9 867 0 866 80 277 330 64 81 
1 9 867 0 866 81 277 330 64 81 
1 9 867 0 866 82 277 330 64 81 
1 9 867 0 866 83 277 330 64 81 
1 9 867 0 866 84 275 330 64 81 
1 9 867 0 866 85 275 329 64 79 
1 9 867 0 866 86 275 329 64 79 
1 9 867 0 866 87 273 329 64 79 
1 9 867 0 866 88 273 329 64 79 
1 9 867 0 866 89 273 329 64 79 
1 9 867 0 866 90 273 329 64 79 
1 9 867 0 866 91 272 329 64 79 
1 9 867 0 866 92 272 327 64 79 
1 9 867 0 866 93 272 327 64 79 
1 9 867 0 866 94 272 327 64 79 
1 9 867 0 866 95 270 327 64 79 
1 9 867 0 866 96 270 327 64 79 
1 9 867 0 866 97 270 327 64 79 
1 9 867 0 866 98 268 327 64 79 
1 9 867 0 866 99 268 325 64 79 
1 9 867 0 866 100 268 325 64 79 
1 9 867 0 866 101 268 325 64 79 
1 9 867 0 866 102 266 325 64 79 
1 9 867 0 866 103 266 325 64 79 
1 9 867 0 866 104 266 325 64 79 
1 9 867 0 866 105 266 325 64 79 
1 9 867 0 866 106 264 323 64 81 
1 9 867 0 866 107 264 323 64 81 
1 9 867 0 866 108 264 323 64 81 
1 9 867 0 866 109 263 323 64 81 
1 9 867 0 866 110 263 323 64 81 
1 9 867 0 866 111 263 323 64 81 
1 9 867 0 866 112 263 322 64 79 
1 9 867 0 866 113 261 322 64 79 
1 9 867 0 866 114 261 322 64 79 
1 9 867 0 866 115 261 322 64 79 
1 9 867 0 866 116 261 322 64 79 
1 9 867 0 866 117 259 322 64 79 
1 9 867 0 866 118 259 322 64 79 
1 9 867 0 866 119 259 320 64 79 
1 9 867 0 866 120 257 320 64 79 
1 9 867 0 866 121 257 320 64 79 
1 9 867 0 866 122 257 320 64 79 
1 9 867 0 866 123 257 320 64 79 
1 9 867 0 866 124 256 320 64 79 
1 9 867 0 866 125 256 320 64 79 
1 9 867 0 866 126 256 318 64 79 
1 9 867 0 866 127 256 318 64 79 
1 9 867 0 866 128 254 318 64 79 
1 9 867 0 866 129 254 318 64 79 
1 9 867 0 866 130 254 318 64 79 
1 9 867 0 866 131 252 318 64 79 
1 9 867 0 866 132 252 318 64 79 
1 9 867 0 866 133 252 316 64 81 
1 9 867 0 866 134 252 316 64 81 
1 9 867 0 866 135 250 316 64 81 
1 9 867 0 866 136 250 316 64 81 
1 9 867 0 866 137 250 316 64 81 
1 9 867 0 866 138 250 316 64 81 
1 9 867 0 866 139 248 316 64 81 
1 9 867 0 866 140 248 314 64 81 
1 9 867 0 866 141 248 314 64 81 
1 9 867 0 866 142 247 314 64 81 
1 9 867 0 866 143 247 314 64 81 
1 9 867 0 866 144 247 314 64 81 
1 9 867 0 866 145 247 314 64 81 
1 9 867 0 866 146 245 314 64 81 
1 9 867 0 866 147 245 313 64 79 
1 9 867 0 866 148 245 313 64 79 
1 9 867 0 866 149 245 313 64 79 
1 9 867 0 866 150 243 313 64 79 
1 9 867 0 866 151 243 313 64 79 
1 9 867 0 866 152 243 313 64 79 
1 9 867 0 866 153 241 313 64 79 
1 9 867 0 866 154 241 311 64 79 
1 9 867 0 866 155 241 311 64 79 
1 9 867 0 866 156 241 311 64 79 
1 9 867 0 866 157 240 311 64 79 
1 9 867 0 866 158 240 311 64 79 
1 9 867 0 866 159 240 311 64 79 
1 9 867 0 866 160 240 311 64 79 
1 9 867 0 866 161 238 309 64 79 
1 9 867 0 866 162 238 309 64 79 
1 9 867 0 866 163 238 309 64 79 
1 9 867 0 866 164 238 309 64 79 
1 9 867 0 866 165 238 309 64 79 
1 9 867 0 866 166 236 307 64 81 
1 9 867 0 866 167 236 307 64 81 
1 9 867 0 866 168 236 307 64 81 
1 9 867 0 866 169 236 307 64 81 
1 9 867 0 866 170 236 307 64 81 
1 9 867 0 866 171 234 307 64 81 
1 9 867 0 866 172 234 306 64 79 
1 9 867 0 866 173 234 306 64 79 
1 9 867 0 866 174 234 306 64 79 
1 9 867 0 866 175 234 306 64 79 
1 9 867 0 866 176 232 306 64 79 
1 9 867 0 866 177 232 304 64 79 
1 9 867 0 866 178 232 304 64 79 
1 9 867 0 866 179 232 304 64 79 
1 9 867 0 866 180 232 304 64 79 
1 9 867 0 866 181 231 304 64 79 
1 9 867 0 866 182 231 304 64 79 
1 9 867 0 866 183 231 302 64 79 
1 9 867 0 866 184 231 302 64 79 
1 9 867 0 866 185 231 302 64 79 
1 9 867 0 866 186 229 302 64 79 
1 9 867 0 866 187 229 302 64 79 
1 9 867 0 866 188 229 300 64 81 
1 9 867 0 866 189 229 300 64 81 
1 9 867 0 866 190 229 300 64 81 
1 9 867 0 866 191 227 300 64 81 
1 9 867 0 866 192 227 300 64 81 
1 9 867 0 866 193 227 300 64 81 
1 9 867 0 866 194 227 298 64 81 
1 9 867 0 866 195 227 298 64 81 
1 9 867 0 866 196 225 298 64 81 
1 9 867 0 866 197 225 298 64 81 
1 9 867 0 866 198 225 298 64 81 
1 9 867 0 866 199 225 297 64 79 
1 9 867 0 866 200 225 297 64 79 
1 9 867 0 866 201 224 297 64 79 
1 9 867 0 866 202 224 297 64 79 
1 9 867 0 866 203 224 297 64 79 
1 9 867 0 866 204 224 297 64 79 
1 9 867 0 866 205 224 295 64 79 
1 9 867 0 866 206 222 295 64 79 
1 9 867 0 866 207 222 295 64 79 
1 9 867 0 866 208 222 295 64 79 
1 9 867 0 866 209 222 295 64 79 
1 9 867 0 866 210 222 295 64 79 
1 9 867 0 866 211 220 293 64 79 
1 9 867 0 866 212 220 293 64 79 
1 9 867 0 866 213 220 293 64 79 
1 9 867 0 866 214 220 293 64 79 
1 9 867 0 866 215 220 293 64 79 
1 9 867 0 866 216 220 293 64 79 
1 9 867 0 866 217 220 293 64 79 
1 9 867 0 866 218 220 293 64 79 
1 9 867 0 866 219 220 291 64 81 
1 9 867 0 866 220 220 291 64 81 
1 9 867 0 866 221 218 291 64 81 
1 9 867 0 866 222 218 291 64 81 
1 9 867 0 866 223 218 291 64 81 
1 9 867 0 866 224 218 291 64 81 
1 9 867 0 866 225 218 291 64 81 
1 9 867 0 866 226 218 291 64 81 
1 9 867 0 866 227 218 290 64 79 
1 9 867 0 866 228 218 290 64 79 
1 9 867 0 866 229 218 290 64 79 
1 9 867 0 866 230 218 290 64 79 
1 9 867 0 866 231 216 290 64 79 
1 9 867 0 866 232 216 290 64 79 
1 9 867 0 866 233 216 290 64 79 
1 9 867 0 866 234 216 290 64 79 
1 9 867 0 866 235 216 288 64 79 
1 9 867 0 866 236 216 288 64 79 
1 9 867 0 866 237 216 288 64 79 
1 9 867 0 866 238 216 288 64 79 
1 9 867 0 866 239 216 288 64 79 
1 9 867 0 866 240 216 288 64 79 
1 9 867 0 866 241 215 288 64 79 
1 9 867 0 866 242 215 288 64 79 
1 9 867 0 866 243 215 286 64 79 
1 9 867 0 866 244 215 286 64 79 
1 9 867 0 866 245 215 286 64 79 
1 9 867 0 866 246 215 286 64 79 
1 9 867 0 866 247 215 286 64 79 
1 9 867 0 866 248 215 286 64 79 
1 9 867 0 866 249 215 286 64 79 
1 9 867 0 866 250 215 286 64 79 
1 9 867 0 866 251 213 284 64 81 
1 9 867 0 866 252 213 284 64 81 
1 9 867 0 866 253 213 284 64 81 
1 9 867 0 866 254 213 284 64 81 
1 9 867 0 866 255 213 284 64 81 
1 9 867 0 866 256 213 284 64 81 
1 9 867 0 866 257 213 284 64 81 
1 9 867 0 866 258 213 284 64 81 
1 9 867 0 866 259 213 282 64 81 
1 9 867 0 866 260 213 282 64 81 
1 9 867 0 866 261 211 282 64 81 
1 9 867 0 866 262 211 282 64 81 
1 9 867 0 866 263 211 282 64 81 
1 9 867 0 866 264 211 282 64 81 
1 9 867 0 866 265 211 282 64 81 
1 9 867 0 866 266 211 282 64 81 
1 9 867 0 866 267 211 281 64 79 
1 9 867 0 866 268 211 281 64 79 
1 9 867 0 866 269 211 281 64 79 
1 9 867 0 866 270 211 281 64 79 
1 9 867 0 866 271 209 281 64 79 
1 9 867 0 866 272 209 281 64 79 
1 9 867 0 866 273 209 281 64 79 
1 9 867 0 866 274 209 281 64 79 
1 9 867 0 866 275 209 279 64 79 
1 9 867 0 866 276 209 279 64 79 
1 9 867 0 866 277 209 279 64 79 
1 9 867 0 866 278 209 279 64 79 
1 9 867 0 866 279 209 279 64 79 
1 9 867 0 866 280 209 279 64 79 
1 9 867 0 866 281 208 279 64 79 
1 9 867 0 866 282 208 279 64 79 
1 9 867 0 866 283 208 277 64 79 
1 9 867 0 866 284 208 277 64 79 
1 9 867 0 866 285 208 277 64 79 
1 9 867 0 866 286 208 277 64 79 
1 9 867 0 866 287 208 277 64 79 
1 9 867 0 866 288 208 277 64 79 
1 9 867 0 866 289 208 277 64 79 
1 9 867 0 866 290 208 277 64 79 
1 9 867 0 866 291 206 275 64 81 
1 9 867 0 866 292 206 275 64 81 
1 9 867 0 866 293 206 275 64 81 
1 9 867 0 866 294 206 276 64 78 
1 9 867 0 866 295 206 276 64 78 
1 9 867 0 866 296 206 276 64 78 
1 9 867 0 866 297 206 276 64 75 
1 9 867 0 866 298 206 276 64 75 
1 9 867 0 866 299 206 276 64 75 
1 9 867 0 866 300 206 276 64 75 
1 9 867 0 866 301 206 275 64 73 
1 9 867 0 866 302 206 275 64 73 
1 9 867 0 866 303 206 275 64 73 
1 9 867 0 866 304 206 275 64 73 
1 9 867 0 866 305 206 275 64 73 
1 9 867 0 866 306 206 275 64 73 
1 9 867 0 866 307 206 275 64 73 
1 9 867 0 866 308 206 276 64 72 
1 9 867 0 866 309 206 276 64 72 
1 9 867 0 866 310 209 273 60 75 
1 9 867 0 866 311 209 273 60 75 
1 9 867 0 866 312 209 273 60 75 
1 9 867 0 866 313 209 273 60 75 
1 9 867 0 866 314 209 273 60 75 
1 9 867 0 866 315 209 273 60 75 
1 9 867 0 866 316 209 274 60 72 
1 9 867 0 866 317 209 274 60 72 
1 9 867 0 866 318 209 274 60 72 
1 9 867 0 866 319 209 271 60 75 
1 9 867 0 866 320 210 271 58 75 
1 9 867 0 866 321 210 271 58 75 
1 9 867 0 866 322 210 271 58 75 
1 9 867 0 866 323 210 271 58 75 
1 9 867 0 866 324 210 272 58 72 
1 9 867 0 866 325 210 272 58 72 
1 9 867 0 866 326 210 272 58 72 
1 9 867 0 866 327 210 272 58 72 
1 9 867 0 866 328 210 269 58 75 
1 9 867 0 866 329 210 269 58 75 
1 9 867 0 866 330 213 269 54 75 
1 9 867 0 866 331 213 270 54 72 
1 9 867 0 866 332 213 270 54 72 
1 9 867 0 866 333 213 270 54 72 
1 9 867 0 866 334 212 270 58 72 
1 9 867 0 866 335 212 270 58 72 
1 9 867 0 866 336 212 270 58 72 
1 9 867 0 866 337 212 267 58 75 
1 9 867 0 866 338 212 267 58 75 
1 9 867 0 866 339 212 268 58 72 
1 9 867 0 866 340 215 268 54 72 
1 9 867 0 866 341 215 268 54 72 
1 9 867 0 866 342 215 268 54 72 
1 9 867 0 866 343 215 268 54 72 
1 9 867 0 866 344 215 268 54 72 
1 9 867 0 866 345 215 268 54 72 
1 9 867 0 866 346 215 266 54 73 
1 9 867 0 866 347 215 267 54 72 
1 9 867 0 866 348 215 267 54 72 
1 9 867 0 866 349 215 267 54 72 
1 9 867 0 866 350 218 267 50 72 
1 9 867 0 866 351 218 267 50 72 
1 9 867 0 866 352 218 267 50 72 
1 9 867 0 866 353 218 267 50 72 
1 9 867 0 866 354 218 267 50 69 
1 9 867 0 866 355 218 265 50 72 
1 9 867 0 866 356 218 265 50 72 
1 9 867 0 866 357 218 265 50 72 
1 9 867 0 866 358 218 265 50 72 
1 9 867 0 866 359 218 265 50 72 
1 9 867 0 866 360 220 265 48 72 
1 9 867 0 866 361 220 265 48 72 
1 9 867 0 866 362 220 265 48 69 
1 9 867 0 866 363 220 265 48 69 
1 9 867 0 866 364 220 263 48 72 
1 9 867 0 866 365 220 263 48 72 
1 9 867 0 866 366 220 263 48 72 
1 9 867 0 866 367 219 263 50 72 
1 9 867 0 866 368 219 263 50 72 
1 9 867 0 866 369 219 263 50 72 
1 9 867 0 866 370 222 263 46 69 
1 9 867 0 866 371 222 263 46 69 
1 9 867 0 866 372 222 263 46 69 
1 9 867 0 866 373 222 261 46 72 
1 9 867 0 866 374 222 261 46 72 
1 9 867 0 866 375 222 261 46 72 
1 9 867 0 866 376 222 261 46 72 
1 9 867 0 866 377 222 261 46 70 
1 9 867 0 866 378 222 261 46 70 
1 9 867 0 866 379 222 261 46 70 
1 9 867 0 866 380 225 261 42 70 
1 9 867 0 866 381 225 261 42 70 
1 9 867 0 866 382 225 260 42 72 
1 9 867 0 866 383 225 260 42 72 
1 9 867 0 866 384 225 260 42 72 
1 9 867 0 866 385 225 260 42 69 
1 9 867 0 866 386 225 260 42 69 
1 9 867 0 866 387 225 260 42 69 
1 9 867 0 866 388 225 260 42 69 
1 9 867 0 866 389 225 260 42 69 
1 9 867 0 866 390 228 260 38 69 
1 9 867 0 866 391 228 258 38 72 
1 9 867 0 866 392 228 258 38 72 
1 9 867 0 866 393 228 258 38 69 
1 9 867 0 866 394 228 258 38 69 
1 9 867 0 866 395 228 258 38 69 
1 9 867 0 866 396 228 258 38 69 
1 9 867 0 866 397 228 258 38 69 
1 9 867 0 866 398 228 258 38 69 
1 9 867 0 866 399 228 258 38 69 
1 9 867 0 866 400 230 258 38 69 
1 9 867 0 866 401 230 256 38 69 
1 9 867 0 866 402 230 256 38 69 
1 9 867 0 866 403 230 256 38 69 
1 9 867 0 866 404 230 256 38 69 
1 9 867 0 866 405 230 256 38 69 
1 9 867 0 866 406 231 256 40 69 
1 9 867 0 866 407 231 256 40 69 
1 9 867 0 866 408 231 256 40 69 
1 9 867 0 866 409 231 256 40 69 
1 9 867 0 866 410 231 254 40 72 
1 9 867 0 866 411 233 254 40 69 
1 9 867 0 866 412 233 254 40 69 
1 9 867 0 866 413 233 254 40 69 
1 9 867 0 866 414 233 254 40 69 
1 9 867 0 866 415 233 254 40 69 
1 9 867 0 866 416 233 254 40 69 
1 9 867 0 866 417 235 254 38 69 
1 9 867 0 866 418 235 254 38 69 
1 9 867 0 866 419 235 252 38 72 
1 9 867 0 866 420 235 252 38 72 
1 9 867 0 866 421 235 252 38 72 
1 9 867 0 866 422 237 252 38 70 
1 9 867 0 866 423 237 252 38 70 
1 9 867 0 866 424 237 252 38 70 
1 9 867 0 866 425 237 252 38 70 
1 9 867 0 866 426 237 252 38 70 
1 9 867 0 866 427 237 252 38 70 
1 9 867 0 866 428 238 251 40 72 
1 9 867 0 866 429 238 251 40 72 
1 9 867 0 866 430 238 251 40 72 
1 9 867 0 866 431 238 251 40 72 
1 9 867 0 866 432 238 251 40 72 
1 9 867 0 866 433 240 251 40 69 
1 9 867 0 866 434 240 251 40 69 
1 9 867 0 866 435 240 251 40 69 
1 9 867 0 866 436 240 251 40 69 
1 9 867 0 866 437 240 251 40 69 
1 9 867 0 866 438 242 249 40 72 
1 9 867 0 866 439 242 249 40 72 
1 9 867 0 866 440 242 249 40 72 
1 9 867 0 866 441 242 249 40 72 
1 9 867 0 866 442 242 249 40 72 
1 9 867 0 866 443 242 249 40 72 
1 9 867 0 866 444 244 249 38 69 
1 9 867 0 866 445 244 249 38 69 
1 9 867 0 866 446 244 249 38 69 
1 9 867 0 866 447 244 247 38 72 
1 9 867 0 866 448 244 247 38 72 
1 9 867 0 866 449 246 247 38 72 
1 9 867 0 866 450 246 247 38 72 
1 9 867 0 866 451 246 247 38 72 
1 9 867 0 866 452 246 247 38 72 
1 9 867 0 866 453 246 247 38 72 
1 9 867 0 866 454 246 247 38 72 
1 9 867 0 866 455 247 247 40 69 
1 9 867 0 866 456 247 245 40 72 
1 9 867 0 866 457 247 245 40 72 
1 9 867 0 866 458 247 245 40 72 
1 9 867 0 866 459 247 245 40 72 
1 9 867 0 866 460 249 245 40 72 
1 9 867 0 866 461 249 245 40 72 
1 9 867 0 866 462 249 245 40 72 
1 9 867 0 866 463 249 245 40 72 
1 9 867 0 866 464 249 245 40 72 
1 9 867 0 866 465 251 245 38 72 
1 9 867 0 866 466 251 244 38 72 
1 9 867 0 866 467 251 244 38 72 
1 9 867 0 866 468 251 244 38 72 
1 9 867 0 866 469 251 244 38 72 
1 9 867 0 866 470 251 244 38 72 
1 9 867 0 866 471 251 244 38 72 
1 9 867 0 866 472 251 244 38 72 
1 9 867 0 866 473 253 244 38 72 
1 9 867 0 866 474 253 244 38 72 
1 9 867 0 866 475 253 242 38 72 
1 9 867 0 866 476 253 242 38 72 
1 9 867 0 866 477 253 242 38 72 
1 9 867 0 866 478 253 242 38 72 
1 9 867 0 866 479 253 242 38 72 
1 9 867 0 866 480 254 242 40 72 
1 9 867 0 866 481 254 242 40 72 
1 9 867 0 866 482 254 242 40 72 
1 9 867 0 866 483 254 242 40 72 
1 9 867 0 866 484 254 242 40 72 
1 9 867 0 866 485 254 240 40 72 
1 9 867 0 866 486 254 240 40 72 
1 9 867 0 866 487 256 240 40 72 
1 9 867 0 866 488 256 240 40 72 
1 9 867 0 866 489 256 240 40 72 
1 9 867 0 866 490 256 240 40 72 
1 9 867 0 866 491 256 240 40 72 
1 9 867 0 866 492 256 240 40 72 
1 9 867 0 866 493 256 240 40 72 
1 9 867 0 866 494 258 240 40 72 
1 9 867 0 866 495 258 238 40 72 
1 9 867 0 866 496 258 238 40 72 
1 9 867 0 866 497 258 238 40 72 
1 9 867 0 866 498 258 238 40 72 
1 9 867 0 866 499 258 238 40 72 
1 9 867 0 866 500 258 238 40 72 
1 9 867 0 866 501 260 238 38 72 
1 9 867 0 866 502 260 238 38 72 
1 9 867 0 866 503 260 238 38 72 
1 9 867 0 866 504 260 238 38 72 
1 9 867 0 866 505 260 236 38 72 
1 9 867 0 866 506 260 236 38 72 
1 9 867 0 866 507 260 236 38 72 
1 9 867 0 866 508 262 236 38 72 
1 9 867 0 866 509 262 236 38 72 
1 9 867 0 866 510 262 236 38 72 
1 9 867 0 866 511 262 236 38 72 
1 9 867 0 866 512 262 236 38 72 
1 9 867 0 866 513 262 236 38 72 
1 9 867 0 866 514 262 235 38 72 
1 9 867 0 866 515 263 235 40 72 
1 9 867 0 866 516 263 235 40 72 
1 9 867 0 866 517 263 235 40 72 
1 9 867 0 866 518 263 235 40 72 
1 9 867 0 866 519 263 235 40 72 
1 9 867 0 866 520 263 235 40 72 
1 9 867 0 866 521 263 235 40 72 
1 9 867 0 866 522 265 235 40 72 
1 9 867 0 866 523 265 235 40 72 
1 9 867 0 866 524 265 233 40 72 
1 9 867 0 866 525 265 233 40 72 
1 9 867 0 866 526 265 233 40 72 
1 9 867 0 866 527 265 233 40 72 
1 9 867 0 866 528 265 233 40 72 
1 9 867 0 866 529 267 233 38 72 
1 9 867 0 866 530 267 233 38 72 
1 9 867 0 866 531 267 233 38 72 
1 9 867 0 866 532 267 233 38 72 
1 9 867 0 866 533 267 233 38 72 
1 9 867 0 866 534 267 231 38 72 
1 9 867 0 866 535 267 231 38 72 
1 9 867 0 866 536 269 231 38 72 
1 9 867 0 866 537 269 231 38 72 
1 9 867 0 866 538 269 231 38 72 
1 9 867 0 866 539 269 231 38 72 
1 9 867 0 866 540 269 231 38 72 
1 9 867 0 866 541 269 231 38 72 
1 9 867 0 866 542 269 231 38 72 
1 9 867 0 866 543 270 231 40 72 
1 9 867 0 866 544 269 229 38 72 
1 9 867 0 866 545 269 229 38 72 
1 9 867 0 866 546 269 229 38 72 
1 9 867 0 866 547 269 229 38 72 
1 9 867 0 866 548 269 229 38 72 
1 9 867 0 866 549 269 229 38 72 
1 9 867 0 866 550 269 229 38 72 
1 9 867 0 866 551 269 229 38 72 
1 9 867 0 866 552 269 229 38 72 
1 9 867 0 866 553 269 229 38 72 
1 9 867 0 866 554 269 229 38 72 
1 9 867 0 866 555 269 228 38 72 
1 9 867 0 866 556 269 228 38 72 
1 9 867 0 866 557 269 228 38 72 
1 9 867 0 866 558 269 228 38 72 
1 9 867 0 866 559 269 228 38 72 
1 9 867 0 866 560 269 228 38 72 
1 9 867 0 866 561 269 228 38 72 
1 9 867 0 866 562 269 228 38 72 
1 9 867 0 866 563 269 228 38 72 
1 9 867 0 866 564 269 228 38 72 
1 9 867 0 866 565 269 228 38 72 
1 9 867 0 866 566 269 226 38 72 
1 9 867 0 866 567 269 226 38 72 
1 9 867 0 866 568 269 226 38 72 
1 9 867 0 866 569 269 226 38 72 
1 9 867 0 866 570 269 226 38 72 
1 9 867 0 866 571 269 226 38 72 
1 9 867 0 866 572 269 226 38 72 
1 9 867 0 866 573 269 226 38 72 
1 9 867 0 866 574 269 226 38 72 
1 9 867 0 866 575 269 226 38 72 
1 9 867 0 866 576 269 226 38 72 
1 9 867 0 866 577 269 226 38 72 
1 9 867 0 866 578 269 224 38 72 
1 9 867 0 866 579 269 224 38 72 
1 9 867 0 866 580 269 224 38 72 
1 9 867 0 866 581 269 224 38 72 
1 9 867 0 866 582 269 224 38 72 
1 9 867 0 866 583 269 224 38 72 
1 9 867 0 866 584 269 224 38 72 
1 9 867 0 866 585 269 224 38 72 
1 9 867 0 866 586 269 224 38 72 
1 9 867 0 866 587 269 224 38 72 
1 9 867 0 866 588 269 224 38 72 
1 9 867 0 866 589 269 222 38 72 
1 9 867 0 866 590 269 222 38 72 
1 9 867 0 866 591 269 222 38 72 
1 9 867 0 866 592 269 222 38 72 
1 9 867 0 866 593 269 222 38 72 
1 9 867 0 866 594 269 222 38 72 
1 9 867 0 866 595 269 222 38 72 
1 9 867 0 866 596 269 222 38 72 
1 9 867 0 866 597 269 222 38 72 
1 9 867 0 866 598 269 222 38 72 
1 9 867 0 866 599 269 222 38 72 
1 9 867 0 866 600 269 222 38 72 
1 9 867 0 866 601 269 220 38 72 
1 9 867 0 866 602 269 220 38 72 
1 9 867 0 866 603 269 220 38 72 
1 9 867 0 866 604 269 220 38 72 
1 9 867 0 866 605 269 220 38 72 
1 9 867 0 866 606 269 220 38 70 
1 9 867 0 866 607 268 220 42 70 
1 9 867 0 866 608 268 220 42 70 
1 9 867 0 866 609 268 220 42 70 
1 9 867 0 866 610 268 220 42 70 
1 9 867 0 866 611 268 219 42 69 
1 9 867 0 866 612 268 219 42 69 
1 9 867 0 866 613 268 219 42 69 
1 9 867 0 866 614 267 219 46 69 
1 9 867 0 866 615 267 219 46 69 
1 9 867 0 866 616 267 220 46 66 
1 9 867 0 866 617 267 220 46 66 
1 9 867 0 866 618 267 220 46 66 
1 9 867 0 866 619 267 220 46 66 
1 9 867 0 866 620 268 220 48 66 
1 9 867 0 866 621 266 220 50 66 
1 9 867 0 866 622 266 220 50 66 
1 9 867 0 866 623 266 220 50 66 
1 9 867 0 866 624 266 220 50 66 
1 9 867 0 866 625 266 220 50 66 
1 9 867 0 866 626 266 220 50 66 
1 9 867 0 866 627 266 220 50 66 
1 9 867 0 866 628 266 220 50 66 
1 9 867 0 866 629 266 220 50 66 
1 9 867 0 866 630 266 220 50 66 
1 9 867 0 866 631 266 218 50 66 
1 9 867 0 866 632 266 218 50 66 
1 9 867 0 866 633 266 218 50 66 
1 9 867 0 866 634 266 218 50 66 
1 9 867 0 866 635 266 218 50 66 
1 9 867 0 866 636 266 218 50 66 
1 9 867 0 866 637 266 218 50 66 
1 9 867 0 866 638 266 218 50 66 
1 9 867 0 866 639 266 218 50 66 
1 9 867 0 866 640 266 218 50 66 
1 9 867 0 866 641 266 215 50 67 
1 9 867 0 866 642 266 215 50 67 
1 9 867 0 866 643 266 215 50 67 
1 9 867 0 866 644 266 215 50 67 
1 9 867 0 866 645 266 215 50 67 
1 9 867 0 866 646 266 215 50 67 
1 9 867 0 866 647 266 215 50 67 
1 9 867 0 866 648 266 215 50 67 
1 9 867 0 866 649 266 215 50 67 
1 9 867 0 866 650 266 215 50 67 
1 9 867 0 866 651 266 213 50 67 
1 9 867 0 866 652 266 213 50 67 
1 9 867 0 866 653 266 213 50 67 
1 9 867 0 866 654 266 213 50 67 
1 9 867 0 866 655 266 213 50 67 
1 9 867 0 866 656 266 213 50 67 
1 9 867 0 866 657 266 213 50 67 
1 9 867 0 866 658 266 213 50 67 
1 9 867 0 866 659 266 213 50 67 
1 9 867 0 866 660 266 213 50 67 
1 9 867 0 866 661 266 213 50 66 
1 9 867 0 866 662 266 213 50 66 
1 9 867 0 866 663 266 213 50 66 
1 9 867 0 866 664 266 213 50 66 
1 9 867 0 866 665 266 213 50 66 
1 9 867 0 866 666 266 213 50 66 
1 9 867 0 866 667 266 213 50 66 
1 9 867 0 866 668 266 213 50 66 
1 9 867 0 866 669 266 213 50 66 
1 9 867 0 866 670 266 213 50 66 
1 9 867 0 866 671 266 213 50 66 
1 9 867 0 866 672 266 213 50 66 
1 9 867 0 866 673 266 213 50 66 
1 9 867 0 866 674 266 211 50 66 
1 9 867 0 866 675 266 211 50 66 
1 9 867 0 866 676 266 211 50 66 
1 9 867 0 866 677 266 211 50 66 
1 9 867 0 866 678 266 211 50 66 
1 9 867 0 866 679 266 211 50 66 
1 9 867 0 866 680 267 211 50 66 
1 9 867 0 866 681 267 211 50 66 
1 9 867 0 866 682 267 211 50 66 
1 9 867 0 866 683 267 211 50 66 
1 9 867 0 866 684 267 211 50 66 
1 9 867 0 866 685 267 211 50 66 
1 9 867 0 866 686 267 211 50 66 
1 9 867 0 866 687 267 209 50 66 
1 9 867 0 866 688 267 209 50 66 
1 9 867 0 866 689 267 209 50 66 
1 9 867 0 866 690 267 209 50 66 
1 9 867 0 866 691 267 209 50 66 
1 9 867 0 866 692 267 209 50 66 
1 9 867 0 866 693 267 209 50 66 
1 9 867 0 866 694 267 209 50 66 
1 9 867 0 866 695 267 209 50 66 
1 9 867 0 866 696 267 209 50 66 
1 9 867 0 866 697 267 209 50 66 
1 9 867 0 866 698 267 209 50 66 
1 9 867 0 866 699 267 209 50 66 
1 9 867 0 866 700 269 209 50 66 
1 9 867 0 866 701 269 206 50 67 
1 9 867 0 866 702 269 206 50 67 
1 9 867 0 866 703 269 206 50 67 
1 9 867 0 866 704 269 206 50 67 
1 9 867 0 866 705 269 206 50 67 
1 9 867 0 866 706 269 206 50 67 
1 9 867 0 866 707 269 206 50 67 
1 9 867 0 866 708 269 206 50 67 
1 9 867 0 866 709 269 206 50 67 
1 9 867 0 866 710 269 206 50 67 
1 9 867 0 866 711 269 206 50 67 
1 9 867 0 866 712 269 206 50 67 
1 9 867 0 866 713 269 206 50 67 
1 9 867 0 866 714 269 204 50 67 
1 9 867 0 866 715 269 204 50 67 
1 9 867 0 866 716 269 204 50 67 
1 9 867 0 866 717 269 204 50 67 
1 9 867 0 866 718 269 204 50 67 
1 9 867 0 866 719 269 204 50 67 
1 9 867 0 866 720 271 204 50 67 
1 9 867 0 866 721 271 204 50 67 
1 9 867 0 866 722 271 204 50 67 
1 9 867 0 866 723 271 204 50 67 
1 9 867 0 866 724 271 204 50 67 
1 9 867 0 866 725 271 204 50 67 
1 9 867 0 866 726 271 204 50 67 
1 9 867 0 866 727 271 204 50 66 
1 9 867 0 866 728 271 204 50 66 
1 9 867 0 866 729 271 204 50 66 
1 9 867 0 866 730 271 204 50 66 
1 9 867 0 866 731 271 204 50 66 
1 9 867 0 866 732 271 204 50 66 
1 9 867 0 866 733 271 204 50 66 
1 9 867 0 866 734 271 204 50 66 
1 9 867 0 866 735 271 204 50 66 
1 9 867 0 866 736 271 204 50 66 
1 9 867 0 866 737 271 204 50 66 
1 9 867 0 866 738 271 204 50 66 
1 9 867 0 866 739 271 204 50 66 
1 9 867 0 866 740 273 204 50 66 
1 9 867 0 866 741 273 202 50 66 
1 9 867 0 866 742 273 202 50 66 
1 9 867 0 866 743 273 202 50 66 
1 9 867 0 866 744 273 202 50 66 
1 9 867 0 866 745 273 202 50 66 
1 9 867 0 866 746 273 202 50 66 
1 9 867 0 866 747 273 202 50 66 
1 9 867 0 866 748 273 202 50 66 
1 9 867 0 866 749 273 202 50 66 
1 9 867 0 866 750 276 202 48 66 
1 9 867 0 866 751 276 199 48 67 
1 9 867 0 866 752 276 199 48 67 
1 9 867 0 866 753 276 199 48 67 
1 9 867 0 866 754 276 199 48 67 
1 9 867 0 866 755 276 199 48 67 
1 9 867 0 866 756 276 199 48 67 
1 9 867 0 866 757 276 199 48 67 
1 9 867 0 866 758 276 199 48 67 
1 9 867 0 866 759 276 199 48 67 
1 9 867 0 866 760 276 199 50 67 
1 9 867 0 866 761 276 197 50 67 
1 9 867 0 866 762 276 197 50 67 
1 9 867 0 866 763 276 197 50 67 
1 9 867 0 866 764 276 197 50 67 
1 9 867 0 866 765 276 197 50 67 
1 9 867 0 866 766 276 197 50 67 
1 9 867 0 866 767 276 197 50 67 
1 9 867 0 866 768 276 197 50 67 
1 9 867 0 866 769 276 197 50 67 
1 9 867 0 866 770 276 197 50 67 
1 9 867 0 866 771 278 197 50 67 
1 9 867 0 866 772 278 197 50 67 
1 9 867 0 866 773 278 197 50 67 
1 9 867 0 866 774 278 197 50 67 
1 9 867 0 866 775 278 197 50 67 
1 9 867 0 866 776 278 197 50 67 
1 9 867 0 866 777 278 197 50 67 
1 9 867 0 866 778 278 197 50 66 
1 9 867 0 866 779 278 197 50 66 
1 9 867 0 866 780 278 197 50 66 
1 9 867 0 866 781 278 197 50 66 
1 9 867 0 866 782 280 197 50 66 
1 9 867 0 866 783 280 197 50 66 
1 9 867 0 866 784 280 197 50 66 
1 9 867 0 866 785 280 197 50 66 
1 9 867 0 866 786 280 197 50 66 
1 9 867 0 866 787 280 197 50 66 
1 9 867 0 866 788 280 197 50 66 
1 9 867 0 866 789 280 197 50 66 
1 9 867 0 866 790 280 197 50 66 
1 9 867 0 866 791 280 197 50 66 
1 9 867 0 866 792 282 197 50 66 
1 9 867 0 866 793 282 197 50 66 
1 9 867 0 866 794 282 197 50 66 
1 9 867 0 866 795 282 197 50 66 
1 9 867 0 866 796 282 195 50 66 
1 9 867 0 866 797 282 195 50 66 
1 9 867 0 866 798 282 195 50 66 
1 9 867 0 866 799 282 195 50 66 
1 9 867 0 866 800 282 195 50 66 
1 9 867 0 866 801 282 195 50 66 
1 9 867 0 866 802 282 195 50 66 
1 9 867 0 866 803 283 195 50 66 
1 9 867 0 866 804 283 195 50 66 
1 9 867 0 866 805 283 195 50 66 
1 9 867 0 866 806 283 195 50 66 
1 9 867 0 866 807 283 195 50 66 
1 9 867 0 866 808 283 195 50 66 
1 9 867 0 866 809 283 195 50 66 
1 9 867 0 866 810 283 195 50 66 
1 9 867 0 866 811 283 195 50 66 
1 9 867 0 866 812 283 195 50 66 
1 9 867 0 866 813 285 195 50 66 
1 9 867 0 866 814 285 193 50 66 
1 9 867 0 866 815 285 193 50 66 
1 9 867 0 866 816 285 193 50 66 
1 9 867 0 866 817 285 193 50 66 
1 9 867 0 866 818 285 193 50 66 
1 9 867 0 866 819 285 193 50 66 
1 9 867 0 866 820 285 193 50 66 
1 9 867 0 866 821 285 193 50 66 
1 9 867 0 866 822 285 193 50 66 
1 9 867 0 866 823 285 193 50 66 
1 9 867 0 866 824 287 193 50 66 
1 9 867 0 866 825 287 193 50 66 
1 9 867 0 866 826 287 193 50 66 
1 9 867 0 866 827 287 193 50 66 
1 9 867 0 866 828 287 193 50 66 
1 9 867 0 866 829 287 193 50 66 
1 9 867 0 866 830 287 193 50 66 
1 9 867 0 866 831 287 190 50 67 
1 9 867 0 866 832 287 190 50 67 
1 9 867 0 866 833 287 190 50 67 
1 9 867 0 866 834 287 190 50 67 
1 9 867 0 866 835 289 190 50 67 
1 9 867 0 866 836 289 190 50 67 
1 9 867 0 866 837 289 190 50 67 
1 9 867 0 866 838 289 190 50 67 
1 9 867 0 866 839 289 190 50 67 
1 9 867 0 866 840 289 190 50 67 
1 9 867 0 866 841 289 190 50 67 
1 9 867 0 866 842 289 190 50 67 
1 9 867 0 866 843 289 190 50 67 
1 9 867 0 866 844 289 190 50 67 
1 9 867 0 866 845 292 190 48 67 
1 9 867 0 866 846 292 190 48 67 
1 9 867 0 866 847 292 190 48 67 
1 9 867 0 866 848 292 190 48 67 
1 9 867 0 866 849 292 188 48 67 
1 9 867 0 866 850 292 188 48 67 
1 9 867 0 866 851 292 188 48 67 
1 9 867 0 866 852 292 188 48 67 
1 9 867 0 866 853 292 188 48 67 
1 9 867 0 866 854 292 188 48 67 
1 9 867 0 866 855 292 188 48 67 
1 9 867 0 866 856 292 188 50 67 
1 9 867 0 866 857 292 188 50 67 
1 9 867 0 866 858 292 188 50 67 
1 9 867 0 866 859 292 188 50 67 
1 9 867 0 866 860 292 188 50 67 
1 9 867 0 866 861 292 188 50 67 
1 9 867 0 866 862 292 188 50 67 
1 9 867 0 866 863 292 188 50 67 
1 9 867 0 866 864 292 188 50 67 
1 9 867 0 866 865 292 188 50 67 
1 9 867 0 866 866 294 188 50 67 
