0 6 211 589 799 589 627 385 108 49 
0 6 211 589 799 590 627 385 108 49 
0 6 211 589 799 591 627 385 108 49 
0 6 211 589 799 592 627 385 108 49 
0 6 211 589 799 593 627 385 108 49 
0 6 211 589 799 594 627 385 108 49 
0 6 211 589 799 595 627 385 108 49 
0 6 211 589 799 596 627 385 108 49 
0 6 211 589 799 597 627 385 108 49 
0 6 211 589 799 598 627 385 108 49 
0 6 211 589 799 599 627 385 108 49 
0 6 211 589 799 600 627 385 108 49 
0 6 211 589 799 601 627 385 108 49 
0 6 211 589 799 602 627 385 108 49 
0 6 211 589 799 603 627 385 108 49 
0 6 211 589 799 604 627 385 108 49 
0 6 211 589 799 605 627 385 108 49 
0 6 211 589 799 606 627 385 108 49 
0 6 211 589 799 607 627 385 108 49 
0 6 211 589 799 608 627 385 108 49 
0 6 211 589 799 609 627 385 108 49 
0 6 211 589 799 610 627 385 108 49 
0 6 211 589 799 611 627 385 108 49 
0 6 211 589 799 612 627 385 108 49 
0 6 211 589 799 613 627 385 108 49 
0 6 211 589 799 614 627 385 108 49 
0 6 211 589 799 615 627 385 108 49 
0 6 211 589 799 616 627 385 108 49 
0 6 211 589 799 617 627 385 108 49 
0 6 211 589 799 618 627 385 108 49 
0 6 211 589 799 619 627 385 108 49 
0 6 211 589 799 620 627 385 108 49 
0 6 211 589 799 621 627 385 108 49 
0 6 211 589 799 622 627 385 108 49 
0 6 211 589 799 623 627 385 108 49 
0 6 211 589 799 624 627 385 108 49 
0 6 211 589 799 625 627 385 108 49 
0 6 211 589 799 626 627 385 108 49 
0 6 211 589 799 627 627 385 108 49 
0 6 211 589 799 628 627 385 108 49 
0 6 211 589 799 629 627 385 108 49 
0 6 211 589 799 630 627 385 108 49 
0 6 211 589 799 631 627 385 108 49 
0 6 211 589 799 632 627 385 108 49 
0 6 211 589 799 633 627 385 108 49 
0 6 211 589 799 634 627 385 108 49 
0 6 211 589 799 635 627 385 108 49 
0 6 211 589 799 636 627 385 108 49 
0 6 211 589 799 637 627 385 108 49 
0 6 211 589 799 638 627 385 108 49 
0 6 211 589 799 639 627 385 108 49 
0 6 211 589 799 640 627 385 108 49 
0 6 211 589 799 641 627 385 108 49 
0 6 211 589 799 642 627 385 108 49 
0 6 211 589 799 643 627 385 108 49 
0 6 211 589 799 644 627 385 108 49 
0 6 211 589 799 645 627 385 108 49 
0 6 211 589 799 646 627 385 108 49 
0 6 211 589 799 647 627 385 108 49 
0 6 211 589 799 648 627 385 108 49 
0 6 211 589 799 649 627 385 108 49 
0 6 211 589 799 650 627 385 108 49 
0 6 211 589 799 651 627 385 108 49 
0 6 211 589 799 652 627 385 108 49 
0 6 211 589 799 653 627 385 108 49 
0 6 211 589 799 654 627 385 108 49 
0 6 211 589 799 655 627 385 108 49 
0 6 211 589 799 656 627 385 108 49 
0 6 211 589 799 657 627 385 108 49 
0 6 211 589 799 658 627 385 108 49 
0 6 211 589 799 659 627 385 108 49 
0 6 211 589 799 660 627 385 108 49 
0 6 211 589 799 661 627 385 108 49 
0 6 211 589 799 662 627 385 108 49 
0 6 211 589 799 663 627 385 108 49 
0 6 211 589 799 664 627 385 108 49 
0 6 211 589 799 665 627 385 108 49 
0 6 211 589 799 666 627 385 108 49 
0 6 211 589 799 667 627 385 108 49 
0 6 211 589 799 668 627 385 108 49 
0 6 211 589 799 669 627 385 108 49 
0 6 211 589 799 670 627 385 108 49 
0 6 211 589 799 671 627 385 108 49 
0 6 211 589 799 672 627 385 108 49 
0 6 211 589 799 673 627 385 108 49 
0 6 211 589 799 674 627 385 108 49 
0 6 211 589 799 675 627 385 108 49 
0 6 211 589 799 676 627 385 108 49 
0 6 211 589 799 677 627 385 108 49 
0 6 211 589 799 678 627 385 108 49 
0 6 211 589 799 679 627 385 108 49 
0 6 211 589 799 680 627 385 108 49 
0 6 211 589 799 681 627 385 108 49 
0 6 211 589 799 682 627 385 108 49 
0 6 211 589 799 683 627 385 108 49 
0 6 211 589 799 684 627 385 108 49 
0 6 211 589 799 685 627 385 108 49 
0 6 211 589 799 686 627 385 108 49 
0 6 211 589 799 687 627 385 108 49 
0 6 211 589 799 688 627 385 108 49 
0 6 211 589 799 689 627 385 108 49 
0 6 211 589 799 690 627 385 108 49 
0 6 211 589 799 691 627 385 108 49 
0 6 211 589 799 692 627 385 108 49 
0 6 211 589 799 693 627 385 108 49 
0 6 211 589 799 694 627 385 108 49 
0 6 211 589 799 695 627 385 108 49 
0 6 211 589 799 696 627 385 108 49 
0 6 211 589 799 697 627 385 108 49 
0 6 211 589 799 698 627 385 108 49 
0 6 211 589 799 699 627 385 108 49 
0 6 211 589 799 700 627 385 108 49 
0 6 211 589 799 701 627 385 108 49 
0 6 211 589 799 702 627 385 108 49 
0 6 211 589 799 703 627 385 108 49 
0 6 211 589 799 704 627 385 108 49 
0 6 211 589 799 705 627 385 108 49 
0 6 211 589 799 706 627 385 108 49 
0 6 211 589 799 707 627 385 108 49 
0 6 211 589 799 708 627 385 108 49 
0 6 211 589 799 709 627 385 108 49 
0 6 211 589 799 710 627 385 108 49 
0 6 211 589 799 711 627 385 108 49 
0 6 211 589 799 712 627 385 108 49 
0 6 211 589 799 713 627 385 108 49 
0 6 211 589 799 714 627 385 108 49 
0 6 211 589 799 715 627 385 108 49 
0 6 211 589 799 716 627 385 108 49 
0 6 211 589 799 717 627 385 108 49 
0 6 211 589 799 718 627 385 108 49 
0 6 211 589 799 719 627 385 108 49 
0 6 211 589 799 720 627 385 108 49 
0 6 211 589 799 721 627 385 108 49 
0 6 211 589 799 722 627 385 108 49 
0 6 211 589 799 723 627 385 108 49 
0 6 211 589 799 724 627 385 108 49 
0 6 211 589 799 725 627 385 108 49 
0 6 211 589 799 726 627 385 108 49 
0 6 211 589 799 727 627 385 108 49 
0 6 211 589 799 728 627 385 108 49 
0 6 211 589 799 729 627 385 108 49 
0 6 211 589 799 730 627 385 108 49 
0 6 211 589 799 731 627 385 108 49 
0 6 211 589 799 732 627 385 108 49 
0 6 211 589 799 733 627 385 108 49 
0 6 211 589 799 734 627 385 108 49 
0 6 211 589 799 735 627 385 108 49 
0 6 211 589 799 736 627 385 108 49 
0 6 211 589 799 737 627 385 108 49 
0 6 211 589 799 738 627 385 108 49 
0 6 211 589 799 739 627 385 108 49 
0 6 211 589 799 740 627 385 108 49 
0 6 211 589 799 741 627 385 108 49 
0 6 211 589 799 742 627 385 108 49 
0 6 211 589 799 743 627 385 108 49 
0 6 211 589 799 744 627 385 108 49 
0 6 211 589 799 745 627 385 108 49 
0 6 211 589 799 746 627 385 108 49 
0 6 211 589 799 747 627 385 108 49 
0 6 211 589 799 748 627 385 108 49 
0 6 211 589 799 749 627 385 108 49 
0 6 211 589 799 750 627 385 108 49 
0 6 211 589 799 751 627 385 108 49 
0 6 211 589 799 752 627 385 108 49 
0 6 211 589 799 753 627 385 108 49 
0 6 211 589 799 754 627 385 108 49 
0 6 211 589 799 755 627 385 108 49 
0 6 211 589 799 756 627 385 108 49 
0 6 211 589 799 757 627 385 108 49 
0 6 211 589 799 758 627 385 108 49 
0 6 211 589 799 759 627 385 108 49 
0 6 211 589 799 760 627 385 108 49 
0 6 211 589 799 761 627 385 108 49 
0 6 211 589 799 762 627 385 108 49 
0 6 211 589 799 763 627 385 108 49 
0 6 211 589 799 764 627 385 108 49 
0 6 211 589 799 765 627 385 108 49 
0 6 211 589 799 766 627 385 108 49 
0 6 211 589 799 767 627 385 108 49 
0 6 211 589 799 768 627 385 108 49 
0 6 211 589 799 769 627 385 108 49 
0 6 211 589 799 770 627 385 108 49 
0 6 211 589 799 771 627 385 108 49 
0 6 211 589 799 772 627 385 108 49 
0 6 211 589 799 773 627 385 108 49 
0 6 211 589 799 774 627 385 108 49 
0 6 211 589 799 775 627 385 108 49 
0 6 211 589 799 776 627 385 108 49 
0 6 211 589 799 777 627 385 108 49 
0 6 211 589 799 778 627 385 108 49 
0 6 211 589 799 779 627 385 108 49 
0 6 211 589 799 780 627 385 108 49 
0 6 211 589 799 781 627 385 108 49 
0 6 211 589 799 782 627 385 108 49 
0 6 211 589 799 783 627 385 108 49 
0 6 211 589 799 784 627 385 108 49 
0 6 211 589 799 785 627 385 108 49 
0 6 211 589 799 786 627 385 108 49 
0 6 211 589 799 787 627 385 108 49 
0 6 211 589 799 788 627 385 108 49 
0 6 211 589 799 789 627 385 108 49 
0 6 211 589 799 790 627 385 108 49 
0 6 211 589 799 791 627 385 108 49 
0 6 211 589 799 792 627 385 108 49 
0 6 211 589 799 793 627 385 108 49 
0 6 211 589 799 794 627 385 108 49 
0 6 211 589 799 795 627 385 108 49 
0 6 211 589 799 796 627 385 108 49 
0 6 211 589 799 797 627 385 108 49 
0 6 211 589 799 798 627 385 108 49 
0 6 211 589 799 799 627 385 108 49 
1 3 61 3738 3798 3738 795 14 120 93 
1 3 61 3738 3798 3739 795 14 120 93 
1 3 61 3738 3798 3740 795 14 120 93 
1 3 61 3738 3798 3741 795 14 120 93 
1 3 61 3738 3798 3742 795 14 120 93 
1 3 61 3738 3798 3743 795 14 120 93 
1 3 61 3738 3798 3744 795 14 120 93 
1 3 61 3738 3798 3745 795 14 120 93 
1 3 61 3738 3798 3746 795 14 120 93 
1 3 61 3738 3798 3747 795 14 120 93 
1 3 61 3738 3798 3748 795 14 120 93 
1 3 61 3738 3798 3749 795 14 120 93 
1 3 61 3738 3798 3750 795 14 120 93 
1 3 61 3738 3798 3751 795 14 120 93 
1 3 61 3738 3798 3752 795 14 120 93 
1 3 61 3738 3798 3753 795 14 120 93 
1 3 61 3738 3798 3754 795 14 120 93 
1 3 61 3738 3798 3755 795 14 120 93 
1 3 61 3738 3798 3756 795 14 120 93 
1 3 61 3738 3798 3757 795 14 120 93 
1 3 61 3738 3798 3758 795 14 120 93 
1 3 61 3738 3798 3759 795 14 120 93 
1 3 61 3738 3798 3760 795 14 120 93 
1 3 61 3738 3798 3761 795 14 120 93 
1 3 61 3738 3798 3762 795 14 120 93 
1 3 61 3738 3798 3763 795 14 120 93 
1 3 61 3738 3798 3764 795 14 120 93 
1 3 61 3738 3798 3765 795 14 120 93 
1 3 61 3738 3798 3766 795 14 120 93 
1 3 61 3738 3798 3767 795 14 120 93 
1 3 61 3738 3798 3768 795 14 120 93 
1 3 61 3738 3798 3769 795 14 120 93 
1 3 61 3738 3798 3770 795 14 120 93 
1 3 61 3738 3798 3771 795 14 120 93 
1 3 61 3738 3798 3772 795 14 120 93 
1 3 61 3738 3798 3773 795 14 120 93 
1 3 61 3738 3798 3774 795 14 120 93 
1 3 61 3738 3798 3775 795 14 120 93 
1 3 61 3738 3798 3776 795 14 120 93 
1 3 61 3738 3798 3777 795 14 120 93 
1 3 61 3738 3798 3778 795 14 120 93 
1 3 61 3738 3798 3779 795 14 120 93 
1 3 61 3738 3798 3780 795 14 120 93 
1 3 61 3738 3798 3781 795 14 120 93 
1 3 61 3738 3798 3782 795 14 120 93 
1 3 61 3738 3798 3783 795 14 120 93 
1 3 61 3738 3798 3784 795 14 120 93 
1 3 61 3738 3798 3785 795 14 120 93 
1 3 61 3738 3798 3786 795 14 120 93 
1 3 61 3738 3798 3787 795 14 120 93 
1 3 61 3738 3798 3788 795 14 120 93 
1 3 61 3738 3798 3789 795 14 120 93 
1 3 61 3738 3798 3790 795 14 120 93 
1 3 61 3738 3798 3791 795 14 120 93 
1 3 61 3738 3798 3792 795 14 120 93 
1 3 61 3738 3798 3793 795 14 120 93 
1 3 61 3738 3798 3794 795 14 120 93 
1 3 61 3738 3798 3795 795 14 120 93 
1 3 61 3738 3798 3796 795 14 120 93 
1 3 61 3738 3798 3797 795 14 120 93 
1 3 61 3738 3798 3798 795 14 120 93 
2 4 59 3946 4004 3946 792 1 132 109 
2 4 59 3946 4004 3947 792 1 132 109 
2 4 59 3946 4004 3948 792 1 132 109 
2 4 59 3946 4004 3949 792 1 132 109 
2 4 59 3946 4004 3950 792 1 132 109 
2 4 59 3946 4004 3951 792 1 132 109 
2 4 59 3946 4004 3952 792 1 132 109 
2 4 59 3946 4004 3953 792 1 132 109 
2 4 59 3946 4004 3954 792 1 132 109 
2 4 59 3946 4004 3955 792 1 132 109 
2 4 59 3946 4004 3956 792 1 132 109 
2 4 59 3946 4004 3957 792 1 132 109 
2 4 59 3946 4004 3958 792 1 132 109 
2 4 59 3946 4004 3959 792 1 132 109 
2 4 59 3946 4004 3960 792 1 132 109 
2 4 59 3946 4004 3961 792 1 132 109 
2 4 59 3946 4004 3962 792 1 132 109 
2 4 59 3946 4004 3963 792 1 132 109 
2 4 59 3946 4004 3964 792 1 132 109 
2 4 59 3946 4004 3965 792 1 132 109 
2 4 59 3946 4004 3966 792 1 132 109 
2 4 59 3946 4004 3967 792 1 132 109 
2 4 59 3946 4004 3968 792 1 132 109 
2 4 59 3946 4004 3969 792 1 132 109 
2 4 59 3946 4004 3970 792 1 132 109 
2 4 59 3946 4004 3971 792 1 132 109 
2 4 59 3946 4004 3972 792 1 132 109 
2 4 59 3946 4004 3973 792 1 132 109 
2 4 59 3946 4004 3974 792 1 132 109 
2 4 59 3946 4004 3975 792 1 132 109 
2 4 59 3946 4004 3976 792 1 132 109 
2 4 59 3946 4004 3977 792 1 132 109 
2 4 59 3946 4004 3978 792 1 132 109 
2 4 59 3946 4004 3979 792 1 132 109 
2 4 59 3946 4004 3980 792 1 132 109 
2 4 59 3946 4004 3981 792 1 132 109 
2 4 59 3946 4004 3982 792 1 132 109 
2 4 59 3946 4004 3983 792 1 132 109 
2 4 59 3946 4004 3984 792 1 132 109 
2 4 59 3946 4004 3985 792 1 132 109 
2 4 59 3946 4004 3986 792 1 132 109 
2 4 59 3946 4004 3987 792 1 132 109 
2 4 59 3946 4004 3988 792 1 132 109 
2 4 59 3946 4004 3989 792 1 132 109 
2 4 59 3946 4004 3990 792 1 132 109 
2 4 59 3946 4004 3991 792 1 132 109 
2 4 59 3946 4004 3992 792 1 132 109 
2 4 59 3946 4004 3993 792 1 132 109 
2 4 59 3946 4004 3994 792 1 132 109 
2 4 59 3946 4004 3995 792 1 132 109 
2 4 59 3946 4004 3996 792 1 132 109 
2 4 59 3946 4004 3997 792 1 132 109 
2 4 59 3946 4004 3998 792 1 132 109 
2 4 59 3946 4004 3999 792 1 132 109 
2 4 59 3946 4004 4000 792 1 132 109 
2 4 59 3946 4004 4001 792 1 132 109 
2 4 59 3946 4004 4002 792 1 132 109 
2 4 59 3946 4004 4003 792 1 132 109 
2 4 59 3946 4004 4004 792 1 132 109 
3 5 276 4076 4351 4076 850 0 118 56 
3 5 276 4076 4351 4077 850 0 118 56 
3 5 276 4076 4351 4078 850 0 118 56 
3 5 276 4076 4351 4079 850 0 118 56 
3 5 276 4076 4351 4080 850 0 118 56 
3 5 276 4076 4351 4081 850 0 118 56 
3 5 276 4076 4351 4082 850 0 118 56 
3 5 276 4076 4351 4083 850 0 118 56 
3 5 276 4076 4351 4084 850 0 118 56 
3 5 276 4076 4351 4085 850 0 118 56 
3 5 276 4076 4351 4086 850 0 118 56 
3 5 276 4076 4351 4087 850 0 118 56 
3 5 276 4076 4351 4088 850 0 118 56 
3 5 276 4076 4351 4089 850 0 118 56 
3 5 276 4076 4351 4090 850 0 118 56 
3 5 276 4076 4351 4091 850 0 118 56 
3 5 276 4076 4351 4092 850 0 118 56 
3 5 276 4076 4351 4093 850 0 118 56 
3 5 276 4076 4351 4094 850 0 118 56 
3 5 276 4076 4351 4095 850 0 118 56 
3 5 276 4076 4351 4096 850 0 118 56 
3 5 276 4076 4351 4097 850 0 118 56 
3 5 276 4076 4351 4098 850 0 118 56 
3 5 276 4076 4351 4099 850 0 118 56 
3 5 276 4076 4351 4100 850 0 118 56 
3 5 276 4076 4351 4101 850 0 118 56 
3 5 276 4076 4351 4102 850 0 118 56 
3 5 276 4076 4351 4103 850 0 118 56 
3 5 276 4076 4351 4104 850 0 118 56 
3 5 276 4076 4351 4105 850 0 118 56 
3 5 276 4076 4351 4106 850 0 118 56 
3 5 276 4076 4351 4107 850 0 118 56 
3 5 276 4076 4351 4108 850 0 118 56 
3 5 276 4076 4351 4109 850 0 118 56 
3 5 276 4076 4351 4110 850 0 118 56 
3 5 276 4076 4351 4111 850 0 118 56 
3 5 276 4076 4351 4112 850 0 118 56 
3 5 276 4076 4351 4113 850 0 118 56 
3 5 276 4076 4351 4114 850 0 118 56 
3 5 276 4076 4351 4115 850 0 118 56 
3 5 276 4076 4351 4116 850 0 118 56 
3 5 276 4076 4351 4117 850 0 118 56 
3 5 276 4076 4351 4118 850 0 118 56 
3 5 276 4076 4351 4119 850 0 118 56 
3 5 276 4076 4351 4120 850 0 118 56 
3 5 276 4076 4351 4121 850 0 118 56 
3 5 276 4076 4351 4122 850 0 118 56 
3 5 276 4076 4351 4123 850 0 118 56 
3 5 276 4076 4351 4124 850 0 118 56 
3 5 276 4076 4351 4125 850 0 118 56 
3 5 276 4076 4351 4126 850 0 118 56 
3 5 276 4076 4351 4127 850 0 118 56 
3 5 276 4076 4351 4128 850 0 118 56 
3 5 276 4076 4351 4129 850 0 118 56 
3 5 276 4076 4351 4130 850 0 118 56 
3 5 276 4076 4351 4131 850 0 118 56 
3 5 276 4076 4351 4132 850 0 118 56 
3 5 276 4076 4351 4133 850 0 118 56 
3 5 276 4076 4351 4134 850 0 118 56 
3 5 276 4076 4351 4135 850 0 118 56 
3 5 276 4076 4351 4136 850 0 118 56 
3 5 276 4076 4351 4137 850 0 118 56 
3 5 276 4076 4351 4138 850 0 118 56 
3 5 276 4076 4351 4139 850 0 118 56 
3 5 276 4076 4351 4140 850 0 118 56 
3 5 276 4076 4351 4141 850 0 118 56 
3 5 276 4076 4351 4142 850 0 118 56 
3 5 276 4076 4351 4143 850 0 118 56 
3 5 276 4076 4351 4144 850 0 118 56 
3 5 276 4076 4351 4145 850 0 118 56 
3 5 276 4076 4351 4146 850 0 118 56 
3 5 276 4076 4351 4147 850 0 118 56 
3 5 276 4076 4351 4148 850 0 118 56 
3 5 276 4076 4351 4149 850 0 118 56 
3 5 276 4076 4351 4150 850 0 118 56 
3 5 276 4076 4351 4151 850 0 118 56 
3 5 276 4076 4351 4152 850 0 118 56 
3 5 276 4076 4351 4153 850 0 118 56 
3 5 276 4076 4351 4154 850 0 118 56 
3 5 276 4076 4351 4155 850 0 118 56 
3 5 276 4076 4351 4156 850 0 118 56 
3 5 276 4076 4351 4157 850 0 118 56 
3 5 276 4076 4351 4158 850 0 118 56 
3 5 276 4076 4351 4159 850 0 118 56 
3 5 276 4076 4351 4160 850 0 118 56 
3 5 276 4076 4351 4161 850 0 118 56 
3 5 276 4076 4351 4162 850 0 118 56 
3 5 276 4076 4351 4163 850 0 118 56 
3 5 276 4076 4351 4164 850 0 118 56 
3 5 276 4076 4351 4165 850 0 118 56 
3 5 276 4076 4351 4166 850 0 118 56 
3 5 276 4076 4351 4167 850 0 118 56 
3 5 276 4076 4351 4168 850 0 118 56 
3 5 276 4076 4351 4169 850 0 118 56 
3 5 276 4076 4351 4170 850 0 118 56 
3 5 276 4076 4351 4171 850 0 118 56 
3 5 276 4076 4351 4172 850 0 118 56 
3 5 276 4076 4351 4173 850 0 118 56 
3 5 276 4076 4351 4174 850 0 118 56 
3 5 276 4076 4351 4175 850 0 118 56 
3 5 276 4076 4351 4176 850 0 118 56 
3 5 276 4076 4351 4177 850 0 118 56 
3 5 276 4076 4351 4178 850 0 118 56 
3 5 276 4076 4351 4179 850 0 118 56 
3 5 276 4076 4351 4180 850 0 118 56 
3 5 276 4076 4351 4181 850 0 118 56 
3 5 276 4076 4351 4182 850 0 118 56 
3 5 276 4076 4351 4183 850 0 118 56 
3 5 276 4076 4351 4184 850 0 118 56 
3 5 276 4076 4351 4185 850 0 118 56 
3 5 276 4076 4351 4186 850 0 118 56 
3 5 276 4076 4351 4187 850 0 118 56 
3 5 276 4076 4351 4188 850 0 118 56 
3 5 276 4076 4351 4189 850 0 118 56 
3 5 276 4076 4351 4190 850 0 118 56 
3 5 276 4076 4351 4191 850 0 118 56 
3 5 276 4076 4351 4192 850 0 118 56 
3 5 276 4076 4351 4193 850 0 118 56 
3 5 276 4076 4351 4194 850 0 118 56 
3 5 276 4076 4351 4195 850 0 118 56 
3 5 276 4076 4351 4196 850 0 118 56 
3 5 276 4076 4351 4197 850 0 118 56 
3 5 276 4076 4351 4198 850 0 118 56 
3 5 276 4076 4351 4199 850 0 118 56 
3 5 276 4076 4351 4200 850 0 118 56 
3 5 276 4076 4351 4201 850 0 118 56 
3 5 276 4076 4351 4202 850 0 118 56 
3 5 276 4076 4351 4203 850 0 118 56 
3 5 276 4076 4351 4204 850 0 118 56 
3 5 276 4076 4351 4205 850 0 118 56 
3 5 276 4076 4351 4206 850 0 118 56 
3 5 276 4076 4351 4207 850 0 118 56 
3 5 276 4076 4351 4208 850 0 118 56 
3 5 276 4076 4351 4209 850 0 118 56 
3 5 276 4076 4351 4210 850 0 118 56 
3 5 276 4076 4351 4211 850 0 118 56 
3 5 276 4076 4351 4212 850 0 118 56 
3 5 276 4076 4351 4213 850 0 118 56 
3 5 276 4076 4351 4214 850 0 118 56 
3 5 276 4076 4351 4215 850 0 118 56 
3 5 276 4076 4351 4216 850 0 118 56 
3 5 276 4076 4351 4217 850 0 118 56 
3 5 276 4076 4351 4218 850 0 118 56 
3 5 276 4076 4351 4219 850 0 118 56 
3 5 276 4076 4351 4220 850 0 118 56 
3 5 276 4076 4351 4221 850 0 118 56 
3 5 276 4076 4351 4222 850 0 118 56 
3 5 276 4076 4351 4223 850 0 118 56 
3 5 276 4076 4351 4224 850 0 118 56 
3 5 276 4076 4351 4225 850 0 118 56 
3 5 276 4076 4351 4226 850 0 118 56 
3 5 276 4076 4351 4227 850 0 118 56 
3 5 276 4076 4351 4228 850 0 118 56 
3 5 276 4076 4351 4229 850 0 118 56 
3 5 276 4076 4351 4230 850 0 118 56 
3 5 276 4076 4351 4231 850 0 118 56 
3 5 276 4076 4351 4232 850 0 118 56 
3 5 276 4076 4351 4233 850 0 118 56 
3 5 276 4076 4351 4234 850 0 118 56 
3 5 276 4076 4351 4235 850 0 118 56 
3 5 276 4076 4351 4236 850 0 118 56 
3 5 276 4076 4351 4237 850 0 118 56 
3 5 276 4076 4351 4238 850 0 118 56 
3 5 276 4076 4351 4239 850 0 118 56 
3 5 276 4076 4351 4240 850 0 118 56 
3 5 276 4076 4351 4241 850 0 118 56 
3 5 276 4076 4351 4242 850 0 118 56 
3 5 276 4076 4351 4243 850 0 118 56 
3 5 276 4076 4351 4244 850 0 118 56 
3 5 276 4076 4351 4245 850 0 118 56 
3 5 276 4076 4351 4246 850 0 118 56 
3 5 276 4076 4351 4247 850 0 118 56 
3 5 276 4076 4351 4248 850 0 118 56 
3 5 276 4076 4351 4249 850 0 118 56 
3 5 276 4076 4351 4250 850 0 118 56 
3 5 276 4076 4351 4251 850 0 118 56 
3 5 276 4076 4351 4252 850 0 118 56 
3 5 276 4076 4351 4253 850 0 118 56 
3 5 276 4076 4351 4254 850 0 118 56 
3 5 276 4076 4351 4255 850 0 118 56 
3 5 276 4076 4351 4256 850 0 118 56 
3 5 276 4076 4351 4257 850 0 118 56 
3 5 276 4076 4351 4258 850 0 118 56 
3 5 276 4076 4351 4259 850 0 118 56 
3 5 276 4076 4351 4260 850 0 118 56 
3 5 276 4076 4351 4261 850 0 118 56 
3 5 276 4076 4351 4262 850 0 118 56 
3 5 276 4076 4351 4263 850 0 118 56 
3 5 276 4076 4351 4264 850 0 118 56 
3 5 276 4076 4351 4265 850 0 118 56 
3 5 276 4076 4351 4266 850 0 118 56 
3 5 276 4076 4351 4267 850 0 118 56 
3 5 276 4076 4351 4268 850 0 118 56 
3 5 276 4076 4351 4269 850 0 118 56 
3 5 276 4076 4351 4270 850 0 118 56 
3 5 276 4076 4351 4271 850 0 118 56 
3 5 276 4076 4351 4272 850 0 118 56 
3 5 276 4076 4351 4273 850 0 118 56 
3 5 276 4076 4351 4274 850 0 118 56 
3 5 276 4076 4351 4275 850 0 118 56 
3 5 276 4076 4351 4276 850 0 118 56 
3 5 276 4076 4351 4277 850 0 118 56 
3 5 276 4076 4351 4278 850 0 118 56 
3 5 276 4076 4351 4279 850 0 118 56 
3 5 276 4076 4351 4280 850 0 118 56 
3 5 276 4076 4351 4281 850 0 118 56 
3 5 276 4076 4351 4282 850 0 118 56 
3 5 276 4076 4351 4283 850 0 118 56 
3 5 276 4076 4351 4284 850 0 118 56 
3 5 276 4076 4351 4285 850 0 118 56 
3 5 276 4076 4351 4286 850 0 118 56 
3 5 276 4076 4351 4287 850 0 118 56 
3 5 276 4076 4351 4288 850 0 118 56 
3 5 276 4076 4351 4289 850 0 118 56 
3 5 276 4076 4351 4290 850 0 118 56 
3 5 276 4076 4351 4291 850 0 118 56 
3 5 276 4076 4351 4292 850 0 118 56 
3 5 276 4076 4351 4293 850 0 118 56 
3 5 276 4076 4351 4294 850 0 118 56 
3 5 276 4076 4351 4295 850 0 118 56 
3 5 276 4076 4351 4296 850 0 118 56 
3 5 276 4076 4351 4297 850 0 118 56 
3 5 276 4076 4351 4298 850 0 118 56 
3 5 276 4076 4351 4299 850 0 118 56 
3 5 276 4076 4351 4300 850 0 118 56 
3 5 276 4076 4351 4301 850 0 118 56 
3 5 276 4076 4351 4302 850 0 118 56 
3 5 276 4076 4351 4303 850 0 118 56 
3 5 276 4076 4351 4304 850 0 118 56 
3 5 276 4076 4351 4305 850 0 118 56 
3 5 276 4076 4351 4306 850 0 118 56 
3 5 276 4076 4351 4307 850 0 118 56 
3 5 276 4076 4351 4308 850 0 118 56 
3 5 276 4076 4351 4309 850 0 118 56 
3 5 276 4076 4351 4310 850 0 118 56 
3 5 276 4076 4351 4311 850 0 118 56 
3 5 276 4076 4351 4312 850 0 118 56 
3 5 276 4076 4351 4313 850 0 118 56 
3 5 276 4076 4351 4314 850 0 118 56 
3 5 276 4076 4351 4315 850 0 118 56 
3 5 276 4076 4351 4316 850 0 118 56 
3 5 276 4076 4351 4317 850 0 118 56 
3 5 276 4076 4351 4318 850 0 118 56 
3 5 276 4076 4351 4319 850 0 118 56 
3 5 276 4076 4351 4320 850 0 118 56 
3 5 276 4076 4351 4321 850 0 118 56 
3 5 276 4076 4351 4322 850 0 118 56 
3 5 276 4076 4351 4323 850 0 118 56 
3 5 276 4076 4351 4324 850 0 118 56 
3 5 276 4076 4351 4325 850 0 118 56 
3 5 276 4076 4351 4326 850 0 118 56 
3 5 276 4076 4351 4327 850 0 118 56 
3 5 276 4076 4351 4328 850 0 118 56 
3 5 276 4076 4351 4329 850 0 118 56 
3 5 276 4076 4351 4330 850 0 118 56 
3 5 276 4076 4351 4331 850 0 118 56 
3 5 276 4076 4351 4332 850 0 118 56 
3 5 276 4076 4351 4333 850 0 118 56 
3 5 276 4076 4351 4334 850 0 118 56 
3 5 276 4076 4351 4335 850 0 118 56 
3 5 276 4076 4351 4336 850 0 118 56 
3 5 276 4076 4351 4337 850 0 118 56 
3 5 276 4076 4351 4338 850 0 118 56 
3 5 276 4076 4351 4339 850 0 118 56 
3 5 276 4076 4351 4340 850 0 118 56 
3 5 276 4076 4351 4341 850 0 118 56 
3 5 276 4076 4351 4342 850 0 118 56 
3 5 276 4076 4351 4343 850 0 118 56 
3 5 276 4076 4351 4344 850 0 118 56 
3 5 276 4076 4351 4345 850 0 118 56 
3 5 276 4076 4351 4346 850 0 118 56 
3 5 276 4076 4351 4347 850 0 118 56 
3 5 276 4076 4351 4348 850 0 118 56 
3 5 276 4076 4351 4349 850 0 118 56 
3 5 276 4076 4351 4350 850 0 118 56 
3 5 276 4076 4351 4351 850 0 118 56 
