1 2269 0 516 73 130 79 2
1 2269 1 515 73 130 79 2
1 2269 2 515 73 130 79 2
1 2269 3 515 73 130 79 2
1 2269 4 515 73 130 79 2
1 2269 5 515 73 130 79 2
1 2269 6 515 73 130 79 2
1 2269 7 515 73 130 79 2
1 2269 8 515 73 130 79 2
1 2269 9 515 73 130 79 2
1 2269 10 515 73 130 79 2
1 2269 11 515 73 130 79 2
1 2269 12 515 73 130 79 2
1 2269 13 515 73 130 79 2
1 2269 14 515 73 130 79 2
1 2269 15 515 73 130 79 2
1 2269 16 515 73 130 79 2
1 2269 17 515 73 130 79 2
1 2269 18 515 73 130 79 2
1 2269 19 515 73 130 79 2
1 2269 20 515 73 130 79 2
1 2269 21 515 73 130 79 2
1 2269 22 515 73 130 79 2
1 2269 23 515 73 130 79 2
1 2269 24 515 73 130 79 2
1 2269 25 515 73 130 79 2
1 2269 26 515 73 130 79 2
1 2269 27 515 73 130 79 2
1 2269 28 515 73 130 79 2
1 2269 29 515 73 130 79 2
1 2269 30 515 73 130 79 2
1 2269 31 515 73 130 79 2
1 2269 32 515 73 130 79 2
1 2269 33 515 73 130 79 2
1 2269 34 515 73 130 79 2
1 2269 35 515 73 130 79 2
1 2269 36 515 73 130 79 2
1 2269 37 515 73 130 79 2
1 2269 38 515 73 130 79 2
1 2269 39 515 73 130 79 2
1 2269 40 515 73 130 79 2
1 2269 41 515 73 130 79 2
1 2269 42 515 73 130 79 2
1 2269 43 515 73 130 79 2
1 2269 44 515 73 130 79 2
1 2269 45 515 73 130 79 2
1 2269 46 515 73 130 79 2
1 2269 47 515 73 130 79 2
1 2269 48 515 73 130 79 2
1 2269 49 515 73 130 79 2
1 2269 50 515 73 130 79 2
1 2269 51 515 73 130 79 2
1 2269 52 515 73 130 79 2
1 2269 53 515 73 130 79 2
1 2269 54 515 73 130 79 2
1 2269 55 515 73 130 79 2
1 2269 56 515 73 130 79 2
1 2269 57 515 73 130 79 2
1 2269 58 515 73 130 79 2
1 2269 59 515 73 130 79 2
1 2269 60 515 73 130 79 2
1 2269 61 515 73 130 79 2
1 2269 62 515 73 130 79 2
1 2269 63 515 73 130 79 2
1 2269 64 515 73 130 79 2
1 2269 65 515 73 130 79 2
1 2269 66 515 73 130 79 2
1 2269 67 515 73 130 79 2
1 2269 68 515 73 130 79 2
1 2269 69 515 73 130 79 2
1 2269 70 515 73 130 79 2
1 2269 71 515 73 130 79 2
1 2269 72 515 73 130 79 2
1 2269 73 515 73 130 79 2
1 2269 74 515 73 130 79 2
1 2269 75 515 73 130 79 2
1 2269 76 515 73 130 79 2
1 2269 77 515 73 130 79 2
1 2269 78 515 73 130 79 2
1 2269 79 515 73 130 79 2
1 2269 80 515 73 130 79 2
1 2269 81 515 73 130 79 2
1 2269 82 515 73 130 79 2
1 2269 83 515 73 130 79 2
1 2269 84 515 73 130 79 2
1 2269 85 515 73 130 79 2
1 2269 86 515 73 130 79 2
1 2269 87 515 73 130 79 2
1 2269 88 515 73 130 79 2
1 2269 89 515 73 130 79 2
1 2269 90 515 73 130 79 2
1 2269 91 515 73 130 79 2
1 2269 92 515 73 130 79 2
1 2269 93 515 73 130 79 2
1 2269 94 515 73 130 79 2
1 2269 95 515 73 130 79 2
1 2269 96 515 73 130 79 2
1 2269 97 515 73 130 79 2
1 2269 98 515 73 130 79 2
1 2269 99 515 73 130 79 2
1 2269 100 515 73 130 79 2
1 2269 101 515 73 130 79 2
1 2269 102 515 73 130 79 2
1 2269 103 515 73 130 79 2
1 2269 104 515 73 130 79 2
1 2269 105 515 73 130 79 2
1 2269 106 515 73 130 79 2
1 2269 107 515 73 130 79 2
1 2269 108 515 73 130 79 2
1 2269 109 515 73 130 79 2
1 2269 110 515 73 130 79 2
1 2269 111 514 73 130 79 2
1 2269 112 514 73 130 79 2
1 2269 113 514 73 130 79 2
1 2269 114 514 73 130 79 2
1 2269 115 514 73 130 79 2
1 2269 116 514 73 130 79 2
1 2269 117 514 73 130 79 2
1 2269 118 514 73 130 79 2
1 2269 119 514 73 130 79 2
1 2269 120 514 73 130 79 2
1 2269 121 514 73 130 79 2
1 2269 122 514 73 130 79 2
1 2269 123 514 73 130 79 2
1 2269 124 514 73 130 79 2
1 2269 125 514 73 130 79 2
1 2269 126 514 73 130 79 2
1 2269 127 514 73 130 79 2
1 2269 128 514 73 130 79 2
1 2269 129 514 73 130 79 2
1 2269 130 514 73 130 79 2
1 2269 131 514 73 130 79 2
1 2269 132 514 73 130 79 2
1 2269 133 514 73 130 79 2
1 2269 134 514 73 130 79 2
1 2269 135 514 73 130 79 2
1 2269 136 514 73 130 79 2
1 2269 137 514 73 130 79 2
1 2269 138 514 73 130 79 2
1 2269 139 514 73 130 79 2
1 2269 140 514 73 130 79 2
1 2269 141 514 73 130 79 2
1 2269 142 514 73 130 79 2
1 2269 143 514 73 130 79 2
1 2269 144 514 73 130 79 2
1 2269 145 514 73 130 79 2
1 2269 146 514 73 130 79 2
1 2269 147 514 73 130 79 2
1 2269 148 514 73 130 79 2
1 2269 149 514 73 130 79 2
1 2269 150 514 73 130 79 2
1 2269 151 514 73 130 79 2
1 2269 152 514 73 130 79 2
1 2269 153 514 73 130 79 2
1 2269 154 514 73 130 79 2
1 2269 155 514 73 130 79 2
1 2269 156 514 73 130 79 2
1 2269 157 514 73 130 79 2
1 2269 158 514 73 130 79 2
1 2269 159 514 73 130 79 2
1 2269 160 514 73 130 79 2
1 2269 161 514 73 130 79 2
1 2269 162 514 73 130 79 2
1 2269 163 514 73 130 79 2
1 2269 164 514 73 130 79 2
1 2269 165 514 73 130 79 2
1 2269 166 514 73 130 79 2
1 2269 167 514 73 130 79 2
1 2269 168 514 73 130 79 2
1 2269 169 514 73 130 79 2
1 2269 170 514 73 130 79 2
1 2269 171 514 73 130 79 2
1 2269 172 514 73 130 79 2
1 2269 173 514 73 130 79 2
1 2269 174 514 73 130 79 2
1 2269 175 514 73 130 79 2
1 2269 176 514 73 130 79 2
1 2269 177 514 73 130 79 2
1 2269 178 514 73 130 79 2
1 2269 179 514 73 130 79 2
1 2269 180 514 73 130 79 2
1 2269 181 514 73 130 79 2
1 2269 182 514 73 130 79 2
1 2269 183 514 73 130 79 2
1 2269 184 514 73 130 79 2
1 2269 185 514 73 130 79 2
1 2269 186 514 73 130 79 2
1 2269 187 514 73 130 79 2
1 2269 188 514 73 130 79 2
1 2269 189 514 73 130 79 2
1 2269 190 514 73 130 79 2
1 2269 191 514 73 130 79 2
1 2269 192 514 73 130 79 2
1 2269 193 514 73 130 79 2
1 2269 194 514 73 130 79 2
1 2269 195 514 73 130 79 2
1 2269 196 514 73 130 79 2
1 2269 197 514 73 130 79 2
1 2269 198 514 73 130 79 2
1 2269 199 514 73 130 79 2
1 2269 200 514 73 130 79 2
1 2269 201 514 73 130 79 2
1 2269 202 514 73 130 79 2
1 2269 203 514 73 130 79 2
1 2269 204 514 73 130 79 2
1 2269 205 514 73 130 79 2
1 2269 206 514 73 130 79 2
1 2269 207 514 73 130 79 2
1 2269 208 514 73 130 79 2
1 2269 209 514 73 130 79 2
1 2269 210 514 73 130 79 2
1 2269 211 514 73 130 79 2
1 2269 212 514 73 130 79 2
1 2269 213 514 73 130 79 2
1 2269 214 514 73 130 79 2
1 2269 215 514 73 130 79 2
1 2269 216 514 73 130 79 2
1 2269 217 514 73 130 79 2
1 2269 218 514 73 130 79 2
1 2269 219 514 73 130 79 2
1 2269 220 514 73 130 79 2
1 2269 221 514 73 130 79 2
1 2269 222 513 73 130 79 2
1 2269 223 513 73 130 79 2
1 2269 224 513 73 130 79 2
1 2269 225 513 73 130 79 2
1 2269 226 513 73 130 79 2
1 2269 227 513 73 130 79 2
1 2269 228 513 73 130 79 2
1 2269 229 513 73 130 79 2
1 2269 230 513 73 130 79 2
1 2269 231 513 73 130 79 2
1 2269 232 513 73 130 79 2
1 2269 233 513 73 130 79 2
1 2269 234 513 73 130 79 2
1 2269 235 513 73 130 79 2
1 2269 236 513 73 130 79 2
1 2269 237 513 73 130 79 2
1 2269 238 513 73 130 79 2
1 2269 239 513 73 130 79 2
1 2269 240 513 73 130 79 2
1 2269 241 513 73 130 79 2
1 2269 242 513 73 130 79 2
1 2269 243 513 73 130 79 2
1 2269 244 513 73 130 79 2
1 2269 245 513 73 130 79 2
1 2269 246 513 73 130 79 2
1 2269 247 513 73 130 79 2
1 2269 248 513 73 130 79 2
1 2269 249 513 73 130 79 2
1 2269 250 513 73 130 79 2
1 2269 251 513 73 130 79 2
1 2269 252 513 73 130 79 2
1 2269 253 513 73 130 79 2
1 2269 254 513 73 130 79 2
1 2269 255 513 73 130 79 2
1 2269 256 513 73 130 79 2
1 2269 257 513 73 130 79 2
1 2269 258 513 73 130 79 2
1 2269 259 513 73 130 79 2
1 2269 260 513 73 130 79 2
1 2269 261 513 73 130 79 2
1 2269 262 513 73 130 79 2
1 2269 263 513 73 130 79 2
1 2269 264 513 73 130 79 2
1 2269 265 513 73 130 79 2
1 2269 266 513 73 130 79 2
1 2269 267 513 73 130 79 2
1 2269 268 513 73 130 79 2
1 2269 269 513 73 130 79 2
1 2269 270 513 73 130 79 2
1 2269 271 513 73 130 79 2
1 2269 272 513 73 130 79 2
1 2269 273 513 73 130 79 2
1 2269 274 513 73 130 79 2
1 2269 275 513 73 130 79 2
1 2269 276 513 73 130 79 2
1 2269 277 513 73 130 79 2
1 2269 278 513 73 130 79 2
1 2269 279 513 73 130 79 2
1 2269 280 513 73 130 79 2
1 2269 281 513 73 130 79 2
1 2269 282 513 73 130 79 2
1 2269 283 513 73 130 79 2
1 2269 284 513 73 130 79 2
1 2269 285 513 73 130 79 2
1 2269 286 513 73 130 79 2
1 2269 287 513 73 130 79 2
1 2269 288 513 73 130 79 2
1 2269 289 513 73 130 79 2
1 2269 290 513 73 130 79 2
1 2269 291 513 73 130 79 2
1 2269 292 513 73 130 79 2
1 2269 293 513 73 130 79 2
1 2269 294 513 73 130 79 2
1 2269 295 513 73 130 79 2
1 2269 296 513 73 130 79 2
1 2269 297 513 73 130 79 2
1 2269 298 513 73 130 79 2
1 2269 299 513 73 130 79 2
1 2269 300 513 73 130 79 2
1 2269 301 513 73 130 79 2
1 2269 302 513 73 130 79 2
1 2269 303 513 73 130 79 2
1 2269 304 513 73 130 79 2
1 2269 305 513 73 130 79 2
1 2269 306 513 73 130 79 2
1 2269 307 513 73 130 79 2
1 2269 308 513 73 130 79 2
1 2269 309 513 73 130 79 2
1 2269 310 513 73 130 79 2
1 2269 311 513 73 130 79 2
1 2269 312 513 73 130 79 2
1 2269 313 513 73 130 79 2
1 2269 314 513 73 130 79 2
1 2269 315 513 73 130 79 2
1 2269 316 513 73 130 79 2
1 2269 317 513 73 130 79 2
1 2269 318 513 73 130 79 2
1 2269 319 513 73 130 79 2
1 2269 320 513 73 130 79 2
1 2269 321 513 73 130 79 2
1 2269 322 513 73 130 79 2
1 2269 323 513 73 130 79 2
1 2269 324 513 73 130 79 2
1 2269 325 513 73 130 79 2
1 2269 326 513 73 130 79 2
1 2269 327 513 73 130 79 2
1 2269 328 513 73 130 79 2
1 2269 329 513 73 130 79 2
1 2269 330 513 73 130 79 2
1 2269 331 513 73 130 79 2
1 2269 332 513 73 130 79 2
1 2269 333 512 73 130 79 2
1 2269 334 512 73 130 79 2
1 2269 335 512 73 130 79 2
1 2269 336 512 73 130 79 2
1 2269 337 512 73 130 79 2
1 2269 338 512 73 130 79 2
1 2269 339 512 73 130 79 2
1 2269 340 512 73 130 79 2
1 2269 341 512 73 130 79 2
1 2269 342 512 73 130 79 2
1 2269 343 512 73 130 79 2
1 2269 344 512 73 130 79 2
1 2269 345 512 73 130 79 2
1 2269 346 512 73 130 79 2
1 2269 347 512 73 130 79 2
1 2269 348 512 73 130 79 2
1 2269 349 512 73 130 79 2
1 2269 350 512 73 130 79 2
1 2269 351 512 73 130 79 2
1 2269 352 512 73 130 79 2
1 2269 353 512 73 130 79 2
1 2269 354 512 73 130 79 2
1 2269 355 512 73 130 79 2
1 2269 356 512 73 130 79 2
1 2269 357 512 73 130 79 2
1 2269 358 512 73 130 79 2
1 2269 359 512 73 130 79 2
1 2269 360 512 73 130 79 2
1 2269 361 512 73 130 79 2
1 2269 362 512 73 130 79 2
1 2269 363 512 73 130 79 2
1 2269 364 512 73 130 79 2
1 2269 365 512 73 130 79 2
1 2269 366 512 73 130 79 2
1 2269 367 512 73 130 79 2
1 2269 368 512 73 130 79 2
1 2269 369 512 73 130 79 2
1 2269 370 512 73 130 79 2
1 2269 371 512 73 130 79 2
1 2269 372 512 73 130 79 2
1 2269 373 512 73 130 79 2
1 2269 374 512 73 130 79 2
1 2269 375 512 73 130 79 2
1 2269 376 512 73 130 79 2
1 2269 377 512 73 130 79 2
1 2269 378 512 73 130 79 2
1 2269 379 512 73 130 79 2
1 2269 380 512 73 130 79 2
1 2269 381 512 73 130 79 2
1 2269 382 512 73 130 79 2
1 2269 383 512 73 130 79 2
1 2269 384 512 73 130 79 2
1 2269 385 512 73 130 79 2
1 2269 386 512 73 130 79 2
1 2269 387 512 73 130 79 2
1 2269 388 512 73 130 79 2
1 2269 389 512 73 130 79 2
1 2269 390 512 73 130 79 2
1 2269 391 512 73 130 79 2
1 2269 392 512 73 130 79 2
1 2269 393 512 73 130 79 2
1 2269 394 512 73 130 79 2
1 2269 395 512 73 130 79 2
1 2269 396 512 73 130 79 2
1 2269 397 512 73 130 79 2
1 2269 398 512 73 130 79 2
1 2269 399 512 73 130 79 2
1 2269 400 512 73 130 79 2
1 2269 401 512 73 130 79 2
1 2269 402 512 73 130 79 2
1 2269 403 512 73 130 79 2
1 2269 404 512 73 130 79 2
1 2269 405 512 73 130 79 2
1 2269 406 512 73 130 79 2
1 2269 407 512 73 130 79 2
1 2269 408 512 73 130 79 2
1 2269 409 512 73 130 79 2
1 2269 410 512 73 130 79 2
1 2269 411 512 73 130 79 2
1 2269 412 512 73 130 79 2
1 2269 413 512 73 130 79 2
1 2269 414 512 73 130 79 2
1 2269 415 512 73 130 79 2
1 2269 416 512 73 130 79 2
1 2269 417 512 73 130 79 2
1 2269 418 512 73 130 79 2
1 2269 419 512 73 130 79 2
1 2269 420 512 73 130 79 2
1 2269 421 512 73 130 79 2
1 2269 422 512 73 130 79 2
1 2269 423 512 73 130 79 2
1 2269 424 512 73 130 79 2
1 2269 425 512 73 130 79 2
1 2269 426 512 73 130 79 2
1 2269 427 512 73 130 79 2
1 2269 428 512 73 130 79 2
1 2269 429 512 73 130 79 2
1 2269 430 512 73 130 79 2
1 2269 431 512 73 130 79 2
1 2269 432 512 73 130 79 2
1 2269 433 512 73 130 79 2
1 2269 434 512 73 130 79 2
1 2269 435 512 73 130 79 2
1 2269 436 512 73 130 79 2
1 2269 437 512 73 130 79 2
1 2269 438 512 73 130 79 2
1 2269 439 512 73 130 79 2
1 2269 440 512 73 130 79 2
1 2269 441 512 73 130 79 2
1 2269 442 512 73 130 79 2
1 2269 443 511 73 130 79 2
1 2269 444 511 73 130 79 2
1 2269 445 511 73 130 79 2
1 2269 446 511 73 130 79 2
1 2269 447 511 73 130 79 2
1 2269 448 511 73 130 79 2
1 2269 449 511 73 130 79 2
1 2269 450 511 73 130 79 2
1 2269 451 511 73 130 79 2
1 2269 452 511 73 130 79 2
1 2269 453 511 73 130 79 2
1 2269 454 511 73 130 79 2
1 2269 455 511 73 130 79 2
1 2269 456 511 73 130 79 2
1 2269 457 511 73 130 79 2
1 2269 458 511 73 130 79 2
1 2269 459 511 73 130 79 2
1 2269 460 511 73 130 79 2
1 2269 461 511 73 130 79 2
1 2269 462 511 73 130 79 2
1 2269 463 511 73 130 79 2
1 2269 464 511 73 130 79 2
1 2269 465 511 73 130 79 2
1 2269 466 511 73 130 79 2
1 2269 467 511 73 130 79 2
1 2269 468 511 73 130 79 2
1 2269 469 511 73 130 79 2
1 2269 470 511 73 130 79 2
1 2269 471 511 73 130 79 2
1 2269 472 511 73 130 79 2
1 2269 473 511 73 130 79 2
1 2269 474 511 73 130 79 2
1 2269 475 511 73 130 79 2
1 2269 476 511 73 130 79 2
1 2269 477 511 73 130 79 2
1 2269 478 511 73 130 79 2
1 2269 479 511 73 130 79 2
1 2269 480 511 73 130 79 2
1 2269 481 511 73 130 79 2
1 2269 482 511 73 130 79 2
1 2269 483 511 73 130 79 2
1 2269 484 511 73 130 79 2
1 2269 485 511 73 130 79 2
1 2269 486 511 73 130 79 2
1 2269 487 511 73 130 79 2
1 2269 488 511 73 130 79 2
1 2269 489 511 73 130 79 2
1 2269 490 511 73 130 79 2
1 2269 491 511 73 130 79 2
1 2269 492 511 73 130 79 2
1 2269 493 511 73 130 79 2
1 2269 494 511 73 130 79 2
1 2269 495 511 73 130 79 2
1 2269 496 511 73 130 79 2
1 2269 497 511 73 130 79 2
1 2269 498 511 73 130 79 2
1 2269 499 511 73 130 79 2
1 2269 500 511 73 130 79 2
1 2269 501 511 73 130 79 2
1 2269 502 511 73 130 79 2
1 2269 503 511 73 130 79 2
1 2269 504 511 73 130 79 2
1 2269 505 511 73 130 79 2
1 2269 506 511 73 130 79 2
1 2269 507 511 73 130 79 2
1 2269 508 511 73 130 79 2
1 2269 509 511 73 130 79 2
1 2269 510 511 73 130 79 2
1 2269 511 511 73 130 79 2
1 2269 512 511 73 130 79 2
1 2269 513 511 73 130 79 2
1 2269 514 511 73 130 79 2
1 2269 515 511 73 130 79 2
1 2269 516 511 73 130 79 2
1 2269 517 511 73 130 79 2
1 2269 518 511 73 130 79 2
1 2269 519 511 73 130 79 2
1 2269 520 511 73 130 79 2
1 2269 521 511 73 130 79 2
1 2269 522 511 73 130 79 2
1 2269 523 511 73 130 79 2
1 2269 524 511 73 130 79 2
1 2269 525 511 73 130 79 2
1 2269 526 511 73 130 79 2
1 2269 527 511 73 130 79 2
1 2269 528 511 73 130 79 2
1 2269 529 511 73 130 79 2
1 2269 530 511 73 130 79 2
1 2269 531 511 73 130 79 2
1 2269 532 511 73 130 79 2
1 2269 533 511 73 130 79 2
1 2269 534 511 73 130 79 2
1 2269 535 511 73 130 79 2
1 2269 536 511 73 130 79 2
1 2269 537 511 73 130 79 2
1 2269 538 511 73 130 79 2
1 2269 539 511 73 130 79 2
1 2269 540 511 73 130 79 2
1 2269 541 511 73 130 79 2
1 2269 542 511 73 130 79 2
1 2269 543 511 73 130 79 2
1 2269 544 511 73 130 79 2
1 2269 545 511 73 130 79 2
1 2269 546 511 73 130 79 2
1 2269 547 511 73 130 79 2
1 2269 548 511 73 130 79 2
1 2269 549 511 73 130 79 2
1 2269 550 511 73 130 79 2
1 2269 551 511 73 130 79 2
1 2269 552 511 73 130 79 2
1 2269 553 511 73 130 79 2
1 2269 554 510 73 130 79 2
1 2269 555 510 73 130 79 2
1 2269 556 510 73 130 79 2
1 2269 557 510 73 130 79 2
1 2269 558 510 73 130 79 2
1 2269 559 510 73 130 79 2
1 2269 560 510 73 130 79 2
1 2269 561 510 73 130 79 2
1 2269 562 510 73 130 79 2
1 2269 563 510 73 130 79 2
1 2269 564 510 73 130 79 2
1 2269 565 510 73 130 79 2
1 2269 566 510 73 130 79 2
1 2269 567 510 73 130 79 2
1 2269 568 510 73 130 79 2
1 2269 569 510 73 130 79 2
1 2269 570 510 73 130 79 2
1 2269 571 510 73 130 79 2
1 2269 572 510 73 130 79 2
1 2269 573 510 73 130 79 2
1 2269 574 510 73 130 79 2
1 2269 575 510 73 130 79 2
1 2269 576 510 73 130 79 2
1 2269 577 510 73 130 79 2
1 2269 578 510 73 130 79 2
1 2269 579 510 73 130 79 2
1 2269 580 510 73 130 79 2
1 2269 581 510 73 130 79 2
1 2269 582 510 73 130 79 2
1 2269 583 510 73 130 79 2
1 2269 584 510 73 130 79 2
1 2269 585 510 73 130 79 2
1 2269 586 510 73 130 79 2
1 2269 587 510 73 130 79 2
1 2269 588 510 73 130 79 2
1 2269 589 510 73 130 79 2
1 2269 590 510 73 130 79 2
1 2269 591 510 73 130 79 2
1 2269 592 510 73 130 79 2
1 2269 593 510 73 130 79 2
1 2269 594 510 73 130 79 2
1 2269 595 510 73 130 79 2
1 2269 596 510 73 130 79 2
1 2269 597 510 73 130 79 2
1 2269 598 510 73 130 79 2
1 2269 599 510 73 130 79 2
1 2269 600 510 73 130 79 2
1 2269 601 510 73 130 79 2
1 2269 602 510 73 130 79 2
1 2269 603 510 73 130 79 2
1 2269 604 510 73 130 79 2
1 2269 605 510 73 130 79 2
1 2269 606 510 73 130 79 2
1 2269 607 510 73 130 79 2
1 2269 608 510 73 130 79 2
1 2269 609 510 73 130 79 2
1 2269 610 510 73 130 79 2
1 2269 611 510 73 130 79 2
1 2269 612 510 73 130 79 2
1 2269 613 510 73 130 79 2
1 2269 614 510 73 130 79 2
1 2269 615 510 73 130 79 2
1 2269 616 510 73 130 79 2
1 2269 617 510 73 130 79 2
1 2269 618 510 73 130 79 2
1 2269 619 510 73 130 79 2
1 2269 620 510 73 130 79 2
1 2269 621 510 73 130 79 2
1 2269 622 510 73 130 79 2
1 2269 623 510 73 130 79 2
1 2269 624 510 73 130 79 2
1 2269 625 510 73 130 79 2
1 2269 626 510 73 130 79 2
1 2269 627 510 73 130 79 2
1 2269 628 510 73 130 79 2
1 2269 629 510 73 130 79 2
1 2269 630 510 73 130 79 2
1 2269 631 510 73 130 79 2
1 2269 632 510 73 130 79 2
1 2269 633 510 73 130 79 2
1 2269 634 510 73 130 79 2
1 2269 635 510 73 130 79 2
1 2269 636 510 73 130 79 2
1 2269 637 510 73 130 79 2
1 2269 638 510 73 130 79 2
1 2269 639 510 73 130 79 2
1 2269 640 510 73 130 79 2
1 2269 641 510 73 130 79 2
1 2269 642 510 73 130 79 2
1 2269 643 510 73 130 79 2
1 2269 644 510 73 130 79 2
1 2269 645 510 73 130 79 2
1 2269 646 510 73 130 79 2
1 2269 647 510 73 130 79 2
1 2269 648 510 73 130 79 2
1 2269 649 510 73 130 79 2
1 2269 650 510 73 130 79 2
1 2269 651 510 73 130 79 2
1 2269 652 510 73 130 79 2
1 2269 653 510 73 130 79 2
1 2269 654 510 73 130 79 2
1 2269 655 510 73 130 79 2
1 2269 656 510 73 130 79 2
1 2269 657 510 73 130 79 2
1 2269 658 510 73 130 79 2
1 2269 659 510 73 130 79 2
1 2269 660 510 73 130 79 2
1 2269 661 510 73 130 79 2
1 2269 662 510 73 130 79 2
1 2269 663 510 73 130 79 2
1 2269 664 510 73 130 79 2
1 2269 665 509 73 130 79 2
1 2269 666 509 73 130 79 2
1 2269 667 509 73 130 79 2
1 2269 668 509 73 130 79 2
1 2269 669 509 73 130 79 2
1 2269 670 509 73 130 79 2
1 2269 671 509 73 130 79 2
1 2269 672 509 73 130 79 2
1 2269 673 509 73 130 79 2
1 2269 674 509 73 130 79 2
1 2269 675 509 73 130 79 2
1 2269 676 509 73 130 79 2
1 2269 677 509 73 130 79 2
1 2269 678 509 73 130 79 2
1 2269 679 509 73 130 79 2
1 2269 680 509 73 130 79 2
1 2269 681 509 73 130 79 2
1 2269 682 509 73 130 79 2
1 2269 683 509 73 130 79 2
1 2269 684 509 73 130 79 2
1 2269 685 509 73 130 79 2
1 2269 686 509 73 130 79 2
1 2269 687 509 73 130 79 2
1 2269 688 509 73 130 79 2
1 2269 689 509 73 130 79 2
1 2269 690 509 73 130 79 2
1 2269 691 509 73 130 79 2
1 2269 692 509 73 130 79 2
1 2269 693 509 73 130 79 2
1 2269 694 509 73 130 79 2
1 2269 695 509 73 130 79 2
1 2269 696 509 73 130 79 2
1 2269 697 509 73 130 79 2
1 2269 698 509 73 130 79 2
1 2269 699 509 73 130 79 2
1 2269 700 509 73 130 79 2
1 2269 701 509 73 130 79 2
1 2269 702 509 73 130 79 2
1 2269 703 509 73 130 79 2
1 2269 704 509 73 130 79 2
1 2269 705 509 73 130 79 2
1 2269 706 509 73 130 79 2
1 2269 707 509 73 130 79 2
1 2269 708 509 73 130 79 2
1 2269 709 509 73 130 79 2
1 2269 710 509 73 130 79 2
1 2269 711 509 73 130 79 2
1 2269 712 509 73 130 79 2
1 2269 713 509 73 130 79 2
1 2269 714 509 73 130 79 2
1 2269 715 509 73 130 79 2
1 2269 716 509 73 130 79 2
1 2269 717 509 73 130 79 2
1 2269 718 509 73 130 79 2
1 2269 719 509 73 130 79 2
1 2269 720 509 73 130 79 2
1 2269 721 509 73 130 79 2
1 2269 722 509 73 130 79 2
1 2269 723 509 73 130 79 2
1 2269 724 509 73 130 79 2
1 2269 725 509 73 130 79 2
1 2269 726 509 73 130 79 2
1 2269 727 509 73 130 79 2
1 2269 728 509 73 130 79 2
1 2269 729 509 73 130 79 2
1 2269 730 509 73 130 79 2
1 2269 731 509 73 130 79 2
1 2269 732 509 73 130 79 2
1 2269 733 509 73 130 79 2
1 2269 734 509 73 130 79 2
1 2269 735 509 73 130 79 2
1 2269 736 509 73 130 79 2
1 2269 737 509 73 130 79 2
1 2269 738 509 73 130 79 2
1 2269 739 509 73 130 79 2
1 2269 740 509 73 130 79 2
1 2269 741 509 73 130 79 2
1 2269 742 509 73 130 79 2
1 2269 743 509 73 130 79 2
1 2269 744 509 73 130 79 2
1 2269 745 509 73 130 79 2
1 2269 746 509 73 130 79 2
1 2269 747 509 73 130 79 2
1 2269 748 509 73 130 79 2
1 2269 749 509 73 130 79 2
1 2269 750 509 73 130 79 2
1 2269 751 509 73 130 79 2
1 2269 752 509 73 130 79 2
1 2269 753 509 73 130 79 2
1 2269 754 509 73 130 79 2
1 2269 755 509 73 130 79 2
1 2269 756 509 73 130 79 2
1 2269 757 509 73 130 79 2
1 2269 758 509 73 130 79 2
1 2269 759 509 73 130 79 2
1 2269 760 509 73 130 79 2
1 2269 761 509 73 130 79 2
1 2269 762 509 73 130 79 2
1 2269 763 509 73 130 79 2
1 2269 764 509 73 130 79 2
1 2269 765 509 73 130 79 2
1 2269 766 509 73 130 79 2
1 2269 767 509 73 130 79 2
1 2269 768 509 73 130 79 2
1 2269 769 509 73 130 79 2
1 2269 770 509 73 130 79 2
1 2269 771 509 73 130 79 2
1 2269 772 509 73 130 79 2
1 2269 773 509 73 130 79 2
1 2269 774 509 73 130 79 2
1 2269 775 509 73 130 79 2
1 2269 776 509 73 130 79 2
1 2269 777 509 73 130 79 2
1 2269 778 509 73 130 79 2
1 2269 779 509 73 130 79 2
1 2269 780 509 73 130 79 2
1 2269 781 509 73 130 79 2
1 2269 782 509 73 130 79 2
1 2269 783 509 73 130 79 2
1 2269 784 509 73 130 79 2
1 2269 785 509 73 130 79 2
1 2269 786 509 73 130 79 2
1 2269 787 509 73 130 79 2
1 2269 788 509 73 130 79 2
1 2269 789 509 73 130 79 2
1 2269 790 509 73 130 79 2
1 2269 791 509 73 130 79 2
1 2269 792 509 73 130 79 2
1 2269 793 509 73 130 79 2
1 2269 794 509 73 130 79 2
1 2269 795 509 73 130 79 2
1 2269 796 509 73 130 79 2
1 2269 797 509 73 130 79 2
1 2269 798 509 73 130 79 2
1 2269 799 509 73 130 79 2
1 2269 800 509 73 130 79 2
1 2269 801 509 73 130 79 2
1 2269 802 509 73 130 79 2
1 2269 803 509 73 130 79 2
1 2269 804 509 73 130 79 2
1 2269 805 509 73 130 79 2
1 2269 806 509 73 130 79 2
1 2269 807 509 73 130 79 2
1 2269 808 509 73 130 79 2
1 2269 809 509 73 130 79 2
1 2269 810 509 73 130 79 2
1 2269 811 509 73 130 79 2
1 2269 812 509 73 130 79 2
1 2269 813 509 73 130 79 2
1 2269 814 509 73 130 79 2
1 2269 815 509 73 130 79 2
1 2269 816 509 73 130 79 2
1 2269 817 509 73 130 79 2
1 2269 818 509 73 130 79 2
1 2269 819 509 73 130 79 2
1 2269 820 509 73 130 79 2
1 2269 821 509 73 130 79 2
1 2269 822 509 73 130 79 2
1 2269 823 509 73 130 79 2
1 2269 824 509 73 130 79 2
1 2269 825 509 73 130 79 2
1 2269 826 509 73 130 79 2
1 2269 827 509 73 130 79 2
1 2269 828 509 73 130 79 2
1 2269 829 509 73 130 79 2
1 2269 830 509 73 130 79 2
1 2269 831 509 73 130 79 2
1 2269 832 509 73 130 79 2
1 2269 833 509 73 130 79 2
1 2269 834 509 73 130 79 2
1 2269 835 509 73 130 79 2
1 2269 836 509 73 130 79 2
1 2269 837 509 73 130 79 2
1 2269 838 509 73 130 79 2
1 2269 839 509 73 130 79 2
1 2269 840 509 73 130 79 2
1 2269 841 509 73 130 79 2
1 2269 842 509 73 130 79 2
1 2269 843 509 73 130 79 2
1 2269 844 509 73 130 79 2
1 2269 845 509 73 130 79 2
1 2269 846 509 73 130 79 2
1 2269 847 509 73 130 79 2
1 2269 848 509 73 130 79 2
1 2269 849 509 73 130 79 2
1 2269 850 509 73 130 79 2
1 2269 851 509 73 130 79 2
1 2269 852 509 73 130 79 2
1 2269 853 509 73 130 79 2
1 2269 854 509 73 130 79 2
1 2269 855 509 73 130 79 2
1 2269 856 509 73 130 79 2
1 2269 857 509 73 130 79 2
1 2269 858 509 73 130 79 2
1 2269 859 509 73 130 79 2
1 2269 860 509 73 130 79 2
1 2269 861 509 73 130 79 2
1 2269 862 509 73 130 79 2
1 2269 863 509 73 130 79 2
1 2269 864 509 73 130 79 2
1 2269 865 509 73 130 79 2
1 2269 866 509 73 130 79 2
1 2269 867 509 73 130 79 2
1 2269 868 509 73 130 79 2
1 2269 869 509 73 130 79 2
1 2269 870 509 73 130 79 2
1 2269 871 509 73 130 79 2
1 2269 872 509 73 130 79 2
1 2269 873 509 73 130 79 2
1 2269 874 509 73 130 79 2
1 2269 875 509 73 130 79 2
1 2269 876 509 73 130 79 2
1 2269 877 509 73 130 79 2
1 2269 878 509 73 130 79 2
1 2269 879 509 73 130 79 2
1 2269 880 509 73 130 79 2
1 2269 881 509 73 130 79 2
1 2269 882 509 73 130 79 2
1 2269 883 509 73 130 79 2
1 2269 884 509 73 130 79 2
1 2269 885 509 73 130 79 2
1 2269 886 509 73 130 79 2
1 2269 887 509 73 130 79 2
1 2269 888 509 73 130 79 2
1 2269 889 509 73 130 79 2
1 2269 890 509 73 130 79 2
1 2269 891 509 73 130 79 2
1 2269 892 509 73 130 79 2
1 2269 893 509 73 130 79 2
1 2269 894 509 73 130 79 2
1 2269 895 509 73 130 79 2
1 2269 896 509 73 130 79 2
1 2269 897 509 73 130 79 2
1 2269 898 509 73 130 79 2
1 2269 899 509 73 130 79 2
1 2269 900 509 73 130 79 2
1 2269 901 509 73 130 79 2
1 2269 902 509 73 130 79 2
1 2269 903 509 73 130 79 2
1 2269 904 509 73 130 79 2
1 2269 905 509 73 130 79 2
1 2269 906 509 73 130 79 2
1 2269 907 509 73 130 79 2
1 2269 908 509 73 130 79 2
1 2269 909 509 73 130 79 2
1 2269 910 509 73 130 79 2
1 2269 911 509 73 130 79 2
1 2269 912 509 73 130 79 2
1 2269 913 509 73 130 79 2
1 2269 914 509 73 130 79 2
1 2269 915 509 73 130 79 2
1 2269 916 509 73 130 79 2
1 2269 917 509 73 130 79 2
1 2269 918 509 73 130 79 2
1 2269 919 509 73 130 79 2
1 2269 920 509 73 130 79 2
1 2269 921 509 73 130 79 2
1 2269 922 509 73 130 79 2
1 2269 923 509 73 130 79 2
1 2269 924 509 73 130 79 2
1 2269 925 509 73 130 79 2
1 2269 926 509 73 130 79 2
1 2269 927 509 73 130 79 2
1 2269 928 509 73 130 79 2
1 2269 929 509 73 130 79 2
1 2269 930 509 73 130 79 2
1 2269 931 509 73 130 79 2
1 2269 932 509 73 130 79 2
1 2269 933 509 73 130 79 2
1 2269 934 509 73 130 79 2
1 2269 935 509 73 130 79 2
1 2269 936 509 73 130 79 2
1 2269 937 509 73 130 79 2
1 2269 938 509 73 130 79 2
1 2269 939 509 73 130 79 2
1 2269 940 509 73 130 79 2
1 2269 941 509 73 130 79 2
1 2269 942 509 73 130 79 2
1 2269 943 509 73 130 79 2
1 2269 944 509 73 130 79 2
1 2269 945 509 73 130 79 2
1 2269 946 509 73 130 79 2
1 2269 947 509 73 130 79 2
1 2269 948 509 73 130 79 2
1 2269 949 509 73 130 79 2
1 2269 950 509 73 130 79 2
1 2269 951 509 73 130 79 2
1 2269 952 509 73 130 79 2
1 2269 953 509 73 130 79 2
1 2269 954 509 73 130 79 2
1 2269 955 509 73 130 79 2
1 2269 956 509 73 130 79 2
1 2269 957 509 73 130 79 2
1 2269 958 509 73 130 79 2
1 2269 959 509 73 130 79 2
1 2269 960 509 73 130 79 2
1 2269 961 509 73 130 79 2
1 2269 962 509 73 130 79 2
1 2269 963 509 73 130 79 2
1 2269 964 509 73 130 79 2
1 2269 965 509 73 130 79 2
1 2269 966 509 73 130 79 2
1 2269 967 509 73 130 79 2
1 2269 968 509 73 130 79 2
1 2269 969 509 73 130 79 2
1 2269 970 509 73 130 79 2
1 2269 971 509 73 130 79 2
1 2269 972 509 73 130 79 2
1 2269 973 509 73 130 79 2
1 2269 974 509 73 130 79 2
1 2269 975 509 73 130 79 2
1 2269 976 509 73 130 79 2
1 2269 977 509 73 130 79 2
1 2269 978 509 73 130 79 2
1 2269 979 509 73 130 79 2
1 2269 980 509 73 130 79 2
1 2269 981 509 73 130 79 2
1 2269 982 509 73 130 79 2
1 2269 983 509 73 130 79 2
1 2269 984 509 73 130 79 2
1 2269 985 509 73 130 79 2
1 2269 986 509 73 130 79 2
1 2269 987 509 73 130 79 2
1 2269 988 509 73 130 79 2
1 2269 989 509 73 130 79 2
1 2269 990 509 73 130 79 2
1 2269 991 509 73 130 79 2
1 2269 992 509 73 130 79 2
1 2269 993 509 73 130 79 2
1 2269 994 509 73 130 79 2
1 2269 995 509 73 130 79 2
1 2269 996 509 73 130 79 2
1 2269 997 509 73 130 79 2
1 2269 998 509 73 130 79 2
1 2269 999 509 73 130 79 2
1 2269 1000 509 73 130 79 2
1 2269 1001 509 73 130 79 2
1 2269 1002 509 73 130 79 2
1 2269 1003 509 73 130 79 2
1 2269 1004 509 73 130 79 2
1 2269 1005 509 73 130 79 2
1 2269 1006 509 73 130 79 2
1 2269 1007 509 73 130 79 2
1 2269 1008 509 73 130 79 2
1 2269 1009 509 73 130 79 2
1 2269 1010 509 73 130 79 2
1 2269 1011 509 73 130 79 2
1 2269 1012 509 73 130 79 2
1 2269 1013 509 73 130 79 2
1 2269 1014 509 73 130 79 2
1 2269 1015 509 73 130 79 2
1 2269 1016 509 73 130 79 2
1 2269 1017 509 73 130 79 2
1 2269 1018 509 73 130 79 2
1 2269 1019 509 73 130 79 2
1 2269 1020 509 73 130 79 2
1 2269 1021 509 73 130 79 2
1 2269 1022 509 73 130 79 2
1 2269 1023 509 73 130 79 2
1 2269 1024 509 73 130 79 2
1 2269 1025 509 73 130 79 2
1 2269 1026 509 73 130 79 2
1 2269 1027 509 73 130 79 2
1 2269 1028 509 73 130 79 2
1 2269 1029 509 73 130 79 2
1 2269 1030 509 73 130 79 2
1 2269 1031 509 73 130 79 2
1 2269 1032 509 73 130 79 2
1 2269 1033 509 73 130 79 2
1 2269 1034 509 73 130 79 2
1 2269 1035 509 73 130 79 2
1 2269 1036 509 73 130 79 2
1 2269 1037 509 73 130 79 2
1 2269 1038 509 73 130 79 2
1 2269 1039 509 73 130 79 2
1 2269 1040 509 73 130 79 2
1 2269 1041 509 73 130 79 2
1 2269 1042 509 73 130 79 2
1 2269 1043 509 73 130 79 2
1 2269 1044 509 73 130 79 2
1 2269 1045 509 73 130 79 2
1 2269 1046 509 73 130 79 2
1 2269 1047 509 73 130 79 2
1 2269 1048 509 73 130 79 2
1 2269 1049 509 73 130 79 2
1 2269 1050 509 73 130 79 2
1 2269 1051 509 73 130 79 2
1 2269 1052 509 73 130 79 2
1 2269 1053 509 73 130 79 2
1 2269 1054 509 73 130 79 2
1 2269 1055 509 73 130 79 2
1 2269 1056 509 73 130 79 2
1 2269 1057 509 73 130 79 2
1 2269 1058 509 73 130 79 2
1 2269 1059 509 73 130 79 2
1 2269 1060 509 73 130 79 2
1 2269 1061 509 73 130 79 2
1 2269 1062 509 73 130 79 2
1 2269 1063 509 73 130 79 2
1 2269 1064 509 73 130 79 2
1 2269 1065 509 73 130 79 2
1 2269 1066 509 73 130 79 2
1 2269 1067 509 73 130 79 2
1 2269 1068 509 73 130 79 2
1 2269 1069 509 73 130 79 2
1 2269 1070 509 73 130 79 2
1 2269 1071 509 73 130 79 2
1 2269 1072 509 73 130 79 2
1 2269 1073 509 73 130 79 2
1 2269 1074 509 73 130 79 2
1 2269 1075 509 73 130 79 2
1 2269 1076 509 73 130 79 2
1 2269 1077 509 73 130 79 2
1 2269 1078 509 73 130 79 2
1 2269 1079 509 73 130 79 2
1 2269 1080 509 73 130 79 2
1 2269 1081 509 73 130 79 2
1 2269 1082 509 73 130 79 2
1 2269 1083 509 73 130 79 2
1 2269 1084 509 73 130 79 2
1 2269 1085 509 73 130 79 2
1 2269 1086 509 73 130 79 2
1 2269 1087 509 73 130 79 2
1 2269 1088 509 73 130 79 2
1 2269 1089 509 73 130 79 2
1 2269 1090 509 73 130 79 2
1 2269 1091 509 73 130 79 2
1 2269 1092 509 73 130 79 2
1 2269 1093 509 73 130 79 2
1 2269 1094 509 73 130 79 2
1 2269 1095 509 73 130 79 2
1 2269 1096 509 73 130 79 2
1 2269 1097 509 73 130 79 2
1 2269 1098 509 73 130 79 2
1 2269 1099 509 73 130 79 2
1 2269 1100 509 73 130 79 2
1 2269 1101 509 73 130 79 2
1 2269 1102 509 73 130 79 2
1 2269 1103 509 73 130 79 2
1 2269 1104 509 73 130 79 2
1 2269 1105 509 73 130 79 2
1 2269 1106 509 73 130 79 2
1 2269 1107 509 73 130 79 2
1 2269 1108 509 73 130 79 2
1 2269 1109 509 73 130 79 2
1 2269 1110 509 73 130 79 2
1 2269 1111 509 73 130 79 2
1 2269 1112 509 73 130 79 2
1 2269 1113 509 73 130 79 2
1 2269 1114 509 73 130 79 2
1 2269 1115 509 73 130 79 2
1 2269 1116 509 73 130 79 2
1 2269 1117 509 73 130 79 2
1 2269 1118 509 73 130 79 2
1 2269 1119 509 73 130 79 2
1 2269 1120 509 73 130 79 2
1 2269 1121 509 73 130 79 2
1 2269 1122 509 73 130 79 2
1 2269 1123 509 73 130 79 2
1 2269 1124 509 73 130 79 2
1 2269 1125 509 73 130 79 2
1 2269 1126 509 73 130 79 2
1 2269 1127 509 73 130 79 2
1 2269 1128 509 73 130 79 2
1 2269 1129 509 73 130 79 2
1 2269 1130 509 73 130 79 2
1 2269 1131 509 73 130 79 2
1 2269 1132 509 73 130 79 2
1 2269 1133 509 73 130 79 2
1 2269 1134 509 73 130 79 2
1 2269 1135 509 73 130 79 2
1 2269 1136 509 73 130 79 2
1 2269 1137 509 73 130 79 2
1 2269 1138 509 73 130 79 2
1 2269 1139 509 73 130 79 2
1 2269 1140 509 73 130 79 2
1 2269 1141 509 73 130 79 2
1 2269 1142 509 73 130 79 2
1 2269 1143 509 73 130 79 2
1 2269 1144 509 73 130 79 2
1 2269 1145 509 73 130 79 2
1 2269 1146 509 73 130 79 2
1 2269 1147 509 73 130 79 2
1 2269 1148 509 73 130 79 2
1 2269 1149 509 73 130 79 2
1 2269 1150 509 73 130 79 2
1 2269 1151 509 73 130 79 2
1 2269 1152 509 73 130 79 2
1 2269 1153 509 73 130 79 2
1 2269 1154 509 73 130 79 2
1 2269 1155 509 73 130 79 2
1 2269 1156 509 73 130 79 2
1 2269 1157 509 73 130 79 2
1 2269 1158 509 73 130 79 2
1 2269 1159 509 73 130 79 2
1 2269 1160 509 73 130 79 2
1 2269 1161 509 73 130 79 2
1 2269 1162 509 73 130 79 2
1 2269 1163 509 73 130 79 2
1 2269 1164 509 73 130 79 2
1 2269 1165 509 73 130 79 2
1 2269 1166 509 73 130 79 2
1 2269 1167 509 73 130 79 2
1 2269 1168 509 73 130 79 2
1 2269 1169 509 73 130 79 2
1 2269 1170 509 73 130 79 2
1 2269 1171 509 73 130 79 2
1 2269 1172 509 73 130 79 2
1 2269 1173 509 73 130 79 2
1 2269 1174 509 73 130 79 2
1 2269 1175 509 73 130 79 2
1 2269 1176 509 73 130 79 2
1 2269 1177 509 73 130 79 2
1 2269 1178 509 73 130 79 2
1 2269 1179 509 73 130 79 2
1 2269 1180 509 73 130 79 2
1 2269 1181 509 73 130 79 2
1 2269 1182 509 73 130 79 2
1 2269 1183 509 73 130 79 2
1 2269 1184 509 73 130 79 2
1 2269 1185 509 73 130 79 2
1 2269 1186 509 73 130 79 2
1 2269 1187 509 73 130 79 2
1 2269 1188 509 73 130 79 2
1 2269 1189 509 73 130 79 2
1 2269 1190 509 73 130 79 2
1 2269 1191 509 73 130 79 2
1 2269 1192 509 73 130 79 2
1 2269 1193 509 73 130 79 2
1 2269 1194 509 73 130 79 2
1 2269 1195 509 73 130 79 2
1 2269 1196 509 73 130 79 2
1 2269 1197 509 73 130 79 2
1 2269 1198 509 73 130 79 2
1 2269 1199 509 73 130 79 2
1 2269 1200 509 73 130 79 2
1 2269 1201 509 73 130 79 2
1 2269 1202 509 73 130 79 2
1 2269 1203 509 73 130 79 2
1 2269 1204 509 73 130 79 2
1 2269 1205 509 73 130 79 2
1 2269 1206 509 73 130 79 2
1 2269 1207 509 73 130 79 2
1 2269 1208 509 73 130 79 2
1 2269 1209 509 73 130 79 2
1 2269 1210 509 73 130 79 2
1 2269 1211 509 73 130 79 2
1 2269 1212 509 73 130 79 2
1 2269 1213 509 73 130 79 2
1 2269 1214 509 73 130 79 2
1 2269 1215 509 73 130 79 2
1 2269 1216 509 73 130 79 2
1 2269 1217 509 73 130 79 2
1 2269 1218 509 73 130 79 2
1 2269 1219 509 73 130 79 2
1 2269 1220 509 73 130 79 2
1 2269 1221 509 73 130 79 2
1 2269 1222 509 73 130 79 2
1 2269 1223 509 73 130 79 2
1 2269 1224 509 73 130 79 2
1 2269 1225 509 73 130 79 2
1 2269 1226 509 73 130 79 2
1 2269 1227 509 73 130 79 2
1 2269 1228 509 73 130 79 2
1 2269 1229 509 73 130 79 2
1 2269 1230 509 73 130 79 2
1 2269 1231 509 73 130 79 2
1 2269 1232 509 73 130 79 2
1 2269 1233 509 73 130 79 2
1 2269 1234 509 73 130 79 2
1 2269 1235 509 73 130 79 2
1 2269 1236 509 73 130 79 2
1 2269 1237 509 73 130 79 2
1 2269 1238 509 73 130 79 2
1 2269 1239 509 73 130 79 2
1 2269 1240 509 73 130 79 2
1 2269 1241 509 73 130 79 2
1 2269 1242 509 73 130 79 2
1 2269 1243 509 73 130 79 2
1 2269 1244 509 73 130 79 2
1 2269 1245 509 73 130 79 2
1 2269 1246 509 73 130 79 2
1 2269 1247 509 73 130 79 2
1 2269 1248 509 73 130 79 2
1 2269 1249 509 73 130 79 2
1 2269 1250 509 73 130 79 2
1 2269 1251 509 73 130 79 2
1 2269 1252 509 73 130 79 2
1 2269 1253 509 73 130 79 2
1 2269 1254 509 73 130 79 2
1 2269 1255 509 73 130 79 2
1 2269 1256 509 73 130 79 2
1 2269 1257 509 73 130 79 2
1 2269 1258 509 73 130 79 2
1 2269 1259 509 73 130 79 2
1 2269 1260 509 73 130 79 2
1 2269 1261 509 73 130 79 2
1 2269 1262 509 73 130 79 2
1 2269 1263 509 73 130 79 2
1 2269 1264 509 73 130 79 2
1 2269 1265 509 73 130 79 2
1 2269 1266 509 73 130 79 2
1 2269 1267 509 73 130 79 2
1 2269 1268 509 73 130 79 2
1 2269 1269 509 73 130 79 2
1 2269 1270 509 73 130 79 2
1 2269 1271 509 73 130 79 2
1 2269 1272 509 73 130 79 2
1 2269 1273 509 73 130 79 2
1 2269 1274 509 73 130 79 2
1 2269 1275 509 73 130 79 2
1 2269 1276 509 73 130 79 2
1 2269 1277 509 73 130 79 2
1 2269 1278 509 73 130 79 2
1 2269 1279 509 73 130 79 2
1 2269 1280 509 73 130 79 2
1 2269 1281 509 73 130 79 2
1 2269 1282 509 73 130 79 2
1 2269 1283 509 73 130 79 2
1 2269 1284 509 73 130 79 2
1 2269 1285 509 73 130 79 2
1 2269 1286 509 73 130 79 2
1 2269 1287 509 73 130 79 2
1 2269 1288 509 73 130 79 2
1 2269 1289 509 73 130 79 2
1 2269 1290 509 73 130 79 2
1 2269 1291 509 73 130 79 2
1 2269 1292 509 73 130 79 2
1 2269 1293 509 73 130 79 2
1 2269 1294 509 73 130 79 2
1 2269 1295 509 73 130 79 2
1 2269 1296 509 73 130 79 2
1 2269 1297 509 73 130 79 2
1 2269 1298 509 73 130 79 2
1 2269 1299 509 73 130 79 2
1 2269 1300 509 73 130 79 2
1 2269 1301 509 73 130 79 2
1 2269 1302 509 73 130 79 2
1 2269 1303 509 73 130 79 2
1 2269 1304 509 73 130 79 2
1 2269 1305 509 73 130 79 2
1 2269 1306 509 73 130 79 2
1 2269 1307 509 73 130 79 2
1 2269 1308 509 73 130 79 2
1 2269 1309 509 73 130 79 2
1 2269 1310 509 73 130 79 2
1 2269 1311 509 73 130 79 2
1 2269 1312 509 73 130 79 2
1 2269 1313 509 73 130 79 2
1 2269 1314 509 73 130 79 2
1 2269 1315 509 73 130 79 2
1 2269 1316 509 73 130 79 2
1 2269 1317 509 73 130 79 2
1 2269 1318 509 73 130 79 2
1 2269 1319 509 73 130 79 2
1 2269 1320 509 73 130 79 2
1 2269 1321 509 73 130 79 2
1 2269 1322 509 73 130 79 2
1 2269 1323 509 73 130 79 2
1 2269 1324 509 73 130 79 2
1 2269 1325 509 73 130 79 2
1 2269 1326 509 73 130 79 2
1 2269 1327 509 73 130 79 2
1 2269 1328 509 73 130 79 2
1 2269 1329 509 73 130 79 2
1 2269 1330 509 73 130 79 2
1 2269 1331 509 73 130 79 2
1 2269 1332 509 73 130 79 2
1 2269 1333 509 73 130 79 2
1 2269 1334 509 73 130 79 2
1 2269 1335 509 73 130 79 2
1 2269 1336 509 73 130 79 2
1 2269 1337 509 73 130 79 2
1 2269 1338 509 73 130 79 2
1 2269 1339 509 73 130 79 2
1 2269 1340 509 73 130 79 2
1 2269 1341 509 73 130 79 2
1 2269 1342 509 73 130 79 2
1 2269 1343 509 73 130 79 2
1 2269 1344 509 73 130 79 2
1 2269 1345 509 73 130 79 2
1 2269 1346 509 73 130 79 2
1 2269 1347 509 73 130 79 2
1 2269 1348 509 73 130 79 2
1 2269 1349 509 73 130 79 2
1 2269 1350 509 73 130 79 2
1 2269 1351 509 73 130 79 2
1 2269 1352 509 73 130 79 2
1 2269 1353 509 73 130 79 2
1 2269 1354 509 73 130 79 2
1 2269 1355 509 73 130 79 2
1 2269 1356 509 73 130 79 2
1 2269 1357 509 73 130 79 2
1 2269 1358 509 73 130 79 2
1 2269 1359 509 73 130 79 2
1 2269 1360 509 73 130 79 2
1 2269 1361 509 73 130 79 2
1 2269 1362 509 73 130 79 2
1 2269 1363 509 73 130 79 2
1 2269 1364 509 73 130 79 2
1 2269 1365 509 73 130 79 2
1 2269 1366 509 73 130 79 2
1 2269 1367 509 73 130 79 2
1 2269 1368 509 73 130 79 2
1 2269 1369 509 73 130 79 2
1 2269 1370 509 73 130 79 2
1 2269 1371 509 73 130 79 2
1 2269 1372 509 73 130 79 2
1 2269 1373 509 73 130 79 2
1 2269 1374 509 73 130 79 2
1 2269 1375 509 73 130 79 2
1 2269 1376 509 73 130 79 2
1 2269 1377 509 73 130 79 2
1 2269 1378 509 73 130 79 2
1 2269 1379 509 73 130 79 2
1 2269 1380 509 73 130 79 2
1 2269 1381 509 73 130 79 2
1 2269 1382 509 73 130 79 2
1 2269 1383 509 73 130 79 2
1 2269 1384 509 73 130 79 2
1 2269 1385 509 73 130 79 2
1 2269 1386 509 73 130 79 2
1 2269 1387 509 73 130 79 2
1 2269 1388 509 73 130 79 2
1 2269 1389 509 73 130 79 2
1 2269 1390 509 73 130 79 2
1 2269 1391 509 73 130 79 2
1 2269 1392 509 73 130 79 2
1 2269 1393 509 73 130 79 2
1 2269 1394 509 73 130 79 2
1 2269 1395 509 73 130 79 2
1 2269 1396 509 73 130 79 2
1 2269 1397 509 73 130 79 2
1 2269 1398 509 73 130 79 2
1 2269 1399 509 73 130 79 2
1 2269 1400 509 73 130 79 2
1 2269 1401 509 73 130 79 2
1 2269 1402 509 73 130 79 2
1 2269 1403 509 73 130 79 2
1 2269 1404 509 73 130 79 2
1 2269 1405 509 73 130 79 2
1 2269 1406 509 73 130 79 2
1 2269 1407 509 73 130 79 2
1 2269 1408 509 73 130 79 2
1 2269 1409 509 73 130 79 2
1 2269 1410 509 73 130 79 2
1 2269 1411 509 73 130 79 2
1 2269 1412 509 73 130 79 2
1 2269 1413 509 73 130 79 2
1 2269 1414 509 73 130 79 2
1 2269 1415 509 73 130 79 2
1 2269 1416 509 73 130 79 2
1 2269 1417 509 73 130 79 2
1 2269 1418 509 73 130 79 2
1 2269 1419 509 73 130 79 2
1 2269 1420 509 73 130 79 2
1 2269 1421 509 73 130 79 2
1 2269 1422 509 73 130 79 2
1 2269 1423 509 73 130 79 2
1 2269 1424 509 73 130 79 2
1 2269 1425 509 73 130 79 2
1 2269 1426 509 73 130 79 2
1 2269 1427 509 73 130 79 2
1 2269 1428 509 73 130 79 2
1 2269 1429 509 73 130 79 2
1 2269 1430 509 73 130 79 2
1 2269 1431 509 73 130 79 2
1 2269 1432 509 73 130 79 2
1 2269 1433 509 73 130 79 2
1 2269 1434 509 73 130 79 2
1 2269 1435 509 73 130 79 2
1 2269 1436 509 73 130 79 2
1 2269 1437 509 73 130 79 2
1 2269 1438 509 73 130 79 2
1 2269 1439 509 73 130 79 2
1 2269 1440 509 73 130 79 2
1 2269 1441 509 73 130 79 2
1 2269 1442 509 73 130 79 2
1 2269 1443 509 73 130 79 2
1 2269 1444 509 73 130 79 2
1 2269 1445 509 73 130 79 2
1 2269 1446 509 73 130 79 2
1 2269 1447 509 73 130 79 2
1 2269 1448 509 73 130 79 2
1 2269 1449 509 73 130 79 2
1 2269 1450 509 73 130 79 2
1 2269 1451 509 73 130 79 2
1 2269 1452 509 73 130 79 2
1 2269 1453 509 73 130 79 2
1 2269 1454 509 73 130 79 2
1 2269 1455 509 73 130 79 2
1 2269 1456 509 73 130 79 2
1 2269 1457 509 73 130 79 2
1 2269 1458 509 73 130 79 2
1 2269 1459 509 73 130 79 2
1 2269 1460 509 73 130 79 2
1 2269 1461 509 73 130 79 2
1 2269 1462 509 73 130 79 2
1 2269 1463 509 73 130 79 2
1 2269 1464 509 73 130 79 2
1 2269 1465 509 73 130 79 2
1 2269 1466 509 73 130 79 2
1 2269 1467 509 73 130 79 2
1 2269 1468 509 73 130 79 2
1 2269 1469 509 73 130 79 2
1 2269 1470 509 73 130 79 2
1 2269 1471 509 73 130 79 2
1 2269 1472 509 73 130 79 2
1 2269 1473 509 73 130 79 2
1 2269 1474 509 73 130 79 2
1 2269 1475 509 73 130 79 2
1 2269 1476 509 73 130 79 2
1 2269 1477 509 73 130 79 2
1 2269 1478 509 73 130 79 2
1 2269 1479 509 73 130 79 2
1 2269 1480 509 73 130 79 2
1 2269 1481 509 73 130 79 2
1 2269 1482 509 73 130 79 2
1 2269 1483 509 73 130 79 2
1 2269 1484 509 73 130 79 2
1 2269 1485 509 73 130 79 2
1 2269 1486 509 73 130 79 2
1 2269 1487 509 73 130 79 2
1 2269 1488 509 73 130 79 2
1 2269 1489 509 73 130 79 2
1 2269 1490 509 73 130 79 2
1 2269 1491 509 73 130 79 2
1 2269 1492 509 73 130 79 2
1 2269 1493 509 73 130 79 2
1 2269 1494 509 73 130 79 2
1 2269 1495 509 73 130 79 2
1 2269 1496 509 73 130 79 2
1 2269 1497 509 73 130 79 2
1 2269 1498 509 73 130 79 2
1 2269 1499 509 73 130 79 2
1 2269 1500 509 73 130 79 2
1 2269 1501 509 73 130 79 2
1 2269 1502 509 73 130 79 2
1 2269 1503 509 73 130 79 2
1 2269 1504 509 73 130 79 2
1 2269 1505 509 73 130 79 2
1 2269 1506 509 73 130 79 2
1 2269 1507 509 73 130 79 2
1 2269 1508 509 73 130 79 2
1 2269 1509 509 73 130 79 2
1 2269 1510 509 73 130 79 2
1 2269 1511 509 73 130 79 2
1 2269 1512 509 73 130 79 2
1 2269 1513 509 73 130 79 2
1 2269 1514 509 73 130 79 2
1 2269 1515 509 73 130 79 2
1 2269 1516 509 73 130 79 2
1 2269 1517 509 73 130 79 2
1 2269 1518 509 73 130 79 2
1 2269 1519 509 73 130 79 2
1 2269 1520 509 73 130 79 2
1 2269 1521 509 73 130 79 2
1 2269 1522 509 73 130 79 2
1 2269 1523 509 73 130 79 2
1 2269 1524 509 73 130 79 2
1 2269 1525 509 73 130 79 2
1 2269 1526 509 73 130 79 2
1 2269 1527 510 73 130 79 2
1 2269 1528 511 73 130 79 2
1 2269 1529 512 74 130 79 2
1 2269 1530 513 74 130 79 2
1 2269 1531 513 74 130 79 2
1 2269 1532 514 74 130 79 2
1 2269 1533 515 75 130 79 2
1 2269 1534 516 75 130 79 2
1 2269 1535 517 75 130 79 2
1 2269 1536 517 75 130 79 2
1 2269 1537 518 76 130 79 2
1 2269 1538 519 76 130 79 2
1 2269 1539 520 76 130 79 2
1 2269 1540 521 76 130 79 2
1 2269 1541 521 77 130 79 2
1 2269 1542 522 77 130 79 2
1 2269 1543 523 77 130 79 2
1 2269 1544 524 77 130 79 2
1 2269 1545 525 78 130 79 2
1 2269 1546 524 78 130 79 2
1 2269 1547 524 78 130 79 2
1 2269 1548 524 78 130 79 2
1 2269 1549 524 78 130 79 2
1 2269 1550 524 78 130 79 2
1 2269 1551 524 78 130 79 2
1 2269 1552 524 78 130 79 2
1 2269 1553 524 78 130 79 2
1 2269 1554 524 78 130 79 2
1 2269 1555 524 78 130 79 2
1 2269 1556 524 78 130 79 2
1 2269 1557 524 78 130 79 2
1 2269 1558 524 78 130 79 2
1 2269 1559 524 78 130 79 2
1 2269 1560 524 78 130 79 2
1 2269 1561 524 78 130 79 2
1 2269 1562 524 78 130 79 2
1 2269 1563 524 78 130 79 2
1 2269 1564 524 78 130 79 2
1 2269 1565 524 78 130 79 2
1 2269 1566 524 78 130 79 2
1 2269 1567 524 78 130 79 2
1 2269 1568 524 78 130 79 2
1 2269 1569 524 78 130 79 2
1 2269 1570 524 78 130 79 2
1 2269 1571 524 78 130 79 2
1 2269 1572 524 78 130 79 2
1 2269 1573 524 78 130 79 2
1 2269 1574 524 78 130 79 2
1 2269 1575 524 78 130 79 2
1 2269 1576 524 78 130 79 2
1 2269 1577 524 78 130 79 2
1 2269 1578 524 78 130 79 2
1 2269 1579 524 78 130 79 2
1 2269 1580 524 78 130 79 2
1 2269 1581 524 78 130 79 2
1 2269 1582 524 78 130 79 2
1 2269 1583 524 78 130 79 2
1 2269 1584 524 78 130 79 2
1 2269 1585 524 78 130 79 2
1 2269 1586 524 78 130 79 2
1 2269 1587 524 78 130 79 2
1 2269 1588 524 78 130 79 2
1 2269 1589 524 78 130 79 2
1 2269 1590 524 78 130 79 2
1 2269 1591 524 78 130 79 2
1 2269 1592 524 78 130 79 2
1 2269 1593 524 78 130 79 2
1 2269 1594 523 78 130 79 2
1 2269 1595 523 78 130 79 2
1 2269 1596 523 78 130 79 2
1 2269 1597 523 78 130 79 2
1 2269 1598 523 78 130 79 2
1 2269 1599 523 78 130 79 2
1 2269 1600 523 78 130 79 2
1 2269 1601 523 78 130 79 2
1 2269 1602 523 78 130 79 2
1 2269 1603 523 78 130 79 2
1 2269 1604 523 78 130 79 2
1 2269 1605 523 78 130 79 2
1 2269 1606 523 78 130 79 2
1 2269 1607 523 78 130 79 2
1 2269 1608 523 78 130 79 2
1 2269 1609 523 78 130 79 2
1 2269 1610 523 78 130 79 2
1 2269 1611 523 78 130 79 2
1 2269 1612 523 78 130 79 2
1 2269 1613 523 78 130 79 2
1 2269 1614 523 78 130 79 2
1 2269 1615 523 78 130 79 2
1 2269 1616 523 78 130 79 2
1 2269 1617 523 78 130 79 2
1 2269 1618 523 78 130 79 2
1 2269 1619 523 78 130 79 2
1 2269 1620 523 78 130 79 2
1 2269 1621 523 78 130 79 2
1 2269 1622 523 78 130 79 2
1 2269 1623 523 78 130 79 2
1 2269 1624 523 78 130 79 2
1 2269 1625 523 78 130 79 2
1 2269 1626 523 78 130 79 2
1 2269 1627 523 78 130 79 2
1 2269 1628 523 78 130 79 2
1 2269 1629 523 78 130 79 2
1 2269 1630 523 78 130 79 2
1 2269 1631 523 78 130 79 2
1 2269 1632 523 78 130 79 2
1 2269 1633 523 78 130 79 2
1 2269 1634 523 78 130 79 2
1 2269 1635 523 78 130 79 2
1 2269 1636 523 78 130 79 2
1 2269 1637 523 78 130 79 2
1 2269 1638 523 78 130 79 2
1 2269 1639 523 78 130 79 2
1 2269 1640 523 78 130 79 2
1 2269 1641 523 78 130 79 2
1 2269 1642 523 78 130 79 2
1 2269 1643 522 78 130 79 2
1 2269 1644 522 78 130 79 2
1 2269 1645 522 78 130 79 2
1 2269 1646 522 78 130 79 2
1 2269 1647 522 78 130 79 2
1 2269 1648 522 78 130 79 2
1 2269 1649 522 78 130 79 2
1 2269 1650 522 78 130 79 2
1 2269 1651 522 78 130 79 2
1 2269 1652 522 78 130 79 2
1 2269 1653 522 78 130 79 2
1 2269 1654 522 78 130 79 2
1 2269 1655 522 78 130 79 2
1 2269 1656 522 78 130 79 2
1 2269 1657 522 78 130 79 2
1 2269 1658 522 78 130 79 2
1 2269 1659 522 78 130 79 2
1 2269 1660 522 78 130 79 2
1 2269 1661 522 78 130 79 2
1 2269 1662 522 78 130 79 2
1 2269 1663 522 78 130 79 2
1 2269 1664 522 78 130 79 2
1 2269 1665 522 78 130 79 2
1 2269 1666 522 78 130 79 2
1 2269 1667 522 78 130 79 2
1 2269 1668 522 78 130 79 2
1 2269 1669 521 78 130 79 2
1 2269 1670 521 78 130 79 2
1 2269 1671 521 78 130 79 2
1 2269 1672 521 78 130 79 2
1 2269 1673 521 78 130 79 2
1 2269 1674 521 78 130 79 2
1 2269 1675 521 78 130 79 2
1 2269 1676 521 78 130 79 2
1 2269 1677 521 78 130 79 2
1 2269 1678 521 78 130 79 2
1 2269 1679 521 78 130 79 2
1 2269 1680 521 78 130 79 2
1 2269 1681 521 78 130 79 2
1 2269 1682 521 78 130 79 2
1 2269 1683 521 78 130 79 2
1 2269 1684 521 78 130 79 2
1 2269 1685 521 78 130 79 2
1 2269 1686 521 78 130 79 2
1 2269 1687 521 78 130 79 2
1 2269 1688 521 78 130 79 2
1 2269 1689 521 78 130 79 2
1 2269 1690 521 78 130 79 2
1 2269 1691 521 78 130 79 2
1 2269 1692 521 78 130 79 2
1 2269 1693 521 78 130 79 2
1 2269 1694 521 78 130 79 2
1 2269 1695 521 78 130 79 2
1 2269 1696 520 78 130 79 2
1 2269 1697 520 78 130 79 2
1 2269 1698 520 78 130 79 2
1 2269 1699 520 78 130 79 2
1 2269 1700 520 78 130 79 2
1 2269 1701 520 78 130 79 2
1 2269 1702 520 78 130 79 2
1 2269 1703 520 78 130 79 2
1 2269 1704 520 78 130 79 2
1 2269 1705 520 78 130 79 2
1 2269 1706 520 78 130 79 2
1 2269 1707 520 78 130 79 2
1 2269 1708 520 78 130 79 2
1 2269 1709 520 78 130 79 2
1 2269 1710 520 78 130 79 2
1 2269 1711 520 78 130 79 2
1 2269 1712 520 78 130 79 2
1 2269 1713 520 78 130 79 2
1 2269 1714 520 78 130 79 2
1 2269 1715 520 78 130 79 2
1 2269 1716 520 78 130 79 2
1 2269 1717 520 78 130 79 2
1 2269 1718 520 78 130 79 2
1 2269 1719 520 78 130 79 2
1 2269 1720 520 78 130 79 2
1 2269 1721 520 78 130 79 2
1 2269 1722 520 78 130 79 2
1 2269 1723 519 78 130 79 2
1 2269 1724 519 78 130 79 2
1 2269 1725 519 78 130 79 2
1 2269 1726 519 78 130 79 2
1 2269 1727 519 78 130 79 2
1 2269 1728 519 78 130 79 2
1 2269 1729 519 78 130 79 2
1 2269 1730 519 78 130 79 2
1 2269 1731 519 78 130 79 2
1 2269 1732 519 78 130 79 2
1 2269 1733 519 78 130 79 2
1 2269 1734 519 78 130 79 2
1 2269 1735 519 78 130 79 2
1 2269 1736 519 78 130 79 2
1 2269 1737 519 78 130 79 2
1 2269 1738 519 78 130 79 2
1 2269 1739 519 78 130 79 2
1 2269 1740 519 78 130 79 2
1 2269 1741 519 78 130 79 2
1 2269 1742 519 78 130 79 2
1 2269 1743 519 78 130 79 2
1 2269 1744 519 78 130 79 2
1 2269 1745 519 78 130 79 2
1 2269 1746 519 78 130 79 2
1 2269 1747 519 78 130 79 2
1 2269 1748 519 78 130 79 2
1 2269 1749 519 78 130 79 2
1 2269 1750 518 78 130 79 2
1 2269 1751 518 78 130 79 2
1 2269 1752 518 78 130 79 2
1 2269 1753 518 78 130 79 2
1 2269 1754 518 78 130 79 2
1 2269 1755 518 78 130 79 2
1 2269 1756 518 78 130 79 2
1 2269 1757 518 78 130 79 2
1 2269 1758 518 78 130 79 2
1 2269 1759 518 78 130 79 2
1 2269 1760 518 78 130 79 2
1 2269 1761 518 78 130 79 2
1 2269 1762 518 78 130 79 2
1 2269 1763 518 78 130 79 2
1 2269 1764 518 78 130 79 2
1 2269 1765 518 78 130 79 2
1 2269 1766 518 78 130 79 2
1 2269 1767 518 78 130 79 2
1 2269 1768 518 78 130 79 2
1 2269 1769 518 78 130 79 2
1 2269 1770 518 78 130 79 2
1 2269 1771 518 78 130 79 2
1 2269 1772 518 78 130 79 2
1 2269 1773 518 78 130 79 2
1 2269 1774 518 78 130 79 2
1 2269 1775 518 78 130 79 2
1 2269 1776 517 78 130 79 2
1 2269 1777 517 78 130 79 2
1 2269 1778 517 78 130 79 2
1 2269 1779 517 78 130 79 2
1 2269 1780 517 78 130 79 2
1 2269 1781 517 78 130 79 2
1 2269 1782 517 78 130 79 2
1 2269 1783 517 78 130 79 2
1 2269 1784 517 78 130 79 2
1 2269 1785 517 78 130 79 2
1 2269 1786 517 78 130 79 2
1 2269 1787 517 78 130 79 2
1 2269 1788 517 78 130 79 2
1 2269 1789 517 78 130 79 2
1 2269 1790 517 78 130 79 2
1 2269 1791 517 78 130 79 2
1 2269 1792 517 78 130 79 2
1 2269 1793 517 78 130 79 2
1 2269 1794 517 78 130 79 2
1 2269 1795 517 78 130 79 2
1 2269 1796 517 78 130 79 2
1 2269 1797 517 78 130 79 2
1 2269 1798 517 78 130 79 2
1 2269 1799 517 78 130 79 2
1 2269 1800 517 78 130 79 2
1 2269 1801 517 78 130 79 2
1 2269 1802 517 78 130 79 2
1 2269 1803 516 78 130 79 2
1 2269 1804 516 78 130 79 2
1 2269 1805 516 78 130 79 2
1 2269 1806 516 78 130 79 2
1 2269 1807 516 78 130 79 2
1 2269 1808 516 78 130 79 2
1 2269 1809 516 78 130 79 2
1 2269 1810 516 78 130 79 2
1 2269 1811 516 78 130 79 2
1 2269 1812 516 78 130 79 2
1 2269 1813 516 78 130 79 2
1 2269 1814 516 78 130 79 2
1 2269 1815 516 78 130 79 2
1 2269 1816 516 78 130 79 2
1 2269 1817 516 78 130 79 2
1 2269 1818 516 78 130 79 2
1 2269 1819 516 78 130 79 2
1 2269 1820 516 78 130 79 2
1 2269 1821 516 78 130 79 2
1 2269 1822 516 78 130 79 2
1 2269 1823 516 78 130 79 2
1 2269 1824 516 78 130 79 2
1 2269 1825 516 78 130 79 2
1 2269 1826 516 78 130 79 2
1 2269 1827 516 78 130 79 2
1 2269 1828 516 78 130 79 2
1 2269 1829 516 78 130 79 2
1 2269 1830 515 78 130 79 2
1 2269 1831 515 78 130 79 2
1 2269 1832 515 78 130 79 2
1 2269 1833 515 78 130 79 2
1 2269 1834 515 78 130 79 2
1 2269 1835 515 78 130 79 2
1 2269 1836 515 78 130 79 2
1 2269 1837 515 78 130 79 2
1 2269 1838 515 78 130 79 2
1 2269 1839 515 78 130 79 2
1 2269 1840 515 78 130 79 2
1 2269 1841 515 78 130 79 2
1 2269 1842 515 78 130 79 2
1 2269 1843 515 78 130 79 2
1 2269 1844 515 78 130 79 2
1 2269 1845 515 78 130 79 2
1 2269 1846 515 78 130 79 2
1 2269 1847 515 78 130 79 2
1 2269 1848 515 78 130 79 2
1 2269 1849 515 78 130 79 2
1 2269 1850 515 78 130 79 2
1 2269 1851 515 78 130 79 2
1 2269 1852 515 78 130 79 2
1 2269 1853 515 78 130 79 2
1 2269 1854 515 78 130 79 2
1 2269 1855 515 78 130 79 2
1 2269 1856 515 79 130 79 2
1 2269 1857 515 79 130 79 2
1 2269 1858 515 79 130 79 2
1 2269 1859 515 79 130 79 2
1 2269 1860 515 79 130 79 2
1 2269 1861 515 79 130 79 2
1 2269 1862 515 79 130 79 2
1 2269 1863 515 79 130 79 2
1 2269 1864 515 79 130 79 2
1 2269 1865 515 79 130 79 2
1 2269 1866 515 79 130 79 2
1 2269 1867 515 79 130 79 2
1 2269 1868 515 79 130 79 2
1 2269 1869 515 79 130 79 2
1 2269 1870 515 79 130 79 2
1 2269 1871 515 79 130 79 2
1 2269 1872 515 79 130 79 2
1 2269 1873 515 79 130 79 2
1 2269 1874 515 79 130 79 2
1 2269 1875 515 79 130 79 2
1 2269 1876 515 79 130 79 2
1 2269 1877 515 79 130 79 2
1 2269 1878 515 79 130 79 2
1 2269 1879 515 79 130 79 2
1 2269 1880 515 79 130 79 2
1 2269 1881 515 79 130 79 2
1 2269 1882 515 79 130 79 2
1 2269 1883 515 79 130 79 2
1 2269 1884 515 79 130 79 2
1 2269 1885 515 79 130 79 2
1 2269 1886 515 79 130 79 2
1 2269 1887 515 79 130 79 2
1 2269 1888 515 79 130 79 2
1 2269 1889 515 79 130 79 2
1 2269 1890 515 79 130 79 2
1 2269 1891 515 79 130 79 2
1 2269 1892 515 79 130 79 2
1 2269 1893 515 79 130 79 2
1 2269 1894 515 79 130 79 2
1 2269 1895 515 79 130 79 2
1 2269 1896 515 79 130 79 2
1 2269 1897 515 79 130 79 2
1 2269 1898 515 79 130 79 2
1 2269 1899 515 79 130 79 2
1 2269 1900 515 79 130 79 2
1 2269 1901 515 79 130 79 2
1 2269 1902 515 79 130 79 2
1 2269 1903 515 79 130 79 2
1 2269 1904 515 79 130 79 2
1 2269 1905 515 79 130 79 2
1 2269 1906 515 79 130 79 2
1 2269 1907 515 79 130 79 2
1 2269 1908 515 79 130 79 2
1 2269 1909 515 79 130 79 2
1 2269 1910 515 79 130 79 2
1 2269 1911 515 79 130 79 2
1 2269 1912 515 79 130 79 2
1 2269 1913 515 79 130 79 2
1 2269 1914 515 79 130 79 2
1 2269 1915 515 79 130 79 2
1 2269 1916 515 79 130 79 2
1 2269 1917 515 79 130 79 2
1 2269 1918 515 79 130 79 2
1 2269 1919 515 79 130 79 2
1 2269 1920 515 79 130 79 2
1 2269 1921 515 79 130 79 2
1 2269 1922 515 79 130 79 2
1 2269 1923 515 79 130 79 2
1 2269 1924 515 79 130 79 2
1 2269 1925 515 79 130 79 2
1 2269 1926 515 79 130 79 2
1 2269 1927 515 79 130 79 2
1 2269 1928 515 79 130 79 2
1 2269 1929 515 79 130 79 2
1 2269 1930 515 79 130 79 2
1 2269 1931 515 79 130 79 2
1 2269 1932 515 79 130 79 2
1 2269 1933 515 79 130 79 2
1 2269 1934 515 79 130 79 2
1 2269 1935 515 79 130 79 2
1 2269 1936 515 79 130 79 2
1 2269 1937 515 79 130 79 2
1 2269 1938 515 79 130 79 2
1 2269 1939 515 79 130 79 2
1 2269 1940 515 79 130 79 2
1 2269 1941 515 79 130 79 2
1 2269 1942 515 79 130 79 2
1 2269 1943 515 79 130 79 2
1 2269 1944 515 79 130 79 2
1 2269 1945 515 79 130 79 2
1 2269 1946 515 79 130 79 2
1 2269 1947 515 79 130 79 2
1 2269 1948 515 79 130 79 2
1 2269 1949 515 79 130 79 2
1 2269 1950 515 79 130 79 2
1 2269 1951 515 79 130 79 2
1 2269 1952 515 79 130 79 2
1 2269 1953 515 79 130 79 2
1 2269 1954 515 79 130 79 2
1 2269 1955 515 79 130 79 2
1 2269 1956 515 79 130 79 2
1 2269 1957 515 79 130 79 2
1 2269 1958 515 79 130 79 2
1 2269 1959 515 79 130 79 2
1 2269 1960 515 79 130 79 2
1 2269 1961 515 79 130 79 2
1 2269 1962 515 79 130 79 2
1 2269 1963 515 79 130 79 2
1 2269 1964 515 79 130 79 2
1 2269 1965 515 79 130 79 2
1 2269 1966 515 79 130 79 2
1 2269 1967 515 79 130 79 2
1 2269 1968 515 79 130 79 2
1 2269 1969 515 79 130 79 2
1 2269 1970 515 79 130 79 2
1 2269 1971 515 79 130 79 2
1 2269 1972 515 79 130 79 2
1 2269 1973 515 79 130 79 2
1 2269 1974 515 79 130 79 2
1 2269 1975 515 79 130 79 2
1 2269 1976 515 79 130 79 2
1 2269 1977 515 79 130 79 2
1 2269 1978 515 79 130 79 2
1 2269 1979 515 79 130 79 2
1 2269 1980 515 79 130 79 2
1 2269 1981 515 79 130 79 2
1 2269 1982 515 79 130 79 2
1 2269 1983 515 79 130 79 2
1 2269 1984 515 79 130 79 2
1 2269 1985 515 79 130 79 2
1 2269 1986 515 79 130 79 2
1 2269 1987 515 79 130 79 2
1 2269 1988 515 79 130 79 2
1 2269 1989 515 79 130 79 2
1 2269 1990 515 79 130 79 2
1 2269 1991 515 79 130 79 2
1 2269 1992 515 79 130 79 2
1 2269 1993 515 79 130 79 2
1 2269 1994 515 79 130 79 2
1 2269 1995 515 79 130 79 2
1 2269 1996 515 79 130 79 2
1 2269 1997 515 79 130 79 2
1 2269 1998 515 79 130 79 2
1 2269 1999 515 79 130 79 2
1 2269 2000 515 79 130 79 2
1 2269 2001 515 79 130 79 2
1 2269 2002 515 79 130 79 2
1 2269 2003 515 79 130 79 2
1 2269 2004 515 79 130 79 2
1 2269 2005 515 79 130 79 2
1 2269 2006 515 79 130 79 2
1 2269 2007 515 79 130 79 2
1 2269 2008 515 79 130 79 2
1 2269 2009 515 79 130 79 2
1 2269 2010 515 79 130 79 2
1 2269 2011 515 79 130 79 2
1 2269 2012 515 79 130 79 2
1 2269 2013 515 79 130 79 2
1 2269 2014 515 79 130 79 2
1 2269 2015 515 79 130 79 2
1 2269 2016 515 79 130 79 2
1 2269 2017 515 79 130 79 2
1 2269 2018 515 79 130 79 2
1 2269 2019 515 79 130 79 2
1 2269 2020 515 79 130 79 2
1 2269 2021 515 79 130 79 2
1 2269 2022 515 79 130 79 2
1 2269 2023 515 79 130 79 2
1 2269 2024 515 79 130 79 2
1 2269 2025 515 79 130 79 2
1 2269 2026 515 79 130 79 2
1 2269 2027 515 79 130 79 2
1 2269 2028 515 79 130 79 2
1 2269 2029 515 79 130 79 2
1 2269 2030 515 79 130 79 2
1 2269 2031 515 79 130 79 2
1 2269 2032 515 79 130 79 2
1 2269 2033 515 79 130 79 2
1 2269 2034 515 79 130 79 2
1 2269 2035 515 79 130 79 2
1 2269 2036 515 79 130 79 2
1 2269 2037 515 79 130 79 2
1 2269 2038 515 79 130 79 2
1 2269 2039 515 79 130 79 2
1 2269 2040 515 79 130 79 2
1 2269 2041 515 79 130 79 2
1 2269 2042 515 79 130 79 2
1 2269 2043 515 79 130 79 2
1 2269 2044 515 79 130 79 2
1 2269 2045 515 79 130 79 2
1 2269 2046 515 79 130 79 2
1 2269 2047 515 79 130 79 2
1 2269 2048 515 79 130 79 2
1 2269 2049 515 79 130 79 2
1 2269 2050 515 79 130 79 2
1 2269 2051 515 79 130 79 2
1 2269 2052 515 79 130 79 2
1 2269 2053 515 79 130 79 2
1 2269 2054 515 79 130 79 2
1 2269 2055 515 79 130 79 2
1 2269 2056 515 79 130 79 2
1 2269 2057 515 79 130 79 2
1 2269 2058 515 79 130 79 2
1 2269 2059 515 79 130 79 2
1 2269 2060 515 79 130 79 2
1 2269 2061 515 79 130 79 2
1 2269 2062 515 79 130 79 2
1 2269 2063 515 79 130 79 2
1 2269 2064 515 79 130 79 2
1 2269 2065 515 79 130 79 2
1 2269 2066 515 79 130 79 2
1 2269 2067 515 79 130 79 2
1 2269 2068 515 79 130 79 2
1 2269 2069 515 79 130 79 2
1 2269 2070 515 79 130 79 2
1 2269 2071 515 79 130 79 2
1 2269 2072 515 79 130 79 2
1 2269 2073 515 79 130 79 2
1 2269 2074 515 79 130 79 2
1 2269 2075 515 79 130 79 2
1 2269 2076 515 79 130 79 2
1 2269 2077 515 79 130 79 2
1 2269 2078 515 79 130 79 2
1 2269 2079 515 79 130 79 2
1 2269 2080 515 79 130 79 2
1 2269 2081 515 79 130 79 2
1 2269 2082 515 79 130 79 2
1 2269 2083 515 79 130 79 2
1 2269 2084 515 79 130 79 2
1 2269 2085 515 79 130 79 2
1 2269 2086 515 79 130 79 2
1 2269 2087 515 79 130 79 2
1 2269 2088 515 79 130 79 2
1 2269 2089 515 79 130 79 2
1 2269 2090 515 79 130 79 2
1 2269 2091 515 79 130 79 2
1 2269 2092 515 79 130 79 2
1 2269 2093 515 79 130 79 2
1 2269 2094 515 79 130 79 2
1 2269 2095 515 79 130 79 2
1 2269 2096 515 79 130 79 2
1 2269 2097 515 79 130 79 2
1 2269 2098 515 79 130 79 2
1 2269 2099 515 79 130 79 2
1 2269 2100 515 79 130 79 2
1 2269 2101 515 79 130 79 2
1 2269 2102 515 79 130 79 2
1 2269 2103 515 79 130 79 2
1 2269 2104 515 79 130 79 2
1 2269 2105 515 79 130 79 2
1 2269 2106 515 79 130 79 2
1 2269 2107 515 79 130 79 2
1 2269 2108 515 79 130 79 2
1 2269 2109 515 79 130 79 2
1 2269 2110 515 79 130 79 2
1 2269 2111 515 79 130 79 2
1 2269 2112 515 79 130 79 2
1 2269 2113 515 79 130 79 2
1 2269 2114 515 79 130 79 2
1 2269 2115 515 79 130 79 2
1 2269 2116 515 79 130 79 2
1 2269 2117 515 79 130 79 2
1 2269 2118 515 79 130 79 2
1 2269 2119 515 79 130 79 2
1 2269 2120 515 79 130 79 2
1 2269 2121 515 79 130 79 2
1 2269 2122 515 79 130 79 2
1 2269 2123 515 79 130 79 2
1 2269 2124 515 79 130 79 2
1 2269 2125 515 79 130 79 2
1 2269 2126 515 79 130 79 2
1 2269 2127 515 79 130 79 2
1 2269 2128 515 79 130 79 2
1 2269 2129 515 79 130 79 2
1 2269 2130 515 79 130 79 2
1 2269 2131 515 79 130 79 2
1 2269 2132 515 79 130 79 2
1 2269 2133 515 79 130 79 2
1 2269 2134 515 79 130 79 2
1 2269 2135 515 79 130 79 2
1 2269 2136 515 79 130 79 2
1 2269 2137 515 79 130 79 2
1 2269 2138 515 79 130 79 2
1 2269 2139 515 79 130 79 2
1 2269 2140 515 79 130 79 2
1 2269 2141 515 79 130 79 2
1 2269 2142 515 79 130 79 2
1 2269 2143 515 79 130 79 2
1 2269 2144 515 79 130 79 2
1 2269 2145 515 79 130 79 2
1 2269 2146 515 79 130 79 2
1 2269 2147 515 79 130 79 2
1 2269 2148 515 79 130 79 2
1 2269 2149 515 79 130 79 2
1 2269 2150 515 79 130 79 2
1 2269 2151 515 79 130 79 2
1 2269 2152 515 79 130 79 2
1 2269 2153 515 79 130 79 2
1 2269 2154 515 79 130 79 2
1 2269 2155 515 79 130 79 2
1 2269 2156 515 79 130 79 2
1 2269 2157 515 79 130 79 2
1 2269 2158 515 79 130 79 2
1 2269 2159 515 79 130 79 2
1 2269 2160 515 79 130 79 2
1 2269 2161 515 79 130 79 2
1 2269 2162 515 79 130 79 2
1 2269 2163 515 79 130 79 2
1 2269 2164 515 79 130 79 2
1 2269 2165 515 79 130 79 2
1 2269 2166 515 79 130 79 2
1 2269 2167 515 79 130 79 2
1 2269 2168 515 79 130 79 2
1 2269 2169 515 79 130 79 2
1 2269 2170 515 79 130 79 2
1 2269 2171 515 79 130 79 2
1 2269 2172 515 79 130 79 2
1 2269 2173 515 79 130 79 2
1 2269 2174 515 79 130 79 2
1 2269 2175 515 79 130 79 2
1 2269 2176 515 79 130 79 2
1 2269 2177 515 79 130 79 2
1 2269 2178 515 79 130 79 2
1 2269 2179 515 79 130 79 2
1 2269 2180 515 79 130 79 2
1 2269 2181 515 79 130 79 2
1 2269 2182 515 79 130 79 2
1 2269 2183 515 79 130 79 2
1 2269 2184 515 79 130 79 2
1 2269 2185 515 79 130 79 2
1 2269 2186 515 79 130 79 2
1 2269 2187 515 79 130 79 2
1 2269 2188 515 79 130 79 2
1 2269 2189 515 79 130 79 2
1 2269 2190 515 79 130 79 2
1 2269 2191 515 79 130 79 2
1 2269 2192 515 79 130 79 2
1 2269 2193 515 79 130 79 2
1 2269 2194 515 79 130 79 2
1 2269 2195 515 79 130 79 2
1 2269 2196 515 79 130 79 2
1 2269 2197 515 79 130 79 2
1 2269 2198 515 79 130 79 2
1 2269 2199 515 79 130 79 2
1 2269 2200 515 79 130 79 2
1 2269 2201 515 79 130 79 2
1 2269 2202 515 79 130 79 2
1 2269 2203 515 79 130 79 2
1 2269 2204 515 79 130 79 2
1 2269 2205 515 79 130 79 2
1 2269 2206 515 79 130 79 2
1 2269 2207 515 79 130 79 2
1 2269 2208 515 79 130 79 2
1 2269 2209 515 79 130 79 2
1 2269 2210 515 79 130 79 2
1 2269 2211 515 79 130 79 2
1 2269 2212 515 79 130 79 2
1 2269 2213 515 79 130 79 2
1 2269 2214 515 79 130 79 2
1 2269 2215 515 79 130 79 2
1 2269 2216 515 79 130 79 2
1 2269 2217 515 79 130 79 2
1 2269 2218 515 79 130 79 2
1 2269 2219 515 79 130 79 2
1 2269 2220 515 79 130 79 2
1 2269 2221 515 79 130 79 2
1 2269 2222 515 79 130 79 2
1 2269 2223 515 79 130 79 2
1 2269 2224 515 79 130 79 2
1 2269 2225 515 79 130 79 2
1 2269 2226 515 79 130 79 2
1 2269 2227 515 79 130 79 2
1 2269 2228 515 79 130 79 2
1 2269 2229 515 79 130 79 2
1 2269 2230 515 79 130 79 2
1 2269 2231 515 79 130 79 2
1 2269 2232 515 79 130 79 2
1 2269 2233 515 79 130 79 2
1 2269 2234 515 79 130 79 2
1 2269 2235 515 79 130 79 2
1 2269 2236 515 79 130 79 2
1 2269 2237 515 79 130 79 2
1 2269 2238 515 79 130 79 2
1 2269 2239 515 79 130 79 2
1 2269 2240 515 79 130 79 2
1 2269 2241 515 79 130 79 2
1 2269 2242 515 79 130 79 2
1 2269 2243 515 79 130 79 2
1 2269 2244 515 79 130 79 2
1 2269 2245 515 79 130 79 2
1 2269 2246 515 79 130 79 2
1 2269 2247 515 79 130 79 2
1 2269 2248 515 79 130 79 2
1 2269 2249 515 79 130 79 2
1 2269 2250 515 79 130 79 2
1 2269 2251 515 79 130 79 2
1 2269 2252 515 79 130 79 2
1 2269 2253 515 79 130 79 2
1 2269 2254 515 79 130 79 2
1 2269 2255 515 79 130 79 2
1 2269 2256 515 79 130 79 2
1 2269 2257 515 79 130 79 2
1 2269 2258 515 79 130 79 2
1 2269 2259 515 79 130 79 2
1 2269 2260 515 79 130 79 2
1 2269 2261 515 79 130 79 2
1 2269 2262 515 79 130 79 2
1 2269 2263 515 79 130 79 2
1 2269 2264 515 79 130 79 2
1 2269 2265 515 79 130 79 2
1 2269 2266 515 79 130 79 2
1 2269 2267 515 79 130 79 2
1 2269 2268 515 79 130 79 2
2 577 656 578 78 29 32 1
2 577 657 577 77 29 32 1
2 577 658 577 77 29 32 1
2 577 659 577 77 29 32 1
2 577 660 577 77 29 32 1
2 577 661 577 77 29 32 1
2 577 662 577 77 29 32 1
2 577 663 577 77 29 32 1
2 577 664 577 77 29 31 1
2 577 665 576 76 30 32 1
2 577 666 576 76 30 32 1
2 577 667 576 76 30 32 1
2 577 668 576 76 30 32 1
2 577 669 576 76 30 32 1
2 577 670 576 76 30 32 1
2 577 671 576 76 30 32 1
2 577 672 576 76 30 31 1
2 577 673 576 76 30 31 1
2 577 674 575 75 31 32 1
2 577 675 575 75 31 32 1
2 577 676 575 75 31 32 1
2 577 677 575 75 31 32 1
2 577 678 575 75 31 32 1
2 577 679 575 75 31 32 1
2 577 680 575 75 31 31 1
2 577 681 575 75 31 31 1
2 577 682 575 75 31 31 1
2 577 683 574 74 32 32 1
2 577 684 574 74 32 32 1
2 577 685 574 74 32 32 1
2 577 686 574 74 32 32 1
2 577 687 574 74 32 32 1
2 577 688 574 74 32 31 1
2 577 689 574 74 32 31 1
2 577 690 574 74 32 31 1
2 577 691 574 74 32 31 1
2 577 692 573 73 33 32 1
2 577 693 573 73 33 32 1
2 577 694 573 73 33 32 1
2 577 695 573 73 33 32 1
2 577 696 573 73 33 31 1
2 577 697 573 73 33 31 1
2 577 698 573 73 33 31 1
2 577 699 573 73 33 31 1
2 577 700 573 73 33 31 1
2 577 701 572 72 34 32 1
2 577 702 572 72 34 32 1
2 577 703 572 72 34 32 1
2 577 704 572 72 34 31 1
2 577 705 572 72 34 31 1
2 577 706 572 72 34 31 1
2 577 707 572 72 34 31 1
2 577 708 572 72 34 31 1
2 577 709 572 72 34 31 1
2 577 710 571 71 35 32 1
2 577 711 571 71 35 32 1
2 577 712 571 71 35 31 1
2 577 713 571 71 35 31 1
2 577 714 571 71 35 31 1
2 577 715 571 71 35 31 1
2 577 716 571 71 35 31 1
2 577 717 571 71 35 31 1
2 577 718 571 71 35 31 1
2 577 719 570 70 36 32 1
2 577 720 570 70 36 31 1
2 577 721 570 70 36 31 1
2 577 722 570 70 36 31 1
2 577 723 570 70 36 31 1
2 577 724 570 70 36 31 1
2 577 725 570 70 36 31 1
2 577 726 570 70 36 31 1
2 577 727 570 70 36 31 1
2 577 728 569 69 37 31 1
2 577 729 569 69 37 31 1
2 577 730 569 69 37 31 1
2 577 731 569 69 37 31 1
2 577 732 569 69 37 31 1
2 577 733 569 69 37 31 1
2 577 734 569 69 37 31 1
2 577 735 569 69 37 31 1
2 577 736 569 69 37 31 1
2 577 737 568 68 37 31 1
2 577 738 568 68 37 31 1
2 577 739 568 68 37 31 1
2 577 740 567 68 37 31 1
2 577 741 567 67 37 31 1
2 577 742 567 67 37 31 1
2 577 743 567 67 37 31 1
2 577 744 566 67 37 31 1
2 577 745 566 66 37 31 1
2 577 746 566 66 37 31 1
2 577 747 565 66 37 31 1
2 577 748 565 66 37 31 1
2 577 749 565 65 37 31 1
2 577 750 565 65 37 31 1
2 577 751 564 65 37 31 1
2 577 752 564 65 37 31 1
2 577 753 564 65 37 31 1
2 577 754 563 64 37 31 1
2 577 755 563 64 37 31 1
2 577 756 563 64 37 31 1
2 577 757 563 64 37 31 1
2 577 758 562 63 37 31 1
2 577 759 562 63 37 31 1
2 577 760 562 63 37 31 1
2 577 761 562 63 37 31 1
2 577 762 561 62 37 31 1
2 577 763 561 62 37 31 1
2 577 764 561 62 37 31 1
2 577 765 560 62 37 31 1
2 577 766 560 62 37 31 1
2 577 767 560 61 37 31 1
2 577 768 560 61 37 31 1
2 577 769 559 61 37 31 1
2 577 770 559 61 37 31 1
2 577 771 559 60 37 31 1
2 577 772 558 60 37 31 1
2 577 773 558 60 37 31 1
2 577 774 558 60 37 31 1
2 577 775 558 59 37 31 1
2 577 776 557 59 37 31 1
2 577 777 557 59 37 31 1
2 577 778 557 59 37 31 1
2 577 779 557 59 37 31 1
2 577 780 555 59 37 31 1
2 577 781 554 59 37 31 1
2 577 782 553 59 37 31 1
2 577 783 552 59 37 31 1
2 577 784 551 59 37 31 1
2 577 785 550 59 37 31 1
2 577 786 549 59 37 31 1
2 577 787 548 59 37 31 1
2 577 788 547 59 37 31 1
2 577 789 546 59 37 31 1
2 577 790 545 59 37 31 1
2 577 791 544 59 37 31 1
2 577 792 543 59 37 31 1
2 577 793 542 59 37 31 1
2 577 794 540 60 37 31 1
2 577 795 539 60 37 31 1
2 577 796 538 60 37 31 1
2 577 797 537 60 37 31 1
2 577 798 536 60 37 31 1
2 577 799 535 60 37 31 1
2 577 800 534 60 37 31 1
2 577 801 533 60 37 31 1
2 577 802 532 60 37 31 1
2 577 803 531 60 37 31 1
2 577 804 530 60 37 31 1
2 577 805 529 60 37 31 1
2 577 806 528 60 37 31 1
2 577 807 527 60 37 31 1
2 577 808 525 61 37 31 1
2 577 809 524 61 37 31 1
2 577 810 523 61 37 31 1
2 577 811 522 61 37 31 1
2 577 812 521 61 37 31 1
2 577 813 520 61 37 31 1
2 577 814 519 61 37 31 1
2 577 815 518 61 37 31 1
2 577 816 517 61 37 31 1
2 577 817 516 61 37 31 1
2 577 818 515 61 37 31 1
2 577 819 514 61 37 31 1
2 577 820 513 61 37 31 1
2 577 821 512 61 37 31 1
2 577 822 511 62 37 31 1
2 577 823 510 62 37 31 1
2 577 824 509 62 37 32 1
2 577 825 509 62 36 33 1
2 577 826 508 62 36 34 1
2 577 827 507 63 36 34 1
2 577 828 507 63 36 35 1
2 577 829 506 63 36 36 1
2 577 830 505 63 36 37 1
2 577 831 505 63 35 38 1
2 577 832 504 64 35 38 1
2 577 833 503 64 36 39 1
2 577 834 503 64 35 39 1
2 577 835 502 64 35 40 1
2 577 836 501 65 35 40 1
2 577 837 501 65 35 41 1
2 577 838 500 65 35 42 1
2 577 839 499 65 35 43 1
2 577 840 499 65 34 44 1
2 577 841 498 66 34 44 1
2 577 842 497 66 35 45 1
2 577 843 497 66 34 46 1
2 577 844 496 66 34 47 1
2 577 845 495 66 34 48 1
2 577 846 494 66 35 49 1
2 577 847 494 67 34 49 1
2 577 848 493 67 34 50 1
2 577 849 492 67 34 51 1
2 577 850 492 67 34 52 1
2 577 851 491 67 34 53 1
2 577 852 490 67 34 54 1
2 577 853 490 68 33 54 1
2 577 854 489 68 34 55 1
2 577 855 488 68 34 56 1
2 577 856 487 68 34 57 1
2 577 857 487 68 34 58 1
2 577 858 486 68 34 59 1
2 577 859 485 69 34 59 1
2 577 860 484 69 34 60 1
2 577 861 484 69 34 61 1
2 577 862 483 69 34 62 1
2 577 863 482 69 34 63 1
2 577 864 481 69 35 64 1
2 577 865 481 69 34 65 1
2 577 866 480 70 34 65 1
2 577 867 479 70 35 66 1
2 577 868 478 70 35 67 1
2 577 869 478 70 34 68 1
2 577 870 477 70 35 69 1
2 577 871 476 70 35 70 1
2 577 872 475 70 35 71 1
2 577 873 475 71 35 72 1
2 577 874 475 71 35 71 1
2 577 875 475 71 35 71 1
2 577 876 475 71 35 71 1
2 577 877 475 72 35 70 1
2 577 878 475 72 35 70 1
2 577 879 476 72 35 70 1
2 577 880 476 73 35 69 1
2 577 881 476 73 35 69 1
2 577 882 476 73 35 69 1
2 577 883 476 73 35 69 1
2 577 884 476 74 36 68 1
2 577 885 477 74 35 68 1
2 577 886 477 74 35 68 1
2 577 887 477 75 35 67 1
2 577 888 477 75 35 67 1
2 577 889 477 75 36 67 1
2 577 890 477 75 36 67 1
2 577 891 478 76 35 66 1
2 577 892 478 76 35 66 1
2 577 893 478 76 35 66 1
2 577 894 478 77 36 65 1
2 577 895 478 77 36 65 1
2 577 896 478 77 36 65 1
2 577 897 479 78 35 64 1
2 577 898 479 78 35 64 1
2 577 899 479 78 36 64 1
2 577 900 479 78 36 64 1
2 577 901 479 79 36 63 1
2 577 902 479 79 36 63 1
2 577 903 480 79 35 63 1
2 577 904 480 80 36 62 1
2 577 905 480 80 36 62 1
2 577 906 480 80 36 62 1
2 577 907 480 80 36 62 1
2 577 908 480 81 36 61 1
2 577 909 481 81 36 61 1
2 577 910 481 81 36 61 1
2 577 911 481 82 36 60 1
2 577 912 481 82 36 60 1
2 577 913 481 82 36 60 1
2 577 914 482 83 36 59 1
2 577 915 481 83 36 59 1
2 577 916 481 83 36 59 1
2 577 917 481 83 36 59 1
2 577 918 480 83 36 59 1
2 577 919 480 83 36 59 1
2 577 920 480 83 36 59 1
2 577 921 480 83 36 59 1
2 577 922 479 83 36 59 1
2 577 923 479 83 36 59 1
2 577 924 479 83 36 59 1
2 577 925 479 84 36 59 1
2 577 926 478 84 36 59 1
2 577 927 478 84 36 59 1
2 577 928 478 84 36 59 1
2 577 929 478 84 36 59 1
2 577 930 477 84 36 59 1
2 577 931 477 84 36 59 1
2 577 932 477 84 36 59 1
2 577 933 477 84 36 59 1
2 577 934 476 84 36 59 1
2 577 935 476 84 36 59 1
2 577 936 476 85 36 59 1
2 577 937 476 85 36 59 1
2 577 938 475 85 36 59 1
2 577 939 475 85 36 59 1
2 577 940 475 85 36 59 1
2 577 941 475 85 36 59 1
2 577 942 474 85 36 59 1
2 577 943 474 85 36 59 1
2 577 944 474 85 36 59 1
2 577 945 474 85 36 59 1
2 577 946 473 85 36 59 1
2 577 947 473 86 36 59 1
2 577 948 473 86 36 59 1
2 577 949 473 86 36 59 1
2 577 950 472 86 36 59 1
2 577 951 472 86 36 59 1
2 577 952 472 86 36 59 1
2 577 953 472 86 36 59 1
2 577 954 471 86 36 59 1
2 577 955 471 86 36 59 1
2 577 956 471 86 36 59 1
2 577 957 471 86 36 59 1
2 577 958 470 87 36 59 1
2 577 959 470 87 36 59 1
2 577 960 470 87 36 59 1
2 577 961 470 87 36 59 1
2 577 962 469 87 36 59 1
2 577 963 469 87 36 59 1
2 577 964 469 87 36 59 1
2 577 965 469 87 36 59 1
2 577 966 468 87 36 59 1
2 577 967 468 87 36 59 1
2 577 968 468 87 36 59 1
2 577 969 468 88 36 59 1
2 577 970 467 88 36 59 1
2 577 971 466 88 36 59 1
2 577 972 465 88 36 59 1
2 577 973 464 88 36 59 1
2 577 974 463 88 36 60 1
2 577 975 462 88 37 60 1
2 577 976 461 88 37 60 1
2 577 977 460 88 37 60 1
2 577 978 459 89 37 59 1
2 577 979 458 89 37 60 1
2 577 980 457 89 37 60 1
2 577 981 457 89 37 60 1
2 577 982 456 89 37 60 1
2 577 983 455 89 37 60 1
2 577 984 454 89 37 61 1
2 577 985 453 89 37 61 1
2 577 986 452 90 37 60 1
2 577 987 451 90 38 60 1
2 577 988 450 90 38 60 1
2 577 989 449 90 38 61 1
2 577 990 448 90 38 61 1
2 577 991 447 90 38 61 1
2 577 992 447 90 38 61 1
2 577 993 446 90 38 61 1
2 577 994 445 90 38 62 1
2 577 995 444 91 38 61 1
2 577 996 443 91 38 61 1
2 577 997 442 91 38 61 1
2 577 998 441 91 39 61 1
2 577 999 440 91 39 62 1
2 577 1000 439 91 39 62 1
2 577 1001 438 91 39 62 1
2 577 1002 437 91 39 62 1
2 577 1003 437 92 39 62 1
2 577 1004 435 92 39 62 1
2 577 1005 434 92 39 62 1
2 577 1006 433 92 39 62 1
2 577 1007 432 92 38 62 1
2 577 1008 431 92 38 62 1
2 577 1009 430 92 38 62 1
2 577 1010 428 92 39 62 1
2 577 1011 427 92 38 62 1
2 577 1012 426 92 38 62 1
2 577 1013 425 92 38 62 1
2 577 1014 424 92 38 62 1
2 577 1015 423 92 37 62 1
2 577 1016 421 92 38 62 1
2 577 1017 420 92 38 62 1
2 577 1018 419 92 38 62 1
2 577 1019 418 92 37 62 1
2 577 1020 417 92 37 62 1
2 577 1021 416 92 37 62 1
2 577 1022 414 92 38 62 1
2 577 1023 413 92 37 62 1
2 577 1024 412 92 37 62 1
2 577 1025 411 92 37 62 1
2 577 1026 410 92 37 62 1
2 577 1027 409 92 36 62 1
2 577 1028 408 92 36 62 1
2 577 1029 406 92 37 62 1
2 577 1030 405 92 36 62 1
2 577 1031 404 92 36 62 1
2 577 1032 403 92 36 62 1
2 577 1033 402 92 36 62 1
2 577 1034 401 92 35 62 1
2 577 1035 399 92 36 62 1
2 577 1036 398 92 36 62 1
2 577 1037 397 92 36 62 1
2 577 1038 396 92 35 62 1
2 577 1039 395 92 35 62 1
2 577 1040 394 92 35 62 1
2 577 1041 392 92 36 62 1
2 577 1042 391 92 35 62 1
2 577 1043 390 92 35 62 1
2 577 1044 389 92 35 62 1
2 577 1045 388 92 35 62 1
2 577 1046 387 92 34 62 1
2 577 1047 385 92 35 62 1
2 577 1048 384 92 35 62 1
2 577 1049 383 92 35 62 1
2 577 1050 382 92 34 62 1
2 577 1051 381 92 34 62 1
2 577 1052 380 92 34 62 1
2 577 1053 379 93 34 62 1
2 577 1054 377 92 34 62 1
2 577 1055 376 92 34 62 1
2 577 1056 374 92 34 62 1
2 577 1057 373 92 34 62 1
2 577 1058 372 92 34 62 1
2 577 1059 370 92 34 62 1
2 577 1060 369 92 34 62 1
2 577 1061 367 92 34 62 1
2 577 1062 366 91 34 62 1
2 577 1063 365 91 34 62 1
2 577 1064 363 91 34 62 1
2 577 1065 362 91 34 62 1
2 577 1066 360 91 34 62 1
2 577 1067 359 91 34 62 1
2 577 1068 358 91 34 62 1
2 577 1069 356 91 34 62 1
2 577 1070 355 90 34 62 1
2 577 1071 353 90 34 62 1
2 577 1072 352 90 34 62 1
2 577 1073 351 90 34 62 1
2 577 1074 349 90 34 62 1
2 577 1075 348 90 34 62 1
2 577 1076 346 90 34 62 1
2 577 1077 345 90 34 62 1
2 577 1078 344 89 34 62 1
2 577 1079 342 89 34 62 1
2 577 1080 341 89 34 62 1
2 577 1081 339 89 34 62 1
2 577 1082 338 89 34 62 1
2 577 1083 337 89 34 62 1
2 577 1084 335 89 34 62 1
2 577 1085 334 89 34 62 1
2 577 1086 333 89 34 62 1
2 577 1087 332 89 34 62 1
2 577 1088 331 89 34 62 1
2 577 1089 330 89 34 62 1
2 577 1090 330 89 34 62 1
2 577 1091 329 89 34 62 1
2 577 1092 328 89 34 62 1
2 577 1093 327 89 34 62 1
2 577 1094 327 89 34 62 1
2 577 1095 326 89 34 62 1
2 577 1096 325 89 34 62 1
2 577 1097 325 90 34 62 1
2 577 1098 324 90 34 62 1
2 577 1099 323 90 34 62 1
2 577 1100 322 90 34 62 1
2 577 1101 322 90 34 62 1
2 577 1102 321 90 34 62 1
2 577 1103 320 90 34 62 1
2 577 1104 320 90 34 62 1
2 577 1105 319 90 34 62 1
2 577 1106 318 90 34 62 1
2 577 1107 317 90 34 62 1
2 577 1108 317 91 34 62 1
2 577 1109 316 91 34 62 1
2 577 1110 315 91 34 62 1
2 577 1111 315 91 34 62 1
2 577 1112 314 91 34 62 1
2 577 1113 313 91 34 62 1
2 577 1114 312 91 34 62 1
2 577 1115 312 91 34 62 1
2 577 1116 311 91 34 62 1
2 577 1117 310 91 34 62 1
2 577 1118 310 92 34 62 1
2 577 1119 310 92 34 62 1
2 577 1120 310 92 34 62 1
2 577 1121 310 92 34 62 1
2 577 1122 310 92 34 62 1
2 577 1123 310 92 34 62 1
2 577 1124 310 92 34 62 1
2 577 1125 310 92 34 62 1
2 577 1126 310 92 34 62 1
2 577 1127 310 92 34 62 1
2 577 1128 310 92 34 62 1
2 577 1129 310 92 34 62 1
2 577 1130 310 92 34 62 1
2 577 1131 310 92 34 62 1
2 577 1132 310 92 34 62 1
2 577 1133 310 92 34 62 1
2 577 1134 310 92 34 62 1
2 577 1135 310 92 34 62 1
2 577 1136 310 92 34 62 1
2 577 1137 310 92 34 62 1
2 577 1138 310 92 34 62 1
2 577 1139 310 92 34 62 1
2 577 1140 310 92 34 62 1
2 577 1141 310 92 34 62 1
2 577 1142 310 92 34 62 1
2 577 1143 310 92 34 62 1
2 577 1144 310 92 34 62 1
2 577 1145 310 92 34 62 1
2 577 1146 310 92 34 62 1
2 577 1147 310 92 34 62 1
2 577 1148 310 92 34 62 1
2 577 1149 310 92 34 62 1
2 577 1150 310 92 34 62 1
2 577 1151 310 92 34 62 1
2 577 1152 310 92 34 62 1
2 577 1153 310 92 34 62 1
2 577 1154 310 92 34 62 1
2 577 1155 310 92 34 62 1
2 577 1156 310 92 34 62 1
2 577 1157 309 92 34 62 1
2 577 1158 308 92 34 62 1
2 577 1159 307 92 34 62 1
2 577 1160 307 92 34 62 1
2 577 1161 306 92 34 62 1
2 577 1162 305 92 34 62 1
2 577 1163 304 92 34 62 1
2 577 1164 304 92 34 62 1
2 577 1165 303 92 34 62 1
2 577 1166 302 92 34 62 1
2 577 1167 301 92 34 62 1
2 577 1168 301 93 34 62 1
2 577 1169 300 93 34 62 1
2 577 1170 299 93 34 62 1
2 577 1171 298 93 34 62 1
2 577 1172 298 93 34 62 1
2 577 1173 297 93 34 62 1
2 577 1174 296 93 34 62 1
2 577 1175 296 93 34 62 1
2 577 1176 295 93 34 62 1
2 577 1177 294 93 34 62 1
2 577 1178 293 93 34 62 1
2 577 1179 293 94 34 62 1
2 577 1180 292 94 34 62 1
2 577 1181 291 94 34 62 1
2 577 1182 290 94 34 62 1
2 577 1183 290 94 34 62 1
2 577 1184 289 94 34 62 1
2 577 1185 288 94 34 62 1
2 577 1186 287 94 34 62 1
2 577 1187 287 94 34 62 1
2 577 1188 286 94 34 62 1
2 577 1189 285 94 34 62 1
2 577 1190 285 95 34 62 1
2 577 1191 283 94 34 62 1
2 577 1192 282 94 34 62 1
2 577 1193 281 94 34 62 1
2 577 1194 280 94 34 62 1
2 577 1195 279 94 34 62 1
2 577 1196 278 94 34 62 1
2 577 1197 277 93 34 62 1
2 577 1198 276 93 34 62 1
2 577 1199 275 93 34 62 1
2 577 1200 274 93 34 62 1
2 577 1201 273 93 34 62 1
2 577 1202 272 93 34 62 1
2 577 1203 271 92 34 62 1
2 577 1204 270 92 34 62 1
2 577 1205 269 92 34 62 1
2 577 1206 268 92 34 62 1
2 577 1207 267 92 34 62 1
2 577 1208 266 92 34 62 1
2 577 1209 265 91 34 62 1
2 577 1210 264 91 34 62 1
2 577 1211 263 91 34 62 1
2 577 1212 262 91 34 62 1
2 577 1213 261 91 34 62 1
2 577 1214 260 91 34 62 1
2 577 1215 259 90 34 62 1
2 577 1216 258 90 34 62 1
2 577 1217 257 90 34 62 1
2 577 1218 256 90 34 62 1
2 577 1219 255 90 34 62 1
2 577 1220 254 90 34 62 1
2 577 1221 253 89 34 62 1
2 577 1222 252 89 34 62 1
2 577 1223 251 89 34 62 1
2 577 1224 250 89 34 62 1
2 577 1225 249 89 34 62 1
2 577 1226 248 89 34 62 1
2 577 1227 247 89 34 62 1
2 577 1228 244 88 33 60 1
2 577 1229 241 88 33 58 1
2 577 1230 238 88 33 56 1
2 577 1231 235 88 33 54 1
2 577 1232 233 88 32 52 1
3 229 1067 521 96 31 34 1
3 229 1068 520 95 31 34 1
3 229 1069 520 95 31 34 1
3 229 1070 519 95 32 34 1
3 229 1071 519 95 32 34 1
3 229 1072 519 95 31 34 1
3 229 1073 518 95 32 34 1
3 229 1074 518 95 32 34 1
3 229 1075 517 95 33 34 1
3 229 1076 517 95 32 34 1
3 229 1077 517 95 32 34 1
3 229 1078 516 95 33 34 1
3 229 1079 516 95 33 34 1
3 229 1080 516 95 33 35 1
3 229 1081 515 95 33 35 1
3 229 1082 515 95 33 35 1
3 229 1083 515 95 33 35 1
3 229 1084 514 95 34 35 1
3 229 1085 514 95 34 35 1
3 229 1086 514 95 34 35 1
3 229 1087 513 95 34 35 1
3 229 1088 513 95 34 35 1
3 229 1089 513 95 34 35 1
3 229 1090 512 95 35 35 1
3 229 1091 512 95 35 35 1
3 229 1092 512 95 35 35 1
3 229 1093 511 95 36 35 1
3 229 1094 511 95 35 36 1
3 229 1095 511 95 35 36 1
3 229 1096 510 95 36 36 1
3 229 1097 510 95 36 36 1
3 229 1098 510 95 36 36 1
3 229 1099 509 95 37 36 1
3 229 1100 509 95 37 36 1
3 229 1101 509 95 36 36 1
3 229 1102 508 95 37 36 1
3 229 1103 508 95 37 36 1
3 229 1104 508 95 37 36 1
3 229 1105 507 95 38 36 1
3 229 1106 507 95 38 36 1
3 229 1107 507 95 38 37 1
3 229 1108 506 95 37 37 1
3 229 1109 505 95 37 38 1
3 229 1110 504 95 37 38 1
3 229 1111 503 95 37 39 1
3 229 1112 502 95 37 40 1
3 229 1113 501 95 37 40 1
3 229 1114 500 95 37 41 1
3 229 1115 499 95 37 42 1
3 229 1116 498 96 37 41 1
3 229 1117 497 96 37 42 1
3 229 1118 496 96 37 43 1
3 229 1119 495 96 37 43 1
3 229 1120 494 96 37 44 1
3 229 1121 493 96 37 45 1
3 229 1122 492 96 36 45 1
3 229 1123 491 96 36 46 1
3 229 1124 490 96 36 47 1
3 229 1125 489 96 36 47 1
3 229 1126 488 97 36 47 1
3 229 1127 486 97 37 48 1
3 229 1128 485 97 37 48 1
3 229 1129 484 97 37 49 1
3 229 1130 483 97 37 50 1
3 229 1131 482 97 37 50 1
3 229 1132 481 97 37 51 1
3 229 1133 480 97 37 52 1
3 229 1134 479 97 37 52 1
3 229 1135 478 97 37 53 1
3 229 1136 477 97 37 54 1
3 229 1137 476 98 37 53 1
3 229 1138 475 98 37 54 1
3 229 1139 474 98 37 55 1
3 229 1140 473 98 37 55 1
3 229 1141 472 98 37 56 1
3 229 1142 471 98 37 57 1
3 229 1143 470 98 37 57 1
3 229 1144 469 98 37 58 1
3 229 1145 468 98 37 59 1
3 229 1146 467 98 37 60 1
3 229 1147 466 98 37 60 1
3 229 1148 465 98 37 61 1
3 229 1149 464 98 37 62 1
3 229 1150 463 98 37 62 1
3 229 1151 462 98 37 63 1
3 229 1152 461 98 37 64 1
3 229 1153 460 99 37 64 1
3 229 1154 458 99 37 64 1
3 229 1155 456 99 37 64 1
3 229 1156 455 99 37 64 1
3 229 1157 453 99 37 64 1
3 229 1158 452 99 37 64 1
3 229 1159 450 99 37 64 1
3 229 1160 448 99 38 64 1
3 229 1161 447 99 37 64 1
3 229 1162 445 99 37 64 1
3 229 1163 444 99 37 64 1
3 229 1164 442 99 37 64 1
3 229 1165 440 99 38 64 1
3 229 1166 439 99 37 64 1
3 229 1167 437 99 38 64 1
3 229 1168 436 99 37 64 1
3 229 1169 434 100 37 63 1
3 229 1170 433 100 37 63 1
3 229 1171 431 100 37 63 1
3 229 1172 429 100 38 63 1
3 229 1173 428 100 37 63 1
3 229 1174 426 100 38 63 1
3 229 1175 425 100 37 63 1
3 229 1176 423 100 37 63 1
3 229 1177 421 100 38 64 1
3 229 1178 420 100 37 64 1
3 229 1179 418 100 38 64 1
3 229 1180 417 100 37 64 1
3 229 1181 415 100 38 64 1
3 229 1182 413 100 38 64 1
3 229 1183 412 100 38 64 1
3 229 1184 410 101 38 63 1
3 229 1185 409 101 37 63 1
3 229 1186 407 101 38 63 1
3 229 1187 406 101 37 63 1
3 229 1188 404 101 38 63 1
3 229 1189 402 101 38 63 1
3 229 1190 401 101 38 63 1
3 229 1191 399 101 38 63 1
3 229 1192 398 101 37 63 1
3 229 1193 396 101 38 63 1
3 229 1194 394 101 38 63 1
3 229 1195 393 101 38 63 1
3 229 1196 391 101 38 63 1
3 229 1197 390 101 38 63 1
3 229 1198 388 101 38 63 1
3 229 1199 387 102 38 63 1
3 229 1200 385 102 38 63 1
3 229 1201 384 102 38 63 1
3 229 1202 382 102 38 63 1
3 229 1203 381 102 38 63 1
3 229 1204 379 102 38 63 1
3 229 1205 378 102 38 63 1
3 229 1206 376 102 38 63 1
3 229 1207 375 102 38 63 1
3 229 1208 373 102 38 63 1
3 229 1209 372 102 38 63 1
3 229 1210 370 102 38 63 1
3 229 1211 369 102 38 63 1
3 229 1212 367 102 38 63 1
3 229 1213 366 102 38 63 1
3 229 1214 364 102 38 63 1
3 229 1215 363 102 38 63 1
3 229 1216 361 102 38 63 1
3 229 1217 360 102 38 63 1
3 229 1218 358 102 38 63 1
3 229 1219 357 102 38 63 1
3 229 1220 355 102 38 63 1
3 229 1221 354 102 38 63 1
3 229 1222 352 102 38 63 1
3 229 1223 351 102 38 63 1
3 229 1224 349 102 38 63 1
3 229 1225 348 102 38 63 1
3 229 1226 346 102 38 63 1
3 229 1227 345 102 38 63 1
3 229 1228 343 102 38 63 1
3 229 1229 342 102 38 63 1
3 229 1230 340 102 38 63 1
3 229 1231 339 102 38 63 1
3 229 1232 337 102 38 63 1
3 229 1233 336 103 38 63 1
3 229 1234 334 102 38 63 1
3 229 1235 332 102 38 63 1
3 229 1236 330 102 38 63 1
3 229 1237 329 102 38 63 1
3 229 1238 327 102 38 63 1
3 229 1239 325 102 38 63 1
3 229 1240 323 102 38 63 1
3 229 1241 322 102 38 63 1
3 229 1242 320 102 38 63 1
3 229 1243 318 102 38 63 1
3 229 1244 316 102 38 63 1
3 229 1245 315 102 38 63 1
3 229 1246 313 101 38 63 1
3 229 1247 311 101 38 63 1
3 229 1248 309 101 38 63 1
3 229 1249 308 101 38 63 1
3 229 1250 306 101 38 63 1
3 229 1251 304 101 38 63 1
3 229 1252 302 101 38 63 1
3 229 1253 301 101 38 63 1
3 229 1254 299 101 38 63 1
3 229 1255 297 101 38 63 1
3 229 1256 295 101 38 63 1
3 229 1257 294 101 38 63 1
3 229 1258 292 101 38 63 1
3 229 1259 291 101 38 63 1
3 229 1260 289 101 38 63 1
3 229 1261 288 101 38 63 1
3 229 1262 286 101 38 63 1
3 229 1263 285 101 38 63 1
3 229 1264 283 101 38 63 1
3 229 1265 282 102 38 63 1
3 229 1266 280 102 38 63 1
3 229 1267 279 102 38 63 1
3 229 1268 277 102 38 63 1
3 229 1269 276 102 38 63 1
3 229 1270 274 102 38 63 1
3 229 1271 273 102 38 63 1
3 229 1272 271 102 38 63 1
3 229 1273 270 103 38 63 1
3 229 1274 268 103 38 63 1
3 229 1275 267 103 38 63 1
3 229 1276 265 103 38 63 1
3 229 1277 264 103 38 63 1
3 229 1278 262 103 38 63 1
3 229 1279 261 103 38 63 1
3 229 1280 260 104 38 63 1
3 229 1281 258 103 38 62 1
3 229 1282 256 103 38 60 1
3 229 1283 254 102 38 60 1
3 229 1284 252 102 39 58 1
3 229 1285 251 101 38 58 1
3 229 1286 249 101 38 56 1
3 229 1287 247 100 39 56 1
3 229 1288 245 100 39 54 1
3 229 1289 243 99 39 54 1
3 229 1290 242 99 39 52 1
3 229 1291 240 98 39 52 1
3 229 1292 238 98 39 50 1
3 229 1293 236 97 40 50 1
3 229 1294 234 97 40 48 1
3 229 1295 233 97 40 47 1
4 45 2224 4 915 64 114 1
4 45 2225 6 914 64 114 1
4 45 2226 9 914 64 114 1
4 45 2227 12 913 64 114 1
4 45 2228 15 913 64 114 1
4 45 2229 18 913 64 114 1
4 45 2230 21 912 64 114 1
4 45 2231 24 912 64 114 1
4 45 2232 27 912 64 114 1
4 45 2233 30 911 64 114 1
4 45 2234 33 911 64 114 1
4 45 2235 36 911 64 114 1
4 45 2236 39 910 64 114 1
4 45 2237 42 910 64 114 1
4 45 2238 45 910 64 114 1
4 45 2239 48 909 64 114 1
4 45 2240 51 909 64 114 1
4 45 2241 54 909 64 114 1
4 45 2242 57 908 64 114 1
4 45 2243 60 908 64 114 1
4 45 2244 63 908 64 114 1
4 45 2245 66 907 64 114 1
4 45 2246 68 907 65 114 1
4 45 2247 71 907 65 114 1
4 45 2248 74 906 65 114 1
4 45 2249 77 906 65 114 1
4 45 2250 80 906 65 114 1
4 45 2251 83 905 65 114 1
4 45 2252 86 905 65 114 1
4 45 2253 89 905 65 114 1
4 45 2254 92 904 65 114 1
4 45 2255 95 904 65 114 1
4 45 2256 98 904 65 114 1
4 45 2257 101 903 65 114 1
4 45 2258 104 903 65 114 1
4 45 2259 107 903 65 114 1
4 45 2260 110 902 65 114 1
4 45 2261 113 902 65 114 1
4 45 2262 116 902 65 114 1
4 45 2263 119 901 65 114 1
4 45 2264 122 901 65 114 1
4 45 2265 125 901 65 114 1
4 45 2266 128 900 65 114 1
4 45 2267 131 900 65 114 1
4 45 2268 133 899 65 114 1
5 42 2227 25 849 73 123 1
5 42 2228 27 848 73 123 1
5 42 2229 30 848 73 123 1
5 42 2230 33 848 73 123 1
5 42 2231 36 848 73 123 1
5 42 2232 39 848 73 123 1
5 42 2233 42 848 73 123 1
5 42 2234 45 847 73 123 1
5 42 2235 48 847 73 123 1
5 42 2236 50 847 74 123 1
5 42 2237 53 847 74 123 1
5 42 2238 56 847 73 123 1
5 42 2239 59 847 73 123 1
5 42 2240 62 847 73 123 1
5 42 2241 65 846 73 123 1
5 42 2242 68 846 73 123 1
5 42 2243 71 846 73 123 1
5 42 2244 73 846 74 123 1
5 42 2245 76 846 74 123 1
5 42 2246 79 846 74 123 1
5 42 2247 82 846 74 123 1
5 42 2248 85 845 73 123 1
5 42 2249 88 845 73 123 1
5 42 2250 91 845 73 123 1
5 42 2251 94 845 73 123 1
5 42 2252 96 845 74 123 1
5 42 2253 99 845 74 123 1
5 42 2254 102 845 74 123 1
5 42 2255 105 844 74 123 1
5 42 2256 108 844 74 123 1
5 42 2257 111 844 74 123 1
5 42 2258 114 844 73 123 1
5 42 2259 117 844 73 123 1
5 42 2260 119 844 74 123 1
5 42 2261 122 844 74 123 1
5 42 2262 125 843 74 123 1
5 42 2263 128 843 74 123 1
5 42 2264 131 843 74 123 1
5 42 2265 134 843 74 123 1
5 42 2266 137 843 74 123 1
5 42 2267 140 843 74 123 1
5 42 2268 142 842 74 123 1
