0 1 59 1555 1613 1555 1052 169 164 97 
0 1 59 1555 1613 1556 1052 169 164 97 
0 1 59 1555 1613 1557 1052 169 164 97 
0 1 59 1555 1613 1558 1052 169 164 97 
0 1 59 1555 1613 1559 1052 169 164 97 
0 1 59 1555 1613 1560 1052 169 164 97 
0 1 59 1555 1613 1561 1052 169 164 97 
0 1 59 1555 1613 1562 1052 169 164 97 
0 1 59 1555 1613 1563 1052 169 164 97 
0 1 59 1555 1613 1564 1052 169 164 97 
0 1 59 1555 1613 1565 1052 169 164 97 
0 1 59 1555 1613 1566 1052 169 164 97 
0 1 59 1555 1613 1567 1052 169 164 97 
0 1 59 1555 1613 1568 1052 169 164 97 
0 1 59 1555 1613 1569 1052 169 164 97 
0 1 59 1555 1613 1570 1052 169 164 97 
0 1 59 1555 1613 1571 1052 169 164 97 
0 1 59 1555 1613 1572 1052 169 164 97 
0 1 59 1555 1613 1573 1052 169 164 97 
0 1 59 1555 1613 1574 1052 169 164 97 
0 1 59 1555 1613 1575 1052 169 164 97 
0 1 59 1555 1613 1576 1052 169 164 97 
0 1 59 1555 1613 1577 1052 169 164 97 
0 1 59 1555 1613 1578 1052 169 164 97 
0 1 59 1555 1613 1579 1052 169 164 97 
0 1 59 1555 1613 1580 1052 169 164 97 
0 1 59 1555 1613 1581 1052 169 164 97 
0 1 59 1555 1613 1582 1052 169 164 97 
0 1 59 1555 1613 1583 1052 169 164 97 
0 1 59 1555 1613 1584 1052 169 164 97 
0 1 59 1555 1613 1585 1052 169 164 97 
0 1 59 1555 1613 1586 1052 169 164 97 
0 1 59 1555 1613 1587 1052 169 164 97 
0 1 59 1555 1613 1588 1052 169 164 97 
0 1 59 1555 1613 1589 1052 169 164 97 
0 1 59 1555 1613 1590 1052 169 164 97 
0 1 59 1555 1613 1591 1052 169 164 97 
0 1 59 1555 1613 1592 1052 169 164 97 
0 1 59 1555 1613 1593 1052 169 164 97 
0 1 59 1555 1613 1594 1052 169 164 97 
0 1 59 1555 1613 1595 1052 169 164 97 
0 1 59 1555 1613 1596 1052 169 164 97 
0 1 59 1555 1613 1597 1052 169 164 97 
0 1 59 1555 1613 1598 1052 169 164 97 
0 1 59 1555 1613 1599 1052 169 164 97 
0 1 59 1555 1613 1600 1052 169 164 97 
0 1 59 1555 1613 1601 1052 169 164 97 
0 1 59 1555 1613 1602 1052 169 164 97 
0 1 59 1555 1613 1603 1052 169 164 97 
0 1 59 1555 1613 1604 1052 169 164 97 
0 1 59 1555 1613 1605 1052 169 164 97 
0 1 59 1555 1613 1606 1052 169 164 97 
0 1 59 1555 1613 1607 1052 169 164 97 
0 1 59 1555 1613 1608 1052 169 164 97 
0 1 59 1555 1613 1609 1052 169 164 97 
0 1 59 1555 1613 1610 1052 169 164 97 
0 1 59 1555 1613 1611 1052 169 164 97 
0 1 59 1555 1613 1612 1052 169 164 97 
0 1 59 1555 1613 1613 1052 169 164 97 
1 5 385 1681 2065 1681 651 208 182 130 
1 5 385 1681 2065 1682 651 208 182 130 
1 5 385 1681 2065 1683 651 208 182 130 
1 5 385 1681 2065 1684 651 208 182 130 
1 5 385 1681 2065 1685 651 208 182 130 
1 5 385 1681 2065 1686 651 208 182 130 
1 5 385 1681 2065 1687 651 208 182 130 
1 5 385 1681 2065 1688 651 208 182 130 
1 5 385 1681 2065 1689 651 208 182 130 
1 5 385 1681 2065 1690 651 208 182 130 
1 5 385 1681 2065 1691 651 208 182 130 
1 5 385 1681 2065 1692 651 208 182 130 
1 5 385 1681 2065 1693 651 208 182 130 
1 5 385 1681 2065 1694 651 208 182 130 
1 5 385 1681 2065 1695 651 208 182 130 
1 5 385 1681 2065 1696 651 208 182 130 
1 5 385 1681 2065 1697 651 208 182 130 
1 5 385 1681 2065 1698 651 208 182 130 
1 5 385 1681 2065 1699 651 208 182 130 
1 5 385 1681 2065 1700 651 208 182 130 
1 5 385 1681 2065 1701 651 208 182 130 
1 5 385 1681 2065 1702 651 208 182 130 
1 5 385 1681 2065 1703 651 208 182 130 
1 5 385 1681 2065 1704 651 208 182 130 
1 5 385 1681 2065 1705 651 208 182 130 
1 5 385 1681 2065 1706 651 208 182 130 
1 5 385 1681 2065 1707 651 208 182 130 
1 5 385 1681 2065 1708 651 208 182 130 
1 5 385 1681 2065 1709 651 208 182 130 
1 5 385 1681 2065 1710 651 208 182 130 
1 5 385 1681 2065 1711 651 208 182 130 
1 5 385 1681 2065 1712 651 208 182 130 
1 5 385 1681 2065 1713 651 208 182 130 
1 5 385 1681 2065 1714 651 208 182 130 
1 5 385 1681 2065 1715 651 208 182 130 
1 5 385 1681 2065 1716 651 208 182 130 
1 5 385 1681 2065 1717 651 208 182 130 
1 5 385 1681 2065 1718 651 208 182 130 
1 5 385 1681 2065 1719 651 208 182 130 
1 5 385 1681 2065 1720 651 208 182 130 
1 5 385 1681 2065 1721 651 208 182 130 
1 5 385 1681 2065 1722 651 208 182 130 
1 5 385 1681 2065 1723 651 208 182 130 
1 5 385 1681 2065 1724 651 208 182 130 
1 5 385 1681 2065 1725 651 208 182 130 
1 5 385 1681 2065 1726 651 208 182 130 
1 5 385 1681 2065 1727 651 208 182 130 
1 5 385 1681 2065 1728 651 208 182 130 
1 5 385 1681 2065 1729 651 208 182 130 
1 5 385 1681 2065 1730 651 208 182 130 
1 5 385 1681 2065 1731 651 208 182 130 
1 5 385 1681 2065 1732 651 208 182 130 
1 5 385 1681 2065 1733 651 208 182 130 
1 5 385 1681 2065 1734 651 208 182 130 
1 5 385 1681 2065 1735 651 208 182 130 
1 5 385 1681 2065 1736 651 208 182 130 
1 5 385 1681 2065 1737 651 208 182 130 
1 5 385 1681 2065 1738 651 208 182 130 
1 5 385 1681 2065 1739 651 208 182 130 
1 5 385 1681 2065 1740 651 208 182 130 
1 5 385 1681 2065 1741 651 208 182 130 
1 5 385 1681 2065 1742 651 208 182 130 
1 5 385 1681 2065 1743 651 208 182 130 
1 5 385 1681 2065 1744 651 208 182 130 
1 5 385 1681 2065 1745 651 208 182 130 
1 5 385 1681 2065 1746 651 208 182 130 
1 5 385 1681 2065 1747 651 208 182 130 
1 5 385 1681 2065 1748 651 208 182 130 
1 5 385 1681 2065 1749 651 208 182 130 
1 5 385 1681 2065 1750 651 208 182 130 
1 5 385 1681 2065 1751 651 208 182 130 
1 5 385 1681 2065 1752 651 208 182 130 
1 5 385 1681 2065 1753 651 208 182 130 
1 5 385 1681 2065 1754 651 208 182 130 
1 5 385 1681 2065 1755 651 208 182 130 
1 5 385 1681 2065 1756 651 208 182 130 
1 5 385 1681 2065 1757 651 208 182 130 
1 5 385 1681 2065 1758 651 208 182 130 
1 5 385 1681 2065 1759 651 208 182 130 
1 5 385 1681 2065 1760 651 208 182 130 
1 5 385 1681 2065 1761 651 208 182 130 
1 5 385 1681 2065 1762 651 208 182 130 
1 5 385 1681 2065 1763 651 208 182 130 
1 5 385 1681 2065 1764 651 208 182 130 
1 5 385 1681 2065 1765 651 208 182 130 
1 5 385 1681 2065 1766 651 208 182 130 
1 5 385 1681 2065 1767 651 208 182 130 
1 5 385 1681 2065 1768 651 208 182 130 
1 5 385 1681 2065 1769 651 208 182 130 
1 5 385 1681 2065 1770 651 208 182 130 
1 5 385 1681 2065 1771 651 208 182 130 
1 5 385 1681 2065 1772 651 208 182 130 
1 5 385 1681 2065 1773 651 208 182 130 
1 5 385 1681 2065 1774 651 208 182 130 
1 5 385 1681 2065 1775 651 208 182 130 
1 5 385 1681 2065 1776 651 208 182 130 
1 5 385 1681 2065 1777 651 208 182 130 
1 5 385 1681 2065 1778 651 208 182 130 
1 5 385 1681 2065 1779 651 208 182 130 
1 5 385 1681 2065 1780 651 208 182 130 
1 5 385 1681 2065 1781 651 208 182 130 
1 5 385 1681 2065 1782 651 208 182 130 
1 5 385 1681 2065 1783 651 208 182 130 
1 5 385 1681 2065 1784 651 208 182 130 
1 5 385 1681 2065 1785 651 208 182 130 
1 5 385 1681 2065 1786 651 208 182 130 
1 5 385 1681 2065 1787 651 208 182 130 
1 5 385 1681 2065 1788 651 208 182 130 
1 5 385 1681 2065 1789 651 208 182 130 
1 5 385 1681 2065 1790 651 208 182 130 
1 5 385 1681 2065 1791 651 208 182 130 
1 5 385 1681 2065 1792 651 208 182 130 
1 5 385 1681 2065 1793 651 208 182 130 
1 5 385 1681 2065 1794 651 208 182 130 
1 5 385 1681 2065 1795 651 208 182 130 
1 5 385 1681 2065 1796 651 208 182 130 
1 5 385 1681 2065 1797 651 208 182 130 
1 5 385 1681 2065 1798 651 208 182 130 
1 5 385 1681 2065 1799 651 208 182 130 
1 5 385 1681 2065 1800 651 208 182 130 
1 5 385 1681 2065 1801 651 208 182 130 
1 5 385 1681 2065 1802 651 208 182 130 
1 5 385 1681 2065 1803 651 208 182 130 
1 5 385 1681 2065 1804 651 208 182 130 
1 5 385 1681 2065 1805 651 208 182 130 
1 5 385 1681 2065 1806 651 208 182 130 
1 5 385 1681 2065 1807 651 208 182 130 
1 5 385 1681 2065 1808 651 208 182 130 
1 5 385 1681 2065 1809 651 208 182 130 
1 5 385 1681 2065 1810 651 208 182 130 
1 5 385 1681 2065 1811 651 208 182 130 
1 5 385 1681 2065 1812 651 208 182 130 
1 5 385 1681 2065 1813 651 208 182 130 
1 5 385 1681 2065 1814 651 208 182 130 
1 5 385 1681 2065 1815 651 208 182 130 
1 5 385 1681 2065 1816 651 208 182 130 
1 5 385 1681 2065 1817 651 208 182 130 
1 5 385 1681 2065 1818 651 208 182 130 
1 5 385 1681 2065 1819 651 208 182 130 
1 5 385 1681 2065 1820 651 208 182 130 
1 5 385 1681 2065 1821 651 208 182 130 
1 5 385 1681 2065 1822 651 208 182 130 
1 5 385 1681 2065 1823 651 208 182 130 
1 5 385 1681 2065 1824 651 208 182 130 
1 5 385 1681 2065 1825 651 208 182 130 
1 5 385 1681 2065 1826 651 208 182 130 
1 5 385 1681 2065 1827 651 208 182 130 
1 5 385 1681 2065 1828 651 208 182 130 
1 5 385 1681 2065 1829 651 208 182 130 
1 5 385 1681 2065 1830 651 208 182 130 
1 5 385 1681 2065 1831 651 208 182 130 
1 5 385 1681 2065 1832 651 208 182 130 
1 5 385 1681 2065 1833 651 208 182 130 
1 5 385 1681 2065 1834 651 208 182 130 
1 5 385 1681 2065 1835 651 208 182 130 
1 5 385 1681 2065 1836 651 208 182 130 
1 5 385 1681 2065 1837 651 208 182 130 
1 5 385 1681 2065 1838 651 208 182 130 
1 5 385 1681 2065 1839 651 208 182 130 
1 5 385 1681 2065 1840 651 208 182 130 
1 5 385 1681 2065 1841 651 208 182 130 
1 5 385 1681 2065 1842 651 208 182 130 
1 5 385 1681 2065 1843 651 208 182 130 
1 5 385 1681 2065 1844 651 208 182 130 
1 5 385 1681 2065 1845 651 208 182 130 
1 5 385 1681 2065 1846 651 208 182 130 
1 5 385 1681 2065 1847 651 208 182 130 
1 5 385 1681 2065 1848 651 208 182 130 
1 5 385 1681 2065 1849 651 208 182 130 
1 5 385 1681 2065 1850 651 208 182 130 
1 5 385 1681 2065 1851 651 208 182 130 
1 5 385 1681 2065 1852 651 208 182 130 
1 5 385 1681 2065 1853 651 208 182 130 
1 5 385 1681 2065 1854 651 208 182 130 
1 5 385 1681 2065 1855 651 208 182 130 
1 5 385 1681 2065 1856 651 208 182 130 
1 5 385 1681 2065 1857 651 208 182 130 
1 5 385 1681 2065 1858 651 208 182 130 
1 5 385 1681 2065 1859 651 208 182 130 
1 5 385 1681 2065 1860 651 208 182 130 
1 5 385 1681 2065 1861 651 208 182 130 
1 5 385 1681 2065 1862 651 208 182 130 
1 5 385 1681 2065 1863 651 208 182 130 
1 5 385 1681 2065 1864 651 208 182 130 
1 5 385 1681 2065 1865 651 208 182 130 
1 5 385 1681 2065 1866 651 208 182 130 
1 5 385 1681 2065 1867 651 208 182 130 
1 5 385 1681 2065 1868 651 208 182 130 
1 5 385 1681 2065 1869 651 208 182 130 
1 5 385 1681 2065 1870 651 208 182 130 
1 5 385 1681 2065 1871 651 208 182 130 
1 5 385 1681 2065 1872 651 208 182 130 
1 5 385 1681 2065 1873 651 208 182 130 
1 5 385 1681 2065 1874 651 208 182 130 
1 5 385 1681 2065 1875 651 208 182 130 
1 5 385 1681 2065 1876 651 208 182 130 
1 5 385 1681 2065 1877 651 208 182 130 
1 5 385 1681 2065 1878 651 208 182 130 
1 5 385 1681 2065 1879 651 208 182 130 
1 5 385 1681 2065 1880 651 208 182 130 
1 5 385 1681 2065 1881 651 208 182 130 
1 5 385 1681 2065 1882 651 208 182 130 
1 5 385 1681 2065 1883 651 208 182 130 
1 5 385 1681 2065 1884 651 208 182 130 
1 5 385 1681 2065 1885 651 208 182 130 
1 5 385 1681 2065 1886 651 208 182 130 
1 5 385 1681 2065 1887 651 208 182 130 
1 5 385 1681 2065 1888 651 208 182 130 
1 5 385 1681 2065 1889 651 208 182 130 
1 5 385 1681 2065 1890 651 208 182 130 
1 5 385 1681 2065 1891 651 208 182 130 
1 5 385 1681 2065 1892 651 208 182 130 
1 5 385 1681 2065 1893 651 208 182 130 
1 5 385 1681 2065 1894 651 208 182 130 
1 5 385 1681 2065 1895 651 208 182 130 
1 5 385 1681 2065 1896 651 208 182 130 
1 5 385 1681 2065 1897 651 208 182 130 
1 5 385 1681 2065 1898 651 208 182 130 
1 5 385 1681 2065 1899 651 208 182 130 
1 5 385 1681 2065 1900 651 208 182 130 
1 5 385 1681 2065 1901 651 208 182 130 
1 5 385 1681 2065 1902 651 208 182 130 
1 5 385 1681 2065 1903 651 208 182 130 
1 5 385 1681 2065 1904 651 208 182 130 
1 5 385 1681 2065 1905 651 208 182 130 
1 5 385 1681 2065 1906 651 208 182 130 
1 5 385 1681 2065 1907 651 208 182 130 
1 5 385 1681 2065 1908 651 208 182 130 
1 5 385 1681 2065 1909 651 208 182 130 
1 5 385 1681 2065 1910 651 208 182 130 
1 5 385 1681 2065 1911 651 208 182 130 
1 5 385 1681 2065 1912 651 208 182 130 
1 5 385 1681 2065 1913 651 208 182 130 
1 5 385 1681 2065 1914 651 208 182 130 
1 5 385 1681 2065 1915 651 208 182 130 
1 5 385 1681 2065 1916 651 208 182 130 
1 5 385 1681 2065 1917 651 208 182 130 
1 5 385 1681 2065 1918 651 208 182 130 
1 5 385 1681 2065 1919 651 208 182 130 
1 5 385 1681 2065 1920 651 208 182 130 
1 5 385 1681 2065 1921 651 208 182 130 
1 5 385 1681 2065 1922 651 208 182 130 
1 5 385 1681 2065 1923 651 208 182 130 
1 5 385 1681 2065 1924 651 208 182 130 
1 5 385 1681 2065 1925 651 208 182 130 
1 5 385 1681 2065 1926 651 208 182 130 
1 5 385 1681 2065 1927 651 208 182 130 
1 5 385 1681 2065 1928 651 208 182 130 
1 5 385 1681 2065 1929 651 208 182 130 
1 5 385 1681 2065 1930 651 208 182 130 
1 5 385 1681 2065 1931 651 208 182 130 
1 5 385 1681 2065 1932 651 208 182 130 
1 5 385 1681 2065 1933 651 208 182 130 
1 5 385 1681 2065 1934 651 208 182 130 
1 5 385 1681 2065 1935 651 208 182 130 
1 5 385 1681 2065 1936 651 208 182 130 
1 5 385 1681 2065 1937 651 208 182 130 
1 5 385 1681 2065 1938 651 208 182 130 
1 5 385 1681 2065 1939 651 208 182 130 
1 5 385 1681 2065 1940 651 208 182 130 
1 5 385 1681 2065 1941 651 208 182 130 
1 5 385 1681 2065 1942 651 208 182 130 
1 5 385 1681 2065 1943 651 208 182 130 
1 5 385 1681 2065 1944 651 208 182 130 
1 5 385 1681 2065 1945 651 208 182 130 
1 5 385 1681 2065 1946 651 208 182 130 
1 5 385 1681 2065 1947 651 208 182 130 
1 5 385 1681 2065 1948 651 208 182 130 
1 5 385 1681 2065 1949 651 208 182 130 
1 5 385 1681 2065 1950 651 208 182 130 
1 5 385 1681 2065 1951 651 208 182 130 
1 5 385 1681 2065 1952 651 208 182 130 
1 5 385 1681 2065 1953 651 208 182 130 
1 5 385 1681 2065 1954 651 208 182 130 
1 5 385 1681 2065 1955 651 208 182 130 
1 5 385 1681 2065 1956 651 208 182 130 
1 5 385 1681 2065 1957 651 208 182 130 
1 5 385 1681 2065 1958 651 208 182 130 
1 5 385 1681 2065 1959 651 208 182 130 
1 5 385 1681 2065 1960 651 208 182 130 
1 5 385 1681 2065 1961 651 208 182 130 
1 5 385 1681 2065 1962 651 208 182 130 
1 5 385 1681 2065 1963 651 208 182 130 
1 5 385 1681 2065 1964 651 208 182 130 
1 5 385 1681 2065 1965 651 208 182 130 
1 5 385 1681 2065 1966 651 208 182 130 
1 5 385 1681 2065 1967 651 208 182 130 
1 5 385 1681 2065 1968 651 208 182 130 
1 5 385 1681 2065 1969 651 208 182 130 
1 5 385 1681 2065 1970 651 208 182 130 
1 5 385 1681 2065 1971 651 208 182 130 
1 5 385 1681 2065 1972 651 208 182 130 
1 5 385 1681 2065 1973 651 208 182 130 
1 5 385 1681 2065 1974 651 208 182 130 
1 5 385 1681 2065 1975 651 208 182 130 
1 5 385 1681 2065 1976 651 208 182 130 
1 5 385 1681 2065 1977 651 208 182 130 
1 5 385 1681 2065 1978 651 208 182 130 
1 5 385 1681 2065 1979 651 208 182 130 
1 5 385 1681 2065 1980 651 208 182 130 
1 5 385 1681 2065 1981 651 208 182 130 
1 5 385 1681 2065 1982 651 208 182 130 
1 5 385 1681 2065 1983 651 208 182 130 
1 5 385 1681 2065 1984 651 208 182 130 
1 5 385 1681 2065 1985 651 208 182 130 
1 5 385 1681 2065 1986 651 208 182 130 
1 5 385 1681 2065 1987 651 208 182 130 
1 5 385 1681 2065 1988 651 208 182 130 
1 5 385 1681 2065 1989 651 208 182 130 
1 5 385 1681 2065 1990 651 208 182 130 
1 5 385 1681 2065 1991 651 208 182 130 
1 5 385 1681 2065 1992 651 208 182 130 
1 5 385 1681 2065 1993 651 208 182 130 
1 5 385 1681 2065 1994 651 208 182 130 
1 5 385 1681 2065 1995 651 208 182 130 
1 5 385 1681 2065 1996 651 208 182 130 
1 5 385 1681 2065 1997 651 208 182 130 
1 5 385 1681 2065 1998 651 208 182 130 
1 5 385 1681 2065 1999 651 208 182 130 
1 5 385 1681 2065 2000 651 208 182 130 
1 5 385 1681 2065 2001 651 208 182 130 
1 5 385 1681 2065 2002 651 208 182 130 
1 5 385 1681 2065 2003 651 208 182 130 
1 5 385 1681 2065 2004 651 208 182 130 
1 5 385 1681 2065 2005 651 208 182 130 
1 5 385 1681 2065 2006 651 208 182 130 
1 5 385 1681 2065 2007 651 208 182 130 
1 5 385 1681 2065 2008 651 208 182 130 
1 5 385 1681 2065 2009 651 208 182 130 
1 5 385 1681 2065 2010 651 208 182 130 
1 5 385 1681 2065 2011 651 208 182 130 
1 5 385 1681 2065 2012 651 208 182 130 
1 5 385 1681 2065 2013 651 208 182 130 
1 5 385 1681 2065 2014 651 208 182 130 
1 5 385 1681 2065 2015 651 208 182 130 
1 5 385 1681 2065 2016 651 208 182 130 
1 5 385 1681 2065 2017 651 208 182 130 
1 5 385 1681 2065 2018 651 208 182 130 
1 5 385 1681 2065 2019 651 208 182 130 
1 5 385 1681 2065 2020 651 208 182 130 
1 5 385 1681 2065 2021 651 208 182 130 
1 5 385 1681 2065 2022 651 208 182 130 
1 5 385 1681 2065 2023 651 208 182 130 
1 5 385 1681 2065 2024 651 208 182 130 
1 5 385 1681 2065 2025 651 208 182 130 
1 5 385 1681 2065 2026 651 208 182 130 
1 5 385 1681 2065 2027 651 208 182 130 
1 5 385 1681 2065 2028 651 208 182 130 
1 5 385 1681 2065 2029 651 208 182 130 
1 5 385 1681 2065 2030 651 208 182 130 
1 5 385 1681 2065 2031 651 208 182 130 
1 5 385 1681 2065 2032 651 208 182 130 
1 5 385 1681 2065 2033 651 208 182 130 
1 5 385 1681 2065 2034 651 208 182 130 
1 5 385 1681 2065 2035 651 208 182 130 
1 5 385 1681 2065 2036 651 208 182 130 
1 5 385 1681 2065 2037 651 208 182 130 
1 5 385 1681 2065 2038 651 208 182 130 
1 5 385 1681 2065 2039 651 208 182 130 
1 5 385 1681 2065 2040 651 208 182 130 
1 5 385 1681 2065 2041 651 208 182 130 
1 5 385 1681 2065 2042 651 208 182 130 
1 5 385 1681 2065 2043 651 208 182 130 
1 5 385 1681 2065 2044 651 208 182 130 
1 5 385 1681 2065 2045 651 208 182 130 
1 5 385 1681 2065 2046 651 208 182 130 
1 5 385 1681 2065 2047 651 208 182 130 
1 5 385 1681 2065 2048 651 208 182 130 
1 5 385 1681 2065 2049 651 208 182 130 
1 5 385 1681 2065 2050 651 208 182 130 
1 5 385 1681 2065 2051 651 208 182 130 
1 5 385 1681 2065 2052 651 208 182 130 
1 5 385 1681 2065 2053 651 208 182 130 
1 5 385 1681 2065 2054 651 208 182 130 
1 5 385 1681 2065 2055 651 208 182 130 
1 5 385 1681 2065 2056 651 208 182 130 
1 5 385 1681 2065 2057 651 208 182 130 
1 5 385 1681 2065 2058 651 208 182 130 
1 5 385 1681 2065 2059 651 208 182 130 
1 5 385 1681 2065 2060 651 208 182 130 
1 5 385 1681 2065 2061 651 208 182 130 
1 5 385 1681 2065 2062 651 208 182 130 
1 5 385 1681 2065 2063 651 208 182 130 
1 5 385 1681 2065 2064 651 208 182 130 
1 5 385 1681 2065 2065 651 208 182 130 
2 5 110 1712 1821 1712 1072 168 147 88 
2 5 110 1712 1821 1713 1072 168 147 88 
2 5 110 1712 1821 1714 1072 168 147 88 
2 5 110 1712 1821 1715 1072 168 147 88 
2 5 110 1712 1821 1716 1072 168 147 88 
2 5 110 1712 1821 1717 1072 168 147 88 
2 5 110 1712 1821 1718 1072 168 147 88 
2 5 110 1712 1821 1719 1072 168 147 88 
2 5 110 1712 1821 1720 1072 168 147 88 
2 5 110 1712 1821 1721 1072 168 147 88 
2 5 110 1712 1821 1722 1072 168 147 88 
2 5 110 1712 1821 1723 1072 168 147 88 
2 5 110 1712 1821 1724 1072 168 147 88 
2 5 110 1712 1821 1725 1072 168 147 88 
2 5 110 1712 1821 1726 1072 168 147 88 
2 5 110 1712 1821 1727 1072 168 147 88 
2 5 110 1712 1821 1728 1072 168 147 88 
2 5 110 1712 1821 1729 1072 168 147 88 
2 5 110 1712 1821 1730 1072 168 147 88 
2 5 110 1712 1821 1731 1072 168 147 88 
2 5 110 1712 1821 1732 1072 168 147 88 
2 5 110 1712 1821 1733 1072 168 147 88 
2 5 110 1712 1821 1734 1072 168 147 88 
2 5 110 1712 1821 1735 1072 168 147 88 
2 5 110 1712 1821 1736 1072 168 147 88 
2 5 110 1712 1821 1737 1072 168 147 88 
2 5 110 1712 1821 1738 1072 168 147 88 
2 5 110 1712 1821 1739 1072 168 147 88 
2 5 110 1712 1821 1740 1072 168 147 88 
2 5 110 1712 1821 1741 1072 168 147 88 
2 5 110 1712 1821 1742 1072 168 147 88 
2 5 110 1712 1821 1743 1072 168 147 88 
2 5 110 1712 1821 1744 1072 168 147 88 
2 5 110 1712 1821 1745 1072 168 147 88 
2 5 110 1712 1821 1746 1072 168 147 88 
2 5 110 1712 1821 1747 1072 168 147 88 
2 5 110 1712 1821 1748 1072 168 147 88 
2 5 110 1712 1821 1749 1072 168 147 88 
2 5 110 1712 1821 1750 1072 168 147 88 
2 5 110 1712 1821 1751 1072 168 147 88 
2 5 110 1712 1821 1752 1072 168 147 88 
2 5 110 1712 1821 1753 1072 168 147 88 
2 5 110 1712 1821 1754 1072 168 147 88 
2 5 110 1712 1821 1755 1072 168 147 88 
2 5 110 1712 1821 1756 1072 168 147 88 
2 5 110 1712 1821 1757 1072 168 147 88 
2 5 110 1712 1821 1758 1072 168 147 88 
2 5 110 1712 1821 1759 1072 168 147 88 
2 5 110 1712 1821 1760 1072 168 147 88 
2 5 110 1712 1821 1761 1072 168 147 88 
2 5 110 1712 1821 1762 1072 168 147 88 
2 5 110 1712 1821 1763 1072 168 147 88 
2 5 110 1712 1821 1764 1072 168 147 88 
2 5 110 1712 1821 1765 1072 168 147 88 
2 5 110 1712 1821 1766 1072 168 147 88 
2 5 110 1712 1821 1767 1072 168 147 88 
2 5 110 1712 1821 1768 1072 168 147 88 
2 5 110 1712 1821 1769 1072 168 147 88 
2 5 110 1712 1821 1770 1072 168 147 88 
2 5 110 1712 1821 1771 1072 168 147 88 
2 5 110 1712 1821 1772 1072 168 147 88 
2 5 110 1712 1821 1773 1072 168 147 88 
2 5 110 1712 1821 1774 1072 168 147 88 
2 5 110 1712 1821 1775 1072 168 147 88 
2 5 110 1712 1821 1776 1072 168 147 88 
2 5 110 1712 1821 1777 1072 168 147 88 
2 5 110 1712 1821 1778 1072 168 147 88 
2 5 110 1712 1821 1779 1072 168 147 88 
2 5 110 1712 1821 1780 1072 168 147 88 
2 5 110 1712 1821 1781 1072 168 147 88 
2 5 110 1712 1821 1782 1072 168 147 88 
2 5 110 1712 1821 1783 1072 168 147 88 
2 5 110 1712 1821 1784 1072 168 147 88 
2 5 110 1712 1821 1785 1072 168 147 88 
2 5 110 1712 1821 1786 1072 168 147 88 
2 5 110 1712 1821 1787 1072 168 147 88 
2 5 110 1712 1821 1788 1072 168 147 88 
2 5 110 1712 1821 1789 1072 168 147 88 
2 5 110 1712 1821 1790 1072 168 147 88 
2 5 110 1712 1821 1791 1072 168 147 88 
2 5 110 1712 1821 1792 1072 168 147 88 
2 5 110 1712 1821 1793 1072 168 147 88 
2 5 110 1712 1821 1794 1072 168 147 88 
2 5 110 1712 1821 1795 1072 168 147 88 
2 5 110 1712 1821 1796 1072 168 147 88 
2 5 110 1712 1821 1797 1072 168 147 88 
2 5 110 1712 1821 1798 1072 168 147 88 
2 5 110 1712 1821 1799 1072 168 147 88 
2 5 110 1712 1821 1800 1072 168 147 88 
2 5 110 1712 1821 1801 1072 168 147 88 
2 5 110 1712 1821 1802 1072 168 147 88 
2 5 110 1712 1821 1803 1072 168 147 88 
2 5 110 1712 1821 1804 1072 168 147 88 
2 5 110 1712 1821 1805 1072 168 147 88 
2 5 110 1712 1821 1806 1072 168 147 88 
2 5 110 1712 1821 1807 1072 168 147 88 
2 5 110 1712 1821 1808 1072 168 147 88 
2 5 110 1712 1821 1809 1072 168 147 88 
2 5 110 1712 1821 1810 1072 168 147 88 
2 5 110 1712 1821 1811 1072 168 147 88 
2 5 110 1712 1821 1812 1072 168 147 88 
2 5 110 1712 1821 1813 1072 168 147 88 
2 5 110 1712 1821 1814 1072 168 147 88 
2 5 110 1712 1821 1815 1072 168 147 88 
2 5 110 1712 1821 1816 1072 168 147 88 
2 5 110 1712 1821 1817 1072 168 147 88 
2 5 110 1712 1821 1818 1072 168 147 88 
2 5 110 1712 1821 1819 1072 168 147 88 
2 5 110 1712 1821 1820 1072 168 147 88 
2 5 110 1712 1821 1821 1072 168 147 88 
3 1 121 1897 2017 1897 1177 419 177 136 
3 1 121 1897 2017 1898 1177 419 177 136 
3 1 121 1897 2017 1899 1177 419 177 136 
3 1 121 1897 2017 1900 1177 419 177 136 
3 1 121 1897 2017 1901 1177 419 177 136 
3 1 121 1897 2017 1902 1177 419 177 136 
3 1 121 1897 2017 1903 1177 419 177 136 
3 1 121 1897 2017 1904 1177 419 177 136 
3 1 121 1897 2017 1905 1177 419 177 136 
3 1 121 1897 2017 1906 1177 419 177 136 
3 1 121 1897 2017 1907 1177 419 177 136 
3 1 121 1897 2017 1908 1177 419 177 136 
3 1 121 1897 2017 1909 1177 419 177 136 
3 1 121 1897 2017 1910 1177 419 177 136 
3 1 121 1897 2017 1911 1177 419 177 136 
3 1 121 1897 2017 1912 1177 419 177 136 
3 1 121 1897 2017 1913 1177 419 177 136 
3 1 121 1897 2017 1914 1177 419 177 136 
3 1 121 1897 2017 1915 1177 419 177 136 
3 1 121 1897 2017 1916 1177 419 177 136 
3 1 121 1897 2017 1917 1177 419 177 136 
3 1 121 1897 2017 1918 1177 419 177 136 
3 1 121 1897 2017 1919 1177 419 177 136 
3 1 121 1897 2017 1920 1177 419 177 136 
3 1 121 1897 2017 1921 1177 419 177 136 
3 1 121 1897 2017 1922 1177 419 177 136 
3 1 121 1897 2017 1923 1177 419 177 136 
3 1 121 1897 2017 1924 1177 419 177 136 
3 1 121 1897 2017 1925 1177 419 177 136 
3 1 121 1897 2017 1926 1177 419 177 136 
3 1 121 1897 2017 1927 1177 419 177 136 
3 1 121 1897 2017 1928 1177 419 177 136 
3 1 121 1897 2017 1929 1177 419 177 136 
3 1 121 1897 2017 1930 1177 419 177 136 
3 1 121 1897 2017 1931 1177 419 177 136 
3 1 121 1897 2017 1932 1177 419 177 136 
3 1 121 1897 2017 1933 1177 419 177 136 
3 1 121 1897 2017 1934 1177 419 177 136 
3 1 121 1897 2017 1935 1177 419 177 136 
3 1 121 1897 2017 1936 1177 419 177 136 
3 1 121 1897 2017 1937 1177 419 177 136 
3 1 121 1897 2017 1938 1177 419 177 136 
3 1 121 1897 2017 1939 1177 419 177 136 
3 1 121 1897 2017 1940 1177 419 177 136 
3 1 121 1897 2017 1941 1177 419 177 136 
3 1 121 1897 2017 1942 1177 419 177 136 
3 1 121 1897 2017 1943 1177 419 177 136 
3 1 121 1897 2017 1944 1177 419 177 136 
3 1 121 1897 2017 1945 1177 419 177 136 
3 1 121 1897 2017 1946 1177 419 177 136 
3 1 121 1897 2017 1947 1177 419 177 136 
3 1 121 1897 2017 1948 1177 419 177 136 
3 1 121 1897 2017 1949 1177 419 177 136 
3 1 121 1897 2017 1950 1177 419 177 136 
3 1 121 1897 2017 1951 1177 419 177 136 
3 1 121 1897 2017 1952 1177 419 177 136 
3 1 121 1897 2017 1953 1177 419 177 136 
3 1 121 1897 2017 1954 1177 419 177 136 
3 1 121 1897 2017 1955 1177 419 177 136 
3 1 121 1897 2017 1956 1177 419 177 136 
3 1 121 1897 2017 1957 1177 419 177 136 
3 1 121 1897 2017 1958 1177 419 177 136 
3 1 121 1897 2017 1959 1177 419 177 136 
3 1 121 1897 2017 1960 1177 419 177 136 
3 1 121 1897 2017 1961 1177 419 177 136 
3 1 121 1897 2017 1962 1177 419 177 136 
3 1 121 1897 2017 1963 1177 419 177 136 
3 1 121 1897 2017 1964 1177 419 177 136 
3 1 121 1897 2017 1965 1177 419 177 136 
3 1 121 1897 2017 1966 1177 419 177 136 
3 1 121 1897 2017 1967 1177 419 177 136 
3 1 121 1897 2017 1968 1177 419 177 136 
3 1 121 1897 2017 1969 1177 419 177 136 
3 1 121 1897 2017 1970 1177 419 177 136 
3 1 121 1897 2017 1971 1177 419 177 136 
3 1 121 1897 2017 1972 1177 419 177 136 
3 1 121 1897 2017 1973 1177 419 177 136 
3 1 121 1897 2017 1974 1177 419 177 136 
3 1 121 1897 2017 1975 1177 419 177 136 
3 1 121 1897 2017 1976 1177 419 177 136 
3 1 121 1897 2017 1977 1177 419 177 136 
3 1 121 1897 2017 1978 1177 419 177 136 
3 1 121 1897 2017 1979 1177 419 177 136 
3 1 121 1897 2017 1980 1177 419 177 136 
3 1 121 1897 2017 1981 1177 419 177 136 
3 1 121 1897 2017 1982 1177 419 177 136 
3 1 121 1897 2017 1983 1177 419 177 136 
3 1 121 1897 2017 1984 1177 419 177 136 
3 1 121 1897 2017 1985 1177 419 177 136 
3 1 121 1897 2017 1986 1177 419 177 136 
3 1 121 1897 2017 1987 1177 419 177 136 
3 1 121 1897 2017 1988 1177 419 177 136 
3 1 121 1897 2017 1989 1177 419 177 136 
3 1 121 1897 2017 1990 1177 419 177 136 
3 1 121 1897 2017 1991 1177 419 177 136 
3 1 121 1897 2017 1992 1177 419 177 136 
3 1 121 1897 2017 1993 1177 419 177 136 
3 1 121 1897 2017 1994 1177 419 177 136 
3 1 121 1897 2017 1995 1177 419 177 136 
3 1 121 1897 2017 1996 1177 419 177 136 
3 1 121 1897 2017 1997 1177 419 177 136 
3 1 121 1897 2017 1998 1177 419 177 136 
3 1 121 1897 2017 1999 1177 419 177 136 
3 1 121 1897 2017 2000 1177 419 177 136 
3 1 121 1897 2017 2001 1177 419 177 136 
3 1 121 1897 2017 2002 1177 419 177 136 
3 1 121 1897 2017 2003 1177 419 177 136 
3 1 121 1897 2017 2004 1177 419 177 136 
3 1 121 1897 2017 2005 1177 419 177 136 
3 1 121 1897 2017 2006 1177 419 177 136 
3 1 121 1897 2017 2007 1177 419 177 136 
3 1 121 1897 2017 2008 1177 419 177 136 
3 1 121 1897 2017 2009 1177 419 177 136 
3 1 121 1897 2017 2010 1177 419 177 136 
3 1 121 1897 2017 2011 1177 419 177 136 
3 1 121 1897 2017 2012 1177 419 177 136 
3 1 121 1897 2017 2013 1177 419 177 136 
3 1 121 1897 2017 2014 1177 419 177 136 
3 1 121 1897 2017 2015 1177 419 177 136 
3 1 121 1897 2017 2016 1177 419 177 136 
3 1 121 1897 2017 2017 1177 419 177 136 
4 5 85 2050 2134 2050 1167 406 182 143 
4 5 85 2050 2134 2051 1167 406 182 143 
4 5 85 2050 2134 2052 1167 406 182 143 
4 5 85 2050 2134 2053 1167 406 182 143 
4 5 85 2050 2134 2054 1167 406 182 143 
4 5 85 2050 2134 2055 1167 406 182 143 
4 5 85 2050 2134 2056 1167 406 182 143 
4 5 85 2050 2134 2057 1167 406 182 143 
4 5 85 2050 2134 2058 1167 406 182 143 
4 5 85 2050 2134 2059 1167 406 182 143 
4 5 85 2050 2134 2060 1167 406 182 143 
4 5 85 2050 2134 2061 1167 406 182 143 
4 5 85 2050 2134 2062 1167 406 182 143 
4 5 85 2050 2134 2063 1167 406 182 143 
4 5 85 2050 2134 2064 1167 406 182 143 
4 5 85 2050 2134 2065 1167 406 182 143 
4 5 85 2050 2134 2066 1167 406 182 143 
4 5 85 2050 2134 2067 1167 406 182 143 
4 5 85 2050 2134 2068 1167 406 182 143 
4 5 85 2050 2134 2069 1167 406 182 143 
4 5 85 2050 2134 2070 1167 406 182 143 
4 5 85 2050 2134 2071 1167 406 182 143 
4 5 85 2050 2134 2072 1167 406 182 143 
4 5 85 2050 2134 2073 1167 406 182 143 
4 5 85 2050 2134 2074 1167 406 182 143 
4 5 85 2050 2134 2075 1167 406 182 143 
4 5 85 2050 2134 2076 1167 406 182 143 
4 5 85 2050 2134 2077 1167 406 182 143 
4 5 85 2050 2134 2078 1167 406 182 143 
4 5 85 2050 2134 2079 1167 406 182 143 
4 5 85 2050 2134 2080 1167 406 182 143 
4 5 85 2050 2134 2081 1167 406 182 143 
4 5 85 2050 2134 2082 1167 406 182 143 
4 5 85 2050 2134 2083 1167 406 182 143 
4 5 85 2050 2134 2084 1167 406 182 143 
4 5 85 2050 2134 2085 1167 406 182 143 
4 5 85 2050 2134 2086 1167 406 182 143 
4 5 85 2050 2134 2087 1167 406 182 143 
4 5 85 2050 2134 2088 1167 406 182 143 
4 5 85 2050 2134 2089 1167 406 182 143 
4 5 85 2050 2134 2090 1167 406 182 143 
4 5 85 2050 2134 2091 1167 406 182 143 
4 5 85 2050 2134 2092 1167 406 182 143 
4 5 85 2050 2134 2093 1167 406 182 143 
4 5 85 2050 2134 2094 1167 406 182 143 
4 5 85 2050 2134 2095 1167 406 182 143 
4 5 85 2050 2134 2096 1167 406 182 143 
4 5 85 2050 2134 2097 1167 406 182 143 
4 5 85 2050 2134 2098 1167 406 182 143 
4 5 85 2050 2134 2099 1167 406 182 143 
4 5 85 2050 2134 2100 1167 406 182 143 
4 5 85 2050 2134 2101 1167 406 182 143 
4 5 85 2050 2134 2102 1167 406 182 143 
4 5 85 2050 2134 2103 1167 406 182 143 
4 5 85 2050 2134 2104 1167 406 182 143 
4 5 85 2050 2134 2105 1167 406 182 143 
4 5 85 2050 2134 2106 1167 406 182 143 
4 5 85 2050 2134 2107 1167 406 182 143 
4 5 85 2050 2134 2108 1167 406 182 143 
4 5 85 2050 2134 2109 1167 406 182 143 
4 5 85 2050 2134 2110 1167 406 182 143 
4 5 85 2050 2134 2111 1167 406 182 143 
4 5 85 2050 2134 2112 1167 406 182 143 
4 5 85 2050 2134 2113 1167 406 182 143 
4 5 85 2050 2134 2114 1167 406 182 143 
4 5 85 2050 2134 2115 1167 406 182 143 
4 5 85 2050 2134 2116 1167 406 182 143 
4 5 85 2050 2134 2117 1167 406 182 143 
4 5 85 2050 2134 2118 1167 406 182 143 
4 5 85 2050 2134 2119 1167 406 182 143 
4 5 85 2050 2134 2120 1167 406 182 143 
4 5 85 2050 2134 2121 1167 406 182 143 
4 5 85 2050 2134 2122 1167 406 182 143 
4 5 85 2050 2134 2123 1167 406 182 143 
4 5 85 2050 2134 2124 1167 406 182 143 
4 5 85 2050 2134 2125 1167 406 182 143 
4 5 85 2050 2134 2126 1167 406 182 143 
4 5 85 2050 2134 2127 1167 406 182 143 
4 5 85 2050 2134 2128 1167 406 182 143 
4 5 85 2050 2134 2129 1167 406 182 143 
4 5 85 2050 2134 2130 1167 406 182 143 
4 5 85 2050 2134 2131 1167 406 182 143 
4 5 85 2050 2134 2132 1167 406 182 143 
4 5 85 2050 2134 2133 1167 406 182 143 
4 5 85 2050 2134 2134 1167 406 182 143 
5 5 144 2500 2643 2500 452 76 164 71 
5 5 144 2500 2643 2501 452 76 164 71 
5 5 144 2500 2643 2502 452 76 164 71 
5 5 144 2500 2643 2503 452 76 164 71 
5 5 144 2500 2643 2504 452 76 164 71 
5 5 144 2500 2643 2505 452 76 164 71 
5 5 144 2500 2643 2506 452 76 164 71 
5 5 144 2500 2643 2507 452 76 164 71 
5 5 144 2500 2643 2508 452 76 164 71 
5 5 144 2500 2643 2509 452 76 164 71 
5 5 144 2500 2643 2510 452 76 164 71 
5 5 144 2500 2643 2511 452 76 164 71 
5 5 144 2500 2643 2512 452 76 164 71 
5 5 144 2500 2643 2513 452 76 164 71 
5 5 144 2500 2643 2514 452 76 164 71 
5 5 144 2500 2643 2515 452 76 164 71 
5 5 144 2500 2643 2516 452 76 164 71 
5 5 144 2500 2643 2517 452 76 164 71 
5 5 144 2500 2643 2518 452 76 164 71 
5 5 144 2500 2643 2519 452 76 164 71 
5 5 144 2500 2643 2520 452 76 164 71 
5 5 144 2500 2643 2521 452 76 164 71 
5 5 144 2500 2643 2522 452 76 164 71 
5 5 144 2500 2643 2523 452 76 164 71 
5 5 144 2500 2643 2524 452 76 164 71 
5 5 144 2500 2643 2525 452 76 164 71 
5 5 144 2500 2643 2526 452 76 164 71 
5 5 144 2500 2643 2527 452 76 164 71 
5 5 144 2500 2643 2528 452 76 164 71 
5 5 144 2500 2643 2529 452 76 164 71 
5 5 144 2500 2643 2530 452 76 164 71 
5 5 144 2500 2643 2531 452 76 164 71 
5 5 144 2500 2643 2532 452 76 164 71 
5 5 144 2500 2643 2533 452 76 164 71 
5 5 144 2500 2643 2534 452 76 164 71 
5 5 144 2500 2643 2535 452 76 164 71 
5 5 144 2500 2643 2536 452 76 164 71 
5 5 144 2500 2643 2537 452 76 164 71 
5 5 144 2500 2643 2538 452 76 164 71 
5 5 144 2500 2643 2539 452 76 164 71 
5 5 144 2500 2643 2540 452 76 164 71 
5 5 144 2500 2643 2541 452 76 164 71 
5 5 144 2500 2643 2542 452 76 164 71 
5 5 144 2500 2643 2543 452 76 164 71 
5 5 144 2500 2643 2544 452 76 164 71 
5 5 144 2500 2643 2545 452 76 164 71 
5 5 144 2500 2643 2546 452 76 164 71 
5 5 144 2500 2643 2547 452 76 164 71 
5 5 144 2500 2643 2548 452 76 164 71 
5 5 144 2500 2643 2549 452 76 164 71 
5 5 144 2500 2643 2550 452 76 164 71 
5 5 144 2500 2643 2551 452 76 164 71 
5 5 144 2500 2643 2552 452 76 164 71 
5 5 144 2500 2643 2553 452 76 164 71 
5 5 144 2500 2643 2554 452 76 164 71 
5 5 144 2500 2643 2555 452 76 164 71 
5 5 144 2500 2643 2556 452 76 164 71 
5 5 144 2500 2643 2557 452 76 164 71 
5 5 144 2500 2643 2558 452 76 164 71 
5 5 144 2500 2643 2559 452 76 164 71 
5 5 144 2500 2643 2560 452 76 164 71 
5 5 144 2500 2643 2561 452 76 164 71 
5 5 144 2500 2643 2562 452 76 164 71 
5 5 144 2500 2643 2563 452 76 164 71 
5 5 144 2500 2643 2564 452 76 164 71 
5 5 144 2500 2643 2565 452 76 164 71 
5 5 144 2500 2643 2566 452 76 164 71 
5 5 144 2500 2643 2567 452 76 164 71 
5 5 144 2500 2643 2568 452 76 164 71 
5 5 144 2500 2643 2569 452 76 164 71 
5 5 144 2500 2643 2570 452 76 164 71 
5 5 144 2500 2643 2571 452 76 164 71 
5 5 144 2500 2643 2572 452 76 164 71 
5 5 144 2500 2643 2573 452 76 164 71 
5 5 144 2500 2643 2574 452 76 164 71 
5 5 144 2500 2643 2575 452 76 164 71 
5 5 144 2500 2643 2576 452 76 164 71 
5 5 144 2500 2643 2577 452 76 164 71 
5 5 144 2500 2643 2578 452 76 164 71 
5 5 144 2500 2643 2579 452 76 164 71 
5 5 144 2500 2643 2580 452 76 164 71 
5 5 144 2500 2643 2581 452 76 164 71 
5 5 144 2500 2643 2582 452 76 164 71 
5 5 144 2500 2643 2583 452 76 164 71 
5 5 144 2500 2643 2584 452 76 164 71 
5 5 144 2500 2643 2585 452 76 164 71 
5 5 144 2500 2643 2586 452 76 164 71 
5 5 144 2500 2643 2587 452 76 164 71 
5 5 144 2500 2643 2588 452 76 164 71 
5 5 144 2500 2643 2589 452 76 164 71 
5 5 144 2500 2643 2590 452 76 164 71 
5 5 144 2500 2643 2591 452 76 164 71 
5 5 144 2500 2643 2592 452 76 164 71 
5 5 144 2500 2643 2593 452 76 164 71 
5 5 144 2500 2643 2594 452 76 164 71 
5 5 144 2500 2643 2595 452 76 164 71 
5 5 144 2500 2643 2596 452 76 164 71 
5 5 144 2500 2643 2597 452 76 164 71 
5 5 144 2500 2643 2598 452 76 164 71 
5 5 144 2500 2643 2599 452 76 164 71 
5 5 144 2500 2643 2600 452 76 164 71 
5 5 144 2500 2643 2601 452 76 164 71 
5 5 144 2500 2643 2602 452 76 164 71 
5 5 144 2500 2643 2603 452 76 164 71 
5 5 144 2500 2643 2604 452 76 164 71 
5 5 144 2500 2643 2605 452 76 164 71 
5 5 144 2500 2643 2606 452 76 164 71 
5 5 144 2500 2643 2607 452 76 164 71 
5 5 144 2500 2643 2608 452 76 164 71 
5 5 144 2500 2643 2609 452 76 164 71 
5 5 144 2500 2643 2610 452 76 164 71 
5 5 144 2500 2643 2611 452 76 164 71 
5 5 144 2500 2643 2612 452 76 164 71 
5 5 144 2500 2643 2613 452 76 164 71 
5 5 144 2500 2643 2614 452 76 164 71 
5 5 144 2500 2643 2615 452 76 164 71 
5 5 144 2500 2643 2616 452 76 164 71 
5 5 144 2500 2643 2617 452 76 164 71 
5 5 144 2500 2643 2618 452 76 164 71 
5 5 144 2500 2643 2619 452 76 164 71 
5 5 144 2500 2643 2620 452 76 164 71 
5 5 144 2500 2643 2621 452 76 164 71 
5 5 144 2500 2643 2622 452 76 164 71 
5 5 144 2500 2643 2623 452 76 164 71 
5 5 144 2500 2643 2624 452 76 164 71 
5 5 144 2500 2643 2625 452 76 164 71 
5 5 144 2500 2643 2626 452 76 164 71 
5 5 144 2500 2643 2627 452 76 164 71 
5 5 144 2500 2643 2628 452 76 164 71 
5 5 144 2500 2643 2629 452 76 164 71 
5 5 144 2500 2643 2630 452 76 164 71 
5 5 144 2500 2643 2631 452 76 164 71 
5 5 144 2500 2643 2632 452 76 164 71 
5 5 144 2500 2643 2633 452 76 164 71 
5 5 144 2500 2643 2634 452 76 164 71 
5 5 144 2500 2643 2635 452 76 164 71 
5 5 144 2500 2643 2636 452 76 164 71 
5 5 144 2500 2643 2637 452 76 164 71 
5 5 144 2500 2643 2638 452 76 164 71 
5 5 144 2500 2643 2639 452 76 164 71 
5 5 144 2500 2643 2640 452 76 164 71 
5 5 144 2500 2643 2641 452 76 164 71 
5 5 144 2500 2643 2642 452 76 164 71 
5 5 144 2500 2643 2643 452 76 164 71 
6 6 59 2842 2900 2842 551 366 158 64 
6 6 59 2842 2900 2843 551 366 158 64 
6 6 59 2842 2900 2844 551 366 158 64 
6 6 59 2842 2900 2845 551 366 158 64 
6 6 59 2842 2900 2846 551 366 158 64 
6 6 59 2842 2900 2847 551 366 158 64 
6 6 59 2842 2900 2848 551 366 158 64 
6 6 59 2842 2900 2849 551 366 158 64 
6 6 59 2842 2900 2850 551 366 158 64 
6 6 59 2842 2900 2851 551 366 158 64 
6 6 59 2842 2900 2852 551 366 158 64 
6 6 59 2842 2900 2853 551 366 158 64 
6 6 59 2842 2900 2854 551 366 158 64 
6 6 59 2842 2900 2855 551 366 158 64 
6 6 59 2842 2900 2856 551 366 158 64 
6 6 59 2842 2900 2857 551 366 158 64 
6 6 59 2842 2900 2858 551 366 158 64 
6 6 59 2842 2900 2859 551 366 158 64 
6 6 59 2842 2900 2860 551 366 158 64 
6 6 59 2842 2900 2861 551 366 158 64 
6 6 59 2842 2900 2862 551 366 158 64 
6 6 59 2842 2900 2863 551 366 158 64 
6 6 59 2842 2900 2864 551 366 158 64 
6 6 59 2842 2900 2865 551 366 158 64 
6 6 59 2842 2900 2866 551 366 158 64 
6 6 59 2842 2900 2867 551 366 158 64 
6 6 59 2842 2900 2868 551 366 158 64 
6 6 59 2842 2900 2869 551 366 158 64 
6 6 59 2842 2900 2870 551 366 158 64 
6 6 59 2842 2900 2871 551 366 158 64 
6 6 59 2842 2900 2872 551 366 158 64 
6 6 59 2842 2900 2873 551 366 158 64 
6 6 59 2842 2900 2874 551 366 158 64 
6 6 59 2842 2900 2875 551 366 158 64 
6 6 59 2842 2900 2876 551 366 158 64 
6 6 59 2842 2900 2877 551 366 158 64 
6 6 59 2842 2900 2878 551 366 158 64 
6 6 59 2842 2900 2879 551 366 158 64 
6 6 59 2842 2900 2880 551 366 158 64 
6 6 59 2842 2900 2881 551 366 158 64 
6 6 59 2842 2900 2882 551 366 158 64 
6 6 59 2842 2900 2883 551 366 158 64 
6 6 59 2842 2900 2884 551 366 158 64 
6 6 59 2842 2900 2885 551 366 158 64 
6 6 59 2842 2900 2886 551 366 158 64 
6 6 59 2842 2900 2887 551 366 158 64 
6 6 59 2842 2900 2888 551 366 158 64 
6 6 59 2842 2900 2889 551 366 158 64 
6 6 59 2842 2900 2890 551 366 158 64 
6 6 59 2842 2900 2891 551 366 158 64 
6 6 59 2842 2900 2892 551 366 158 64 
6 6 59 2842 2900 2893 551 366 158 64 
6 6 59 2842 2900 2894 551 366 158 64 
6 6 59 2842 2900 2895 551 366 158 64 
6 6 59 2842 2900 2896 551 366 158 64 
6 6 59 2842 2900 2897 551 366 158 64 
6 6 59 2842 2900 2898 551 366 158 64 
6 6 59 2842 2900 2899 551 366 158 64 
6 6 59 2842 2900 2900 551 366 158 64 
