4 9 716 0 715 1  0 0 0 0 0 0 0 0 0 0 0 0 0 0 0 1 0 0
5 9 595 0 594 1  0 1 0 0 0 0 0 0 0 0 0 0 0 0 0 0 0 0
6 9 620 0 619 1  0 0 0 0 0 0 0 0 0 0 0 0 0 0 0 0 1 0
7 12 50 282 331 1  0 0 1 0 0 0 0 0 0 0 0 0 0 0 0 0 0 0
8 12 89 317 405 1  0 0 0 0 0 0 1 0 0 0 0 0 0 0 0 0 0 0
9 11 142 762 903 1  0 0 0 0 0 0 0 0 0 0 0 0 0 0 0 0 1 0
10 9 74 933 1006 1  0 0 0 0 0 0 0 0 1 0 0 0 0 0 0 0 0 0
11 9 226 781 1006 1  0 0 0 0 0 0 0 1 0 0 0 0 0 0 0 0 0 0
12 11 142 762 903 1  0 0 0 0 0 0 0 0 0 0 0 0 0 0 0 0 0 1
13 11 142 762 903 1  0 0 0 0 0 0 0 0 0 0 0 0 0 0 0 1 0 0
