0 6 132 528 659 528 519 97 130 49 
0 6 132 528 659 529 519 97 130 49 
0 6 132 528 659 530 519 97 130 49 
0 6 132 528 659 531 519 97 130 49 
0 6 132 528 659 532 519 97 130 49 
0 6 132 528 659 533 519 97 130 49 
0 6 132 528 659 534 519 97 130 49 
0 6 132 528 659 535 519 97 130 49 
0 6 132 528 659 536 519 97 130 49 
0 6 132 528 659 537 519 97 130 49 
0 6 132 528 659 538 519 97 130 49 
0 6 132 528 659 539 519 97 130 49 
0 6 132 528 659 540 519 97 130 49 
0 6 132 528 659 541 519 97 130 49 
0 6 132 528 659 542 519 97 130 49 
0 6 132 528 659 543 519 97 130 49 
0 6 132 528 659 544 519 97 130 49 
0 6 132 528 659 545 519 97 130 49 
0 6 132 528 659 546 519 97 130 49 
0 6 132 528 659 547 519 97 130 49 
0 6 132 528 659 548 519 97 130 49 
0 6 132 528 659 549 519 97 130 49 
0 6 132 528 659 550 519 97 130 49 
0 6 132 528 659 551 519 97 130 49 
0 6 132 528 659 552 519 97 130 49 
0 6 132 528 659 553 519 97 130 49 
0 6 132 528 659 554 519 97 130 49 
0 6 132 528 659 555 519 97 130 49 
0 6 132 528 659 556 519 97 130 49 
0 6 132 528 659 557 519 97 130 49 
0 6 132 528 659 558 519 97 130 49 
0 6 132 528 659 559 519 97 130 49 
0 6 132 528 659 560 519 97 130 49 
0 6 132 528 659 561 519 97 130 49 
0 6 132 528 659 562 519 97 130 49 
0 6 132 528 659 563 519 97 130 49 
0 6 132 528 659 564 519 97 130 49 
0 6 132 528 659 565 519 97 130 49 
0 6 132 528 659 566 519 97 130 49 
0 6 132 528 659 567 519 97 130 49 
0 6 132 528 659 568 519 97 130 49 
0 6 132 528 659 569 519 97 130 49 
0 6 132 528 659 570 519 97 130 49 
0 6 132 528 659 571 519 97 130 49 
0 6 132 528 659 572 519 97 130 49 
0 6 132 528 659 573 519 97 130 49 
0 6 132 528 659 574 519 97 130 49 
0 6 132 528 659 575 519 97 130 49 
0 6 132 528 659 576 519 97 130 49 
0 6 132 528 659 577 519 97 130 49 
0 6 132 528 659 578 519 97 130 49 
0 6 132 528 659 579 519 97 130 49 
0 6 132 528 659 580 519 97 130 49 
0 6 132 528 659 581 519 97 130 49 
0 6 132 528 659 582 519 97 130 49 
0 6 132 528 659 583 519 97 130 49 
0 6 132 528 659 584 519 97 130 49 
0 6 132 528 659 585 519 97 130 49 
0 6 132 528 659 586 519 97 130 49 
0 6 132 528 659 587 519 97 130 49 
0 6 132 528 659 588 519 97 130 49 
0 6 132 528 659 589 519 97 130 49 
0 6 132 528 659 590 519 97 130 49 
0 6 132 528 659 591 519 97 130 49 
0 6 132 528 659 592 519 97 130 49 
0 6 132 528 659 593 519 97 130 49 
0 6 132 528 659 594 519 97 130 49 
0 6 132 528 659 595 519 97 130 49 
0 6 132 528 659 596 519 97 130 49 
0 6 132 528 659 597 519 97 130 49 
0 6 132 528 659 598 519 97 130 49 
0 6 132 528 659 599 519 97 130 49 
0 6 132 528 659 600 519 97 130 49 
0 6 132 528 659 601 519 97 130 49 
0 6 132 528 659 602 519 97 130 49 
0 6 132 528 659 603 519 97 130 49 
0 6 132 528 659 604 519 97 130 49 
0 6 132 528 659 605 519 97 130 49 
0 6 132 528 659 606 519 97 130 49 
0 6 132 528 659 607 519 97 130 49 
0 6 132 528 659 608 519 97 130 49 
0 6 132 528 659 609 519 97 130 49 
0 6 132 528 659 610 519 97 130 49 
0 6 132 528 659 611 519 97 130 49 
0 6 132 528 659 612 519 97 130 49 
0 6 132 528 659 613 519 97 130 49 
0 6 132 528 659 614 519 97 130 49 
0 6 132 528 659 615 519 97 130 49 
0 6 132 528 659 616 519 97 130 49 
0 6 132 528 659 617 519 97 130 49 
0 6 132 528 659 618 519 97 130 49 
0 6 132 528 659 619 519 97 130 49 
0 6 132 528 659 620 519 97 130 49 
0 6 132 528 659 621 519 97 130 49 
0 6 132 528 659 622 519 97 130 49 
0 6 132 528 659 623 519 97 130 49 
0 6 132 528 659 624 519 97 130 49 
0 6 132 528 659 625 519 97 130 49 
0 6 132 528 659 626 519 97 130 49 
0 6 132 528 659 627 519 97 130 49 
0 6 132 528 659 628 519 97 130 49 
0 6 132 528 659 629 519 97 130 49 
0 6 132 528 659 630 519 97 130 49 
0 6 132 528 659 631 519 97 130 49 
0 6 132 528 659 632 519 97 130 49 
0 6 132 528 659 633 519 97 130 49 
0 6 132 528 659 634 519 97 130 49 
0 6 132 528 659 635 519 97 130 49 
0 6 132 528 659 636 519 97 130 49 
0 6 132 528 659 637 519 97 130 49 
0 6 132 528 659 638 519 97 130 49 
0 6 132 528 659 639 519 97 130 49 
0 6 132 528 659 640 519 97 130 49 
0 6 132 528 659 641 519 97 130 49 
0 6 132 528 659 642 519 97 130 49 
0 6 132 528 659 643 519 97 130 49 
0 6 132 528 659 644 519 97 130 49 
0 6 132 528 659 645 519 97 130 49 
0 6 132 528 659 646 519 97 130 49 
0 6 132 528 659 647 519 97 130 49 
0 6 132 528 659 648 519 97 130 49 
0 6 132 528 659 649 519 97 130 49 
0 6 132 528 659 650 519 97 130 49 
0 6 132 528 659 651 519 97 130 49 
0 6 132 528 659 652 519 97 130 49 
0 6 132 528 659 653 519 97 130 49 
0 6 132 528 659 654 519 97 130 49 
0 6 132 528 659 655 519 97 130 49 
0 6 132 528 659 656 519 97 130 49 
0 6 132 528 659 657 519 97 130 49 
0 6 132 528 659 658 519 97 130 49 
0 6 132 528 659 659 519 97 130 49 
1 6 269 3043 3311 3043 777 414 172 105 
1 6 269 3043 3311 3044 777 414 172 105 
1 6 269 3043 3311 3045 777 414 172 105 
1 6 269 3043 3311 3046 777 414 172 105 
1 6 269 3043 3311 3047 777 414 172 105 
1 6 269 3043 3311 3048 777 414 172 105 
1 6 269 3043 3311 3049 777 414 172 105 
1 6 269 3043 3311 3050 777 414 172 105 
1 6 269 3043 3311 3051 777 414 172 105 
1 6 269 3043 3311 3052 777 414 172 105 
1 6 269 3043 3311 3053 777 414 172 105 
1 6 269 3043 3311 3054 777 414 172 105 
1 6 269 3043 3311 3055 777 414 172 105 
1 6 269 3043 3311 3056 777 414 172 105 
1 6 269 3043 3311 3057 777 414 172 105 
1 6 269 3043 3311 3058 777 414 172 105 
1 6 269 3043 3311 3059 777 414 172 105 
1 6 269 3043 3311 3060 777 414 172 105 
1 6 269 3043 3311 3061 777 414 172 105 
1 6 269 3043 3311 3062 777 414 172 105 
1 6 269 3043 3311 3063 777 414 172 105 
1 6 269 3043 3311 3064 777 414 172 105 
1 6 269 3043 3311 3065 777 414 172 105 
1 6 269 3043 3311 3066 777 414 172 105 
1 6 269 3043 3311 3067 777 414 172 105 
1 6 269 3043 3311 3068 777 414 172 105 
1 6 269 3043 3311 3069 777 414 172 105 
1 6 269 3043 3311 3070 777 414 172 105 
1 6 269 3043 3311 3071 777 414 172 105 
1 6 269 3043 3311 3072 777 414 172 105 
1 6 269 3043 3311 3073 777 414 172 105 
1 6 269 3043 3311 3074 777 414 172 105 
1 6 269 3043 3311 3075 777 414 172 105 
1 6 269 3043 3311 3076 777 414 172 105 
1 6 269 3043 3311 3077 777 414 172 105 
1 6 269 3043 3311 3078 777 414 172 105 
1 6 269 3043 3311 3079 777 414 172 105 
1 6 269 3043 3311 3080 777 414 172 105 
1 6 269 3043 3311 3081 777 414 172 105 
1 6 269 3043 3311 3082 777 414 172 105 
1 6 269 3043 3311 3083 777 414 172 105 
1 6 269 3043 3311 3084 777 414 172 105 
1 6 269 3043 3311 3085 777 414 172 105 
1 6 269 3043 3311 3086 777 414 172 105 
1 6 269 3043 3311 3087 777 414 172 105 
1 6 269 3043 3311 3088 777 414 172 105 
1 6 269 3043 3311 3089 777 414 172 105 
1 6 269 3043 3311 3090 777 414 172 105 
1 6 269 3043 3311 3091 777 414 172 105 
1 6 269 3043 3311 3092 777 414 172 105 
1 6 269 3043 3311 3093 777 414 172 105 
1 6 269 3043 3311 3094 777 414 172 105 
1 6 269 3043 3311 3095 777 414 172 105 
1 6 269 3043 3311 3096 777 414 172 105 
1 6 269 3043 3311 3097 777 414 172 105 
1 6 269 3043 3311 3098 777 414 172 105 
1 6 269 3043 3311 3099 777 414 172 105 
1 6 269 3043 3311 3100 777 414 172 105 
1 6 269 3043 3311 3101 777 414 172 105 
1 6 269 3043 3311 3102 777 414 172 105 
1 6 269 3043 3311 3103 777 414 172 105 
1 6 269 3043 3311 3104 777 414 172 105 
1 6 269 3043 3311 3105 777 414 172 105 
1 6 269 3043 3311 3106 777 414 172 105 
1 6 269 3043 3311 3107 777 414 172 105 
1 6 269 3043 3311 3108 777 414 172 105 
1 6 269 3043 3311 3109 777 414 172 105 
1 6 269 3043 3311 3110 777 414 172 105 
1 6 269 3043 3311 3111 777 414 172 105 
1 6 269 3043 3311 3112 777 414 172 105 
1 6 269 3043 3311 3113 777 414 172 105 
1 6 269 3043 3311 3114 777 414 172 105 
1 6 269 3043 3311 3115 777 414 172 105 
1 6 269 3043 3311 3116 777 414 172 105 
1 6 269 3043 3311 3117 777 414 172 105 
1 6 269 3043 3311 3118 777 414 172 105 
1 6 269 3043 3311 3119 777 414 172 105 
1 6 269 3043 3311 3120 777 414 172 105 
1 6 269 3043 3311 3121 777 414 172 105 
1 6 269 3043 3311 3122 777 414 172 105 
1 6 269 3043 3311 3123 777 414 172 105 
1 6 269 3043 3311 3124 777 414 172 105 
1 6 269 3043 3311 3125 777 414 172 105 
1 6 269 3043 3311 3126 777 414 172 105 
1 6 269 3043 3311 3127 777 414 172 105 
1 6 269 3043 3311 3128 777 414 172 105 
1 6 269 3043 3311 3129 777 414 172 105 
1 6 269 3043 3311 3130 777 414 172 105 
1 6 269 3043 3311 3131 777 414 172 105 
1 6 269 3043 3311 3132 777 414 172 105 
1 6 269 3043 3311 3133 777 414 172 105 
1 6 269 3043 3311 3134 777 414 172 105 
1 6 269 3043 3311 3135 777 414 172 105 
1 6 269 3043 3311 3136 777 414 172 105 
1 6 269 3043 3311 3137 777 414 172 105 
1 6 269 3043 3311 3138 777 414 172 105 
1 6 269 3043 3311 3139 777 414 172 105 
1 6 269 3043 3311 3140 777 414 172 105 
1 6 269 3043 3311 3141 777 414 172 105 
1 6 269 3043 3311 3142 777 414 172 105 
1 6 269 3043 3311 3143 777 414 172 105 
1 6 269 3043 3311 3144 777 414 172 105 
1 6 269 3043 3311 3145 777 414 172 105 
1 6 269 3043 3311 3146 777 414 172 105 
1 6 269 3043 3311 3147 777 414 172 105 
1 6 269 3043 3311 3148 777 414 172 105 
1 6 269 3043 3311 3149 777 414 172 105 
1 6 269 3043 3311 3150 777 414 172 105 
1 6 269 3043 3311 3151 777 414 172 105 
1 6 269 3043 3311 3152 777 414 172 105 
1 6 269 3043 3311 3153 777 414 172 105 
1 6 269 3043 3311 3154 777 414 172 105 
1 6 269 3043 3311 3155 777 414 172 105 
1 6 269 3043 3311 3156 777 414 172 105 
1 6 269 3043 3311 3157 777 414 172 105 
1 6 269 3043 3311 3158 777 414 172 105 
1 6 269 3043 3311 3159 777 414 172 105 
1 6 269 3043 3311 3160 777 414 172 105 
1 6 269 3043 3311 3161 777 414 172 105 
1 6 269 3043 3311 3162 777 414 172 105 
1 6 269 3043 3311 3163 777 414 172 105 
1 6 269 3043 3311 3164 777 414 172 105 
1 6 269 3043 3311 3165 777 414 172 105 
1 6 269 3043 3311 3166 777 414 172 105 
1 6 269 3043 3311 3167 777 414 172 105 
1 6 269 3043 3311 3168 777 414 172 105 
1 6 269 3043 3311 3169 777 414 172 105 
1 6 269 3043 3311 3170 777 414 172 105 
1 6 269 3043 3311 3171 777 414 172 105 
1 6 269 3043 3311 3172 777 414 172 105 
1 6 269 3043 3311 3173 777 414 172 105 
1 6 269 3043 3311 3174 777 414 172 105 
1 6 269 3043 3311 3175 777 414 172 105 
1 6 269 3043 3311 3176 777 414 172 105 
1 6 269 3043 3311 3177 777 414 172 105 
1 6 269 3043 3311 3178 777 414 172 105 
1 6 269 3043 3311 3179 777 414 172 105 
1 6 269 3043 3311 3180 777 414 172 105 
1 6 269 3043 3311 3181 777 414 172 105 
1 6 269 3043 3311 3182 777 414 172 105 
1 6 269 3043 3311 3183 777 414 172 105 
1 6 269 3043 3311 3184 777 414 172 105 
1 6 269 3043 3311 3185 777 414 172 105 
1 6 269 3043 3311 3186 777 414 172 105 
1 6 269 3043 3311 3187 777 414 172 105 
1 6 269 3043 3311 3188 777 414 172 105 
1 6 269 3043 3311 3189 777 414 172 105 
1 6 269 3043 3311 3190 777 414 172 105 
1 6 269 3043 3311 3191 777 414 172 105 
1 6 269 3043 3311 3192 777 414 172 105 
1 6 269 3043 3311 3193 777 414 172 105 
1 6 269 3043 3311 3194 777 414 172 105 
1 6 269 3043 3311 3195 777 414 172 105 
1 6 269 3043 3311 3196 777 414 172 105 
1 6 269 3043 3311 3197 777 414 172 105 
1 6 269 3043 3311 3198 777 414 172 105 
1 6 269 3043 3311 3199 777 414 172 105 
1 6 269 3043 3311 3200 777 414 172 105 
1 6 269 3043 3311 3201 777 414 172 105 
1 6 269 3043 3311 3202 777 414 172 105 
1 6 269 3043 3311 3203 777 414 172 105 
1 6 269 3043 3311 3204 777 414 172 105 
1 6 269 3043 3311 3205 777 414 172 105 
1 6 269 3043 3311 3206 777 414 172 105 
1 6 269 3043 3311 3207 777 414 172 105 
1 6 269 3043 3311 3208 777 414 172 105 
1 6 269 3043 3311 3209 777 414 172 105 
1 6 269 3043 3311 3210 777 414 172 105 
1 6 269 3043 3311 3211 777 414 172 105 
1 6 269 3043 3311 3212 777 414 172 105 
1 6 269 3043 3311 3213 777 414 172 105 
1 6 269 3043 3311 3214 777 414 172 105 
1 6 269 3043 3311 3215 777 414 172 105 
1 6 269 3043 3311 3216 777 414 172 105 
1 6 269 3043 3311 3217 777 414 172 105 
1 6 269 3043 3311 3218 777 414 172 105 
1 6 269 3043 3311 3219 777 414 172 105 
1 6 269 3043 3311 3220 777 414 172 105 
1 6 269 3043 3311 3221 777 414 172 105 
1 6 269 3043 3311 3222 777 414 172 105 
1 6 269 3043 3311 3223 777 414 172 105 
1 6 269 3043 3311 3224 777 414 172 105 
1 6 269 3043 3311 3225 777 414 172 105 
1 6 269 3043 3311 3226 777 414 172 105 
1 6 269 3043 3311 3227 777 414 172 105 
1 6 269 3043 3311 3228 777 414 172 105 
1 6 269 3043 3311 3229 777 414 172 105 
1 6 269 3043 3311 3230 777 414 172 105 
1 6 269 3043 3311 3231 777 414 172 105 
1 6 269 3043 3311 3232 777 414 172 105 
1 6 269 3043 3311 3233 777 414 172 105 
1 6 269 3043 3311 3234 777 414 172 105 
1 6 269 3043 3311 3235 777 414 172 105 
1 6 269 3043 3311 3236 777 414 172 105 
1 6 269 3043 3311 3237 777 414 172 105 
1 6 269 3043 3311 3238 777 414 172 105 
1 6 269 3043 3311 3239 777 414 172 105 
1 6 269 3043 3311 3240 777 414 172 105 
1 6 269 3043 3311 3241 777 414 172 105 
1 6 269 3043 3311 3242 777 414 172 105 
1 6 269 3043 3311 3243 777 414 172 105 
1 6 269 3043 3311 3244 777 414 172 105 
1 6 269 3043 3311 3245 777 414 172 105 
1 6 269 3043 3311 3246 777 414 172 105 
1 6 269 3043 3311 3247 777 414 172 105 
1 6 269 3043 3311 3248 777 414 172 105 
1 6 269 3043 3311 3249 777 414 172 105 
1 6 269 3043 3311 3250 777 414 172 105 
1 6 269 3043 3311 3251 777 414 172 105 
1 6 269 3043 3311 3252 777 414 172 105 
1 6 269 3043 3311 3253 777 414 172 105 
1 6 269 3043 3311 3254 777 414 172 105 
1 6 269 3043 3311 3255 777 414 172 105 
1 6 269 3043 3311 3256 777 414 172 105 
1 6 269 3043 3311 3257 777 414 172 105 
1 6 269 3043 3311 3258 777 414 172 105 
1 6 269 3043 3311 3259 777 414 172 105 
1 6 269 3043 3311 3260 777 414 172 105 
1 6 269 3043 3311 3261 777 414 172 105 
1 6 269 3043 3311 3262 777 414 172 105 
1 6 269 3043 3311 3263 777 414 172 105 
1 6 269 3043 3311 3264 777 414 172 105 
1 6 269 3043 3311 3265 777 414 172 105 
1 6 269 3043 3311 3266 777 414 172 105 
1 6 269 3043 3311 3267 777 414 172 105 
1 6 269 3043 3311 3268 777 414 172 105 
1 6 269 3043 3311 3269 777 414 172 105 
1 6 269 3043 3311 3270 777 414 172 105 
1 6 269 3043 3311 3271 777 414 172 105 
1 6 269 3043 3311 3272 777 414 172 105 
1 6 269 3043 3311 3273 777 414 172 105 
1 6 269 3043 3311 3274 777 414 172 105 
1 6 269 3043 3311 3275 777 414 172 105 
1 6 269 3043 3311 3276 777 414 172 105 
1 6 269 3043 3311 3277 777 414 172 105 
1 6 269 3043 3311 3278 777 414 172 105 
1 6 269 3043 3311 3279 777 414 172 105 
1 6 269 3043 3311 3280 777 414 172 105 
1 6 269 3043 3311 3281 777 414 172 105 
1 6 269 3043 3311 3282 777 414 172 105 
1 6 269 3043 3311 3283 777 414 172 105 
1 6 269 3043 3311 3284 777 414 172 105 
1 6 269 3043 3311 3285 777 414 172 105 
1 6 269 3043 3311 3286 777 414 172 105 
1 6 269 3043 3311 3287 777 414 172 105 
1 6 269 3043 3311 3288 777 414 172 105 
1 6 269 3043 3311 3289 777 414 172 105 
1 6 269 3043 3311 3290 777 414 172 105 
1 6 269 3043 3311 3291 777 414 172 105 
1 6 269 3043 3311 3292 777 414 172 105 
1 6 269 3043 3311 3293 777 414 172 105 
1 6 269 3043 3311 3294 777 414 172 105 
1 6 269 3043 3311 3295 777 414 172 105 
1 6 269 3043 3311 3296 777 414 172 105 
1 6 269 3043 3311 3297 777 414 172 105 
1 6 269 3043 3311 3298 777 414 172 105 
1 6 269 3043 3311 3299 777 414 172 105 
1 6 269 3043 3311 3300 777 414 172 105 
1 6 269 3043 3311 3301 777 414 172 105 
1 6 269 3043 3311 3302 777 414 172 105 
1 6 269 3043 3311 3303 777 414 172 105 
1 6 269 3043 3311 3304 777 414 172 105 
1 6 269 3043 3311 3305 777 414 172 105 
1 6 269 3043 3311 3306 777 414 172 105 
1 6 269 3043 3311 3307 777 414 172 105 
1 6 269 3043 3311 3308 777 414 172 105 
1 6 269 3043 3311 3309 777 414 172 105 
1 6 269 3043 3311 3310 777 414 172 105 
1 6 269 3043 3311 3311 777 414 172 105 
2 5 223 4839 5061 4839 679 95 126 46 
2 5 223 4839 5061 4840 679 95 126 46 
2 5 223 4839 5061 4841 679 95 126 46 
2 5 223 4839 5061 4842 679 95 126 46 
2 5 223 4839 5061 4843 679 95 126 46 
2 5 223 4839 5061 4844 679 95 126 46 
2 5 223 4839 5061 4845 679 95 126 46 
2 5 223 4839 5061 4846 679 95 126 46 
2 5 223 4839 5061 4847 679 95 126 46 
2 5 223 4839 5061 4848 679 95 126 46 
2 5 223 4839 5061 4849 679 95 126 46 
2 5 223 4839 5061 4850 679 95 126 46 
2 5 223 4839 5061 4851 679 95 126 46 
2 5 223 4839 5061 4852 679 95 126 46 
2 5 223 4839 5061 4853 679 95 126 46 
2 5 223 4839 5061 4854 679 95 126 46 
2 5 223 4839 5061 4855 679 95 126 46 
2 5 223 4839 5061 4856 679 95 126 46 
2 5 223 4839 5061 4857 679 95 126 46 
2 5 223 4839 5061 4858 679 95 126 46 
2 5 223 4839 5061 4859 679 95 126 46 
2 5 223 4839 5061 4860 679 95 126 46 
2 5 223 4839 5061 4861 679 95 126 46 
2 5 223 4839 5061 4862 679 95 126 46 
2 5 223 4839 5061 4863 679 95 126 46 
2 5 223 4839 5061 4864 679 95 126 46 
2 5 223 4839 5061 4865 679 95 126 46 
2 5 223 4839 5061 4866 679 95 126 46 
2 5 223 4839 5061 4867 679 95 126 46 
2 5 223 4839 5061 4868 679 95 126 46 
2 5 223 4839 5061 4869 679 95 126 46 
2 5 223 4839 5061 4870 679 95 126 46 
2 5 223 4839 5061 4871 679 95 126 46 
2 5 223 4839 5061 4872 679 95 126 46 
2 5 223 4839 5061 4873 679 95 126 46 
2 5 223 4839 5061 4874 679 95 126 46 
2 5 223 4839 5061 4875 679 95 126 46 
2 5 223 4839 5061 4876 679 95 126 46 
2 5 223 4839 5061 4877 679 95 126 46 
2 5 223 4839 5061 4878 679 95 126 46 
2 5 223 4839 5061 4879 679 95 126 46 
2 5 223 4839 5061 4880 679 95 126 46 
2 5 223 4839 5061 4881 679 95 126 46 
2 5 223 4839 5061 4882 679 95 126 46 
2 5 223 4839 5061 4883 679 95 126 46 
2 5 223 4839 5061 4884 679 95 126 46 
2 5 223 4839 5061 4885 679 95 126 46 
2 5 223 4839 5061 4886 679 95 126 46 
2 5 223 4839 5061 4887 679 95 126 46 
2 5 223 4839 5061 4888 679 95 126 46 
2 5 223 4839 5061 4889 679 95 126 46 
2 5 223 4839 5061 4890 679 95 126 46 
2 5 223 4839 5061 4891 679 95 126 46 
2 5 223 4839 5061 4892 679 95 126 46 
2 5 223 4839 5061 4893 679 95 126 46 
2 5 223 4839 5061 4894 679 95 126 46 
2 5 223 4839 5061 4895 679 95 126 46 
2 5 223 4839 5061 4896 679 95 126 46 
2 5 223 4839 5061 4897 679 95 126 46 
2 5 223 4839 5061 4898 679 95 126 46 
2 5 223 4839 5061 4899 679 95 126 46 
2 5 223 4839 5061 4900 679 95 126 46 
2 5 223 4839 5061 4901 679 95 126 46 
2 5 223 4839 5061 4902 679 95 126 46 
2 5 223 4839 5061 4903 679 95 126 46 
2 5 223 4839 5061 4904 679 95 126 46 
2 5 223 4839 5061 4905 679 95 126 46 
2 5 223 4839 5061 4906 679 95 126 46 
2 5 223 4839 5061 4907 679 95 126 46 
2 5 223 4839 5061 4908 679 95 126 46 
2 5 223 4839 5061 4909 679 95 126 46 
2 5 223 4839 5061 4910 679 95 126 46 
2 5 223 4839 5061 4911 679 95 126 46 
2 5 223 4839 5061 4912 679 95 126 46 
2 5 223 4839 5061 4913 679 95 126 46 
2 5 223 4839 5061 4914 679 95 126 46 
2 5 223 4839 5061 4915 679 95 126 46 
2 5 223 4839 5061 4916 679 95 126 46 
2 5 223 4839 5061 4917 679 95 126 46 
2 5 223 4839 5061 4918 679 95 126 46 
2 5 223 4839 5061 4919 679 95 126 46 
2 5 223 4839 5061 4920 679 95 126 46 
2 5 223 4839 5061 4921 679 95 126 46 
2 5 223 4839 5061 4922 679 95 126 46 
2 5 223 4839 5061 4923 679 95 126 46 
2 5 223 4839 5061 4924 679 95 126 46 
2 5 223 4839 5061 4925 679 95 126 46 
2 5 223 4839 5061 4926 679 95 126 46 
2 5 223 4839 5061 4927 679 95 126 46 
2 5 223 4839 5061 4928 679 95 126 46 
2 5 223 4839 5061 4929 679 95 126 46 
2 5 223 4839 5061 4930 679 95 126 46 
2 5 223 4839 5061 4931 679 95 126 46 
2 5 223 4839 5061 4932 679 95 126 46 
2 5 223 4839 5061 4933 679 95 126 46 
2 5 223 4839 5061 4934 679 95 126 46 
2 5 223 4839 5061 4935 679 95 126 46 
2 5 223 4839 5061 4936 679 95 126 46 
2 5 223 4839 5061 4937 679 95 126 46 
2 5 223 4839 5061 4938 679 95 126 46 
2 5 223 4839 5061 4939 679 95 126 46 
2 5 223 4839 5061 4940 679 95 126 46 
2 5 223 4839 5061 4941 679 95 126 46 
2 5 223 4839 5061 4942 679 95 126 46 
2 5 223 4839 5061 4943 679 95 126 46 
2 5 223 4839 5061 4944 679 95 126 46 
2 5 223 4839 5061 4945 679 95 126 46 
2 5 223 4839 5061 4946 679 95 126 46 
2 5 223 4839 5061 4947 679 95 126 46 
2 5 223 4839 5061 4948 679 95 126 46 
2 5 223 4839 5061 4949 679 95 126 46 
2 5 223 4839 5061 4950 679 95 126 46 
2 5 223 4839 5061 4951 679 95 126 46 
2 5 223 4839 5061 4952 679 95 126 46 
2 5 223 4839 5061 4953 679 95 126 46 
2 5 223 4839 5061 4954 679 95 126 46 
2 5 223 4839 5061 4955 679 95 126 46 
2 5 223 4839 5061 4956 679 95 126 46 
2 5 223 4839 5061 4957 679 95 126 46 
2 5 223 4839 5061 4958 679 95 126 46 
2 5 223 4839 5061 4959 679 95 126 46 
2 5 223 4839 5061 4960 679 95 126 46 
2 5 223 4839 5061 4961 679 95 126 46 
2 5 223 4839 5061 4962 679 95 126 46 
2 5 223 4839 5061 4963 679 95 126 46 
2 5 223 4839 5061 4964 679 95 126 46 
2 5 223 4839 5061 4965 679 95 126 46 
2 5 223 4839 5061 4966 679 95 126 46 
2 5 223 4839 5061 4967 679 95 126 46 
2 5 223 4839 5061 4968 679 95 126 46 
2 5 223 4839 5061 4969 679 95 126 46 
2 5 223 4839 5061 4970 679 95 126 46 
2 5 223 4839 5061 4971 679 95 126 46 
2 5 223 4839 5061 4972 679 95 126 46 
2 5 223 4839 5061 4973 679 95 126 46 
2 5 223 4839 5061 4974 679 95 126 46 
2 5 223 4839 5061 4975 679 95 126 46 
2 5 223 4839 5061 4976 679 95 126 46 
2 5 223 4839 5061 4977 679 95 126 46 
2 5 223 4839 5061 4978 679 95 126 46 
2 5 223 4839 5061 4979 679 95 126 46 
2 5 223 4839 5061 4980 679 95 126 46 
2 5 223 4839 5061 4981 679 95 126 46 
2 5 223 4839 5061 4982 679 95 126 46 
2 5 223 4839 5061 4983 679 95 126 46 
2 5 223 4839 5061 4984 679 95 126 46 
2 5 223 4839 5061 4985 679 95 126 46 
2 5 223 4839 5061 4986 679 95 126 46 
2 5 223 4839 5061 4987 679 95 126 46 
2 5 223 4839 5061 4988 679 95 126 46 
2 5 223 4839 5061 4989 679 95 126 46 
2 5 223 4839 5061 4990 679 95 126 46 
2 5 223 4839 5061 4991 679 95 126 46 
2 5 223 4839 5061 4992 679 95 126 46 
2 5 223 4839 5061 4993 679 95 126 46 
2 5 223 4839 5061 4994 679 95 126 46 
2 5 223 4839 5061 4995 679 95 126 46 
2 5 223 4839 5061 4996 679 95 126 46 
2 5 223 4839 5061 4997 679 95 126 46 
2 5 223 4839 5061 4998 679 95 126 46 
2 5 223 4839 5061 4999 679 95 126 46 
2 5 223 4839 5061 5000 679 95 126 46 
2 5 223 4839 5061 5001 679 95 126 46 
2 5 223 4839 5061 5002 679 95 126 46 
2 5 223 4839 5061 5003 679 95 126 46 
2 5 223 4839 5061 5004 679 95 126 46 
2 5 223 4839 5061 5005 679 95 126 46 
2 5 223 4839 5061 5006 679 95 126 46 
2 5 223 4839 5061 5007 679 95 126 46 
2 5 223 4839 5061 5008 679 95 126 46 
2 5 223 4839 5061 5009 679 95 126 46 
2 5 223 4839 5061 5010 679 95 126 46 
2 5 223 4839 5061 5011 679 95 126 46 
2 5 223 4839 5061 5012 679 95 126 46 
2 5 223 4839 5061 5013 679 95 126 46 
2 5 223 4839 5061 5014 679 95 126 46 
2 5 223 4839 5061 5015 679 95 126 46 
2 5 223 4839 5061 5016 679 95 126 46 
2 5 223 4839 5061 5017 679 95 126 46 
2 5 223 4839 5061 5018 679 95 126 46 
2 5 223 4839 5061 5019 679 95 126 46 
2 5 223 4839 5061 5020 679 95 126 46 
2 5 223 4839 5061 5021 679 95 126 46 
2 5 223 4839 5061 5022 679 95 126 46 
2 5 223 4839 5061 5023 679 95 126 46 
2 5 223 4839 5061 5024 679 95 126 46 
2 5 223 4839 5061 5025 679 95 126 46 
2 5 223 4839 5061 5026 679 95 126 46 
2 5 223 4839 5061 5027 679 95 126 46 
2 5 223 4839 5061 5028 679 95 126 46 
2 5 223 4839 5061 5029 679 95 126 46 
2 5 223 4839 5061 5030 679 95 126 46 
2 5 223 4839 5061 5031 679 95 126 46 
2 5 223 4839 5061 5032 679 95 126 46 
2 5 223 4839 5061 5033 679 95 126 46 
2 5 223 4839 5061 5034 679 95 126 46 
2 5 223 4839 5061 5035 679 95 126 46 
2 5 223 4839 5061 5036 679 95 126 46 
2 5 223 4839 5061 5037 679 95 126 46 
2 5 223 4839 5061 5038 679 95 126 46 
2 5 223 4839 5061 5039 679 95 126 46 
2 5 223 4839 5061 5040 679 95 126 46 
2 5 223 4839 5061 5041 679 95 126 46 
2 5 223 4839 5061 5042 679 95 126 46 
2 5 223 4839 5061 5043 679 95 126 46 
2 5 223 4839 5061 5044 679 95 126 46 
2 5 223 4839 5061 5045 679 95 126 46 
2 5 223 4839 5061 5046 679 95 126 46 
2 5 223 4839 5061 5047 679 95 126 46 
2 5 223 4839 5061 5048 679 95 126 46 
2 5 223 4839 5061 5049 679 95 126 46 
2 5 223 4839 5061 5050 679 95 126 46 
2 5 223 4839 5061 5051 679 95 126 46 
2 5 223 4839 5061 5052 679 95 126 46 
2 5 223 4839 5061 5053 679 95 126 46 
2 5 223 4839 5061 5054 679 95 126 46 
2 5 223 4839 5061 5055 679 95 126 46 
2 5 223 4839 5061 5056 679 95 126 46 
2 5 223 4839 5061 5057 679 95 126 46 
2 5 223 4839 5061 5058 679 95 126 46 
2 5 223 4839 5061 5059 679 95 126 46 
2 5 223 4839 5061 5060 679 95 126 46 
2 5 223 4839 5061 5061 679 95 126 46 
3 2 101 3564 3664 3564 816 423 150 75 
3 2 101 3564 3664 3565 816 423 150 75 
3 2 101 3564 3664 3566 816 423 150 75 
3 2 101 3564 3664 3567 816 423 150 75 
3 2 101 3564 3664 3568 816 423 150 75 
3 2 101 3564 3664 3569 816 423 150 75 
3 2 101 3564 3664 3570 816 423 150 75 
3 2 101 3564 3664 3571 816 423 150 75 
3 2 101 3564 3664 3572 816 423 150 75 
3 2 101 3564 3664 3573 816 423 150 75 
3 2 101 3564 3664 3574 816 423 150 75 
3 2 101 3564 3664 3575 816 423 150 75 
3 2 101 3564 3664 3576 816 423 150 75 
3 2 101 3564 3664 3577 816 423 150 75 
3 2 101 3564 3664 3578 816 423 150 75 
3 2 101 3564 3664 3579 816 423 150 75 
3 2 101 3564 3664 3580 816 423 150 75 
3 2 101 3564 3664 3581 816 423 150 75 
3 2 101 3564 3664 3582 816 423 150 75 
3 2 101 3564 3664 3583 816 423 150 75 
3 2 101 3564 3664 3584 816 423 150 75 
3 2 101 3564 3664 3585 816 423 150 75 
3 2 101 3564 3664 3586 816 423 150 75 
3 2 101 3564 3664 3587 816 423 150 75 
3 2 101 3564 3664 3588 816 423 150 75 
3 2 101 3564 3664 3589 816 423 150 75 
3 2 101 3564 3664 3590 816 423 150 75 
3 2 101 3564 3664 3591 816 423 150 75 
3 2 101 3564 3664 3592 816 423 150 75 
3 2 101 3564 3664 3593 816 423 150 75 
3 2 101 3564 3664 3594 816 423 150 75 
3 2 101 3564 3664 3595 816 423 150 75 
3 2 101 3564 3664 3596 816 423 150 75 
3 2 101 3564 3664 3597 816 423 150 75 
3 2 101 3564 3664 3598 816 423 150 75 
3 2 101 3564 3664 3599 816 423 150 75 
3 2 101 3564 3664 3600 816 423 150 75 
3 2 101 3564 3664 3601 816 423 150 75 
3 2 101 3564 3664 3602 816 423 150 75 
3 2 101 3564 3664 3603 816 423 150 75 
3 2 101 3564 3664 3604 816 423 150 75 
3 2 101 3564 3664 3605 816 423 150 75 
3 2 101 3564 3664 3606 816 423 150 75 
3 2 101 3564 3664 3607 816 423 150 75 
3 2 101 3564 3664 3608 816 423 150 75 
3 2 101 3564 3664 3609 816 423 150 75 
3 2 101 3564 3664 3610 816 423 150 75 
3 2 101 3564 3664 3611 816 423 150 75 
3 2 101 3564 3664 3612 816 423 150 75 
3 2 101 3564 3664 3613 816 423 150 75 
3 2 101 3564 3664 3614 816 423 150 75 
3 2 101 3564 3664 3615 816 423 150 75 
3 2 101 3564 3664 3616 816 423 150 75 
3 2 101 3564 3664 3617 816 423 150 75 
3 2 101 3564 3664 3618 816 423 150 75 
3 2 101 3564 3664 3619 816 423 150 75 
3 2 101 3564 3664 3620 816 423 150 75 
3 2 101 3564 3664 3621 816 423 150 75 
3 2 101 3564 3664 3622 816 423 150 75 
3 2 101 3564 3664 3623 816 423 150 75 
3 2 101 3564 3664 3624 816 423 150 75 
3 2 101 3564 3664 3625 816 423 150 75 
3 2 101 3564 3664 3626 816 423 150 75 
3 2 101 3564 3664 3627 816 423 150 75 
3 2 101 3564 3664 3628 816 423 150 75 
3 2 101 3564 3664 3629 816 423 150 75 
3 2 101 3564 3664 3630 816 423 150 75 
3 2 101 3564 3664 3631 816 423 150 75 
3 2 101 3564 3664 3632 816 423 150 75 
3 2 101 3564 3664 3633 816 423 150 75 
3 2 101 3564 3664 3634 816 423 150 75 
3 2 101 3564 3664 3635 816 423 150 75 
3 2 101 3564 3664 3636 816 423 150 75 
3 2 101 3564 3664 3637 816 423 150 75 
3 2 101 3564 3664 3638 816 423 150 75 
3 2 101 3564 3664 3639 816 423 150 75 
3 2 101 3564 3664 3640 816 423 150 75 
3 2 101 3564 3664 3641 816 423 150 75 
3 2 101 3564 3664 3642 816 423 150 75 
3 2 101 3564 3664 3643 816 423 150 75 
3 2 101 3564 3664 3644 816 423 150 75 
3 2 101 3564 3664 3645 816 423 150 75 
3 2 101 3564 3664 3646 816 423 150 75 
3 2 101 3564 3664 3647 816 423 150 75 
3 2 101 3564 3664 3648 816 423 150 75 
3 2 101 3564 3664 3649 816 423 150 75 
3 2 101 3564 3664 3650 816 423 150 75 
3 2 101 3564 3664 3651 816 423 150 75 
3 2 101 3564 3664 3652 816 423 150 75 
3 2 101 3564 3664 3653 816 423 150 75 
3 2 101 3564 3664 3654 816 423 150 75 
3 2 101 3564 3664 3655 816 423 150 75 
3 2 101 3564 3664 3656 816 423 150 75 
3 2 101 3564 3664 3657 816 423 150 75 
3 2 101 3564 3664 3658 816 423 150 75 
3 2 101 3564 3664 3659 816 423 150 75 
3 2 101 3564 3664 3660 816 423 150 75 
3 2 101 3564 3664 3661 816 423 150 75 
3 2 101 3564 3664 3662 816 423 150 75 
3 2 101 3564 3664 3663 816 423 150 75 
3 2 101 3564 3664 3664 816 423 150 75 
4 6 100 3635 3734 3635 674 82 129 55 
4 6 100 3635 3734 3636 674 82 129 55 
4 6 100 3635 3734 3637 674 82 129 55 
4 6 100 3635 3734 3638 674 82 129 55 
4 6 100 3635 3734 3639 674 82 129 55 
4 6 100 3635 3734 3640 674 82 129 55 
4 6 100 3635 3734 3641 674 82 129 55 
4 6 100 3635 3734 3642 674 82 129 55 
4 6 100 3635 3734 3643 674 82 129 55 
4 6 100 3635 3734 3644 674 82 129 55 
4 6 100 3635 3734 3645 674 82 129 55 
4 6 100 3635 3734 3646 674 82 129 55 
4 6 100 3635 3734 3647 674 82 129 55 
4 6 100 3635 3734 3648 674 82 129 55 
4 6 100 3635 3734 3649 674 82 129 55 
4 6 100 3635 3734 3650 674 82 129 55 
4 6 100 3635 3734 3651 674 82 129 55 
4 6 100 3635 3734 3652 674 82 129 55 
4 6 100 3635 3734 3653 674 82 129 55 
4 6 100 3635 3734 3654 674 82 129 55 
4 6 100 3635 3734 3655 674 82 129 55 
4 6 100 3635 3734 3656 674 82 129 55 
4 6 100 3635 3734 3657 674 82 129 55 
4 6 100 3635 3734 3658 674 82 129 55 
4 6 100 3635 3734 3659 674 82 129 55 
4 6 100 3635 3734 3660 674 82 129 55 
4 6 100 3635 3734 3661 674 82 129 55 
4 6 100 3635 3734 3662 674 82 129 55 
4 6 100 3635 3734 3663 674 82 129 55 
4 6 100 3635 3734 3664 674 82 129 55 
4 6 100 3635 3734 3665 674 82 129 55 
4 6 100 3635 3734 3666 674 82 129 55 
4 6 100 3635 3734 3667 674 82 129 55 
4 6 100 3635 3734 3668 674 82 129 55 
4 6 100 3635 3734 3669 674 82 129 55 
4 6 100 3635 3734 3670 674 82 129 55 
4 6 100 3635 3734 3671 674 82 129 55 
4 6 100 3635 3734 3672 674 82 129 55 
4 6 100 3635 3734 3673 674 82 129 55 
4 6 100 3635 3734 3674 674 82 129 55 
4 6 100 3635 3734 3675 674 82 129 55 
4 6 100 3635 3734 3676 674 82 129 55 
4 6 100 3635 3734 3677 674 82 129 55 
4 6 100 3635 3734 3678 674 82 129 55 
4 6 100 3635 3734 3679 674 82 129 55 
4 6 100 3635 3734 3680 674 82 129 55 
4 6 100 3635 3734 3681 674 82 129 55 
4 6 100 3635 3734 3682 674 82 129 55 
4 6 100 3635 3734 3683 674 82 129 55 
4 6 100 3635 3734 3684 674 82 129 55 
4 6 100 3635 3734 3685 674 82 129 55 
4 6 100 3635 3734 3686 674 82 129 55 
4 6 100 3635 3734 3687 674 82 129 55 
4 6 100 3635 3734 3688 674 82 129 55 
4 6 100 3635 3734 3689 674 82 129 55 
4 6 100 3635 3734 3690 674 82 129 55 
4 6 100 3635 3734 3691 674 82 129 55 
4 6 100 3635 3734 3692 674 82 129 55 
4 6 100 3635 3734 3693 674 82 129 55 
4 6 100 3635 3734 3694 674 82 129 55 
4 6 100 3635 3734 3695 674 82 129 55 
4 6 100 3635 3734 3696 674 82 129 55 
4 6 100 3635 3734 3697 674 82 129 55 
4 6 100 3635 3734 3698 674 82 129 55 
4 6 100 3635 3734 3699 674 82 129 55 
4 6 100 3635 3734 3700 674 82 129 55 
4 6 100 3635 3734 3701 674 82 129 55 
4 6 100 3635 3734 3702 674 82 129 55 
4 6 100 3635 3734 3703 674 82 129 55 
4 6 100 3635 3734 3704 674 82 129 55 
4 6 100 3635 3734 3705 674 82 129 55 
4 6 100 3635 3734 3706 674 82 129 55 
4 6 100 3635 3734 3707 674 82 129 55 
4 6 100 3635 3734 3708 674 82 129 55 
4 6 100 3635 3734 3709 674 82 129 55 
4 6 100 3635 3734 3710 674 82 129 55 
4 6 100 3635 3734 3711 674 82 129 55 
4 6 100 3635 3734 3712 674 82 129 55 
4 6 100 3635 3734 3713 674 82 129 55 
4 6 100 3635 3734 3714 674 82 129 55 
4 6 100 3635 3734 3715 674 82 129 55 
4 6 100 3635 3734 3716 674 82 129 55 
4 6 100 3635 3734 3717 674 82 129 55 
4 6 100 3635 3734 3718 674 82 129 55 
4 6 100 3635 3734 3719 674 82 129 55 
4 6 100 3635 3734 3720 674 82 129 55 
4 6 100 3635 3734 3721 674 82 129 55 
4 6 100 3635 3734 3722 674 82 129 55 
4 6 100 3635 3734 3723 674 82 129 55 
4 6 100 3635 3734 3724 674 82 129 55 
4 6 100 3635 3734 3725 674 82 129 55 
4 6 100 3635 3734 3726 674 82 129 55 
4 6 100 3635 3734 3727 674 82 129 55 
4 6 100 3635 3734 3728 674 82 129 55 
4 6 100 3635 3734 3729 674 82 129 55 
4 6 100 3635 3734 3730 674 82 129 55 
4 6 100 3635 3734 3731 674 82 129 55 
4 6 100 3635 3734 3732 674 82 129 55 
4 6 100 3635 3734 3733 674 82 129 55 
4 6 100 3635 3734 3734 674 82 129 55 
