0 5 491 697 1187 697 305 56 147 106 
0 5 491 697 1187 698 305 56 147 106 
0 5 491 697 1187 699 305 56 147 106 
0 5 491 697 1187 700 305 56 147 106 
0 5 491 697 1187 701 305 56 147 106 
0 5 491 697 1187 702 305 56 147 106 
0 5 491 697 1187 703 305 56 147 106 
0 5 491 697 1187 704 305 56 147 106 
0 5 491 697 1187 705 305 56 147 106 
0 5 491 697 1187 706 305 56 147 106 
0 5 491 697 1187 707 305 56 147 106 
0 5 491 697 1187 708 305 56 147 106 
0 5 491 697 1187 709 305 56 147 106 
0 5 491 697 1187 710 305 56 147 106 
0 5 491 697 1187 711 305 56 147 106 
0 5 491 697 1187 712 305 56 147 106 
0 5 491 697 1187 713 305 56 147 106 
0 5 491 697 1187 714 305 56 147 106 
0 5 491 697 1187 715 305 56 147 106 
0 5 491 697 1187 716 305 56 147 106 
0 5 491 697 1187 717 305 56 147 106 
0 5 491 697 1187 718 305 56 147 106 
0 5 491 697 1187 719 305 56 147 106 
0 5 491 697 1187 720 305 56 147 106 
0 5 491 697 1187 721 305 56 147 106 
0 5 491 697 1187 722 305 56 147 106 
0 5 491 697 1187 723 305 56 147 106 
0 5 491 697 1187 724 305 56 147 106 
0 5 491 697 1187 725 305 56 147 106 
0 5 491 697 1187 726 305 56 147 106 
0 5 491 697 1187 727 305 56 147 106 
0 5 491 697 1187 728 305 56 147 106 
0 5 491 697 1187 729 305 56 147 106 
0 5 491 697 1187 730 305 56 147 106 
0 5 491 697 1187 731 305 56 147 106 
0 5 491 697 1187 732 305 56 147 106 
0 5 491 697 1187 733 305 56 147 106 
0 5 491 697 1187 734 305 56 147 106 
0 5 491 697 1187 735 305 56 147 106 
0 5 491 697 1187 736 305 56 147 106 
0 5 491 697 1187 737 305 56 147 106 
0 5 491 697 1187 738 305 56 147 106 
0 5 491 697 1187 739 305 56 147 106 
0 5 491 697 1187 740 305 56 147 106 
0 5 491 697 1187 741 305 56 147 106 
0 5 491 697 1187 742 305 56 147 106 
0 5 491 697 1187 743 305 56 147 106 
0 5 491 697 1187 744 305 56 147 106 
0 5 491 697 1187 745 305 56 147 106 
0 5 491 697 1187 746 305 56 147 106 
0 5 491 697 1187 747 305 56 147 106 
0 5 491 697 1187 748 305 56 147 106 
0 5 491 697 1187 749 305 56 147 106 
0 5 491 697 1187 750 305 56 147 106 
0 5 491 697 1187 751 305 56 147 106 
0 5 491 697 1187 752 305 56 147 106 
0 5 491 697 1187 753 305 56 147 106 
0 5 491 697 1187 754 305 56 147 106 
0 5 491 697 1187 755 305 56 147 106 
0 5 491 697 1187 756 305 56 147 106 
0 5 491 697 1187 757 305 56 147 106 
0 5 491 697 1187 758 305 56 147 106 
0 5 491 697 1187 759 305 56 147 106 
0 5 491 697 1187 760 305 56 147 106 
0 5 491 697 1187 761 305 56 147 106 
0 5 491 697 1187 762 305 56 147 106 
0 5 491 697 1187 763 305 56 147 106 
0 5 491 697 1187 764 305 56 147 106 
0 5 491 697 1187 765 305 56 147 106 
0 5 491 697 1187 766 305 56 147 106 
0 5 491 697 1187 767 305 56 147 106 
0 5 491 697 1187 768 305 56 147 106 
0 5 491 697 1187 769 305 56 147 106 
0 5 491 697 1187 770 305 56 147 106 
0 5 491 697 1187 771 305 56 147 106 
0 5 491 697 1187 772 305 56 147 106 
0 5 491 697 1187 773 305 56 147 106 
0 5 491 697 1187 774 305 56 147 106 
0 5 491 697 1187 775 305 56 147 106 
0 5 491 697 1187 776 305 56 147 106 
0 5 491 697 1187 777 305 56 147 106 
0 5 491 697 1187 778 305 56 147 106 
0 5 491 697 1187 779 305 56 147 106 
0 5 491 697 1187 780 305 56 147 106 
0 5 491 697 1187 781 305 56 147 106 
0 5 491 697 1187 782 305 56 147 106 
0 5 491 697 1187 783 305 56 147 106 
0 5 491 697 1187 784 305 56 147 106 
0 5 491 697 1187 785 305 56 147 106 
0 5 491 697 1187 786 305 56 147 106 
0 5 491 697 1187 787 305 56 147 106 
0 5 491 697 1187 788 305 56 147 106 
0 5 491 697 1187 789 305 56 147 106 
0 5 491 697 1187 790 305 56 147 106 
0 5 491 697 1187 791 305 56 147 106 
0 5 491 697 1187 792 305 56 147 106 
0 5 491 697 1187 793 305 56 147 106 
0 5 491 697 1187 794 305 56 147 106 
0 5 491 697 1187 795 305 56 147 106 
0 5 491 697 1187 796 305 56 147 106 
0 5 491 697 1187 797 305 56 147 106 
0 5 491 697 1187 798 305 56 147 106 
0 5 491 697 1187 799 305 56 147 106 
0 5 491 697 1187 800 305 56 147 106 
0 5 491 697 1187 801 305 56 147 106 
0 5 491 697 1187 802 305 56 147 106 
0 5 491 697 1187 803 305 56 147 106 
0 5 491 697 1187 804 305 56 147 106 
0 5 491 697 1187 805 305 56 147 106 
0 5 491 697 1187 806 305 56 147 106 
0 5 491 697 1187 807 305 56 147 106 
0 5 491 697 1187 808 305 56 147 106 
0 5 491 697 1187 809 305 56 147 106 
0 5 491 697 1187 810 305 56 147 106 
0 5 491 697 1187 811 305 56 147 106 
0 5 491 697 1187 812 305 56 147 106 
0 5 491 697 1187 813 305 56 147 106 
0 5 491 697 1187 814 305 56 147 106 
0 5 491 697 1187 815 305 56 147 106 
0 5 491 697 1187 816 305 56 147 106 
0 5 491 697 1187 817 305 56 147 106 
0 5 491 697 1187 818 305 56 147 106 
0 5 491 697 1187 819 305 56 147 106 
0 5 491 697 1187 820 305 56 147 106 
0 5 491 697 1187 821 305 56 147 106 
0 5 491 697 1187 822 305 56 147 106 
0 5 491 697 1187 823 305 56 147 106 
0 5 491 697 1187 824 305 56 147 106 
0 5 491 697 1187 825 305 56 147 106 
0 5 491 697 1187 826 305 56 147 106 
0 5 491 697 1187 827 305 56 147 106 
0 5 491 697 1187 828 305 56 147 106 
0 5 491 697 1187 829 305 56 147 106 
0 5 491 697 1187 830 305 56 147 106 
0 5 491 697 1187 831 305 56 147 106 
0 5 491 697 1187 832 305 56 147 106 
0 5 491 697 1187 833 305 56 147 106 
0 5 491 697 1187 834 305 56 147 106 
0 5 491 697 1187 835 305 56 147 106 
0 5 491 697 1187 836 305 56 147 106 
0 5 491 697 1187 837 305 56 147 106 
0 5 491 697 1187 838 305 56 147 106 
0 5 491 697 1187 839 305 56 147 106 
0 5 491 697 1187 840 305 56 147 106 
0 5 491 697 1187 841 305 56 147 106 
0 5 491 697 1187 842 305 56 147 106 
0 5 491 697 1187 843 305 56 147 106 
0 5 491 697 1187 844 305 56 147 106 
0 5 491 697 1187 845 305 56 147 106 
0 5 491 697 1187 846 305 56 147 106 
0 5 491 697 1187 847 305 56 147 106 
0 5 491 697 1187 848 305 56 147 106 
0 5 491 697 1187 849 305 56 147 106 
0 5 491 697 1187 850 305 56 147 106 
0 5 491 697 1187 851 305 56 147 106 
0 5 491 697 1187 852 305 56 147 106 
0 5 491 697 1187 853 305 56 147 106 
0 5 491 697 1187 854 305 56 147 106 
0 5 491 697 1187 855 305 56 147 106 
0 5 491 697 1187 856 305 56 147 106 
0 5 491 697 1187 857 305 56 147 106 
0 5 491 697 1187 858 305 56 147 106 
0 5 491 697 1187 859 305 56 147 106 
0 5 491 697 1187 860 305 56 147 106 
0 5 491 697 1187 861 305 56 147 106 
0 5 491 697 1187 862 305 56 147 106 
0 5 491 697 1187 863 305 56 147 106 
0 5 491 697 1187 864 305 56 147 106 
0 5 491 697 1187 865 305 56 147 106 
0 5 491 697 1187 866 305 56 147 106 
0 5 491 697 1187 867 305 56 147 106 
0 5 491 697 1187 868 305 56 147 106 
0 5 491 697 1187 869 305 56 147 106 
0 5 491 697 1187 870 305 56 147 106 
0 5 491 697 1187 871 305 56 147 106 
0 5 491 697 1187 872 305 56 147 106 
0 5 491 697 1187 873 305 56 147 106 
0 5 491 697 1187 874 305 56 147 106 
0 5 491 697 1187 875 305 56 147 106 
0 5 491 697 1187 876 305 56 147 106 
0 5 491 697 1187 877 305 56 147 106 
0 5 491 697 1187 878 305 56 147 106 
0 5 491 697 1187 879 305 56 147 106 
0 5 491 697 1187 880 305 56 147 106 
0 5 491 697 1187 881 305 56 147 106 
0 5 491 697 1187 882 305 56 147 106 
0 5 491 697 1187 883 305 56 147 106 
0 5 491 697 1187 884 305 56 147 106 
0 5 491 697 1187 885 305 56 147 106 
0 5 491 697 1187 886 305 56 147 106 
0 5 491 697 1187 887 305 56 147 106 
0 5 491 697 1187 888 305 56 147 106 
0 5 491 697 1187 889 305 56 147 106 
0 5 491 697 1187 890 305 56 147 106 
0 5 491 697 1187 891 305 56 147 106 
0 5 491 697 1187 892 305 56 147 106 
0 5 491 697 1187 893 305 56 147 106 
0 5 491 697 1187 894 305 56 147 106 
0 5 491 697 1187 895 305 56 147 106 
0 5 491 697 1187 896 305 56 147 106 
0 5 491 697 1187 897 305 56 147 106 
0 5 491 697 1187 898 305 56 147 106 
0 5 491 697 1187 899 305 56 147 106 
0 5 491 697 1187 900 305 56 147 106 
0 5 491 697 1187 901 305 56 147 106 
0 5 491 697 1187 902 305 56 147 106 
0 5 491 697 1187 903 305 56 147 106 
0 5 491 697 1187 904 305 56 147 106 
0 5 491 697 1187 905 305 56 147 106 
0 5 491 697 1187 906 305 56 147 106 
0 5 491 697 1187 907 305 56 147 106 
0 5 491 697 1187 908 305 56 147 106 
0 5 491 697 1187 909 305 56 147 106 
0 5 491 697 1187 910 305 56 147 106 
0 5 491 697 1187 911 305 56 147 106 
0 5 491 697 1187 912 305 56 147 106 
0 5 491 697 1187 913 305 56 147 106 
0 5 491 697 1187 914 305 56 147 106 
0 5 491 697 1187 915 305 56 147 106 
0 5 491 697 1187 916 305 56 147 106 
0 5 491 697 1187 917 305 56 147 106 
0 5 491 697 1187 918 305 56 147 106 
0 5 491 697 1187 919 305 56 147 106 
0 5 491 697 1187 920 305 56 147 106 
0 5 491 697 1187 921 305 56 147 106 
0 5 491 697 1187 922 305 56 147 106 
0 5 491 697 1187 923 305 56 147 106 
0 5 491 697 1187 924 305 56 147 106 
0 5 491 697 1187 925 305 56 147 106 
0 5 491 697 1187 926 305 56 147 106 
0 5 491 697 1187 927 305 56 147 106 
0 5 491 697 1187 928 305 56 147 106 
0 5 491 697 1187 929 305 56 147 106 
0 5 491 697 1187 930 305 56 147 106 
0 5 491 697 1187 931 305 56 147 106 
0 5 491 697 1187 932 305 56 147 106 
0 5 491 697 1187 933 305 56 147 106 
0 5 491 697 1187 934 305 56 147 106 
0 5 491 697 1187 935 305 56 147 106 
0 5 491 697 1187 936 305 56 147 106 
0 5 491 697 1187 937 305 56 147 106 
0 5 491 697 1187 938 305 56 147 106 
0 5 491 697 1187 939 305 56 147 106 
0 5 491 697 1187 940 305 56 147 106 
0 5 491 697 1187 941 305 56 147 106 
0 5 491 697 1187 942 305 56 147 106 
0 5 491 697 1187 943 305 56 147 106 
0 5 491 697 1187 944 305 56 147 106 
0 5 491 697 1187 945 305 56 147 106 
0 5 491 697 1187 946 305 56 147 106 
0 5 491 697 1187 947 305 56 147 106 
0 5 491 697 1187 948 305 56 147 106 
0 5 491 697 1187 949 305 56 147 106 
0 5 491 697 1187 950 305 56 147 106 
0 5 491 697 1187 951 305 56 147 106 
0 5 491 697 1187 952 305 56 147 106 
0 5 491 697 1187 953 305 56 147 106 
0 5 491 697 1187 954 305 56 147 106 
0 5 491 697 1187 955 305 56 147 106 
0 5 491 697 1187 956 305 56 147 106 
0 5 491 697 1187 957 305 56 147 106 
0 5 491 697 1187 958 305 56 147 106 
0 5 491 697 1187 959 305 56 147 106 
0 5 491 697 1187 960 305 56 147 106 
0 5 491 697 1187 961 305 56 147 106 
0 5 491 697 1187 962 305 56 147 106 
0 5 491 697 1187 963 305 56 147 106 
0 5 491 697 1187 964 305 56 147 106 
0 5 491 697 1187 965 305 56 147 106 
0 5 491 697 1187 966 305 56 147 106 
0 5 491 697 1187 967 305 56 147 106 
0 5 491 697 1187 968 305 56 147 106 
0 5 491 697 1187 969 305 56 147 106 
0 5 491 697 1187 970 305 56 147 106 
0 5 491 697 1187 971 305 56 147 106 
0 5 491 697 1187 972 305 56 147 106 
0 5 491 697 1187 973 305 56 147 106 
0 5 491 697 1187 974 305 56 147 106 
0 5 491 697 1187 975 305 56 147 106 
0 5 491 697 1187 976 305 56 147 106 
0 5 491 697 1187 977 305 56 147 106 
0 5 491 697 1187 978 305 56 147 106 
0 5 491 697 1187 979 305 56 147 106 
0 5 491 697 1187 980 305 56 147 106 
0 5 491 697 1187 981 305 56 147 106 
0 5 491 697 1187 982 305 56 147 106 
0 5 491 697 1187 983 305 56 147 106 
0 5 491 697 1187 984 305 56 147 106 
0 5 491 697 1187 985 305 56 147 106 
0 5 491 697 1187 986 305 56 147 106 
0 5 491 697 1187 987 305 56 147 106 
0 5 491 697 1187 988 305 56 147 106 
0 5 491 697 1187 989 305 56 147 106 
0 5 491 697 1187 990 305 56 147 106 
0 5 491 697 1187 991 305 56 147 106 
0 5 491 697 1187 992 305 56 147 106 
0 5 491 697 1187 993 305 56 147 106 
0 5 491 697 1187 994 305 56 147 106 
0 5 491 697 1187 995 305 56 147 106 
0 5 491 697 1187 996 305 56 147 106 
0 5 491 697 1187 997 305 56 147 106 
0 5 491 697 1187 998 305 56 147 106 
0 5 491 697 1187 999 305 56 147 106 
0 5 491 697 1187 1000 305 56 147 106 
0 5 491 697 1187 1001 305 56 147 106 
0 5 491 697 1187 1002 305 56 147 106 
0 5 491 697 1187 1003 305 56 147 106 
0 5 491 697 1187 1004 305 56 147 106 
0 5 491 697 1187 1005 305 56 147 106 
0 5 491 697 1187 1006 305 56 147 106 
0 5 491 697 1187 1007 305 56 147 106 
0 5 491 697 1187 1008 305 56 147 106 
0 5 491 697 1187 1009 305 56 147 106 
0 5 491 697 1187 1010 305 56 147 106 
0 5 491 697 1187 1011 305 56 147 106 
0 5 491 697 1187 1012 305 56 147 106 
0 5 491 697 1187 1013 305 56 147 106 
0 5 491 697 1187 1014 305 56 147 106 
0 5 491 697 1187 1015 305 56 147 106 
0 5 491 697 1187 1016 305 56 147 106 
0 5 491 697 1187 1017 305 56 147 106 
0 5 491 697 1187 1018 305 56 147 106 
0 5 491 697 1187 1019 305 56 147 106 
0 5 491 697 1187 1020 305 56 147 106 
0 5 491 697 1187 1021 305 56 147 106 
0 5 491 697 1187 1022 305 56 147 106 
0 5 491 697 1187 1023 305 56 147 106 
0 5 491 697 1187 1024 305 56 147 106 
0 5 491 697 1187 1025 305 56 147 106 
0 5 491 697 1187 1026 305 56 147 106 
0 5 491 697 1187 1027 305 56 147 106 
0 5 491 697 1187 1028 305 56 147 106 
0 5 491 697 1187 1029 305 56 147 106 
0 5 491 697 1187 1030 305 56 147 106 
0 5 491 697 1187 1031 305 56 147 106 
0 5 491 697 1187 1032 305 56 147 106 
0 5 491 697 1187 1033 305 56 147 106 
0 5 491 697 1187 1034 305 56 147 106 
0 5 491 697 1187 1035 305 56 147 106 
0 5 491 697 1187 1036 305 56 147 106 
0 5 491 697 1187 1037 305 56 147 106 
0 5 491 697 1187 1038 305 56 147 106 
0 5 491 697 1187 1039 305 56 147 106 
0 5 491 697 1187 1040 305 56 147 106 
0 5 491 697 1187 1041 305 56 147 106 
0 5 491 697 1187 1042 305 56 147 106 
0 5 491 697 1187 1043 305 56 147 106 
0 5 491 697 1187 1044 305 56 147 106 
0 5 491 697 1187 1045 305 56 147 106 
0 5 491 697 1187 1046 305 56 147 106 
0 5 491 697 1187 1047 305 56 147 106 
0 5 491 697 1187 1048 305 56 147 106 
0 5 491 697 1187 1049 305 56 147 106 
0 5 491 697 1187 1050 305 56 147 106 
0 5 491 697 1187 1051 305 56 147 106 
0 5 491 697 1187 1052 305 56 147 106 
0 5 491 697 1187 1053 305 56 147 106 
0 5 491 697 1187 1054 305 56 147 106 
0 5 491 697 1187 1055 305 56 147 106 
0 5 491 697 1187 1056 305 56 147 106 
0 5 491 697 1187 1057 305 56 147 106 
0 5 491 697 1187 1058 305 56 147 106 
0 5 491 697 1187 1059 305 56 147 106 
0 5 491 697 1187 1060 305 56 147 106 
0 5 491 697 1187 1061 305 56 147 106 
0 5 491 697 1187 1062 305 56 147 106 
0 5 491 697 1187 1063 305 56 147 106 
0 5 491 697 1187 1064 305 56 147 106 
0 5 491 697 1187 1065 305 56 147 106 
0 5 491 697 1187 1066 305 56 147 106 
0 5 491 697 1187 1067 305 56 147 106 
0 5 491 697 1187 1068 305 56 147 106 
0 5 491 697 1187 1069 305 56 147 106 
0 5 491 697 1187 1070 305 56 147 106 
0 5 491 697 1187 1071 305 56 147 106 
0 5 491 697 1187 1072 305 56 147 106 
0 5 491 697 1187 1073 305 56 147 106 
0 5 491 697 1187 1074 305 56 147 106 
0 5 491 697 1187 1075 305 56 147 106 
0 5 491 697 1187 1076 305 56 147 106 
0 5 491 697 1187 1077 305 56 147 106 
0 5 491 697 1187 1078 305 56 147 106 
0 5 491 697 1187 1079 305 56 147 106 
0 5 491 697 1187 1080 305 56 147 106 
0 5 491 697 1187 1081 305 56 147 106 
0 5 491 697 1187 1082 305 56 147 106 
0 5 491 697 1187 1083 305 56 147 106 
0 5 491 697 1187 1084 305 56 147 106 
0 5 491 697 1187 1085 305 56 147 106 
0 5 491 697 1187 1086 305 56 147 106 
0 5 491 697 1187 1087 305 56 147 106 
0 5 491 697 1187 1088 305 56 147 106 
0 5 491 697 1187 1089 305 56 147 106 
0 5 491 697 1187 1090 305 56 147 106 
0 5 491 697 1187 1091 305 56 147 106 
0 5 491 697 1187 1092 305 56 147 106 
0 5 491 697 1187 1093 305 56 147 106 
0 5 491 697 1187 1094 305 56 147 106 
0 5 491 697 1187 1095 305 56 147 106 
0 5 491 697 1187 1096 305 56 147 106 
0 5 491 697 1187 1097 305 56 147 106 
0 5 491 697 1187 1098 305 56 147 106 
0 5 491 697 1187 1099 305 56 147 106 
0 5 491 697 1187 1100 305 56 147 106 
0 5 491 697 1187 1101 305 56 147 106 
0 5 491 697 1187 1102 305 56 147 106 
0 5 491 697 1187 1103 305 56 147 106 
0 5 491 697 1187 1104 305 56 147 106 
0 5 491 697 1187 1105 305 56 147 106 
0 5 491 697 1187 1106 305 56 147 106 
0 5 491 697 1187 1107 305 56 147 106 
0 5 491 697 1187 1108 305 56 147 106 
0 5 491 697 1187 1109 305 56 147 106 
0 5 491 697 1187 1110 305 56 147 106 
0 5 491 697 1187 1111 305 56 147 106 
0 5 491 697 1187 1112 305 56 147 106 
0 5 491 697 1187 1113 305 56 147 106 
0 5 491 697 1187 1114 305 56 147 106 
0 5 491 697 1187 1115 305 56 147 106 
0 5 491 697 1187 1116 305 56 147 106 
0 5 491 697 1187 1117 305 56 147 106 
0 5 491 697 1187 1118 305 56 147 106 
0 5 491 697 1187 1119 305 56 147 106 
0 5 491 697 1187 1120 305 56 147 106 
0 5 491 697 1187 1121 305 56 147 106 
0 5 491 697 1187 1122 305 56 147 106 
0 5 491 697 1187 1123 305 56 147 106 
0 5 491 697 1187 1124 305 56 147 106 
0 5 491 697 1187 1125 305 56 147 106 
0 5 491 697 1187 1126 305 56 147 106 
0 5 491 697 1187 1127 305 56 147 106 
0 5 491 697 1187 1128 305 56 147 106 
0 5 491 697 1187 1129 305 56 147 106 
0 5 491 697 1187 1130 305 56 147 106 
0 5 491 697 1187 1131 305 56 147 106 
0 5 491 697 1187 1132 305 56 147 106 
0 5 491 697 1187 1133 305 56 147 106 
0 5 491 697 1187 1134 305 56 147 106 
0 5 491 697 1187 1135 305 56 147 106 
0 5 491 697 1187 1136 305 56 147 106 
0 5 491 697 1187 1137 305 56 147 106 
0 5 491 697 1187 1138 305 56 147 106 
0 5 491 697 1187 1139 305 56 147 106 
0 5 491 697 1187 1140 305 56 147 106 
0 5 491 697 1187 1141 305 56 147 106 
0 5 491 697 1187 1142 305 56 147 106 
0 5 491 697 1187 1143 305 56 147 106 
0 5 491 697 1187 1144 305 56 147 106 
0 5 491 697 1187 1145 305 56 147 106 
0 5 491 697 1187 1146 305 56 147 106 
0 5 491 697 1187 1147 305 56 147 106 
0 5 491 697 1187 1148 305 56 147 106 
0 5 491 697 1187 1149 305 56 147 106 
0 5 491 697 1187 1150 305 56 147 106 
0 5 491 697 1187 1151 305 56 147 106 
0 5 491 697 1187 1152 305 56 147 106 
0 5 491 697 1187 1153 305 56 147 106 
0 5 491 697 1187 1154 305 56 147 106 
0 5 491 697 1187 1155 305 56 147 106 
0 5 491 697 1187 1156 305 56 147 106 
0 5 491 697 1187 1157 305 56 147 106 
0 5 491 697 1187 1158 305 56 147 106 
0 5 491 697 1187 1159 305 56 147 106 
0 5 491 697 1187 1160 305 56 147 106 
0 5 491 697 1187 1161 305 56 147 106 
0 5 491 697 1187 1162 305 56 147 106 
0 5 491 697 1187 1163 305 56 147 106 
0 5 491 697 1187 1164 305 56 147 106 
0 5 491 697 1187 1165 305 56 147 106 
0 5 491 697 1187 1166 305 56 147 106 
0 5 491 697 1187 1167 305 56 147 106 
0 5 491 697 1187 1168 305 56 147 106 
0 5 491 697 1187 1169 305 56 147 106 
0 5 491 697 1187 1170 305 56 147 106 
0 5 491 697 1187 1171 305 56 147 106 
0 5 491 697 1187 1172 305 56 147 106 
0 5 491 697 1187 1173 305 56 147 106 
0 5 491 697 1187 1174 305 56 147 106 
0 5 491 697 1187 1175 305 56 147 106 
0 5 491 697 1187 1176 305 56 147 106 
0 5 491 697 1187 1177 305 56 147 106 
0 5 491 697 1187 1178 305 56 147 106 
0 5 491 697 1187 1179 305 56 147 106 
0 5 491 697 1187 1180 305 56 147 106 
0 5 491 697 1187 1181 305 56 147 106 
0 5 491 697 1187 1182 305 56 147 106 
0 5 491 697 1187 1183 305 56 147 106 
0 5 491 697 1187 1184 305 56 147 106 
0 5 491 697 1187 1185 305 56 147 106 
0 5 491 697 1187 1186 305 56 147 106 
0 5 491 697 1187 1187 305 56 147 106 
