0 5 130 760 889 760 300 64 157 104 
0 5 130 760 889 761 300 64 157 104 
0 5 130 760 889 762 300 64 157 104 
0 5 130 760 889 763 300 64 157 104 
0 5 130 760 889 764 300 64 157 104 
0 5 130 760 889 765 300 64 157 104 
0 5 130 760 889 766 300 64 157 104 
0 5 130 760 889 767 300 64 157 104 
0 5 130 760 889 768 300 64 157 104 
0 5 130 760 889 769 300 64 157 104 
0 5 130 760 889 770 300 64 157 104 
0 5 130 760 889 771 300 64 157 104 
0 5 130 760 889 772 300 64 157 104 
0 5 130 760 889 773 300 64 157 104 
0 5 130 760 889 774 300 64 157 104 
0 5 130 760 889 775 300 64 157 104 
0 5 130 760 889 776 300 64 157 104 
0 5 130 760 889 777 300 64 157 104 
0 5 130 760 889 778 300 64 157 104 
0 5 130 760 889 779 300 64 157 104 
0 5 130 760 889 780 300 64 157 104 
0 5 130 760 889 781 300 64 157 104 
0 5 130 760 889 782 300 64 157 104 
0 5 130 760 889 783 300 64 157 104 
0 5 130 760 889 784 300 64 157 104 
0 5 130 760 889 785 300 64 157 104 
0 5 130 760 889 786 300 64 157 104 
0 5 130 760 889 787 300 64 157 104 
0 5 130 760 889 788 300 64 157 104 
0 5 130 760 889 789 300 64 157 104 
0 5 130 760 889 790 300 64 157 104 
0 5 130 760 889 791 300 64 157 104 
0 5 130 760 889 792 300 64 157 104 
0 5 130 760 889 793 300 64 157 104 
0 5 130 760 889 794 300 64 157 104 
0 5 130 760 889 795 300 64 157 104 
0 5 130 760 889 796 300 64 157 104 
0 5 130 760 889 797 300 64 157 104 
0 5 130 760 889 798 300 64 157 104 
0 5 130 760 889 799 300 64 157 104 
0 5 130 760 889 800 300 64 157 104 
0 5 130 760 889 801 300 64 157 104 
0 5 130 760 889 802 300 64 157 104 
0 5 130 760 889 803 300 64 157 104 
0 5 130 760 889 804 300 64 157 104 
0 5 130 760 889 805 300 64 157 104 
0 5 130 760 889 806 300 64 157 104 
0 5 130 760 889 807 300 64 157 104 
0 5 130 760 889 808 300 64 157 104 
0 5 130 760 889 809 300 64 157 104 
0 5 130 760 889 810 300 64 157 104 
0 5 130 760 889 811 300 64 157 104 
0 5 130 760 889 812 300 64 157 104 
0 5 130 760 889 813 300 64 157 104 
0 5 130 760 889 814 300 64 157 104 
0 5 130 760 889 815 300 64 157 104 
0 5 130 760 889 816 300 64 157 104 
0 5 130 760 889 817 300 64 157 104 
0 5 130 760 889 818 300 64 157 104 
0 5 130 760 889 819 300 64 157 104 
0 5 130 760 889 820 300 64 157 104 
0 5 130 760 889 821 300 64 157 104 
0 5 130 760 889 822 300 64 157 104 
0 5 130 760 889 823 300 64 157 104 
0 5 130 760 889 824 300 64 157 104 
0 5 130 760 889 825 300 64 157 104 
0 5 130 760 889 826 300 64 157 104 
0 5 130 760 889 827 300 64 157 104 
0 5 130 760 889 828 300 64 157 104 
0 5 130 760 889 829 300 64 157 104 
0 5 130 760 889 830 300 64 157 104 
0 5 130 760 889 831 300 64 157 104 
0 5 130 760 889 832 300 64 157 104 
0 5 130 760 889 833 300 64 157 104 
0 5 130 760 889 834 300 64 157 104 
0 5 130 760 889 835 300 64 157 104 
0 5 130 760 889 836 300 64 157 104 
0 5 130 760 889 837 300 64 157 104 
0 5 130 760 889 838 300 64 157 104 
0 5 130 760 889 839 300 64 157 104 
0 5 130 760 889 840 300 64 157 104 
0 5 130 760 889 841 300 64 157 104 
0 5 130 760 889 842 300 64 157 104 
0 5 130 760 889 843 300 64 157 104 
0 5 130 760 889 844 300 64 157 104 
0 5 130 760 889 845 300 64 157 104 
0 5 130 760 889 846 300 64 157 104 
0 5 130 760 889 847 300 64 157 104 
0 5 130 760 889 848 300 64 157 104 
0 5 130 760 889 849 300 64 157 104 
0 5 130 760 889 850 300 64 157 104 
0 5 130 760 889 851 300 64 157 104 
0 5 130 760 889 852 300 64 157 104 
0 5 130 760 889 853 300 64 157 104 
0 5 130 760 889 854 300 64 157 104 
0 5 130 760 889 855 300 64 157 104 
0 5 130 760 889 856 300 64 157 104 
0 5 130 760 889 857 300 64 157 104 
0 5 130 760 889 858 300 64 157 104 
0 5 130 760 889 859 300 64 157 104 
0 5 130 760 889 860 300 64 157 104 
0 5 130 760 889 861 300 64 157 104 
0 5 130 760 889 862 300 64 157 104 
0 5 130 760 889 863 300 64 157 104 
0 5 130 760 889 864 300 64 157 104 
0 5 130 760 889 865 300 64 157 104 
0 5 130 760 889 866 300 64 157 104 
0 5 130 760 889 867 300 64 157 104 
0 5 130 760 889 868 300 64 157 104 
0 5 130 760 889 869 300 64 157 104 
0 5 130 760 889 870 300 64 157 104 
0 5 130 760 889 871 300 64 157 104 
0 5 130 760 889 872 300 64 157 104 
0 5 130 760 889 873 300 64 157 104 
0 5 130 760 889 874 300 64 157 104 
0 5 130 760 889 875 300 64 157 104 
0 5 130 760 889 876 300 64 157 104 
0 5 130 760 889 877 300 64 157 104 
0 5 130 760 889 878 300 64 157 104 
0 5 130 760 889 879 300 64 157 104 
0 5 130 760 889 880 300 64 157 104 
0 5 130 760 889 881 300 64 157 104 
0 5 130 760 889 882 300 64 157 104 
0 5 130 760 889 883 300 64 157 104 
0 5 130 760 889 884 300 64 157 104 
0 5 130 760 889 885 300 64 157 104 
0 5 130 760 889 886 300 64 157 104 
0 5 130 760 889 887 300 64 157 104 
0 5 130 760 889 888 300 64 157 104 
0 5 130 760 889 889 300 64 157 104 
