186 9 244 0 243 0 966 314 44 84 
186 9 244 0 243 1 966 316 44 72 
186 9 244 0 243 2 965 315 42 72 
186 9 244 0 243 3 965 315 42 72 
186 9 244 0 243 4 965 315 42 72 
186 9 244 0 243 5 965 315 42 72 
186 9 244 0 243 6 965 315 42 72 
186 9 244 0 243 7 965 313 42 72 
186 9 244 0 243 8 965 313 42 72 
186 9 244 0 243 9 965 313 42 72 
186 9 244 0 243 10 965 313 42 72 
186 9 244 0 243 11 965 313 42 72 
186 9 244 0 243 12 963 313 42 72 
186 9 244 0 243 13 963 313 42 72 
186 9 244 0 243 14 963 313 42 72 
186 9 244 0 243 15 963 313 42 72 
186 9 244 0 243 16 963 313 42 72 
186 9 244 0 243 17 961 313 42 72 
186 9 244 0 243 18 961 313 42 72 
186 9 244 0 243 19 961 313 42 72 
186 9 244 0 243 20 961 313 42 72 
186 9 244 0 243 21 961 313 42 72 
186 9 244 0 243 22 959 311 44 72 
186 9 244 0 243 23 959 311 44 72 
186 9 244 0 243 24 959 311 44 72 
186 9 244 0 243 25 957 311 44 72 
186 9 244 0 243 26 957 311 44 72 
186 9 244 0 243 27 957 311 44 72 
186 9 244 0 243 28 956 311 42 72 
186 9 244 0 243 29 956 311 42 72 
186 9 244 0 243 30 956 311 42 72 
186 9 244 0 243 31 956 311 42 72 
186 9 244 0 243 32 954 309 42 72 
186 9 244 0 243 33 954 309 42 72 
186 9 244 0 243 34 954 309 42 72 
186 9 244 0 243 35 952 308 42 72 
186 9 244 0 243 36 952 308 42 72 
186 9 244 0 243 37 952 308 42 72 
186 9 244 0 243 38 950 306 44 72 
186 9 244 0 243 39 950 306 44 72 
186 9 244 0 243 40 950 306 44 72 
186 9 244 0 243 41 950 306 44 72 
186 9 244 0 243 42 949 306 42 72 
186 9 244 0 243 43 949 306 42 72 
186 9 244 0 243 44 947 306 42 72 
186 9 244 0 243 45 947 306 42 72 
186 9 244 0 243 46 945 306 42 72 
186 9 244 0 243 47 945 306 42 72 
186 9 244 0 243 48 943 306 44 72 
186 9 244 0 243 49 943 306 44 72 
186 9 244 0 243 50 943 306 44 72 
186 9 244 0 243 51 943 304 44 72 
186 9 244 0 243 52 943 304 44 72 
186 9 244 0 243 53 943 304 44 72 
186 9 244 0 243 54 943 302 44 72 
186 9 244 0 243 55 943 302 44 72 
186 9 244 0 243 56 943 302 44 72 
186 9 244 0 243 57 943 300 44 72 
186 9 244 0 243 58 943 300 44 72 
186 9 244 0 243 59 943 300 44 72 
186 9 244 0 243 60 943 300 44 72 
186 9 244 0 243 61 941 300 44 72 
186 9 244 0 243 62 941 300 44 72 
186 9 244 0 243 63 941 300 44 72 
186 9 244 0 243 64 940 300 42 72 
186 9 244 0 243 65 940 300 42 72 
186 9 244 0 243 66 940 300 42 72 
186 9 244 0 243 67 938 300 42 72 
186 9 244 0 243 68 938 300 42 72 
186 9 244 0 243 69 938 300 42 72 
186 9 244 0 243 70 938 300 42 72 
186 9 244 0 243 71 936 299 42 72 
186 9 244 0 243 72 936 299 42 72 
186 9 244 0 243 73 936 299 42 69 
186 9 244 0 243 74 936 299 42 69 
186 9 244 0 243 75 936 299 42 69 
186 9 244 0 243 76 934 297 44 69 
186 9 244 0 243 77 934 297 44 69 
186 9 244 0 243 78 934 298 44 66 
186 9 244 0 243 79 934 298 44 66 
186 9 244 0 243 80 934 298 44 66 
186 9 244 0 243 81 933 295 42 67 
186 9 244 0 243 82 933 295 42 67 
186 9 244 0 243 83 933 295 42 67 
186 9 244 0 243 84 931 295 42 67 
186 9 244 0 243 85 931 295 42 67 
186 9 244 0 243 86 931 295 42 67 
186 9 244 0 243 87 929 295 42 67 
186 9 244 0 243 88 929 295 42 67 
186 9 244 0 243 89 929 295 42 67 
186 9 244 0 243 90 929 295 42 67 
186 9 244 0 243 91 927 295 44 67 
186 9 244 0 243 92 927 295 44 67 
186 9 244 0 243 93 927 295 44 67 
186 9 244 0 243 94 927 295 44 67 
186 9 244 0 243 95 927 295 44 67 
186 9 244 0 243 96 925 295 44 67 
186 9 244 0 243 97 925 295 44 67 
186 9 244 0 243 98 925 295 44 67 
186 9 244 0 243 99 925 295 44 67 
186 9 244 0 243 100 925 295 44 67 
186 9 244 0 243 101 924 293 42 67 
186 9 244 0 243 102 924 293 42 67 
186 9 244 0 243 103 924 293 42 67 
186 9 244 0 243 104 924 293 42 67 
186 9 244 0 243 105 924 293 42 67 
186 9 244 0 243 106 922 293 42 67 
186 9 244 0 243 107 922 293 42 67 
186 9 244 0 243 108 922 293 42 67 
186 9 244 0 243 109 922 293 42 67 
186 9 244 0 243 110 922 293 42 67 
186 9 244 0 243 111 920 293 42 67 
186 9 244 0 243 112 920 293 42 67 
186 9 244 0 243 113 918 293 44 67 
186 9 244 0 243 114 918 293 44 67 
186 9 244 0 243 115 918 293 44 67 
186 9 244 0 243 116 917 293 42 67 
186 9 244 0 243 117 917 293 42 67 
186 9 244 0 243 118 915 293 42 67 
186 9 244 0 243 119 915 293 42 67 
186 9 244 0 243 120 915 293 42 67 
186 9 244 0 243 121 913 293 42 63 
186 9 244 0 243 122 913 294 42 60 
186 9 244 0 243 123 911 294 44 58 
186 9 244 0 243 124 911 292 44 58 
186 9 244 0 243 125 909 292 44 55 
186 9 244 0 243 126 909 293 44 52 
186 9 244 0 243 127 908 291 42 54 
186 9 244 0 243 128 908 291 42 51 
186 9 244 0 243 129 906 292 42 48 
186 9 244 0 243 130 906 292 42 45 
186 9 244 0 243 131 904 292 42 45 
186 9 244 0 243 132 904 292 42 45 
186 9 244 0 243 133 902 292 44 45 
186 9 244 0 243 134 902 292 44 45 
186 9 244 0 243 135 902 292 44 45 
186 9 244 0 243 136 901 292 42 45 
186 9 244 0 243 137 901 292 42 45 
186 9 244 0 243 138 899 292 42 45 
186 9 244 0 243 139 899 292 42 45 
186 9 244 0 243 140 899 292 42 45 
186 9 244 0 243 141 897 292 42 45 
186 9 244 0 243 142 895 292 44 45 
186 9 244 0 243 143 893 292 44 45 
186 9 244 0 243 144 892 292 42 45 
186 9 244 0 243 145 892 292 42 45 
186 9 244 0 243 146 890 292 42 45 
186 9 244 0 243 147 888 292 42 45 
186 9 244 0 243 148 886 292 44 45 
186 9 244 0 243 149 885 292 42 45 
186 9 244 0 243 150 885 292 42 45 
186 9 244 0 243 151 883 290 42 45 
186 9 244 0 243 152 883 290 42 45 
186 9 244 0 243 153 883 290 42 45 
186 9 244 0 243 154 881 290 42 45 
186 9 244 0 243 155 881 290 42 45 
186 9 244 0 243 156 881 288 42 46 
186 9 244 0 243 157 879 288 44 46 
186 9 244 0 243 158 879 288 44 46 
186 9 244 0 243 159 879 288 44 46 
186 9 244 0 243 160 879 288 44 46 
186 9 244 0 243 161 877 288 44 46 
186 9 244 0 243 162 876 288 42 46 
186 9 244 0 243 163 876 288 42 46 
186 9 244 0 243 164 874 288 42 46 
186 9 244 0 243 165 874 288 42 46 
186 9 244 0 243 166 872 288 42 46 
186 9 244 0 243 167 870 288 44 46 
186 9 244 0 243 168 870 288 44 46 
186 9 244 0 243 169 869 288 42 46 
186 9 244 0 243 170 869 288 42 46 
186 9 244 0 243 171 867 288 42 46 
186 9 244 0 243 172 865 288 42 46 
186 9 244 0 243 173 865 288 42 46 
186 9 244 0 243 174 863 288 44 46 
186 9 244 0 243 175 863 288 44 46 
186 9 244 0 243 176 861 288 44 46 
186 9 244 0 243 177 860 288 42 46 
186 9 244 0 243 178 860 288 42 46 
186 9 244 0 243 179 858 288 42 46 
186 9 244 0 243 180 858 288 42 46 
186 9 244 0 243 181 856 287 42 45 
186 9 244 0 243 182 856 287 42 45 
186 9 244 0 243 183 854 287 44 45 
186 9 244 0 243 184 854 287 44 45 
186 9 244 0 243 185 853 287 42 45 
186 9 244 0 243 186 853 287 42 45 
186 9 244 0 243 187 851 287 42 45 
186 9 244 0 243 188 851 287 42 45 
186 9 244 0 243 189 849 287 42 45 
186 9 244 0 243 190 849 287 42 45 
186 9 244 0 243 191 847 287 44 45 
186 9 244 0 243 192 847 287 44 45 
186 9 244 0 243 193 845 287 44 45 
186 9 244 0 243 194 845 287 44 45 
186 9 244 0 243 195 844 287 42 45 
186 9 244 0 243 196 844 287 42 45 
186 9 244 0 243 197 842 287 42 45 
186 9 244 0 243 198 842 287 42 45 
186 9 244 0 243 199 840 287 42 45 
186 9 244 0 243 200 840 287 42 45 
186 9 244 0 243 201 838 285 44 45 
186 9 244 0 243 202 837 285 42 45 
186 9 244 0 243 203 837 285 42 45 
186 9 244 0 243 204 835 283 42 45 
186 9 244 0 243 205 835 283 42 45 
186 9 244 0 243 206 833 283 42 45 
186 9 244 0 243 207 831 281 44 46 
186 9 244 0 243 208 831 281 44 46 
186 9 244 0 243 209 829 281 44 46 
186 9 244 0 243 210 829 281 44 46 
186 9 244 0 243 211 828 280 42 45 
186 9 244 0 243 212 826 280 42 45 
186 9 244 0 243 213 826 280 42 45 
186 9 244 0 243 214 824 280 42 45 
186 9 244 0 243 215 824 280 42 45 
186 9 244 0 243 216 822 280 44 45 
186 9 244 0 243 217 821 280 42 45 
186 9 244 0 243 218 821 280 42 45 
186 9 244 0 243 219 819 280 42 45 
186 9 244 0 243 220 819 280 42 45 
186 9 244 0 243 221 817 280 42 45 
186 9 244 0 243 222 817 280 42 45 
186 9 244 0 243 223 817 280 42 45 
186 9 244 0 243 224 815 280 44 45 
186 9 244 0 243 225 815 280 44 45 
186 9 244 0 243 226 815 280 44 45 
186 9 244 0 243 227 813 280 44 45 
186 9 244 0 243 228 813 280 44 45 
186 9 244 0 243 229 813 280 44 45 
186 9 244 0 243 230 813 280 44 45 
186 9 244 0 243 231 812 278 42 45 
186 9 244 0 243 232 812 278 42 45 
186 9 244 0 243 233 810 278 42 45 
186 9 244 0 243 234 810 278 42 45 
186 9 244 0 243 235 810 278 42 45 
186 9 244 0 243 236 808 278 42 45 
186 9 244 0 243 237 808 278 42 45 
186 9 244 0 243 238 806 278 44 45 
186 9 244 0 243 239 806 278 44 45 
186 9 244 0 243 240 806 278 44 45 
186 9 244 0 243 241 805 278 42 45 
186 9 244 0 243 242 805 278 42 45 
186 9 244 0 243 243 803 278 42 45 
