13 9 538 1097 1634 1097 1050 274 74 127 
13 9 538 1097 1634 1098 1050 274 74 127 
13 9 538 1097 1634 1099 1047 274 76 127 
13 9 538 1097 1634 1100 1047 274 76 127 
13 9 538 1097 1634 1101 1047 274 76 127 
13 9 538 1097 1634 1102 1045 276 74 129 
13 9 538 1097 1634 1103 1045 276 74 129 
13 9 538 1097 1634 1104 1045 276 74 129 
13 9 538 1097 1634 1105 1045 276 74 129 
13 9 538 1097 1634 1106 1042 276 74 129 
13 9 538 1097 1634 1107 1042 276 74 129 
13 9 538 1097 1634 1108 1042 276 74 129 
13 9 538 1097 1634 1109 1039 276 76 129 
13 9 538 1097 1634 1110 1039 279 76 127 
13 9 538 1097 1634 1111 1039 279 76 127 
13 9 538 1097 1634 1112 1037 279 74 127 
13 9 538 1097 1634 1113 1037 279 74 127 
13 9 538 1097 1634 1114 1037 279 74 127 
13 9 538 1097 1634 1115 1034 279 74 127 
13 9 538 1097 1634 1116 1034 279 74 127 
13 9 538 1097 1634 1117 1034 279 74 127 
13 9 538 1097 1634 1118 1034 282 74 127 
13 9 538 1097 1634 1119 1031 282 76 127 
13 9 538 1097 1634 1120 1029 282 74 127 
13 9 538 1097 1634 1121 1029 282 74 127 
13 9 538 1097 1634 1122 1026 282 74 127 
13 9 538 1097 1634 1123 1026 282 74 127 
13 9 538 1097 1634 1124 1023 282 76 127 
13 9 538 1097 1634 1125 1023 282 76 127 
13 9 538 1097 1634 1126 1021 284 74 129 
13 9 538 1097 1634 1127 1021 284 74 129 
13 9 538 1097 1634 1128 1018 284 74 129 
13 9 538 1097 1634 1129 1015 284 76 129 
13 9 538 1097 1634 1130 1015 284 76 129 
13 9 538 1097 1634 1131 1013 284 74 129 
13 9 538 1097 1634 1132 1013 284 74 129 
13 9 538 1097 1634 1133 1010 284 74 129 
13 9 538 1097 1634 1134 1010 287 74 127 
13 9 538 1097 1634 1135 1007 287 76 127 
13 9 538 1097 1634 1136 1007 287 76 127 
13 9 538 1097 1634 1137 1005 287 74 127 
13 9 538 1097 1634 1138 1002 287 74 127 
13 9 538 1097 1634 1139 1002 287 74 127 
13 9 538 1097 1634 1140 999 287 76 127 
13 9 538 1097 1634 1141 999 287 76 127 
13 9 538 1097 1634 1142 997 290 74 127 
13 9 538 1097 1634 1143 997 290 74 127 
13 9 538 1097 1634 1144 994 290 74 127 
13 9 538 1097 1634 1145 994 290 74 127 
13 9 538 1097 1634 1146 991 290 76 127 
13 9 538 1097 1634 1147 989 290 74 127 
13 9 538 1097 1634 1148 989 290 74 127 
13 9 538 1097 1634 1149 986 290 74 127 
13 9 538 1097 1634 1150 986 292 74 129 
13 9 538 1097 1634 1151 983 292 76 129 
13 9 538 1097 1634 1152 983 292 76 129 
13 9 538 1097 1634 1153 981 292 74 129 
13 9 538 1097 1634 1154 981 292 74 129 
13 9 538 1097 1634 1155 978 292 74 129 
13 9 538 1097 1634 1156 975 292 76 129 
13 9 538 1097 1634 1157 975 292 76 129 
13 9 538 1097 1634 1158 973 295 74 127 
13 9 538 1097 1634 1159 973 295 74 127 
13 9 538 1097 1634 1160 970 295 74 127 
13 9 538 1097 1634 1161 970 295 74 127 
13 9 538 1097 1634 1162 967 295 76 127 
13 9 538 1097 1634 1163 967 295 76 127 
13 9 538 1097 1634 1164 965 295 74 127 
13 9 538 1097 1634 1165 965 298 74 127 
13 9 538 1097 1634 1166 962 298 74 127 
13 9 538 1097 1634 1167 959 298 76 127 
13 9 538 1097 1634 1168 959 298 76 127 
13 9 538 1097 1634 1169 957 298 74 132 
13 9 538 1097 1634 1170 957 298 74 132 
13 9 538 1097 1634 1171 954 298 74 132 
13 9 538 1097 1634 1172 954 298 74 132 
13 9 538 1097 1634 1173 951 297 76 135 
13 9 538 1097 1634 1174 949 300 74 132 
13 9 538 1097 1634 1175 949 300 74 132 
13 9 538 1097 1634 1176 946 300 74 132 
13 9 538 1097 1634 1177 946 299 74 136 
13 9 538 1097 1634 1178 943 299 76 136 
13 9 538 1097 1634 1179 943 299 76 136 
13 9 538 1097 1634 1180 941 299 74 136 
13 9 538 1097 1634 1181 938 298 74 141 
13 9 538 1097 1634 1182 938 298 74 141 
13 9 538 1097 1634 1183 935 302 76 136 
13 9 538 1097 1634 1184 935 302 76 136 
13 9 538 1097 1634 1185 933 301 74 139 
13 9 538 1097 1634 1186 933 301 74 139 
13 9 538 1097 1634 1187 930 301 74 139 
13 9 538 1097 1634 1188 927 301 76 139 
13 9 538 1097 1634 1189 927 301 76 144 
13 9 538 1097 1634 1190 925 301 74 144 
13 9 538 1097 1634 1191 925 301 74 144 
13 9 538 1097 1634 1192 922 304 74 139 
13 9 538 1097 1634 1193 922 304 74 144 
13 9 538 1097 1634 1194 919 304 76 144 
13 9 538 1097 1634 1195 917 304 74 144 
13 9 538 1097 1634 1196 917 304 74 144 
13 9 538 1097 1634 1197 914 303 74 147 
13 9 538 1097 1634 1198 914 303 74 147 
13 9 538 1097 1634 1199 911 303 76 147 
13 9 538 1097 1634 1200 911 305 76 148 
13 9 538 1097 1634 1201 909 305 74 148 
13 9 538 1097 1634 1202 906 305 74 148 
13 9 538 1097 1634 1203 903 305 76 148 
13 9 538 1097 1634 1204 900 305 80 148 
13 9 538 1097 1634 1205 901 308 74 148 
13 9 538 1097 1634 1206 898 308 74 148 
13 9 538 1097 1634 1207 894 308 80 148 
13 9 538 1097 1634 1208 892 308 80 148 
13 9 538 1097 1634 1209 893 308 74 148 
13 9 538 1097 1634 1210 890 311 74 147 
13 9 538 1097 1634 1211 886 311 80 147 
13 9 538 1097 1634 1212 884 311 80 147 
13 9 538 1097 1634 1213 885 311 74 147 
13 9 538 1097 1634 1214 881 311 80 147 
13 9 538 1097 1634 1215 878 313 80 148 
13 9 538 1097 1634 1216 876 313 80 148 
13 9 538 1097 1634 1217 873 313 80 148 
13 9 538 1097 1634 1218 873 313 80 148 
13 9 538 1097 1634 1219 870 316 80 148 
13 9 538 1097 1634 1220 868 316 80 148 
13 9 538 1097 1634 1221 863 316 86 148 
13 9 538 1097 1634 1222 865 316 80 148 
13 9 538 1097 1634 1223 862 316 80 148 
13 9 538 1097 1634 1224 860 319 80 147 
13 9 538 1097 1634 1225 855 319 86 147 
13 9 538 1097 1634 1226 857 319 80 147 
13 9 538 1097 1634 1227 854 319 80 147 
13 9 538 1097 1634 1228 851 319 84 147 
13 9 538 1097 1634 1229 847 321 86 148 
13 9 538 1097 1634 1230 844 321 86 148 
13 9 538 1097 1634 1231 846 321 80 148 
13 9 538 1097 1634 1232 843 321 84 148 
13 9 538 1097 1634 1233 839 321 86 148 
13 9 538 1097 1634 1234 836 324 86 148 
13 9 538 1097 1634 1235 836 324 86 148 
13 9 538 1097 1634 1236 835 324 84 148 
13 9 538 1097 1634 1237 831 324 86 148 
13 9 538 1097 1634 1238 828 327 86 147 
13 9 538 1097 1634 1239 828 327 86 147 
13 9 538 1097 1634 1240 827 327 84 147 
13 9 538 1097 1634 1241 823 327 86 147 
13 9 538 1097 1634 1242 819 327 92 147 
13 9 538 1097 1634 1243 817 329 90 148 
13 9 538 1097 1634 1244 819 329 84 148 
13 9 538 1097 1634 1245 815 329 86 148 
13 9 538 1097 1634 1246 811 329 92 148 
13 9 538 1097 1634 1247 809 329 90 148 
13 9 538 1097 1634 1248 811 332 84 148 
13 9 538 1097 1634 1249 806 332 90 148 
13 9 538 1097 1634 1250 803 332 92 148 
13 9 538 1097 1634 1251 801 332 90 148 
13 9 538 1097 1634 1252 801 335 90 147 
13 9 538 1097 1634 1253 798 335 90 147 
13 9 538 1097 1634 1254 795 335 92 147 
13 9 538 1097 1634 1255 793 335 90 147 
13 9 538 1097 1634 1256 789 335 96 147 
13 9 538 1097 1634 1257 790 337 90 148 
13 9 538 1097 1634 1258 787 337 92 148 
13 9 538 1097 1634 1259 784 337 96 148 
13 9 538 1097 1634 1260 781 337 96 148 
13 9 538 1097 1634 1261 782 337 90 148 
13 9 538 1097 1634 1262 779 340 92 148 
13 9 538 1097 1634 1263 776 340 96 148 
13 9 538 1097 1634 1264 773 340 96 148 
13 9 538 1097 1634 1265 774 340 90 148 
13 9 538 1097 1634 1266 770 340 96 148 
13 9 538 1097 1634 1267 768 343 96 147 
13 9 538 1097 1634 1268 765 343 96 147 
13 9 538 1097 1634 1269 762 343 96 147 
13 9 538 1097 1634 1270 762 343 96 147 
13 9 538 1097 1634 1271 760 345 96 148 
13 9 538 1097 1634 1272 757 345 96 148 
13 9 538 1097 1634 1273 752 345 102 148 
13 9 538 1097 1634 1274 754 345 96 148 
13 9 538 1097 1634 1275 752 345 96 148 
13 9 538 1097 1634 1276 749 348 96 148 
13 9 538 1097 1634 1277 744 348 102 148 
13 9 538 1097 1634 1278 746 348 96 148 
13 9 538 1097 1634 1279 744 348 96 148 
13 9 538 1097 1634 1280 739 348 102 148 
13 9 538 1097 1634 1281 736 351 102 147 
13 9 538 1097 1634 1282 735 351 100 147 
13 9 538 1097 1634 1283 736 351 96 147 
13 9 538 1097 1634 1284 731 351 102 147 
13 9 538 1097 1634 1285 728 351 102 147 
13 9 538 1097 1634 1286 727 353 100 148 
13 9 538 1097 1634 1287 727 353 100 148 
13 9 538 1097 1634 1288 723 353 102 148 
13 9 538 1097 1634 1289 720 353 102 148 
13 9 538 1097 1634 1290 719 356 100 148 
13 9 538 1097 1634 1291 719 356 100 148 
13 9 538 1097 1634 1292 715 356 102 148 
13 9 538 1097 1634 1293 712 356 102 148 
13 9 538 1097 1634 1294 709 356 106 148 
13 9 538 1097 1634 1295 706 359 106 147 
13 9 538 1097 1634 1296 707 359 102 147 
13 9 538 1097 1634 1297 704 359 102 147 
13 9 538 1097 1634 1298 701 359 106 147 
13 9 538 1097 1634 1299 698 359 106 147 
13 9 538 1097 1634 1300 699 361 102 148 
13 9 538 1097 1634 1301 695 361 108 148 
13 9 538 1097 1634 1302 693 361 106 148 
13 9 538 1097 1634 1303 690 361 106 148 
13 9 538 1097 1634 1304 690 364 106 148 
13 9 538 1097 1634 1305 685 364 106 148 
13 9 538 1097 1634 1306 682 364 106 148 
13 9 538 1097 1634 1307 679 364 108 148 
13 9 538 1097 1634 1308 677 364 106 148 
13 9 538 1097 1634 1309 674 364 106 148 
13 9 538 1097 1634 1310 671 363 108 151 
13 9 538 1097 1634 1311 669 363 106 151 
13 9 538 1097 1634 1312 666 363 106 151 
13 9 538 1097 1634 1313 663 363 108 151 
13 9 538 1097 1634 1314 661 367 106 147 
13 9 538 1097 1634 1315 658 366 106 151 
13 9 538 1097 1634 1316 655 366 108 151 
13 9 538 1097 1634 1317 653 366 106 151 
13 9 538 1097 1634 1318 650 366 106 151 
13 9 538 1097 1634 1319 647 366 108 151 
13 9 538 1097 1634 1320 645 366 106 156 
13 9 538 1097 1634 1321 642 366 106 156 
13 9 538 1097 1634 1322 639 366 108 156 
13 9 538 1097 1634 1323 637 368 106 153 
13 9 538 1097 1634 1324 634 368 106 153 
13 9 538 1097 1634 1325 631 368 108 153 
13 9 538 1097 1634 1326 631 368 100 156 
13 9 538 1097 1634 1327 627 368 102 156 
13 9 538 1097 1634 1328 624 368 102 156 
13 9 538 1097 1634 1329 623 368 100 156 
13 9 538 1097 1634 1330 619 368 102 156 
13 9 538 1097 1634 1331 616 367 102 160 
13 9 538 1097 1634 1332 615 371 100 156 
13 9 538 1097 1634 1333 611 371 102 156 
13 9 538 1097 1634 1334 608 371 102 156 
13 9 538 1097 1634 1335 607 371 100 156 
13 9 538 1097 1634 1336 603 370 102 160 
13 9 538 1097 1634 1337 597 370 106 160 
13 9 538 1097 1634 1338 594 370 106 160 
13 9 538 1097 1634 1339 591 370 108 160 
13 9 538 1097 1634 1340 589 370 106 160 
13 9 538 1097 1634 1341 586 374 106 156 
13 9 538 1097 1634 1342 583 373 108 159 
13 9 538 1097 1634 1343 581 373 106 159 
13 9 538 1097 1634 1344 578 373 106 159 
13 9 538 1097 1634 1345 575 373 108 159 
13 9 538 1097 1634 1346 573 373 106 159 
13 9 538 1097 1634 1347 571 372 102 163 
13 9 538 1097 1634 1348 568 372 102 163 
13 9 538 1097 1634 1349 567 372 100 163 
13 9 538 1097 1634 1350 563 375 102 160 
13 9 538 1097 1634 1351 560 375 102 160 
13 9 538 1097 1634 1352 559 374 100 165 
13 9 538 1097 1634 1353 555 374 102 165 
13 9 538 1097 1634 1354 552 374 102 165 
13 9 538 1097 1634 1355 551 374 100 165 
13 9 538 1097 1634 1356 547 374 102 165 
13 9 538 1097 1634 1357 544 374 102 165 
13 9 538 1097 1634 1358 543 374 100 168 
13 9 538 1097 1634 1359 539 377 102 163 
13 9 538 1097 1634 1360 536 377 102 163 
13 9 538 1097 1634 1361 535 377 100 163 
13 9 538 1097 1634 1362 531 377 102 163 
13 9 538 1097 1634 1363 528 377 102 168 
13 9 538 1097 1634 1364 527 377 100 168 
13 9 538 1097 1634 1365 523 377 102 168 
13 9 538 1097 1634 1366 520 377 102 168 
13 9 538 1097 1634 1367 519 377 100 168 
13 9 538 1097 1634 1368 515 380 102 168 
13 9 538 1097 1634 1369 509 380 106 168 
13 9 538 1097 1634 1370 506 380 106 168 
13 9 538 1097 1634 1371 503 380 108 168 
13 9 538 1097 1634 1372 501 380 106 168 
13 9 538 1097 1634 1373 494 380 112 168 
13 9 538 1097 1634 1374 492 379 112 171 
13 9 538 1097 1634 1375 489 379 112 171 
13 9 538 1097 1634 1376 486 382 112 168 
13 9 538 1097 1634 1377 479 382 118 168 
13 9 538 1097 1634 1378 476 382 118 168 
13 9 538 1097 1634 1379 475 381 116 172 
13 9 538 1097 1634 1380 471 381 118 172 
13 9 538 1097 1634 1381 465 381 122 172 
13 9 538 1097 1634 1382 462 381 122 172 
13 9 538 1097 1634 1383 459 381 124 172 
13 9 538 1097 1634 1384 457 384 122 172 
13 9 538 1097 1634 1385 450 384 128 172 
13 9 538 1097 1634 1386 448 384 128 172 
13 9 538 1097 1634 1387 445 384 128 172 
13 9 538 1097 1634 1388 442 383 128 175 
13 9 538 1097 1634 1389 435 383 134 175 
13 9 538 1097 1634 1390 432 387 134 171 
13 9 538 1097 1634 1391 431 387 132 171 
13 9 538 1097 1634 1392 427 386 134 175 
13 9 538 1097 1634 1393 421 386 138 175 
13 9 538 1097 1634 1394 418 386 138 175 
13 9 538 1097 1634 1395 415 386 140 175 
13 9 538 1097 1634 1396 413 388 138 177 
13 9 538 1097 1634 1397 411 388 134 177 
13 9 538 1097 1634 1398 408 388 134 177 
13 9 538 1097 1634 1399 407 388 132 177 
13 9 538 1097 1634 1400 403 388 134 177 
13 9 538 1097 1634 1401 400 388 134 177 
13 9 538 1097 1634 1402 399 388 132 177 
13 9 538 1097 1634 1403 395 388 134 177 
13 9 538 1097 1634 1404 392 388 134 177 
13 9 538 1097 1634 1405 391 391 132 175 
13 9 538 1097 1634 1406 387 391 134 175 
13 9 538 1097 1634 1407 384 391 134 175 
13 9 538 1097 1634 1408 383 391 132 175 
13 9 538 1097 1634 1409 379 391 134 175 
13 9 538 1097 1634 1410 378 391 128 175 
13 9 538 1097 1634 1411 376 391 128 175 
13 9 538 1097 1634 1412 373 391 128 175 
13 9 538 1097 1634 1413 370 391 128 175 
13 9 538 1097 1634 1414 368 394 128 175 
13 9 538 1097 1634 1415 365 394 128 175 
13 9 538 1097 1634 1416 362 394 128 175 
13 9 538 1097 1634 1417 360 394 128 175 
13 9 538 1097 1634 1418 357 394 128 175 
13 9 538 1097 1634 1419 354 394 128 175 
13 9 538 1097 1634 1420 352 394 128 175 
13 9 538 1097 1634 1421 349 394 128 175 
13 9 538 1097 1634 1422 350 396 122 177 
13 9 538 1097 1634 1423 345 396 122 177 
13 9 538 1097 1634 1424 342 396 122 177 
13 9 538 1097 1634 1425 339 396 124 177 
13 9 538 1097 1634 1426 339 396 116 177 
13 9 538 1097 1634 1427 335 396 118 177 
13 9 538 1097 1634 1428 329 396 122 177 
13 9 538 1097 1634 1429 326 396 122 177 
13 9 538 1097 1634 1430 324 396 118 177 
13 9 538 1097 1634 1431 323 396 116 177 
13 9 538 1097 1634 1432 319 396 118 177 
13 9 538 1097 1634 1433 316 396 118 177 
13 9 538 1097 1634 1434 311 396 118 177 
13 9 538 1097 1634 1435 308 396 118 177 
13 9 538 1097 1634 1436 307 399 116 175 
13 9 538 1097 1634 1437 303 399 118 175 
13 9 538 1097 1634 1438 300 399 118 175 
13 9 538 1097 1634 1439 299 402 116 175 
13 9 538 1097 1634 1440 295 402 118 175 
13 9 538 1097 1634 1441 292 402 118 175 
13 9 538 1097 1634 1442 291 404 116 177 
13 9 538 1097 1634 1443 287 404 118 177 
13 9 538 1097 1634 1444 284 407 118 175 
13 9 538 1097 1634 1445 283 407 116 175 
13 9 538 1097 1634 1446 279 407 118 175 
13 9 538 1097 1634 1447 276 410 118 175 
13 9 538 1097 1634 1448 275 410 116 175 
13 9 538 1097 1634 1449 271 410 118 175 
13 9 538 1097 1634 1450 268 412 118 177 
13 9 538 1097 1634 1451 267 412 116 177 
13 9 538 1097 1634 1452 263 412 118 177 
13 9 538 1097 1634 1453 260 415 118 175 
13 9 538 1097 1634 1454 259 415 116 175 
13 9 538 1097 1634 1455 255 418 118 175 
13 9 538 1097 1634 1456 252 418 118 175 
13 9 538 1097 1634 1457 251 418 116 175 
13 9 538 1097 1634 1458 247 420 118 177 
13 9 538 1097 1634 1459 244 420 118 177 
13 9 538 1097 1634 1460 243 420 116 177 
13 9 538 1097 1634 1461 239 423 118 175 
13 9 538 1097 1634 1462 236 423 118 175 
13 9 538 1097 1634 1463 235 423 116 175 
13 9 538 1097 1634 1464 231 426 118 175 
13 9 538 1097 1634 1465 228 426 118 175 
13 9 538 1097 1634 1466 227 428 116 177 
13 9 538 1097 1634 1467 223 428 118 177 
13 9 538 1097 1634 1468 220 428 118 177 
13 9 538 1097 1634 1469 219 431 116 175 
13 9 538 1097 1634 1470 215 431 118 175 
13 9 538 1097 1634 1471 212 431 118 175 
13 9 538 1097 1634 1472 211 434 116 175 
13 9 538 1097 1634 1473 207 434 118 175 
13 9 538 1097 1634 1474 204 434 118 175 
13 9 538 1097 1634 1475 203 436 116 177 
13 9 538 1097 1634 1476 199 436 118 177 
13 9 538 1097 1634 1477 196 439 118 175 
13 9 538 1097 1634 1478 195 439 116 175 
13 9 538 1097 1634 1479 191 439 118 175 
13 9 538 1097 1634 1480 188 442 118 175 
13 9 538 1097 1634 1481 187 442 116 175 
13 9 538 1097 1634 1482 183 442 118 175 
13 9 538 1097 1634 1483 180 444 118 177 
13 9 538 1097 1634 1484 179 444 116 177 
13 9 538 1097 1634 1485 175 447 118 175 
13 9 538 1097 1634 1486 172 447 118 175 
13 9 538 1097 1634 1487 172 447 118 175 
13 9 538 1097 1634 1488 171 450 116 175 
13 9 538 1097 1634 1489 171 450 116 175 
13 9 538 1097 1634 1490 171 450 116 180 
13 9 538 1097 1634 1491 167 452 118 177 
13 9 538 1097 1634 1492 167 452 118 177 
13 9 538 1097 1634 1493 164 452 118 180 
13 9 538 1097 1634 1494 164 455 118 175 
13 9 538 1097 1634 1495 164 455 118 180 
13 9 538 1097 1634 1496 163 455 116 180 
13 9 538 1097 1634 1497 163 458 116 175 
13 9 538 1097 1634 1498 159 458 118 180 
13 9 538 1097 1634 1499 159 458 118 180 
13 9 538 1097 1634 1500 159 460 118 180 
13 9 538 1097 1634 1501 156 460 118 180 
13 9 538 1097 1634 1502 156 460 118 180 
13 9 538 1097 1634 1503 156 463 118 180 
13 9 538 1097 1634 1504 156 463 118 180 
13 9 538 1097 1634 1505 153 463 122 180 
13 9 538 1097 1634 1506 153 466 122 180 
13 9 538 1097 1634 1507 153 466 122 180 
13 9 538 1097 1634 1508 153 465 122 183 
13 9 538 1097 1634 1509 153 468 122 180 
13 9 538 1097 1634 1510 149 468 128 180 
13 9 538 1097 1634 1511 149 467 128 184 
13 9 538 1097 1634 1512 149 471 128 180 
13 9 538 1097 1634 1513 150 470 122 184 
13 9 538 1097 1634 1514 146 474 128 180 
13 9 538 1097 1634 1515 146 474 128 180 
13 9 538 1097 1634 1516 146 473 128 183 
13 9 538 1097 1634 1517 146 476 128 180 
13 9 538 1097 1634 1518 146 475 128 184 
13 9 538 1097 1634 1519 143 475 132 184 
13 9 538 1097 1634 1520 143 479 132 180 
13 9 538 1097 1634 1521 143 478 132 184 
13 9 538 1097 1634 1522 143 478 132 184 
13 9 538 1097 1634 1523 138 482 138 180 
13 9 538 1097 1634 1524 138 481 138 183 
13 9 538 1097 1634 1525 139 484 134 180 
13 9 538 1097 1634 1526 139 483 134 184 
13 9 538 1097 1634 1527 139 483 134 184 
13 9 538 1097 1634 1528 135 487 140 180 
13 9 538 1097 1634 1529 135 486 140 184 
13 9 538 1097 1634 1530 135 486 140 184 
13 9 538 1097 1634 1531 135 489 140 183 
13 9 538 1097 1634 1532 132 489 144 183 
13 9 538 1097 1634 1533 132 489 144 183 
13 9 538 1097 1634 1534 132 491 144 184 
13 9 538 1097 1634 1535 132 491 144 184 
13 9 538 1097 1634 1536 132 494 144 184 
13 9 538 1097 1634 1537 129 494 144 184 
13 9 538 1097 1634 1538 129 494 144 184 
13 9 538 1097 1634 1539 129 497 144 183 
13 9 538 1097 1634 1540 130 497 138 183 
13 9 538 1097 1634 1541 130 499 138 184 
13 9 538 1097 1634 1542 130 499 138 184 
13 9 538 1097 1634 1543 131 502 134 184 
13 9 538 1097 1634 1544 131 502 134 184 
13 9 538 1097 1634 1545 131 505 134 183 
13 9 538 1097 1634 1546 133 505 128 183 
13 9 538 1097 1634 1547 133 507 128 184 
13 9 538 1097 1634 1548 133 507 128 184 
13 9 538 1097 1634 1549 133 510 128 184 
13 9 538 1097 1634 1550 130 510 128 184 
13 9 538 1097 1634 1551 127 510 132 184 
13 9 538 1097 1634 1552 128 509 128 187 
13 9 538 1097 1634 1553 123 513 134 183 
13 9 538 1097 1634 1554 120 512 134 187 
13 9 538 1097 1634 1555 120 512 134 187 
13 9 538 1097 1634 1556 119 515 132 184 
13 9 538 1097 1634 1557 114 514 138 189 
13 9 538 1097 1634 1558 115 514 134 189 
13 9 538 1097 1634 1559 111 517 140 187 
13 9 538 1097 1634 1560 112 517 134 187 
13 9 538 1097 1634 1561 109 517 138 192 
13 9 538 1097 1634 1562 106 520 138 187 
13 9 538 1097 1634 1563 106 520 138 187 
13 9 538 1097 1634 1564 103 520 140 192 
13 9 538 1097 1634 1565 100 522 144 189 
13 9 538 1097 1634 1566 101 522 138 192 
13 9 538 1097 1634 1567 97 522 144 192 
13 9 538 1097 1634 1568 97 525 144 192 
13 9 538 1097 1634 1569 91 525 148 192 
13 9 538 1097 1634 1570 87 525 150 192 
13 9 538 1097 1634 1571 83 528 156 192 
13 9 538 1097 1634 1572 81 528 154 192 
13 9 538 1097 1634 1573 78 528 154 192 
13 9 538 1097 1634 1574 74 530 160 192 
13 9 538 1097 1634 1575 72 530 160 192 
13 9 538 1097 1634 1576 67 529 166 196 
13 9 538 1097 1634 1577 61 533 170 192 
13 9 538 1097 1634 1578 58 533 170 192 
13 9 538 1097 1634 1579 54 532 176 196 
13 9 538 1097 1634 1580 52 536 176 192 
13 9 538 1097 1634 1581 47 535 182 195 
13 9 538 1097 1634 1582 44 535 182 195 
13 9 538 1097 1634 1583 43 538 180 192 
13 9 538 1097 1634 1584 38 537 186 196 
13 9 538 1097 1634 1585 35 537 188 196 
13 9 538 1097 1634 1586 29 541 192 192 
13 9 538 1097 1634 1587 24 540 198 196 
13 9 538 1097 1634 1588 23 540 196 196 
13 9 538 1097 1634 1589 18 543 202 195 
13 9 538 1097 1634 1590 15 543 204 195 
13 9 538 1097 1634 1591 13 543 202 195 
13 9 538 1097 1634 1592 9 545 208 196 
13 9 538 1097 1634 1593 6 545 208 196 
13 9 538 1097 1634 1594 3 548 212 196 
13 9 538 1097 1634 1595 0 548 210 196 
13 9 538 1097 1634 1596 0 548 205 196 
13 9 538 1097 1634 1597 0 547 199 199 
13 9 538 1097 1634 1598 0 547 193 199 
13 9 538 1097 1634 1599 0 547 188 199 
13 9 538 1097 1634 1600 0 547 182 204 
13 9 538 1097 1634 1601 0 547 177 204 
13 9 538 1097 1634 1602 0 547 171 204 
13 9 538 1097 1634 1603 0 546 164 208 
13 9 538 1097 1634 1604 0 546 159 208 
13 9 538 1097 1634 1605 0 549 156 207 
13 9 538 1097 1634 1606 0 549 150 207 
13 9 538 1097 1634 1607 0 549 146 207 
13 9 538 1097 1634 1608 0 549 143 207 
13 9 538 1097 1634 1609 0 549 138 207 
13 9 538 1097 1634 1610 0 549 131 207 
13 9 538 1097 1634 1611 0 549 126 207 
13 9 538 1097 1634 1612 0 549 123 207 
13 9 538 1097 1634 1613 0 549 120 207 
13 9 538 1097 1634 1614 0 549 111 207 
13 9 538 1097 1634 1615 0 549 108 207 
13 9 538 1097 1634 1616 0 549 103 207 
13 9 538 1097 1634 1617 0 551 99 208 
13 9 538 1097 1634 1618 0 565 87 192 
13 9 538 1097 1634 1619 0 578 79 175 
13 9 538 1097 1634 1620 0 591 72 160 
13 9 538 1097 1634 1621 0 608 63 144 
13 9 538 1097 1634 1622 0 608 55 144 
13 9 538 1097 1634 1623 0 608 51 144 
13 9 538 1097 1634 1624 0 608 48 144 
13 9 538 1097 1634 1625 0 610 43 144 
13 9 538 1097 1634 1626 0 610 39 144 
13 9 538 1097 1634 1627 0 610 39 144 
13 9 538 1097 1634 1628 0 610 39 144 
13 9 538 1097 1634 1629 0 610 36 144 
13 9 538 1097 1634 1630 0 610 36 144 
13 9 538 1097 1634 1631 0 610 36 144 
13 9 538 1097 1634 1632 0 610 36 144 
13 9 538 1097 1634 1633 0 610 36 144 
13 9 538 1097 1634 1634 0 610 36 144 
14 9 376 246 621 246 467 313 84 135 
14 9 376 246 621 247 467 313 84 135 
14 9 376 246 621 248 467 313 84 135 
14 9 376 246 621 249 467 313 84 135 
14 9 376 246 621 250 467 313 84 135 
14 9 376 246 621 251 467 313 84 135 
14 9 376 246 621 252 467 313 84 135 
14 9 376 246 621 253 467 313 84 135 
14 9 376 246 621 254 467 313 84 135 
14 9 376 246 621 255 467 313 84 135 
14 9 376 246 621 256 467 313 84 135 
14 9 376 246 621 257 467 313 84 135 
14 9 376 246 621 258 467 313 84 135 
14 9 376 246 621 259 467 313 84 135 
14 9 376 246 621 260 467 313 84 135 
14 9 376 246 621 261 467 313 84 135 
14 9 376 246 621 262 467 313 84 135 
14 9 376 246 621 263 467 313 84 135 
14 9 376 246 621 264 467 313 84 135 
14 9 376 246 621 265 467 313 84 135 
14 9 376 246 621 266 467 313 84 135 
14 9 376 246 621 267 467 313 84 135 
14 9 376 246 621 268 467 313 84 135 
14 9 376 246 621 269 467 313 84 135 
14 9 376 246 621 270 467 313 84 135 
14 9 376 246 621 271 467 313 84 135 
14 9 376 246 621 272 467 313 84 135 
14 9 376 246 621 273 463 313 86 135 
14 9 376 246 621 274 463 313 86 135 
14 9 376 246 621 275 463 313 86 135 
14 9 376 246 621 276 463 313 86 135 
14 9 376 246 621 277 463 313 86 135 
14 9 376 246 621 278 463 313 86 135 
14 9 376 246 621 279 463 313 86 135 
14 9 376 246 621 280 463 313 86 135 
14 9 376 246 621 281 463 313 86 135 
14 9 376 246 621 282 463 313 86 135 
14 9 376 246 621 283 463 313 86 135 
14 9 376 246 621 284 463 313 86 135 
14 9 376 246 621 285 463 313 86 135 
14 9 376 246 621 286 463 313 86 135 
14 9 376 246 621 287 463 313 86 135 
14 9 376 246 621 288 463 313 86 135 
14 9 376 246 621 289 463 313 86 135 
14 9 376 246 621 290 463 313 86 135 
14 9 376 246 621 291 463 313 86 135 
14 9 376 246 621 292 463 313 86 135 
14 9 376 246 621 293 463 313 86 135 
14 9 376 246 621 294 463 313 86 135 
14 9 376 246 621 295 463 313 86 135 
14 9 376 246 621 296 463 313 86 135 
14 9 376 246 621 297 463 313 86 135 
14 9 376 246 621 298 463 313 86 135 
14 9 376 246 621 299 463 313 86 135 
14 9 376 246 621 300 463 313 86 135 
14 9 376 246 621 301 459 310 92 136 
14 9 376 246 621 302 459 310 92 136 
14 9 376 246 621 303 459 310 92 136 
14 9 376 246 621 304 459 310 92 136 
14 9 376 246 621 305 459 310 92 136 
14 9 376 246 621 306 459 310 92 136 
14 9 376 246 621 307 459 310 92 136 
14 9 376 246 621 308 459 310 92 136 
14 9 376 246 621 309 459 310 92 136 
14 9 376 246 621 310 459 310 92 136 
14 9 376 246 621 311 459 310 92 136 
14 9 376 246 621 312 459 306 92 141 
14 9 376 246 621 313 459 306 92 141 
14 9 376 246 621 314 459 306 92 141 
14 9 376 246 621 315 459 306 92 141 
14 9 376 246 621 316 459 306 92 141 
14 9 376 246 621 317 459 306 92 141 
14 9 376 246 621 318 459 306 92 141 
14 9 376 246 621 319 458 306 96 141 
14 9 376 246 621 320 458 306 96 141 
14 9 376 246 621 321 458 306 96 141 
14 9 376 246 621 322 458 306 96 141 
14 9 376 246 621 323 458 304 96 144 
14 9 376 246 621 324 458 304 96 144 
14 9 376 246 621 325 458 304 96 144 
14 9 376 246 621 326 458 304 96 144 
14 9 376 246 621 327 458 304 96 144 
14 9 376 246 621 328 458 304 96 144 
14 9 376 246 621 329 458 304 96 144 
14 9 376 246 621 330 458 304 96 144 
14 9 376 246 621 331 458 304 96 144 
14 9 376 246 621 332 458 304 96 144 
14 9 376 246 621 333 458 304 96 144 
14 9 376 246 621 334 458 300 96 148 
14 9 376 246 621 335 458 300 96 148 
14 9 376 246 621 336 458 300 96 148 
14 9 376 246 621 337 456 300 102 148 
14 9 376 246 621 338 456 301 102 144 
14 9 376 246 621 339 456 301 102 144 
14 9 376 246 621 340 456 301 102 144 
14 9 376 246 621 341 456 301 102 144 
14 9 376 246 621 342 456 301 102 144 
14 9 376 246 621 343 456 301 102 144 
14 9 376 246 621 344 456 301 102 144 
14 9 376 246 621 345 456 297 102 148 
14 9 376 246 621 346 456 297 102 148 
14 9 376 246 621 347 456 297 102 148 
14 9 376 246 621 348 456 297 102 148 
14 9 376 246 621 349 456 297 102 148 
14 9 376 246 621 350 456 297 102 148 
14 9 376 246 621 351 456 297 102 148 
14 9 376 246 621 352 456 297 102 148 
14 9 376 246 621 353 456 297 102 148 
14 9 376 246 621 354 456 297 102 148 
14 9 376 246 621 355 456 297 102 148 
14 9 376 246 621 356 452 294 112 151 
14 9 376 246 621 357 452 294 112 151 
14 9 376 246 621 358 452 294 112 151 
14 9 376 246 621 359 452 294 112 151 
14 9 376 246 621 360 452 294 112 151 
14 9 376 246 621 361 452 294 112 151 
14 9 376 246 621 362 452 294 112 151 
14 9 376 246 621 363 452 294 112 151 
14 9 376 246 621 364 452 294 112 151 
14 9 376 246 621 365 452 294 112 151 
14 9 376 246 621 366 452 294 112 151 
14 9 376 246 621 367 452 291 112 156 
14 9 376 246 621 368 452 291 112 156 
14 9 376 246 621 369 452 291 112 156 
14 9 376 246 621 370 452 291 112 156 
14 9 376 246 621 371 452 291 112 156 
14 9 376 246 621 372 452 291 112 156 
14 9 376 246 621 373 452 291 112 156 
14 9 376 246 621 374 451 291 116 156 
14 9 376 246 621 375 451 291 116 151 
14 9 376 246 621 376 451 291 116 151 
14 9 376 246 621 377 451 291 116 151 
14 9 376 246 621 378 451 288 116 156 
14 9 376 246 621 379 451 288 116 156 
14 9 376 246 621 380 451 288 116 156 
14 9 376 246 621 381 451 288 116 156 
14 9 376 246 621 382 451 288 116 156 
14 9 376 246 621 383 451 288 116 156 
14 9 376 246 621 384 451 288 116 156 
14 9 376 246 621 385 451 288 116 156 
14 9 376 246 621 386 451 288 116 156 
14 9 376 246 621 387 451 288 116 156 
14 9 376 246 621 388 451 288 116 156 
14 9 376 246 621 389 451 285 116 159 
14 9 376 246 621 390 451 285 116 159 
14 9 376 246 621 391 451 285 116 159 
14 9 376 246 621 392 451 285 116 159 
14 9 376 246 621 393 449 285 122 159 
14 9 376 246 621 394 449 285 122 159 
14 9 376 246 621 395 449 285 122 159 
14 9 376 246 621 396 449 285 122 159 
14 9 376 246 621 397 449 285 122 159 
14 9 376 246 621 398 449 285 122 159 
14 9 376 246 621 399 449 285 122 159 
14 9 376 246 621 400 449 281 122 163 
14 9 376 246 621 401 449 281 122 163 
14 9 376 246 621 402 449 281 122 163 
14 9 376 246 621 403 449 281 122 163 
14 9 376 246 621 404 449 281 122 163 
14 9 376 246 621 405 449 281 122 163 
14 9 376 246 621 406 449 281 122 163 
14 9 376 246 621 407 449 281 122 163 
14 9 376 246 621 408 449 281 122 163 
14 9 376 246 621 409 449 281 122 163 
14 9 376 246 621 410 449 281 122 163 
14 9 376 246 621 411 448 281 128 163 
14 9 376 246 621 412 448 281 128 163 
14 9 376 246 621 413 448 281 128 163 
14 9 376 246 621 414 448 281 128 163 
14 9 376 246 621 415 448 281 128 163 
14 9 376 246 621 416 448 281 128 163 
14 9 376 246 621 417 448 281 128 163 
14 9 376 246 621 418 448 281 128 163 
14 9 376 246 621 419 448 281 128 163 
14 9 376 246 621 420 448 281 128 163 
14 9 376 246 621 421 448 281 128 163 
14 9 376 246 621 422 448 281 128 163 
14 9 376 246 621 423 448 281 128 163 
14 9 376 246 621 424 448 281 128 163 
14 9 376 246 621 425 448 281 128 163 
14 9 376 246 621 426 448 281 128 163 
14 9 376 246 621 427 448 281 128 163 
14 9 376 246 621 428 448 281 128 163 
14 9 376 246 621 429 448 281 128 163 
14 9 376 246 621 430 448 281 128 163 
14 9 376 246 621 431 448 281 128 163 
14 9 376 246 621 432 448 281 128 163 
14 9 376 246 621 433 448 281 128 163 
14 9 376 246 621 434 448 281 128 163 
14 9 376 246 621 435 448 281 128 163 
14 9 376 246 621 436 448 281 128 163 
14 9 376 246 621 437 448 281 128 163 
14 9 376 246 621 438 448 281 128 163 
14 9 376 246 621 439 448 281 128 163 
14 9 376 246 621 440 448 281 128 163 
14 9 376 246 621 441 448 281 128 163 
14 9 376 246 621 442 448 281 128 163 
14 9 376 246 621 443 448 281 128 163 
14 9 376 246 621 444 448 281 128 163 
14 9 376 246 621 445 448 281 128 163 
14 9 376 246 621 446 448 281 128 163 
14 9 376 246 621 447 448 281 128 163 
14 9 376 246 621 448 448 281 128 163 
14 9 376 246 621 449 448 281 128 163 
14 9 376 246 621 450 448 281 128 163 
14 9 376 246 621 451 448 281 128 163 
14 9 376 246 621 452 448 281 128 163 
14 9 376 246 621 453 448 281 128 163 
14 9 376 246 621 454 448 281 128 163 
14 9 376 246 621 455 448 281 128 163 
14 9 376 246 621 456 448 281 128 163 
14 9 376 246 621 457 448 281 128 163 
14 9 376 246 621 458 448 281 128 163 
14 9 376 246 621 459 448 281 128 163 
14 9 376 246 621 460 448 281 128 163 
14 9 376 246 621 461 448 281 128 163 
14 9 376 246 621 462 448 281 128 163 
14 9 376 246 621 463 448 281 128 163 
14 9 376 246 621 464 448 281 128 163 
14 9 376 246 621 465 448 281 128 163 
14 9 376 246 621 466 448 281 128 163 
14 9 376 246 621 467 448 281 128 163 
14 9 376 246 621 468 448 281 128 163 
14 9 376 246 621 469 448 281 128 163 
14 9 376 246 621 470 448 281 128 163 
14 9 376 246 621 471 448 281 128 163 
14 9 376 246 621 472 448 281 128 163 
14 9 376 246 621 473 448 281 128 163 
14 9 376 246 621 474 448 281 128 163 
14 9 376 246 621 475 448 281 128 163 
14 9 376 246 621 476 448 281 128 163 
14 9 376 246 621 477 448 281 128 163 
14 9 376 246 621 478 448 281 128 163 
14 9 376 246 621 479 448 281 128 163 
14 9 376 246 621 480 448 281 128 163 
14 9 376 246 621 481 448 281 128 163 
14 9 376 246 621 482 448 281 128 163 
14 9 376 246 621 483 448 281 128 163 
14 9 376 246 621 484 448 281 128 163 
14 9 376 246 621 485 448 281 128 163 
14 9 376 246 621 486 448 281 128 163 
14 9 376 246 621 487 448 281 128 163 
14 9 376 246 621 488 448 281 128 163 
14 9 376 246 621 489 448 281 128 163 
14 9 376 246 621 490 448 281 128 163 
14 9 376 246 621 491 448 281 128 163 
14 9 376 246 621 492 448 281 128 163 
14 9 376 246 621 493 448 281 128 163 
14 9 376 246 621 494 448 281 128 163 
14 9 376 246 621 495 448 281 128 163 
14 9 376 246 621 496 448 281 128 163 
14 9 376 246 621 497 448 281 128 163 
14 9 376 246 621 498 448 281 128 163 
14 9 376 246 621 499 448 281 128 163 
14 9 376 246 621 500 448 281 128 163 
14 9 376 246 621 501 448 281 128 163 
14 9 376 246 621 502 448 281 128 163 
14 9 376 246 621 503 448 281 128 163 
14 9 376 246 621 504 448 281 128 163 
14 9 376 246 621 505 448 281 128 163 
14 9 376 246 621 506 448 281 128 163 
14 9 376 246 621 507 448 281 128 163 
14 9 376 246 621 508 448 281 128 163 
14 9 376 246 621 509 448 281 128 163 
14 9 376 246 621 510 448 281 128 163 
14 9 376 246 621 511 448 281 128 163 
14 9 376 246 621 512 448 281 128 163 
14 9 376 246 621 513 448 281 128 163 
14 9 376 246 621 514 448 281 128 163 
14 9 376 246 621 515 448 281 128 163 
14 9 376 246 621 516 448 281 128 163 
14 9 376 246 621 517 448 281 128 163 
14 9 376 246 621 518 448 281 128 163 
14 9 376 246 621 519 448 281 128 163 
14 9 376 246 621 520 448 281 128 163 
14 9 376 246 621 521 448 281 128 163 
14 9 376 246 621 522 448 281 128 163 
14 9 376 246 621 523 448 281 128 163 
14 9 376 246 621 524 448 281 128 163 
14 9 376 246 621 525 448 281 128 163 
14 9 376 246 621 526 448 281 128 163 
14 9 376 246 621 527 448 281 128 163 
14 9 376 246 621 528 448 281 128 163 
14 9 376 246 621 529 448 281 128 163 
14 9 376 246 621 530 448 281 128 163 
14 9 376 246 621 531 448 281 128 163 
14 9 376 246 621 532 448 281 128 163 
14 9 376 246 621 533 448 281 128 163 
14 9 376 246 621 534 448 281 128 163 
14 9 376 246 621 535 448 281 128 163 
14 9 376 246 621 536 448 281 128 163 
14 9 376 246 621 537 448 281 128 163 
14 9 376 246 621 538 448 281 128 163 
14 9 376 246 621 539 448 281 128 163 
14 9 376 246 621 540 448 281 128 163 
14 9 376 246 621 541 448 281 128 163 
14 9 376 246 621 542 448 281 128 163 
14 9 376 246 621 543 448 281 128 163 
14 9 376 246 621 544 448 281 128 163 
14 9 376 246 621 545 448 281 128 163 
14 9 376 246 621 546 448 281 128 163 
14 9 376 246 621 547 448 281 128 163 
14 9 376 246 621 548 448 281 128 163 
14 9 376 246 621 549 448 281 128 163 
14 9 376 246 621 550 448 281 128 163 
14 9 376 246 621 551 448 281 128 163 
14 9 376 246 621 552 448 281 128 163 
14 9 376 246 621 553 448 281 128 163 
14 9 376 246 621 554 448 281 128 163 
14 9 376 246 621 555 448 281 128 163 
14 9 376 246 621 556 448 281 128 163 
14 9 376 246 621 557 448 281 128 163 
14 9 376 246 621 558 448 281 128 163 
14 9 376 246 621 559 448 281 128 163 
14 9 376 246 621 560 448 281 128 163 
14 9 376 246 621 561 448 281 128 163 
14 9 376 246 621 562 448 281 128 163 
14 9 376 246 621 563 448 281 128 163 
14 9 376 246 621 564 448 281 128 163 
14 9 376 246 621 565 448 281 128 163 
14 9 376 246 621 566 448 281 128 163 
14 9 376 246 621 567 448 281 128 163 
14 9 376 246 621 568 448 281 128 163 
14 9 376 246 621 569 448 281 128 163 
14 9 376 246 621 570 448 281 128 163 
14 9 376 246 621 571 448 281 128 163 
14 9 376 246 621 572 448 281 128 163 
14 9 376 246 621 573 448 281 128 163 
14 9 376 246 621 574 448 281 128 163 
14 9 376 246 621 575 448 281 128 163 
14 9 376 246 621 576 448 281 128 163 
14 9 376 246 621 577 448 281 128 163 
14 9 376 246 621 578 448 281 128 163 
14 9 376 246 621 579 448 281 128 163 
14 9 376 246 621 580 448 281 128 163 
14 9 376 246 621 581 448 281 128 163 
14 9 376 246 621 582 448 281 128 163 
14 9 376 246 621 583 448 281 128 163 
14 9 376 246 621 584 448 281 128 163 
14 9 376 246 621 585 448 281 128 163 
14 9 376 246 621 586 448 281 128 163 
14 9 376 246 621 587 448 281 128 163 
14 9 376 246 621 588 448 281 128 163 
14 9 376 246 621 589 448 281 128 163 
14 9 376 246 621 590 448 281 128 163 
14 9 376 246 621 591 448 281 128 163 
14 9 376 246 621 592 448 281 128 163 
14 9 376 246 621 593 448 281 128 163 
14 9 376 246 621 594 448 281 128 163 
14 9 376 246 621 595 448 281 128 163 
14 9 376 246 621 596 448 281 128 163 
14 9 376 246 621 597 448 281 128 163 
14 9 376 246 621 598 448 281 128 163 
14 9 376 246 621 599 448 281 128 163 
14 9 376 246 621 600 448 281 128 163 
14 9 376 246 621 601 448 281 128 163 
14 9 376 246 621 602 448 281 128 163 
14 9 376 246 621 603 448 281 128 163 
14 9 376 246 621 604 448 281 128 163 
14 9 376 246 621 605 448 281 128 163 
14 9 376 246 621 606 448 281 128 163 
14 9 376 246 621 607 448 281 128 163 
14 9 376 246 621 608 448 281 128 163 
14 9 376 246 621 609 448 281 128 163 
14 9 376 246 621 610 448 281 128 163 
14 9 376 246 621 611 448 281 128 163 
14 9 376 246 621 612 448 281 128 163 
14 9 376 246 621 613 448 281 128 163 
14 9 376 246 621 614 448 281 128 163 
14 9 376 246 621 615 448 281 128 163 
14 9 376 246 621 616 448 281 128 163 
14 9 376 246 621 617 448 281 128 163 
14 9 376 246 621 618 448 281 128 163 
14 9 376 246 621 619 448 281 128 163 
14 9 376 246 621 620 448 281 128 163 
14 9 376 246 621 621 448 281 128 163 
15 6 120 390 509 390 1003 209 149 118 
15 6 120 390 509 391 1003 209 149 118 
15 6 120 390 509 392 1003 209 149 118 
15 6 120 390 509 393 1003 209 149 118 
15 6 120 390 509 394 1003 209 149 118 
15 6 120 390 509 395 1003 209 149 118 
15 6 120 390 509 396 1003 209 149 118 
15 6 120 390 509 397 1003 209 149 118 
15 6 120 390 509 398 1003 209 149 118 
15 6 120 390 509 399 1003 209 149 118 
15 6 120 390 509 400 1003 209 149 118 
15 6 120 390 509 401 1003 209 149 118 
15 6 120 390 509 402 1003 209 149 118 
15 6 120 390 509 403 1003 209 149 118 
15 6 120 390 509 404 1003 209 149 118 
15 6 120 390 509 405 1003 209 149 118 
15 6 120 390 509 406 1003 209 149 118 
15 6 120 390 509 407 1003 209 149 118 
15 6 120 390 509 408 1003 209 149 118 
15 6 120 390 509 409 1003 209 149 118 
15 6 120 390 509 410 1003 209 149 118 
15 6 120 390 509 411 1003 209 149 118 
15 6 120 390 509 412 1003 209 149 118 
15 6 120 390 509 413 1003 209 149 118 
15 6 120 390 509 414 1003 209 149 118 
15 6 120 390 509 415 1003 209 149 118 
15 6 120 390 509 416 1003 209 149 118 
15 6 120 390 509 417 1003 209 149 118 
15 6 120 390 509 418 1003 209 149 118 
15 6 120 390 509 419 1003 209 149 118 
15 6 120 390 509 420 1003 209 149 118 
15 6 120 390 509 421 1003 209 149 118 
15 6 120 390 509 422 1003 209 149 118 
15 6 120 390 509 423 1003 209 149 118 
15 6 120 390 509 424 1003 209 149 118 
15 6 120 390 509 425 1003 209 149 118 
15 6 120 390 509 426 1003 209 149 118 
15 6 120 390 509 427 1003 209 149 118 
15 6 120 390 509 428 1003 209 149 118 
15 6 120 390 509 429 1003 209 149 118 
15 6 120 390 509 430 1003 209 149 118 
15 6 120 390 509 431 1003 209 149 118 
15 6 120 390 509 432 1003 209 149 118 
15 6 120 390 509 433 1003 209 149 118 
15 6 120 390 509 434 1003 209 149 118 
15 6 120 390 509 435 1003 209 149 118 
15 6 120 390 509 436 1003 209 149 118 
15 6 120 390 509 437 1003 209 149 118 
15 6 120 390 509 438 1003 209 149 118 
15 6 120 390 509 439 1003 209 149 118 
15 6 120 390 509 440 1003 209 149 118 
15 6 120 390 509 441 1003 209 149 118 
15 6 120 390 509 442 1003 209 149 118 
15 6 120 390 509 443 1003 209 149 118 
15 6 120 390 509 444 1003 209 149 118 
15 6 120 390 509 445 1003 209 149 118 
15 6 120 390 509 446 1003 209 149 118 
15 6 120 390 509 447 1003 209 149 118 
15 6 120 390 509 448 1003 209 149 118 
15 6 120 390 509 449 1003 209 149 118 
15 6 120 390 509 450 1003 209 149 118 
15 6 120 390 509 451 1003 209 149 118 
15 6 120 390 509 452 1003 209 149 118 
15 6 120 390 509 453 1003 209 149 118 
15 6 120 390 509 454 1003 209 149 118 
15 6 120 390 509 455 1003 209 149 118 
15 6 120 390 509 456 1003 209 149 118 
15 6 120 390 509 457 1003 209 149 118 
15 6 120 390 509 458 1003 209 149 118 
15 6 120 390 509 459 1003 209 149 118 
15 6 120 390 509 460 1003 209 149 118 
15 6 120 390 509 461 1003 209 149 118 
15 6 120 390 509 462 1003 209 149 118 
15 6 120 390 509 463 1003 209 149 118 
15 6 120 390 509 464 1003 209 149 118 
15 6 120 390 509 465 1003 209 149 118 
15 6 120 390 509 466 1003 209 149 118 
15 6 120 390 509 467 1003 209 149 118 
15 6 120 390 509 468 1003 209 149 118 
15 6 120 390 509 469 1003 209 149 118 
15 6 120 390 509 470 1003 209 149 118 
15 6 120 390 509 471 1003 209 149 118 
15 6 120 390 509 472 1003 209 149 118 
15 6 120 390 509 473 1003 209 149 118 
15 6 120 390 509 474 1003 209 149 118 
15 6 120 390 509 475 1003 209 149 118 
15 6 120 390 509 476 1003 209 149 118 
15 6 120 390 509 477 1003 209 149 118 
15 6 120 390 509 478 1003 209 149 118 
15 6 120 390 509 479 1003 209 149 118 
15 6 120 390 509 480 1003 209 149 118 
15 6 120 390 509 481 1003 209 149 118 
15 6 120 390 509 482 1003 209 149 118 
15 6 120 390 509 483 1003 209 149 118 
15 6 120 390 509 484 1003 209 149 118 
15 6 120 390 509 485 1003 209 149 118 
15 6 120 390 509 486 1003 209 149 118 
15 6 120 390 509 487 1003 209 149 118 
15 6 120 390 509 488 1003 209 149 118 
15 6 120 390 509 489 1003 209 149 118 
15 6 120 390 509 490 1003 209 149 118 
15 6 120 390 509 491 1003 209 149 118 
15 6 120 390 509 492 1003 209 149 118 
15 6 120 390 509 493 1003 209 149 118 
15 6 120 390 509 494 1003 209 149 118 
15 6 120 390 509 495 1003 209 149 118 
15 6 120 390 509 496 1003 209 149 118 
15 6 120 390 509 497 1003 209 149 118 
15 6 120 390 509 498 1003 209 149 118 
15 6 120 390 509 499 1003 209 149 118 
15 6 120 390 509 500 1003 209 149 118 
15 6 120 390 509 501 1003 209 149 118 
15 6 120 390 509 502 1003 209 149 118 
15 6 120 390 509 503 1003 209 149 118 
15 6 120 390 509 504 1003 209 149 118 
15 6 120 390 509 505 1003 209 149 118 
15 6 120 390 509 506 1003 209 149 118 
15 6 120 390 509 507 1003 209 149 118 
15 6 120 390 509 508 1003 209 149 118 
15 6 120 390 509 509 1003 209 149 118 
16 3 84 630 713 630 1038 246 134 141 
16 3 84 630 713 631 1038 246 134 141 
16 3 84 630 713 632 1038 246 134 141 
16 3 84 630 713 633 1038 246 134 141 
16 3 84 630 713 634 1038 246 134 141 
16 3 84 630 713 635 1038 246 134 141 
16 3 84 630 713 636 1038 246 134 141 
16 3 84 630 713 637 1038 246 134 141 
16 3 84 630 713 638 1038 246 134 141 
16 3 84 630 713 639 1038 246 134 141 
16 3 84 630 713 640 1038 246 134 141 
16 3 84 630 713 641 1038 246 134 141 
16 3 84 630 713 642 1038 246 134 141 
16 3 84 630 713 643 1038 246 134 141 
16 3 84 630 713 644 1038 246 134 141 
16 3 84 630 713 645 1038 246 134 141 
16 3 84 630 713 646 1038 246 134 141 
16 3 84 630 713 647 1038 246 134 141 
16 3 84 630 713 648 1038 246 134 141 
16 3 84 630 713 649 1038 246 134 141 
16 3 84 630 713 650 1038 246 134 141 
16 3 84 630 713 651 1038 246 134 141 
16 3 84 630 713 652 1038 246 134 141 
16 3 84 630 713 653 1038 246 134 141 
16 3 84 630 713 654 1038 246 134 141 
16 3 84 630 713 655 1038 246 134 141 
16 3 84 630 713 656 1038 246 134 141 
16 3 84 630 713 657 1038 246 134 141 
16 3 84 630 713 658 1038 246 134 141 
16 3 84 630 713 659 1038 246 134 141 
16 3 84 630 713 660 1038 246 134 141 
16 3 84 630 713 661 1038 246 134 141 
16 3 84 630 713 662 1038 246 134 141 
16 3 84 630 713 663 1038 246 134 141 
16 3 84 630 713 664 1038 246 134 141 
16 3 84 630 713 665 1038 246 134 141 
16 3 84 630 713 666 1038 246 134 141 
16 3 84 630 713 667 1038 246 134 141 
16 3 84 630 713 668 1038 246 134 141 
16 3 84 630 713 669 1038 246 134 141 
16 3 84 630 713 670 1038 246 134 141 
16 3 84 630 713 671 1038 246 134 141 
16 3 84 630 713 672 1038 246 134 141 
16 3 84 630 713 673 1038 246 134 141 
16 3 84 630 713 674 1038 246 134 141 
16 3 84 630 713 675 1038 246 134 141 
16 3 84 630 713 676 1038 246 134 141 
16 3 84 630 713 677 1038 246 134 141 
16 3 84 630 713 678 1038 246 134 141 
16 3 84 630 713 679 1038 246 134 141 
16 3 84 630 713 680 1038 246 134 141 
16 3 84 630 713 681 1038 246 134 141 
16 3 84 630 713 682 1038 246 134 141 
16 3 84 630 713 683 1038 246 134 141 
16 3 84 630 713 684 1038 246 134 141 
16 3 84 630 713 685 1038 246 134 141 
16 3 84 630 713 686 1038 246 134 141 
16 3 84 630 713 687 1038 246 134 141 
16 3 84 630 713 688 1038 246 134 141 
16 3 84 630 713 689 1038 246 134 141 
16 3 84 630 713 690 1038 246 134 141 
16 3 84 630 713 691 1038 246 134 141 
16 3 84 630 713 692 1038 246 134 141 
16 3 84 630 713 693 1038 246 134 141 
16 3 84 630 713 694 1038 246 134 141 
16 3 84 630 713 695 1038 246 134 141 
16 3 84 630 713 696 1038 246 134 141 
16 3 84 630 713 697 1038 246 134 141 
16 3 84 630 713 698 1038 246 134 141 
16 3 84 630 713 699 1038 246 134 141 
16 3 84 630 713 700 1038 246 134 141 
16 3 84 630 713 701 1038 246 134 141 
16 3 84 630 713 702 1038 246 134 141 
16 3 84 630 713 703 1038 246 134 141 
16 3 84 630 713 704 1038 246 134 141 
16 3 84 630 713 705 1038 246 134 141 
16 3 84 630 713 706 1038 246 134 141 
16 3 84 630 713 707 1038 246 134 141 
16 3 84 630 713 708 1038 246 134 141 
16 3 84 630 713 709 1038 246 134 141 
16 3 84 630 713 710 1038 246 134 141 
16 3 84 630 713 711 1038 246 134 141 
16 3 84 630 713 712 1038 246 134 141 
16 3 84 630 713 713 1038 246 134 141 
17 2 94 786 879 786 1019 249 173 143 
17 2 94 786 879 787 1019 249 173 143 
17 2 94 786 879 788 1019 249 173 143 
17 2 94 786 879 789 1019 249 173 143 
17 2 94 786 879 790 1019 249 173 143 
17 2 94 786 879 791 1019 249 173 143 
17 2 94 786 879 792 1019 249 173 143 
17 2 94 786 879 793 1019 249 173 143 
17 2 94 786 879 794 1019 249 173 143 
17 2 94 786 879 795 1019 249 173 143 
17 2 94 786 879 796 1019 249 173 143 
17 2 94 786 879 797 1019 249 173 143 
17 2 94 786 879 798 1019 249 173 143 
17 2 94 786 879 799 1019 249 173 143 
17 2 94 786 879 800 1019 249 173 143 
17 2 94 786 879 801 1019 249 173 143 
17 2 94 786 879 802 1019 249 173 143 
17 2 94 786 879 803 1019 249 173 143 
17 2 94 786 879 804 1019 249 173 143 
17 2 94 786 879 805 1019 249 173 143 
17 2 94 786 879 806 1019 249 173 143 
17 2 94 786 879 807 1019 249 173 143 
17 2 94 786 879 808 1019 249 173 143 
17 2 94 786 879 809 1019 249 173 143 
17 2 94 786 879 810 1019 249 173 143 
17 2 94 786 879 811 1019 249 173 143 
17 2 94 786 879 812 1019 249 173 143 
17 2 94 786 879 813 1019 249 173 143 
17 2 94 786 879 814 1019 249 173 143 
17 2 94 786 879 815 1019 249 173 143 
17 2 94 786 879 816 1019 249 173 143 
17 2 94 786 879 817 1019 249 173 143 
17 2 94 786 879 818 1019 249 173 143 
17 2 94 786 879 819 1019 249 173 143 
17 2 94 786 879 820 1019 249 173 143 
17 2 94 786 879 821 1019 249 173 143 
17 2 94 786 879 822 1019 249 173 143 
17 2 94 786 879 823 1019 249 173 143 
17 2 94 786 879 824 1019 249 173 143 
17 2 94 786 879 825 1019 249 173 143 
17 2 94 786 879 826 1019 249 173 143 
17 2 94 786 879 827 1019 249 173 143 
17 2 94 786 879 828 1019 249 173 143 
17 2 94 786 879 829 1019 249 173 143 
17 2 94 786 879 830 1019 249 173 143 
17 2 94 786 879 831 1019 249 173 143 
17 2 94 786 879 832 1019 249 173 143 
17 2 94 786 879 833 1019 249 173 143 
17 2 94 786 879 834 1019 249 173 143 
17 2 94 786 879 835 1019 249 173 143 
17 2 94 786 879 836 1019 249 173 143 
17 2 94 786 879 837 1019 249 173 143 
17 2 94 786 879 838 1019 249 173 143 
17 2 94 786 879 839 1019 249 173 143 
17 2 94 786 879 840 1019 249 173 143 
17 2 94 786 879 841 1019 249 173 143 
17 2 94 786 879 842 1019 249 173 143 
17 2 94 786 879 843 1019 249 173 143 
17 2 94 786 879 844 1019 249 173 143 
17 2 94 786 879 845 1019 249 173 143 
17 2 94 786 879 846 1019 249 173 143 
17 2 94 786 879 847 1019 249 173 143 
17 2 94 786 879 848 1019 249 173 143 
17 2 94 786 879 849 1019 249 173 143 
17 2 94 786 879 850 1019 249 173 143 
17 2 94 786 879 851 1019 249 173 143 
17 2 94 786 879 852 1019 249 173 143 
17 2 94 786 879 853 1019 249 173 143 
17 2 94 786 879 854 1019 249 173 143 
17 2 94 786 879 855 1019 249 173 143 
17 2 94 786 879 856 1019 249 173 143 
17 2 94 786 879 857 1019 249 173 143 
17 2 94 786 879 858 1019 249 173 143 
17 2 94 786 879 859 1019 249 173 143 
17 2 94 786 879 860 1019 249 173 143 
17 2 94 786 879 861 1019 249 173 143 
17 2 94 786 879 862 1019 249 173 143 
17 2 94 786 879 863 1019 249 173 143 
17 2 94 786 879 864 1019 249 173 143 
17 2 94 786 879 865 1019 249 173 143 
17 2 94 786 879 866 1019 249 173 143 
17 2 94 786 879 867 1019 249 173 143 
17 2 94 786 879 868 1019 249 173 143 
17 2 94 786 879 869 1019 249 173 143 
17 2 94 786 879 870 1019 249 173 143 
17 2 94 786 879 871 1019 249 173 143 
17 2 94 786 879 872 1019 249 173 143 
17 2 94 786 879 873 1019 249 173 143 
17 2 94 786 879 874 1019 249 173 143 
17 2 94 786 879 875 1019 249 173 143 
17 2 94 786 879 876 1019 249 173 143 
17 2 94 786 879 877 1019 249 173 143 
17 2 94 786 879 878 1019 249 173 143 
17 2 94 786 879 879 1019 249 173 143 
18 4 70 934 1003 934 1043 249 135 135 
18 4 70 934 1003 935 1043 249 135 135 
18 4 70 934 1003 936 1043 249 135 135 
18 4 70 934 1003 937 1043 249 135 135 
18 4 70 934 1003 938 1043 249 135 135 
18 4 70 934 1003 939 1043 249 135 135 
18 4 70 934 1003 940 1043 249 135 135 
18 4 70 934 1003 941 1043 249 135 135 
18 4 70 934 1003 942 1043 249 135 135 
18 4 70 934 1003 943 1043 249 135 135 
18 4 70 934 1003 944 1043 249 135 135 
18 4 70 934 1003 945 1043 249 135 135 
18 4 70 934 1003 946 1043 249 135 135 
18 4 70 934 1003 947 1043 249 135 135 
18 4 70 934 1003 948 1043 249 135 135 
18 4 70 934 1003 949 1043 249 135 135 
18 4 70 934 1003 950 1043 249 135 135 
18 4 70 934 1003 951 1043 249 135 135 
18 4 70 934 1003 952 1043 249 135 135 
18 4 70 934 1003 953 1043 249 135 135 
18 4 70 934 1003 954 1043 249 135 135 
18 4 70 934 1003 955 1043 249 135 135 
18 4 70 934 1003 956 1043 249 135 135 
18 4 70 934 1003 957 1043 249 135 135 
18 4 70 934 1003 958 1043 249 135 135 
18 4 70 934 1003 959 1043 249 135 135 
18 4 70 934 1003 960 1043 249 135 135 
18 4 70 934 1003 961 1043 249 135 135 
18 4 70 934 1003 962 1043 249 135 135 
18 4 70 934 1003 963 1043 249 135 135 
18 4 70 934 1003 964 1043 249 135 135 
18 4 70 934 1003 965 1043 249 135 135 
18 4 70 934 1003 966 1043 249 135 135 
18 4 70 934 1003 967 1043 249 135 135 
18 4 70 934 1003 968 1043 249 135 135 
18 4 70 934 1003 969 1043 249 135 135 
18 4 70 934 1003 970 1043 249 135 135 
18 4 70 934 1003 971 1043 249 135 135 
18 4 70 934 1003 972 1043 249 135 135 
18 4 70 934 1003 973 1043 249 135 135 
18 4 70 934 1003 974 1043 249 135 135 
18 4 70 934 1003 975 1043 249 135 135 
18 4 70 934 1003 976 1043 249 135 135 
18 4 70 934 1003 977 1043 249 135 135 
18 4 70 934 1003 978 1043 249 135 135 
18 4 70 934 1003 979 1043 249 135 135 
18 4 70 934 1003 980 1043 249 135 135 
18 4 70 934 1003 981 1043 249 135 135 
18 4 70 934 1003 982 1043 249 135 135 
18 4 70 934 1003 983 1043 249 135 135 
18 4 70 934 1003 984 1043 249 135 135 
18 4 70 934 1003 985 1043 249 135 135 
18 4 70 934 1003 986 1043 249 135 135 
18 4 70 934 1003 987 1043 249 135 135 
18 4 70 934 1003 988 1043 249 135 135 
18 4 70 934 1003 989 1043 249 135 135 
18 4 70 934 1003 990 1043 249 135 135 
18 4 70 934 1003 991 1043 249 135 135 
18 4 70 934 1003 992 1043 249 135 135 
18 4 70 934 1003 993 1043 249 135 135 
18 4 70 934 1003 994 1043 249 135 135 
18 4 70 934 1003 995 1043 249 135 135 
18 4 70 934 1003 996 1043 249 135 135 
18 4 70 934 1003 997 1043 249 135 135 
18 4 70 934 1003 998 1043 249 135 135 
18 4 70 934 1003 999 1043 249 135 135 
18 4 70 934 1003 1000 1043 249 135 135 
18 4 70 934 1003 1001 1043 249 135 135 
18 4 70 934 1003 1002 1043 249 135 135 
18 4 70 934 1003 1003 1043 249 135 135 
