23 3 51 1025 1075 1025 995 430 77 70 
23 3 51 1025 1075 1026 995 430 77 70 
23 3 51 1025 1075 1027 995 430 77 70 
23 3 51 1025 1075 1028 995 430 77 70 
23 3 51 1025 1075 1029 995 430 77 70 
23 3 51 1025 1075 1030 995 430 77 70 
23 3 51 1025 1075 1031 995 430 77 70 
23 3 51 1025 1075 1032 995 430 77 70 
23 3 51 1025 1075 1033 995 430 77 70 
23 3 51 1025 1075 1034 995 430 77 70 
23 3 51 1025 1075 1035 995 430 77 70 
23 3 51 1025 1075 1036 995 430 77 70 
23 3 51 1025 1075 1037 995 430 77 70 
23 3 51 1025 1075 1038 995 430 77 70 
23 3 51 1025 1075 1039 995 430 77 70 
23 3 51 1025 1075 1040 995 430 77 70 
23 3 51 1025 1075 1041 995 430 77 70 
23 3 51 1025 1075 1042 995 430 77 70 
23 3 51 1025 1075 1043 995 430 77 70 
23 3 51 1025 1075 1044 995 430 77 70 
23 3 51 1025 1075 1045 995 430 77 70 
23 3 51 1025 1075 1046 995 430 77 70 
23 3 51 1025 1075 1047 995 430 77 70 
23 3 51 1025 1075 1048 995 430 77 70 
23 3 51 1025 1075 1049 995 430 77 70 
23 3 51 1025 1075 1050 995 430 77 70 
23 3 51 1025 1075 1051 995 430 77 70 
23 3 51 1025 1075 1052 995 430 77 70 
23 3 51 1025 1075 1053 995 430 77 70 
23 3 51 1025 1075 1054 995 430 77 70 
23 3 51 1025 1075 1055 995 430 77 70 
23 3 51 1025 1075 1056 995 430 77 70 
23 3 51 1025 1075 1057 995 430 77 70 
23 3 51 1025 1075 1058 995 430 77 70 
23 3 51 1025 1075 1059 995 430 77 70 
23 3 51 1025 1075 1060 995 430 77 70 
23 3 51 1025 1075 1061 995 430 77 70 
23 3 51 1025 1075 1062 995 430 77 70 
23 3 51 1025 1075 1063 995 430 77 70 
23 3 51 1025 1075 1064 995 430 77 70 
23 3 51 1025 1075 1065 995 430 77 70 
23 3 51 1025 1075 1066 995 430 77 70 
23 3 51 1025 1075 1067 995 430 77 70 
23 3 51 1025 1075 1068 995 430 77 70 
23 3 51 1025 1075 1069 995 430 77 70 
23 3 51 1025 1075 1070 995 430 77 70 
23 3 51 1025 1075 1071 995 430 77 70 
23 3 51 1025 1075 1072 995 430 77 70 
23 3 51 1025 1075 1073 995 430 77 70 
23 3 51 1025 1075 1074 995 430 77 70 
23 3 51 1025 1075 1075 995 430 77 70 
24 4 47 1573 1619 1573 975 409 85 114 
24 4 47 1573 1619 1574 975 409 85 114 
24 4 47 1573 1619 1575 975 409 85 114 
24 4 47 1573 1619 1576 975 409 85 114 
24 4 47 1573 1619 1577 975 409 85 114 
24 4 47 1573 1619 1578 975 409 85 114 
24 4 47 1573 1619 1579 975 409 85 114 
24 4 47 1573 1619 1580 975 409 85 114 
24 4 47 1573 1619 1581 975 409 85 114 
24 4 47 1573 1619 1582 975 409 85 114 
24 4 47 1573 1619 1583 975 409 85 114 
24 4 47 1573 1619 1584 975 409 85 114 
24 4 47 1573 1619 1585 975 409 85 114 
24 4 47 1573 1619 1586 975 409 85 114 
24 4 47 1573 1619 1587 975 409 85 114 
24 4 47 1573 1619 1588 975 409 85 114 
24 4 47 1573 1619 1589 975 409 85 114 
24 4 47 1573 1619 1590 975 409 85 114 
24 4 47 1573 1619 1591 975 409 85 114 
24 4 47 1573 1619 1592 975 409 85 114 
24 4 47 1573 1619 1593 975 409 85 114 
24 4 47 1573 1619 1594 975 409 85 114 
24 4 47 1573 1619 1595 975 409 85 114 
24 4 47 1573 1619 1596 975 409 85 114 
24 4 47 1573 1619 1597 975 409 85 114 
24 4 47 1573 1619 1598 975 409 85 114 
24 4 47 1573 1619 1599 975 409 85 114 
24 4 47 1573 1619 1600 975 409 85 114 
24 4 47 1573 1619 1601 975 409 85 114 
24 4 47 1573 1619 1602 975 409 85 114 
24 4 47 1573 1619 1603 975 409 85 114 
24 4 47 1573 1619 1604 975 409 85 114 
24 4 47 1573 1619 1605 975 409 85 114 
24 4 47 1573 1619 1606 975 409 85 114 
24 4 47 1573 1619 1607 975 409 85 114 
24 4 47 1573 1619 1608 975 409 85 114 
24 4 47 1573 1619 1609 975 409 85 114 
24 4 47 1573 1619 1610 975 409 85 114 
24 4 47 1573 1619 1611 975 409 85 114 
24 4 47 1573 1619 1612 975 409 85 114 
24 4 47 1573 1619 1613 975 409 85 114 
24 4 47 1573 1619 1614 975 409 85 114 
24 4 47 1573 1619 1615 975 409 85 114 
24 4 47 1573 1619 1616 975 409 85 114 
24 4 47 1573 1619 1617 975 409 85 114 
24 4 47 1573 1619 1618 975 409 85 114 
24 4 47 1573 1619 1619 975 409 85 114 
25 5 192 473 664 473 1009 448 194 126 
25 5 192 473 664 474 1009 448 194 126 
25 5 192 473 664 475 1009 448 194 126 
25 5 192 473 664 476 1009 448 194 126 
25 5 192 473 664 477 1009 448 194 126 
25 5 192 473 664 478 1009 448 194 126 
25 5 192 473 664 479 1009 448 194 126 
25 5 192 473 664 480 1009 448 194 126 
25 5 192 473 664 481 1009 448 194 126 
25 5 192 473 664 482 1009 448 194 126 
25 5 192 473 664 483 1009 448 194 126 
25 5 192 473 664 484 1009 448 194 126 
25 5 192 473 664 485 1009 448 194 126 
25 5 192 473 664 486 1009 448 194 126 
25 5 192 473 664 487 1009 448 194 126 
25 5 192 473 664 488 1009 448 194 126 
25 5 192 473 664 489 1009 448 194 126 
25 5 192 473 664 490 1009 448 194 126 
25 5 192 473 664 491 1009 448 194 126 
25 5 192 473 664 492 1009 448 194 126 
25 5 192 473 664 493 1009 448 194 126 
25 5 192 473 664 494 1009 448 194 126 
25 5 192 473 664 495 1009 448 194 126 
25 5 192 473 664 496 1009 448 194 126 
25 5 192 473 664 497 1009 448 194 126 
25 5 192 473 664 498 1009 448 194 126 
25 5 192 473 664 499 1009 448 194 126 
25 5 192 473 664 500 1009 448 194 126 
25 5 192 473 664 501 1009 448 194 126 
25 5 192 473 664 502 1009 448 194 126 
25 5 192 473 664 503 1009 448 194 126 
25 5 192 473 664 504 1009 448 194 126 
25 5 192 473 664 505 1009 448 194 126 
25 5 192 473 664 506 1009 448 194 126 
25 5 192 473 664 507 1009 448 194 126 
25 5 192 473 664 508 1009 448 194 126 
25 5 192 473 664 509 1009 448 194 126 
25 5 192 473 664 510 1009 448 194 126 
25 5 192 473 664 511 1009 448 194 126 
25 5 192 473 664 512 1009 448 194 126 
25 5 192 473 664 513 1009 448 194 126 
25 5 192 473 664 514 1009 448 194 126 
25 5 192 473 664 515 1009 448 194 126 
25 5 192 473 664 516 1009 448 194 126 
25 5 192 473 664 517 1009 448 194 126 
25 5 192 473 664 518 1009 448 194 126 
25 5 192 473 664 519 1009 448 194 126 
25 5 192 473 664 520 1009 448 194 126 
25 5 192 473 664 521 1009 448 194 126 
25 5 192 473 664 522 1009 448 194 126 
25 5 192 473 664 523 1009 448 194 126 
25 5 192 473 664 524 1009 448 194 126 
25 5 192 473 664 525 1009 448 194 126 
25 5 192 473 664 526 1009 448 194 126 
25 5 192 473 664 527 1009 448 194 126 
25 5 192 473 664 528 1009 448 194 126 
25 5 192 473 664 529 1009 448 194 126 
25 5 192 473 664 530 1009 448 194 126 
25 5 192 473 664 531 1009 448 194 126 
25 5 192 473 664 532 1009 448 194 126 
25 5 192 473 664 533 1009 448 194 126 
25 5 192 473 664 534 1009 448 194 126 
25 5 192 473 664 535 1009 448 194 126 
25 5 192 473 664 536 1009 448 194 126 
25 5 192 473 664 537 1009 448 194 126 
25 5 192 473 664 538 1009 448 194 126 
25 5 192 473 664 539 1009 448 194 126 
25 5 192 473 664 540 1009 448 194 126 
25 5 192 473 664 541 1009 448 194 126 
25 5 192 473 664 542 1009 448 194 126 
25 5 192 473 664 543 1009 448 194 126 
25 5 192 473 664 544 1009 448 194 126 
25 5 192 473 664 545 1009 448 194 126 
25 5 192 473 664 546 1009 448 194 126 
25 5 192 473 664 547 1009 448 194 126 
25 5 192 473 664 548 1009 448 194 126 
25 5 192 473 664 549 1009 448 194 126 
25 5 192 473 664 550 1009 448 194 126 
25 5 192 473 664 551 1009 448 194 126 
25 5 192 473 664 552 1009 448 194 126 
25 5 192 473 664 553 1009 448 194 126 
25 5 192 473 664 554 1009 448 194 126 
25 5 192 473 664 555 1009 448 194 126 
25 5 192 473 664 556 1009 448 194 126 
25 5 192 473 664 557 1009 448 194 126 
25 5 192 473 664 558 1009 448 194 126 
25 5 192 473 664 559 1009 448 194 126 
25 5 192 473 664 560 1009 448 194 126 
25 5 192 473 664 561 1009 448 194 126 
25 5 192 473 664 562 1009 448 194 126 
25 5 192 473 664 563 1009 448 194 126 
25 5 192 473 664 564 1009 448 194 126 
25 5 192 473 664 565 1009 448 194 126 
25 5 192 473 664 566 1009 448 194 126 
25 5 192 473 664 567 1009 448 194 126 
25 5 192 473 664 568 1009 448 194 126 
25 5 192 473 664 569 1009 448 194 126 
25 5 192 473 664 570 1009 448 194 126 
25 5 192 473 664 571 1009 448 194 126 
25 5 192 473 664 572 1009 448 194 126 
25 5 192 473 664 573 1009 448 194 126 
25 5 192 473 664 574 1009 448 194 126 
25 5 192 473 664 575 1009 448 194 126 
25 5 192 473 664 576 1009 448 194 126 
25 5 192 473 664 577 1009 448 194 126 
25 5 192 473 664 578 1009 448 194 126 
25 5 192 473 664 579 1009 448 194 126 
25 5 192 473 664 580 1009 448 194 126 
25 5 192 473 664 581 1009 448 194 126 
25 5 192 473 664 582 1009 448 194 126 
25 5 192 473 664 583 1009 448 194 126 
25 5 192 473 664 584 1009 448 194 126 
25 5 192 473 664 585 1009 448 194 126 
25 5 192 473 664 586 1009 448 194 126 
25 5 192 473 664 587 1009 448 194 126 
25 5 192 473 664 588 1009 448 194 126 
25 5 192 473 664 589 1009 448 194 126 
25 5 192 473 664 590 1009 448 194 126 
25 5 192 473 664 591 1009 448 194 126 
25 5 192 473 664 592 1009 448 194 126 
25 5 192 473 664 593 1009 448 194 126 
25 5 192 473 664 594 1009 448 194 126 
25 5 192 473 664 595 1009 448 194 126 
25 5 192 473 664 596 1009 448 194 126 
25 5 192 473 664 597 1009 448 194 126 
25 5 192 473 664 598 1009 448 194 126 
25 5 192 473 664 599 1009 448 194 126 
25 5 192 473 664 600 1009 448 194 126 
25 5 192 473 664 601 1009 448 194 126 
25 5 192 473 664 602 1009 448 194 126 
25 5 192 473 664 603 1009 448 194 126 
25 5 192 473 664 604 1009 448 194 126 
25 5 192 473 664 605 1009 448 194 126 
25 5 192 473 664 606 1009 448 194 126 
25 5 192 473 664 607 1009 448 194 126 
25 5 192 473 664 608 1009 448 194 126 
25 5 192 473 664 609 1009 448 194 126 
25 5 192 473 664 610 1009 448 194 126 
25 5 192 473 664 611 1009 448 194 126 
25 5 192 473 664 612 1009 448 194 126 
25 5 192 473 664 613 1009 448 194 126 
25 5 192 473 664 614 1009 448 194 126 
25 5 192 473 664 615 1009 448 194 126 
25 5 192 473 664 616 1009 448 194 126 
25 5 192 473 664 617 1009 448 194 126 
25 5 192 473 664 618 1009 448 194 126 
25 5 192 473 664 619 1009 448 194 126 
25 5 192 473 664 620 1009 448 194 126 
25 5 192 473 664 621 1009 448 194 126 
25 5 192 473 664 622 1009 448 194 126 
25 5 192 473 664 623 1009 448 194 126 
25 5 192 473 664 624 1009 448 194 126 
25 5 192 473 664 625 1009 448 194 126 
25 5 192 473 664 626 1009 448 194 126 
25 5 192 473 664 627 1009 448 194 126 
25 5 192 473 664 628 1009 448 194 126 
25 5 192 473 664 629 1009 448 194 126 
25 5 192 473 664 630 1009 448 194 126 
25 5 192 473 664 631 1009 448 194 126 
25 5 192 473 664 632 1009 448 194 126 
25 5 192 473 664 633 1009 448 194 126 
25 5 192 473 664 634 1009 448 194 126 
25 5 192 473 664 635 1009 448 194 126 
25 5 192 473 664 636 1009 448 194 126 
25 5 192 473 664 637 1009 448 194 126 
25 5 192 473 664 638 1009 448 194 126 
25 5 192 473 664 639 1009 448 194 126 
25 5 192 473 664 640 1009 448 194 126 
25 5 192 473 664 641 1009 448 194 126 
25 5 192 473 664 642 1009 448 194 126 
25 5 192 473 664 643 1009 448 194 126 
25 5 192 473 664 644 1009 448 194 126 
25 5 192 473 664 645 1009 448 194 126 
25 5 192 473 664 646 1009 448 194 126 
25 5 192 473 664 647 1009 448 194 126 
25 5 192 473 664 648 1009 448 194 126 
25 5 192 473 664 649 1009 448 194 126 
25 5 192 473 664 650 1009 448 194 126 
25 5 192 473 664 651 1009 448 194 126 
25 5 192 473 664 652 1009 448 194 126 
25 5 192 473 664 653 1009 448 194 126 
25 5 192 473 664 654 1009 448 194 126 
25 5 192 473 664 655 1009 448 194 126 
25 5 192 473 664 656 1009 448 194 126 
25 5 192 473 664 657 1009 448 194 126 
25 5 192 473 664 658 1009 448 194 126 
25 5 192 473 664 659 1009 448 194 126 
25 5 192 473 664 660 1009 448 194 126 
25 5 192 473 664 661 1009 448 194 126 
25 5 192 473 664 662 1009 448 194 126 
25 5 192 473 664 663 1009 448 194 126 
25 5 192 473 664 664 1009 448 194 126 
26 5 179 151 329 151 286 268 75 72 
26 5 179 151 329 152 286 268 75 72 
26 5 179 151 329 153 286 268 75 72 
26 5 179 151 329 154 286 268 75 72 
26 5 179 151 329 155 286 268 75 72 
26 5 179 151 329 156 286 268 75 72 
26 5 179 151 329 157 286 268 75 72 
26 5 179 151 329 158 286 268 75 72 
26 5 179 151 329 159 286 268 75 72 
26 5 179 151 329 160 286 268 75 72 
26 5 179 151 329 161 286 268 75 72 
26 5 179 151 329 162 286 268 75 72 
26 5 179 151 329 163 286 268 75 72 
26 5 179 151 329 164 286 268 75 72 
26 5 179 151 329 165 286 268 75 72 
26 5 179 151 329 166 286 268 75 72 
26 5 179 151 329 167 286 268 75 72 
26 5 179 151 329 168 286 268 75 72 
26 5 179 151 329 169 286 268 75 72 
26 5 179 151 329 170 286 268 75 72 
26 5 179 151 329 171 286 268 75 72 
26 5 179 151 329 172 286 268 75 72 
26 5 179 151 329 173 286 268 75 72 
26 5 179 151 329 174 286 268 75 72 
26 5 179 151 329 175 286 268 75 72 
26 5 179 151 329 176 286 268 75 72 
26 5 179 151 329 177 286 268 75 72 
26 5 179 151 329 178 286 268 75 72 
26 5 179 151 329 179 286 268 75 72 
26 5 179 151 329 180 286 268 75 72 
26 5 179 151 329 181 286 268 75 72 
26 5 179 151 329 182 286 268 75 72 
26 5 179 151 329 183 286 268 75 72 
26 5 179 151 329 184 286 268 75 72 
26 5 179 151 329 185 286 268 75 72 
26 5 179 151 329 186 286 268 75 72 
26 5 179 151 329 187 286 268 75 72 
26 5 179 151 329 188 286 268 75 72 
26 5 179 151 329 189 286 268 75 72 
26 5 179 151 329 190 286 268 75 72 
26 5 179 151 329 191 286 268 75 72 
26 5 179 151 329 192 286 268 75 72 
26 5 179 151 329 193 286 268 75 72 
26 5 179 151 329 194 286 268 75 72 
26 5 179 151 329 195 286 268 75 72 
26 5 179 151 329 196 286 268 75 72 
26 5 179 151 329 197 286 268 75 72 
26 5 179 151 329 198 286 268 75 72 
26 5 179 151 329 199 286 268 75 72 
26 5 179 151 329 200 286 268 75 72 
26 5 179 151 329 201 286 268 75 72 
26 5 179 151 329 202 286 268 75 72 
26 5 179 151 329 203 286 268 75 72 
26 5 179 151 329 204 286 268 75 72 
26 5 179 151 329 205 286 268 75 72 
26 5 179 151 329 206 286 268 75 72 
26 5 179 151 329 207 286 268 75 72 
26 5 179 151 329 208 286 268 75 72 
26 5 179 151 329 209 286 268 75 72 
26 5 179 151 329 210 286 268 75 72 
26 5 179 151 329 211 286 268 75 72 
26 5 179 151 329 212 286 268 75 72 
26 5 179 151 329 213 286 268 75 72 
26 5 179 151 329 214 286 268 75 72 
26 5 179 151 329 215 286 268 75 72 
26 5 179 151 329 216 286 268 75 72 
26 5 179 151 329 217 286 268 75 72 
26 5 179 151 329 218 286 268 75 72 
26 5 179 151 329 219 286 268 75 72 
26 5 179 151 329 220 286 268 75 72 
26 5 179 151 329 221 286 268 75 72 
26 5 179 151 329 222 286 268 75 72 
26 5 179 151 329 223 286 268 75 72 
26 5 179 151 329 224 286 268 75 72 
26 5 179 151 329 225 286 268 75 72 
26 5 179 151 329 226 286 268 75 72 
26 5 179 151 329 227 286 268 75 72 
26 5 179 151 329 228 286 268 75 72 
26 5 179 151 329 229 286 268 75 72 
26 5 179 151 329 230 286 268 75 72 
26 5 179 151 329 231 286 268 75 72 
26 5 179 151 329 232 286 268 75 72 
26 5 179 151 329 233 286 268 75 72 
26 5 179 151 329 234 286 268 75 72 
26 5 179 151 329 235 286 268 75 72 
26 5 179 151 329 236 286 268 75 72 
26 5 179 151 329 237 286 268 75 72 
26 5 179 151 329 238 286 268 75 72 
26 5 179 151 329 239 286 268 75 72 
26 5 179 151 329 240 286 268 75 72 
26 5 179 151 329 241 286 268 75 72 
26 5 179 151 329 242 286 268 75 72 
26 5 179 151 329 243 286 268 75 72 
26 5 179 151 329 244 286 268 75 72 
26 5 179 151 329 245 286 268 75 72 
26 5 179 151 329 246 286 268 75 72 
26 5 179 151 329 247 286 268 75 72 
26 5 179 151 329 248 286 268 75 72 
26 5 179 151 329 249 286 268 75 72 
26 5 179 151 329 250 286 268 75 72 
26 5 179 151 329 251 286 268 75 72 
26 5 179 151 329 252 286 268 75 72 
26 5 179 151 329 253 286 268 75 72 
26 5 179 151 329 254 286 268 75 72 
26 5 179 151 329 255 286 268 75 72 
26 5 179 151 329 256 286 268 75 72 
26 5 179 151 329 257 286 268 75 72 
26 5 179 151 329 258 286 268 75 72 
26 5 179 151 329 259 286 268 75 72 
26 5 179 151 329 260 286 268 75 72 
26 5 179 151 329 261 286 268 75 72 
26 5 179 151 329 262 286 268 75 72 
26 5 179 151 329 263 286 268 75 72 
26 5 179 151 329 264 286 268 75 72 
26 5 179 151 329 265 286 268 75 72 
26 5 179 151 329 266 286 268 75 72 
26 5 179 151 329 267 286 268 75 72 
26 5 179 151 329 268 286 268 75 72 
26 5 179 151 329 269 286 268 75 72 
26 5 179 151 329 270 286 268 75 72 
26 5 179 151 329 271 286 268 75 72 
26 5 179 151 329 272 286 268 75 72 
26 5 179 151 329 273 286 268 75 72 
26 5 179 151 329 274 286 268 75 72 
26 5 179 151 329 275 286 268 75 72 
26 5 179 151 329 276 286 268 75 72 
26 5 179 151 329 277 286 268 75 72 
26 5 179 151 329 278 286 268 75 72 
26 5 179 151 329 279 286 268 75 72 
26 5 179 151 329 280 286 268 75 72 
26 5 179 151 329 281 286 268 75 72 
26 5 179 151 329 282 286 268 75 72 
26 5 179 151 329 283 286 268 75 72 
26 5 179 151 329 284 286 268 75 72 
26 5 179 151 329 285 286 268 75 72 
26 5 179 151 329 286 286 268 75 72 
26 5 179 151 329 287 286 268 75 72 
26 5 179 151 329 288 286 268 75 72 
26 5 179 151 329 289 286 268 75 72 
26 5 179 151 329 290 286 268 75 72 
26 5 179 151 329 291 286 268 75 72 
26 5 179 151 329 292 286 268 75 72 
26 5 179 151 329 293 286 268 75 72 
26 5 179 151 329 294 286 268 75 72 
26 5 179 151 329 295 286 268 75 72 
26 5 179 151 329 296 286 268 75 72 
26 5 179 151 329 297 286 268 75 72 
26 5 179 151 329 298 286 268 75 72 
26 5 179 151 329 299 286 268 75 72 
26 5 179 151 329 300 286 268 75 72 
26 5 179 151 329 301 286 268 75 72 
26 5 179 151 329 302 286 268 75 72 
26 5 179 151 329 303 286 268 75 72 
26 5 179 151 329 304 286 268 75 72 
26 5 179 151 329 305 286 268 75 72 
26 5 179 151 329 306 286 268 75 72 
26 5 179 151 329 307 286 268 75 72 
26 5 179 151 329 308 286 268 75 72 
26 5 179 151 329 309 286 268 75 72 
26 5 179 151 329 310 286 268 75 72 
26 5 179 151 329 311 286 268 75 72 
26 5 179 151 329 312 286 268 75 72 
26 5 179 151 329 313 286 268 75 72 
26 5 179 151 329 314 286 268 75 72 
26 5 179 151 329 315 286 268 75 72 
26 5 179 151 329 316 286 268 75 72 
26 5 179 151 329 317 286 268 75 72 
26 5 179 151 329 318 286 268 75 72 
26 5 179 151 329 319 286 268 75 72 
26 5 179 151 329 320 286 268 75 72 
26 5 179 151 329 321 286 268 75 72 
26 5 179 151 329 322 286 268 75 72 
26 5 179 151 329 323 286 268 75 72 
26 5 179 151 329 324 286 268 75 72 
26 5 179 151 329 325 286 268 75 72 
26 5 179 151 329 326 286 268 75 72 
26 5 179 151 329 327 286 268 75 72 
26 5 179 151 329 328 286 268 75 72 
26 5 179 151 329 329 286 268 75 72 
