23 2 104 631 734 631 1050 208 235 152 
23 2 104 631 734 632 1050 208 235 152 
23 2 104 631 734 633 1050 208 235 152 
23 2 104 631 734 634 1050 208 235 152 
23 2 104 631 734 635 1050 208 235 152 
23 2 104 631 734 636 1050 208 235 152 
23 2 104 631 734 637 1050 208 235 152 
23 2 104 631 734 638 1050 208 235 152 
23 2 104 631 734 639 1050 208 235 152 
23 2 104 631 734 640 1050 208 235 152 
23 2 104 631 734 641 1050 208 235 152 
23 2 104 631 734 642 1050 208 235 152 
23 2 104 631 734 643 1050 208 235 152 
23 2 104 631 734 644 1050 208 235 152 
23 2 104 631 734 645 1050 208 235 152 
23 2 104 631 734 646 1050 208 235 152 
23 2 104 631 734 647 1050 208 235 152 
23 2 104 631 734 648 1050 208 235 152 
23 2 104 631 734 649 1050 208 235 152 
23 2 104 631 734 650 1050 208 235 152 
23 2 104 631 734 651 1050 208 235 152 
23 2 104 631 734 652 1050 208 235 152 
23 2 104 631 734 653 1050 208 235 152 
23 2 104 631 734 654 1050 208 235 152 
23 2 104 631 734 655 1050 208 235 152 
23 2 104 631 734 656 1050 208 235 152 
23 2 104 631 734 657 1050 208 235 152 
23 2 104 631 734 658 1050 208 235 152 
23 2 104 631 734 659 1050 208 235 152 
23 2 104 631 734 660 1050 208 235 152 
23 2 104 631 734 661 1050 208 235 152 
23 2 104 631 734 662 1050 208 235 152 
23 2 104 631 734 663 1050 208 235 152 
23 2 104 631 734 664 1050 208 235 152 
23 2 104 631 734 665 1050 208 235 152 
23 2 104 631 734 666 1050 208 235 152 
23 2 104 631 734 667 1050 208 235 152 
23 2 104 631 734 668 1050 208 235 152 
23 2 104 631 734 669 1050 208 235 152 
23 2 104 631 734 670 1050 208 235 152 
23 2 104 631 734 671 1050 208 235 152 
23 2 104 631 734 672 1050 208 235 152 
23 2 104 631 734 673 1050 208 235 152 
23 2 104 631 734 674 1050 208 235 152 
23 2 104 631 734 675 1050 208 235 152 
23 2 104 631 734 676 1050 208 235 152 
23 2 104 631 734 677 1050 208 235 152 
23 2 104 631 734 678 1050 208 235 152 
23 2 104 631 734 679 1050 208 235 152 
23 2 104 631 734 680 1050 208 235 152 
23 2 104 631 734 681 1050 208 235 152 
23 2 104 631 734 682 1050 208 235 152 
23 2 104 631 734 683 1050 208 235 152 
23 2 104 631 734 684 1050 208 235 152 
23 2 104 631 734 685 1050 208 235 152 
23 2 104 631 734 686 1050 208 235 152 
23 2 104 631 734 687 1050 208 235 152 
23 2 104 631 734 688 1050 208 235 152 
23 2 104 631 734 689 1050 208 235 152 
23 2 104 631 734 690 1050 208 235 152 
23 2 104 631 734 691 1050 208 235 152 
23 2 104 631 734 692 1050 208 235 152 
23 2 104 631 734 693 1050 208 235 152 
23 2 104 631 734 694 1050 208 235 152 
23 2 104 631 734 695 1050 208 235 152 
23 2 104 631 734 696 1050 208 235 152 
23 2 104 631 734 697 1050 208 235 152 
23 2 104 631 734 698 1050 208 235 152 
23 2 104 631 734 699 1050 208 235 152 
23 2 104 631 734 700 1050 208 235 152 
23 2 104 631 734 701 1050 208 235 152 
23 2 104 631 734 702 1050 208 235 152 
23 2 104 631 734 703 1050 208 235 152 
23 2 104 631 734 704 1050 208 235 152 
23 2 104 631 734 705 1050 208 235 152 
23 2 104 631 734 706 1050 208 235 152 
23 2 104 631 734 707 1050 208 235 152 
23 2 104 631 734 708 1050 208 235 152 
23 2 104 631 734 709 1050 208 235 152 
23 2 104 631 734 710 1050 208 235 152 
23 2 104 631 734 711 1050 208 235 152 
23 2 104 631 734 712 1050 208 235 152 
23 2 104 631 734 713 1050 208 235 152 
23 2 104 631 734 714 1050 208 235 152 
23 2 104 631 734 715 1050 208 235 152 
23 2 104 631 734 716 1050 208 235 152 
23 2 104 631 734 717 1050 208 235 152 
23 2 104 631 734 718 1050 208 235 152 
23 2 104 631 734 719 1050 208 235 152 
23 2 104 631 734 720 1050 208 235 152 
23 2 104 631 734 721 1050 208 235 152 
23 2 104 631 734 722 1050 208 235 152 
23 2 104 631 734 723 1050 208 235 152 
23 2 104 631 734 724 1050 208 235 152 
23 2 104 631 734 725 1050 208 235 152 
23 2 104 631 734 726 1050 208 235 152 
23 2 104 631 734 727 1050 208 235 152 
23 2 104 631 734 728 1050 208 235 152 
23 2 104 631 734 729 1050 208 235 152 
23 2 104 631 734 730 1050 208 235 152 
23 2 104 631 734 731 1050 208 235 152 
23 2 104 631 734 732 1050 208 235 152 
23 2 104 631 734 733 1050 208 235 152 
23 2 104 631 734 734 1050 208 235 152 
25 9 304 721 1024 721 1124 219 112 136 
25 9 304 721 1024 722 1126 219 112 136 
25 9 304 721 1024 723 1129 219 112 136 
25 9 304 721 1024 724 1129 219 112 136 
25 9 304 721 1024 725 1132 219 112 136 
25 9 304 721 1024 726 1132 222 112 136 
25 9 304 721 1024 727 1134 222 112 136 
25 9 304 721 1024 728 1137 222 112 136 
25 9 304 721 1024 729 1137 222 112 136 
25 9 304 721 1024 730 1140 222 112 136 
25 9 304 721 1024 731 1140 222 112 136 
25 9 304 721 1024 732 1142 225 112 135 
25 9 304 721 1024 733 1145 225 112 135 
25 9 304 721 1024 734 1145 225 112 135 
25 9 304 721 1024 735 1148 225 112 135 
25 9 304 721 1024 736 1148 225 112 135 
25 9 304 721 1024 737 1150 225 112 135 
25 9 304 721 1024 738 1153 227 112 136 
25 9 304 721 1024 739 1153 227 112 136 
25 9 304 721 1024 740 1151 226 118 141 
25 9 304 721 1024 741 1156 226 112 141 
25 9 304 721 1024 742 1155 226 116 144 
25 9 304 721 1024 743 1158 226 112 144 
25 9 304 721 1024 744 1156 229 118 144 
25 9 304 721 1024 745 1161 229 112 144 
25 9 304 721 1024 746 1159 228 118 148 
25 9 304 721 1024 747 1158 228 122 148 
25 9 304 721 1024 748 1163 227 116 151 
25 9 304 721 1024 749 1161 231 122 147 
25 9 304 721 1024 750 1164 230 118 151 
25 9 304 721 1024 751 1163 230 124 151 
25 9 304 721 1024 752 1167 230 118 156 
25 9 304 721 1024 753 1166 230 122 156 
25 9 304 721 1024 754 1169 232 122 156 
25 9 304 721 1024 755 1169 232 122 156 
25 9 304 721 1024 756 1171 232 124 156 
25 9 304 721 1024 757 1174 232 122 156 
25 9 304 721 1024 758 1177 232 122 156 
25 9 304 721 1024 759 1180 232 118 156 
25 9 304 721 1024 760 1179 232 124 156 
25 9 304 721 1024 761 1182 235 122 156 
25 9 304 721 1024 762 1185 235 122 156 
25 9 304 721 1024 763 1188 235 118 156 
25 9 304 721 1024 764 1191 235 118 156 
25 9 304 721 1024 765 1190 235 122 156 
25 9 304 721 1024 766 1193 235 122 156 
25 9 304 721 1024 767 1195 235 124 156 
25 9 304 721 1024 768 1199 238 118 156 
25 9 304 721 1024 769 1203 238 116 156 
25 9 304 721 1024 770 1201 238 122 156 
25 9 304 721 1024 771 1203 238 124 156 
25 9 304 721 1024 772 1207 238 118 156 
25 9 304 721 1024 773 1211 238 116 156 
25 9 304 721 1024 774 1212 240 118 156 
25 9 304 721 1024 775 1211 240 124 156 
25 9 304 721 1024 776 1214 240 122 156 
25 9 304 721 1024 777 1219 240 116 156 
25 9 304 721 1024 778 1220 240 118 156 
25 9 304 721 1024 779 1223 240 118 156 
25 9 304 721 1024 780 1222 240 122 156 
25 9 304 721 1024 781 1227 243 116 156 
25 9 304 721 1024 782 1228 243 118 156 
25 9 304 721 1024 783 1231 243 118 156 
25 9 304 721 1024 784 1235 243 116 156 
25 9 304 721 1024 785 1233 243 122 156 
25 9 304 721 1024 786 1236 243 118 156 
25 9 304 721 1024 787 1239 243 118 156 
25 9 304 721 1024 788 1243 246 116 156 
25 9 304 721 1024 789 1244 246 118 156 
25 9 304 721 1024 790 1244 246 118 156 
25 9 304 721 1024 791 1247 246 118 156 
25 9 304 721 1024 792 1251 246 116 156 
25 9 304 721 1024 793 1252 246 118 156 
25 9 304 721 1024 794 1255 248 118 156 
25 9 304 721 1024 795 1255 248 118 156 
25 9 304 721 1024 796 1259 248 116 156 
25 9 304 721 1024 797 1260 248 118 156 
25 9 304 721 1024 798 1263 248 118 156 
25 9 304 721 1024 799 1267 251 116 156 
25 9 304 721 1024 800 1268 251 118 156 
25 9 304 721 1024 801 1271 251 118 156 
25 9 304 721 1024 802 1275 251 116 156 
25 9 304 721 1024 803 1275 254 116 156 
25 9 304 721 1024 804 1276 254 118 156 
25 9 304 721 1024 805 1279 254 118 156 
25 9 304 721 1024 806 1283 254 116 156 
25 9 304 721 1024 807 1284 256 118 156 
25 9 304 721 1024 808 1287 256 118 156 
25 9 304 721 1024 809 1291 256 116 156 
25 9 304 721 1024 810 1292 256 118 156 
25 9 304 721 1024 811 1295 259 118 156 
25 9 304 721 1024 812 1295 259 118 156 
25 9 304 721 1024 813 1299 259 116 156 
25 9 304 721 1024 814 1300 259 118 156 
25 9 304 721 1024 815 1303 259 118 156 
25 9 304 721 1024 816 1307 262 116 156 
25 9 304 721 1024 817 1308 262 118 156 
25 9 304 721 1024 818 1311 262 118 156 
25 9 304 721 1024 819 1315 262 116 156 
25 9 304 721 1024 820 1315 264 116 156 
25 9 304 721 1024 821 1316 264 118 156 
25 9 304 721 1024 822 1319 264 118 156 
25 9 304 721 1024 823 1323 264 116 156 
25 9 304 721 1024 824 1324 267 118 156 
25 9 304 721 1024 825 1327 267 118 156 
25 9 304 721 1024 826 1331 267 116 156 
25 9 304 721 1024 827 1332 267 118 156 
25 9 304 721 1024 828 1335 270 118 156 
25 9 304 721 1024 829 1335 270 118 156 
25 9 304 721 1024 830 1339 270 116 156 
25 9 304 721 1024 831 1340 270 118 156 
25 9 304 721 1024 832 1343 270 118 156 
25 9 304 721 1024 833 1347 269 116 159 
25 9 304 721 1024 834 1348 269 118 159 
25 9 304 721 1024 835 1348 272 118 156 
25 9 304 721 1024 836 1351 272 118 156 
25 9 304 721 1024 837 1355 272 116 156 
25 9 304 721 1024 838 1356 271 118 160 
25 9 304 721 1024 839 1359 271 118 160 
25 9 304 721 1024 840 1363 271 116 160 
25 9 304 721 1024 841 1364 271 118 160 
25 9 304 721 1024 842 1364 275 118 156 
25 9 304 721 1024 843 1367 274 118 160 
25 9 304 721 1024 844 1371 274 116 160 
25 9 304 721 1024 845 1372 274 118 160 
25 9 304 721 1024 846 1375 274 118 160 
25 9 304 721 1024 847 1379 274 116 160 
25 9 304 721 1024 848 1380 277 118 159 
25 9 304 721 1024 849 1380 277 118 159 
25 9 304 721 1024 850 1383 277 118 159 
25 9 304 721 1024 851 1387 277 116 159 
25 9 304 721 1024 852 1388 277 118 159 
25 9 304 721 1024 853 1391 276 118 163 
25 9 304 721 1024 854 1395 276 116 163 
25 9 304 721 1024 855 1395 279 116 160 
25 9 304 721 1024 856 1396 279 118 160 
25 9 304 721 1024 857 1399 279 118 160 
25 9 304 721 1024 858 1403 278 116 165 
25 9 304 721 1024 859 1404 278 118 165 
25 9 304 721 1024 860 1407 278 118 165 
25 9 304 721 1024 861 1411 278 116 165 
25 9 304 721 1024 862 1411 282 116 160 
25 9 304 721 1024 863 1412 281 118 163 
25 9 304 721 1024 864 1415 281 118 163 
25 9 304 721 1024 865 1419 281 116 163 
25 9 304 721 1024 866 1420 281 118 163 
25 9 304 721 1024 867 1423 281 118 163 
25 9 304 721 1024 868 1427 284 116 163 
25 9 304 721 1024 869 1427 284 116 163 
25 9 304 721 1024 870 1428 284 118 163 
25 9 304 721 1024 871 1431 284 118 163 
25 9 304 721 1024 872 1435 286 116 165 
25 9 304 721 1024 873 1436 286 118 165 
25 9 304 721 1024 874 1439 286 118 165 
25 9 304 721 1024 875 1443 286 116 165 
25 9 304 721 1024 876 1444 289 118 163 
25 9 304 721 1024 877 1447 289 118 163 
25 9 304 721 1024 878 1451 289 116 163 
25 9 304 721 1024 879 1452 292 118 163 
25 9 304 721 1024 880 1455 292 118 163 
25 9 304 721 1024 881 1459 292 116 163 
25 9 304 721 1024 882 1460 292 118 163 
25 9 304 721 1024 883 1463 294 118 165 
25 9 304 721 1024 884 1467 294 116 165 
25 9 304 721 1024 885 1467 294 116 165 
25 9 304 721 1024 886 1468 297 118 163 
25 9 304 721 1024 887 1471 297 118 163 
25 9 304 721 1024 888 1475 297 116 163 
25 9 304 721 1024 889 1476 297 118 163 
25 9 304 721 1024 890 1479 300 118 163 
25 9 304 721 1024 891 1483 300 116 163 
25 9 304 721 1024 892 1484 300 118 163 
25 9 304 721 1024 893 1487 302 118 165 
25 9 304 721 1024 894 1491 302 116 165 
25 9 304 721 1024 895 1492 302 118 165 
25 9 304 721 1024 896 1495 302 118 165 
25 9 304 721 1024 897 1499 305 116 163 
25 9 304 721 1024 898 1500 305 118 163 
25 9 304 721 1024 899 1503 305 118 163 
25 9 304 721 1024 900 1507 308 116 163 
25 9 304 721 1024 901 1508 308 118 163 
25 9 304 721 1024 902 1511 308 118 163 
25 9 304 721 1024 903 1515 308 116 163 
25 9 304 721 1024 904 1516 308 118 163 
25 9 304 721 1024 905 1519 310 118 165 
25 9 304 721 1024 906 1523 310 116 165 
25 9 304 721 1024 907 1529 310 112 165 
25 9 304 721 1024 908 1532 310 112 165 
25 9 304 721 1024 909 1534 314 112 160 
25 9 304 721 1024 910 1537 313 112 163 
25 9 304 721 1024 911 1540 313 112 163 
25 9 304 721 1024 912 1542 313 112 163 
25 9 304 721 1024 913 1545 317 112 159 
25 9 304 721 1024 914 1551 316 108 163 
25 9 304 721 1024 915 1554 316 106 163 
25 9 304 721 1024 916 1557 316 106 163 
25 9 304 721 1024 917 1559 316 108 163 
25 9 304 721 1024 918 1562 319 106 160 
25 9 304 721 1024 919 1565 318 106 165 
25 9 304 721 1024 920 1567 318 108 165 
25 9 304 721 1024 921 1575 318 100 165 
25 9 304 721 1024 922 1576 322 102 160 
25 9 304 721 1024 923 1579 322 102 160 
25 9 304 721 1024 924 1583 321 100 163 
25 9 304 721 1024 925 1584 321 102 163 
25 9 304 721 1024 926 1587 325 102 159 
25 9 304 721 1024 927 1591 325 100 159 
25 9 304 721 1024 928 1597 324 96 163 
25 9 304 721 1024 929 1600 324 96 163 
25 9 304 721 1024 930 1602 324 96 163 
25 9 304 721 1024 931 1605 327 96 160 
25 9 304 721 1024 932 1608 327 96 160 
25 9 304 721 1024 933 1610 326 96 165 
25 9 304 721 1024 934 1613 326 96 165 
25 9 304 721 1024 935 1619 330 92 160 
25 9 304 721 1024 936 1622 330 90 160 
25 9 304 721 1024 937 1625 330 90 160 
25 9 304 721 1024 938 1627 329 92 163 
25 9 304 721 1024 939 1630 333 90 159 
25 9 304 721 1024 940 1633 333 90 159 
25 9 304 721 1024 941 1635 333 92 159 
25 9 304 721 1024 942 1643 332 84 163 
25 9 304 721 1024 943 1644 332 86 163 
25 9 304 721 1024 944 1647 335 86 160 
25 9 304 721 1024 945 1651 335 84 160 
25 9 304 721 1024 946 1652 335 86 160 
25 9 304 721 1024 947 1655 334 86 165 
25 9 304 721 1024 948 1659 338 84 160 
25 9 304 721 1024 949 1665 338 80 160 
25 9 304 721 1024 950 1668 338 80 160 
25 9 304 721 1024 951 1670 338 80 160 
25 9 304 721 1024 952 1673 341 80 159 
25 9 304 721 1024 953 1676 341 80 159 
25 9 304 721 1024 954 1678 341 80 159 
25 9 304 721 1024 955 1681 341 80 159 
25 9 304 721 1024 956 1687 343 76 160 
25 9 304 721 1024 957 1690 343 74 160 
25 9 304 721 1024 958 1693 343 74 160 
25 9 304 721 1024 959 1695 343 76 160 
25 9 304 721 1024 960 1698 346 74 160 
25 9 304 721 1024 961 1701 346 74 160 
25 9 304 721 1024 962 1703 346 76 160 
25 9 304 721 1024 963 1706 346 74 160 
25 9 304 721 1024 964 1709 349 74 159 
25 9 304 721 1024 965 1715 349 70 159 
25 9 304 721 1024 966 1717 349 74 159 
25 9 304 721 1024 967 1719 349 76 159 
25 9 304 721 1024 968 1722 351 74 160 
25 9 304 721 1024 969 1725 351 74 160 
25 9 304 721 1024 970 1727 351 76 160 
25 9 304 721 1024 971 1730 351 74 160 
25 9 304 721 1024 972 1733 354 74 160 
25 9 304 721 1024 973 1739 354 70 160 
25 9 304 721 1024 974 1743 354 68 160 
25 9 304 721 1024 975 1744 354 70 160 
25 9 304 721 1024 976 1746 357 74 159 
25 9 304 721 1024 977 1749 357 74 159 
25 9 304 721 1024 978 1751 357 76 159 
25 9 304 721 1024 979 1754 357 74 159 
25 9 304 721 1024 980 1757 359 74 160 
25 9 304 721 1024 981 1759 359 76 160 
25 9 304 721 1024 982 1767 359 68 160 
25 9 304 721 1024 983 1768 359 70 160 
25 9 304 721 1024 984 1771 362 70 160 
25 9 304 721 1024 985 1775 362 68 160 
25 9 304 721 1024 986 1775 362 76 160 
25 9 304 721 1024 987 1778 362 74 160 
25 9 304 721 1024 988 1781 365 74 159 
25 9 304 721 1024 989 1783 365 76 159 
25 9 304 721 1024 990 1791 365 68 159 
25 9 304 721 1024 991 1792 365 70 159 
25 9 304 721 1024 992 1795 367 70 160 
25 9 304 721 1024 993 1799 367 68 160 
25 9 304 721 1024 994 1800 367 70 160 
25 9 304 721 1024 995 1803 367 70 160 
25 9 304 721 1024 996 1805 370 74 160 
25 9 304 721 1024 997 1807 370 76 160 
25 9 304 721 1024 998 1810 370 74 160 
25 9 304 721 1024 999 1816 370 70 160 
25 9 304 721 1024 1000 1819 373 70 159 
25 9 304 721 1024 1001 1823 373 68 159 
25 9 304 721 1024 1002 1824 373 70 159 
25 9 304 721 1024 1003 1827 373 70 159 
25 9 304 721 1024 1004 1831 375 68 160 
25 9 304 721 1024 1005 1832 375 70 160 
25 9 304 721 1024 1006 1834 375 74 160 
25 9 304 721 1024 1007 1840 375 70 160 
25 9 304 721 1024 1008 1843 378 70 160 
25 9 304 721 1024 1009 1847 378 68 160 
25 9 304 721 1024 1010 1848 378 70 160 
25 9 304 721 1024 1011 1851 378 67 160 
25 9 304 721 1024 1012 1855 381 64 159 
25 9 304 721 1024 1013 1856 381 62 159 
25 9 304 721 1024 1014 1859 381 59 159 
25 9 304 721 1024 1015 1864 383 54 160 
25 9 304 721 1024 1016 1869 383 50 160 
25 9 304 721 1024 1017 1873 383 45 160 
25 9 304 721 1024 1018 1876 386 42 160 
25 9 304 721 1024 1019 1881 386 38 160 
25 9 304 721 1024 1020 1885 386 33 160 
25 9 304 721 1024 1021 1893 389 26 159 
25 9 304 721 1024 1022 1893 389 26 159 
25 9 304 721 1024 1023 1893 389 26 159 
25 9 304 721 1024 1024 1893 389 26 159 
27 9 305 1517 1821 1517 595 851 156 227 
27 9 305 1517 1821 1518 601 850 154 228 
27 9 305 1517 1821 1519 602 847 160 232 
27 9 305 1517 1821 1520 608 847 160 232 
27 9 305 1517 1821 1521 613 843 160 235 
27 9 305 1517 1821 1522 615 843 164 235 
27 9 305 1517 1821 1523 619 840 166 238 
27 9 305 1517 1821 1524 624 840 166 238 
27 9 305 1517 1821 1525 626 837 170 242 
27 9 305 1517 1821 1526 631 837 172 242 
27 9 305 1517 1821 1527 637 833 170 245 
27 9 305 1517 1821 1528 636 833 182 245 
27 9 305 1517 1821 1529 643 830 180 248 
27 9 305 1517 1821 1530 647 830 182 248 
27 9 305 1517 1821 1531 649 827 186 252 
27 9 305 1517 1821 1532 654 827 186 252 
27 9 305 1517 1821 1533 659 823 188 255 
27 9 305 1517 1821 1534 661 823 192 255 
27 9 305 1517 1821 1535 666 820 192 258 
27 9 305 1517 1821 1536 672 820 192 258 
27 9 305 1517 1821 1537 675 820 198 258 
27 9 305 1517 1821 1538 682 817 192 261 
27 9 305 1517 1821 1539 688 814 192 264 
27 9 305 1517 1821 1540 693 812 192 266 
27 9 305 1517 1821 1541 698 809 192 269 
27 9 305 1517 1821 1542 704 806 192 272 
27 9 305 1517 1821 1543 709 804 192 274 
27 9 305 1517 1821 1544 714 801 192 277 
27 9 305 1517 1821 1545 720 801 192 277 
27 9 305 1517 1821 1546 725 798 192 280 
27 9 305 1517 1821 1547 730 796 192 282 
27 9 305 1517 1821 1548 736 793 192 285 
27 9 305 1517 1821 1549 741 790 192 288 
27 9 305 1517 1821 1550 746 788 192 290 
27 9 305 1517 1821 1551 752 785 192 293 
27 9 305 1517 1821 1552 757 785 192 293 
27 9 305 1517 1821 1553 760 782 192 296 
27 9 305 1517 1821 1554 762 782 192 296 
27 9 305 1517 1821 1555 768 780 192 298 
27 9 305 1517 1821 1556 770 780 192 298 
27 9 305 1517 1821 1557 776 780 192 298 
27 9 305 1517 1821 1558 778 777 192 301 
27 9 305 1517 1821 1559 784 777 192 301 
27 9 305 1517 1821 1560 786 777 192 301 
27 9 305 1517 1821 1561 792 774 192 304 
27 9 305 1517 1821 1562 794 774 192 304 
27 9 305 1517 1821 1563 800 774 192 304 
27 9 305 1517 1821 1564 802 772 192 306 
27 9 305 1517 1821 1565 808 772 192 306 
27 9 305 1517 1821 1566 810 769 192 307 
27 9 305 1517 1821 1567 816 769 192 307 
27 9 305 1517 1821 1568 818 769 192 307 
27 9 305 1517 1821 1569 824 766 192 309 
27 9 305 1517 1821 1570 826 766 192 309 
27 9 305 1517 1821 1571 832 766 192 309 
27 9 305 1517 1821 1572 834 764 192 307 
27 9 305 1517 1821 1573 840 764 192 307 
27 9 305 1517 1821 1574 842 764 192 307 
27 9 305 1517 1821 1575 848 761 192 307 
27 9 305 1517 1821 1576 850 761 192 307 
27 9 305 1517 1821 1577 856 761 192 307 
27 9 305 1517 1821 1578 858 758 192 309 
27 9 305 1517 1821 1579 864 756 192 307 
27 9 305 1517 1821 1580 870 757 186 303 
27 9 305 1517 1821 1581 872 754 192 304 
27 9 305 1517 1821 1582 878 754 186 304 
27 9 305 1517 1821 1583 883 751 188 304 
27 9 305 1517 1821 1584 886 752 186 300 
27 9 305 1517 1821 1585 891 750 188 300 
27 9 305 1517 1821 1586 899 750 180 300 
27 9 305 1517 1821 1587 899 747 188 300 
27 9 305 1517 1821 1588 905 747 186 295 
27 9 305 1517 1821 1589 911 744 182 297 
27 9 305 1517 1821 1590 913 742 186 295 
27 9 305 1517 1821 1591 919 742 182 295 
27 9 305 1517 1821 1592 924 739 182 295 
27 9 305 1517 1821 1593 927 740 182 292 
27 9 305 1517 1821 1594 932 737 182 292 
27 9 305 1517 1821 1595 940 737 176 292 
27 9 305 1517 1821 1596 940 735 182 291 
27 9 305 1517 1821 1597 948 736 176 288 
27 9 305 1517 1821 1598 953 733 176 288 
27 9 305 1517 1821 1599 958 733 176 288 
27 9 305 1517 1821 1600 961 730 176 288 
27 9 305 1517 1821 1601 964 728 176 288 
27 9 305 1517 1821 1602 966 728 176 288 
27 9 305 1517 1821 1603 973 725 170 288 
27 9 305 1517 1821 1604 975 725 172 283 
27 9 305 1517 1821 1605 977 722 176 288 
27 9 305 1517 1821 1606 983 722 172 285 
27 9 305 1517 1821 1607 986 720 170 283 
27 9 305 1517 1821 1608 989 717 170 288 
27 9 305 1517 1821 1609 995 717 166 283 
27 9 305 1517 1821 1610 997 714 170 285 
27 9 305 1517 1821 1611 999 714 172 285 
27 9 305 1517 1821 1612 1007 712 164 283 
27 9 305 1517 1821 1613 1008 713 166 279 
27 9 305 1517 1821 1614 1011 709 166 283 
27 9 305 1517 1821 1615 1016 710 166 280 
27 9 305 1517 1821 1616 1019 707 166 280 
27 9 305 1517 1821 1617 1023 704 164 283 
27 9 305 1517 1821 1618 1024 705 166 279 
27 9 305 1517 1821 1619 1032 702 160 280 
27 9 305 1517 1821 1620 1034 702 160 280 
27 9 305 1517 1821 1621 1035 699 166 280 
27 9 305 1517 1821 1622 1042 700 160 276 
27 9 305 1517 1821 1623 1045 697 160 279 
27 9 305 1517 1821 1624 1048 694 160 280 
27 9 305 1517 1821 1625 1054 695 154 276 
27 9 305 1517 1821 1626 1056 691 160 280 
27 9 305 1517 1821 1627 1058 692 160 276 
27 9 305 1517 1821 1628 1065 690 154 276 
27 9 305 1517 1821 1629 1067 690 156 276 
27 9 305 1517 1821 1630 1070 687 154 276 
27 9 305 1517 1821 1631 1075 687 156 276 
27 9 305 1517 1821 1632 1074 684 160 276 
27 9 305 1517 1821 1633 1077 684 160 276 
27 9 305 1517 1821 1634 1080 684 160 273 
27 9 305 1517 1821 1635 1082 682 160 276 
27 9 305 1517 1821 1636 1085 682 160 271 
27 9 305 1517 1821 1637 1088 682 160 271 
27 9 305 1517 1821 1638 1090 679 160 276 
27 9 305 1517 1821 1639 1093 679 160 271 
27 9 305 1517 1821 1640 1096 679 160 271 
27 9 305 1517 1821 1641 1098 676 160 273 
27 9 305 1517 1821 1642 1101 676 160 273 
27 9 305 1517 1821 1643 1104 676 160 273 
27 9 305 1517 1821 1644 1106 674 160 271 
27 9 305 1517 1821 1645 1104 674 166 271 
27 9 305 1517 1821 1646 1107 675 166 267 
27 9 305 1517 1821 1647 1111 671 164 271 
27 9 305 1517 1821 1648 1112 671 166 271 
27 9 305 1517 1821 1649 1115 672 166 268 
27 9 305 1517 1821 1650 1119 668 164 273 
27 9 305 1517 1821 1651 1120 669 166 268 
27 9 305 1517 1821 1652 1123 669 166 268 
27 9 305 1517 1821 1653 1127 666 164 271 
27 9 305 1517 1821 1654 1128 667 166 267 
27 9 305 1517 1821 1655 1131 667 166 267 
27 9 305 1517 1821 1656 1135 664 164 268 
27 9 305 1517 1821 1657 1136 664 166 268 
27 9 305 1517 1821 1658 1138 664 170 268 
27 9 305 1517 1821 1659 1138 661 170 268 
27 9 305 1517 1821 1660 1141 662 170 264 
27 9 305 1517 1821 1661 1143 659 172 267 
27 9 305 1517 1821 1662 1146 660 170 264 
27 9 305 1517 1821 1663 1149 656 170 268 
27 9 305 1517 1821 1664 1151 657 172 264 
27 9 305 1517 1821 1665 1154 653 170 268 
27 9 305 1517 1821 1666 1157 654 170 264 
27 9 305 1517 1821 1667 1159 651 172 267 
27 9 305 1517 1821 1668 1162 652 170 264 
27 9 305 1517 1821 1669 1165 648 170 268 
27 9 305 1517 1821 1670 1167 649 172 264 
27 9 305 1517 1821 1671 1170 645 170 268 
27 9 305 1517 1821 1672 1173 646 170 264 
27 9 305 1517 1821 1673 1175 646 172 264 
27 9 305 1517 1821 1674 1175 644 172 264 
27 9 305 1517 1821 1675 1178 644 170 259 
27 9 305 1517 1821 1676 1181 641 170 264 
27 9 305 1517 1821 1677 1183 641 172 259 
27 9 305 1517 1821 1678 1186 638 170 264 
27 9 305 1517 1821 1679 1189 638 170 261 
27 9 305 1517 1821 1680 1191 636 172 264 
27 9 305 1517 1821 1681 1194 636 170 259 
27 9 305 1517 1821 1682 1197 633 170 264 
27 9 305 1517 1821 1683 1199 633 172 259 
27 9 305 1517 1821 1684 1202 630 170 264 
27 9 305 1517 1821 1685 1205 630 170 261 
27 9 305 1517 1821 1686 1207 628 172 264 
27 9 305 1517 1821 1687 1210 628 170 259 
27 9 305 1517 1821 1688 1213 628 170 259 
27 9 305 1517 1821 1689 1213 625 170 259 
27 9 305 1517 1821 1690 1215 625 172 259 
27 9 305 1517 1821 1691 1218 626 170 256 
27 9 305 1517 1821 1692 1223 622 164 261 
27 9 305 1517 1821 1693 1224 622 166 261 
27 9 305 1517 1821 1694 1223 623 172 256 
27 9 305 1517 1821 1695 1227 620 166 259 
27 9 305 1517 1821 1696 1231 620 164 259 
27 9 305 1517 1821 1697 1232 621 166 255 
27 9 305 1517 1821 1698 1235 621 166 255 
27 9 305 1517 1821 1699 1235 617 166 259 
27 9 305 1517 1821 1700 1239 618 164 256 
27 9 305 1517 1821 1701 1240 618 166 256 
27 9 305 1517 1821 1702 1245 614 160 261 
27 9 305 1517 1821 1703 1248 615 160 256 
27 9 305 1517 1821 1704 1250 615 160 256 
27 9 305 1517 1821 1705 1248 615 166 256 
27 9 305 1517 1821 1706 1253 613 160 255 
27 9 305 1517 1821 1707 1256 613 160 255 
27 9 305 1517 1821 1708 1258 613 160 255 
27 9 305 1517 1821 1709 1262 610 154 256 
27 9 305 1517 1821 1710 1261 610 160 256 
27 9 305 1517 1821 1711 1264 610 160 256 
27 9 305 1517 1821 1712 1266 611 160 252 
27 9 305 1517 1821 1713 1270 607 154 256 
27 9 305 1517 1821 1714 1273 607 154 256 
27 9 305 1517 1821 1715 1275 608 156 252 
27 9 305 1517 1821 1716 1275 605 156 255 
27 9 305 1517 1821 1717 1278 605 154 255 
27 9 305 1517 1821 1718 1281 606 154 252 
27 9 305 1517 1821 1719 1283 606 156 252 
27 9 305 1517 1821 1720 1287 602 150 256 
27 9 305 1517 1821 1721 1286 603 154 252 
27 9 305 1517 1821 1722 1289 603 154 252 
27 9 305 1517 1821 1723 1292 599 150 256 
27 9 305 1517 1821 1724 1295 600 150 252 
27 9 305 1517 1821 1725 1299 600 148 252 
27 9 305 1517 1821 1726 1300 600 150 252 
27 9 305 1517 1821 1727 1300 598 150 252 
27 9 305 1517 1821 1728 1303 598 150 252 
27 9 305 1517 1821 1729 1303 598 150 247 
27 9 305 1517 1821 1730 1307 598 148 247 
27 9 305 1517 1821 1731 1307 595 148 252 
27 9 305 1517 1821 1732 1308 595 150 247 
27 9 305 1517 1821 1733 1308 595 150 247 
27 9 305 1517 1821 1734 1311 595 150 247 
27 9 305 1517 1821 1735 1311 596 150 244 
27 9 305 1517 1821 1736 1315 592 148 249 
27 9 305 1517 1821 1737 1316 593 150 244 
27 9 305 1517 1821 1738 1316 593 150 244 
27 9 305 1517 1821 1739 1319 593 150 244 
27 9 305 1517 1821 1740 1319 594 150 240 
27 9 305 1517 1821 1741 1323 591 148 243 
27 9 305 1517 1821 1742 1323 591 148 243 
27 9 305 1517 1821 1743 1324 592 150 240 
27 9 305 1517 1821 1744 1324 592 150 240 
27 9 305 1517 1821 1745 1327 592 150 240 
27 9 305 1517 1821 1746 1331 589 148 240 
27 9 305 1517 1821 1747 1331 589 148 240 
27 9 305 1517 1821 1748 1332 589 150 235 
27 9 305 1517 1821 1749 1332 589 150 235 
27 9 305 1517 1821 1750 1335 586 150 240 
27 9 305 1517 1821 1751 1335 586 150 237 
27 9 305 1517 1821 1752 1339 586 148 237 
27 9 305 1517 1821 1753 1339 586 148 237 
27 9 305 1517 1821 1754 1340 587 150 232 
27 9 305 1517 1821 1755 1343 584 150 235 
27 9 305 1517 1821 1756 1343 585 150 231 
27 9 305 1517 1821 1757 1347 585 148 231 
27 9 305 1517 1821 1758 1347 585 148 231 
27 9 305 1517 1821 1759 1348 586 150 228 
27 9 305 1517 1821 1760 1348 582 150 232 
27 9 305 1517 1821 1761 1351 582 150 232 
27 9 305 1517 1821 1762 1351 583 150 228 
27 9 305 1517 1821 1763 1355 583 148 228 
27 9 305 1517 1821 1764 1356 583 150 228 
27 9 305 1517 1821 1765 1356 583 150 228 
27 9 305 1517 1821 1766 1356 583 150 228 
27 9 305 1517 1821 1767 1355 583 156 228 
27 9 305 1517 1821 1768 1355 583 156 228 
27 9 305 1517 1821 1769 1355 583 156 228 
27 9 305 1517 1821 1770 1358 583 154 228 
27 9 305 1517 1821 1771 1358 583 154 228 
27 9 305 1517 1821 1772 1358 583 154 228 
27 9 305 1517 1821 1773 1357 583 160 228 
27 9 305 1517 1821 1774 1357 583 160 228 
27 9 305 1517 1821 1775 1357 583 160 228 
27 9 305 1517 1821 1776 1360 583 160 228 
27 9 305 1517 1821 1777 1360 580 160 228 
27 9 305 1517 1821 1778 1359 580 164 228 
27 9 305 1517 1821 1779 1359 580 164 228 
27 9 305 1517 1821 1780 1360 580 166 228 
27 9 305 1517 1821 1781 1360 580 166 228 
27 9 305 1517 1821 1782 1359 580 172 228 
27 9 305 1517 1821 1783 1362 580 170 228 
27 9 305 1517 1821 1784 1362 580 170 228 
27 9 305 1517 1821 1785 1361 580 176 228 
27 9 305 1517 1821 1786 1361 580 176 228 
27 9 305 1517 1821 1787 1364 580 176 228 
27 9 305 1517 1821 1788 1364 580 176 228 
27 9 305 1517 1821 1789 1363 580 180 228 
27 9 305 1517 1821 1790 1364 580 182 228 
27 9 305 1517 1821 1791 1364 580 182 228 
27 9 305 1517 1821 1792 1364 580 182 228 
27 9 305 1517 1821 1793 1364 580 182 228 
27 9 305 1517 1821 1794 1364 580 182 228 
27 9 305 1517 1821 1795 1364 580 182 228 
27 9 305 1517 1821 1796 1364 580 182 228 
27 9 305 1517 1821 1797 1363 580 188 228 
27 9 305 1517 1821 1798 1363 580 188 228 
27 9 305 1517 1821 1799 1363 580 188 228 
27 9 305 1517 1821 1800 1363 580 188 228 
27 9 305 1517 1821 1801 1363 580 188 228 
27 9 305 1517 1821 1802 1363 580 188 228 
27 9 305 1517 1821 1803 1363 580 188 228 
27 9 305 1517 1821 1804 1362 580 192 228 
27 9 305 1517 1821 1805 1362 580 192 228 
27 9 305 1517 1821 1806 1362 580 192 228 
27 9 305 1517 1821 1807 1362 580 192 228 
27 9 305 1517 1821 1808 1362 580 192 228 
27 9 305 1517 1821 1809 1362 580 192 228 
27 9 305 1517 1821 1810 1362 580 192 228 
27 9 305 1517 1821 1811 1362 580 192 228 
27 9 305 1517 1821 1812 1362 580 192 228 
27 9 305 1517 1821 1813 1362 580 192 228 
27 9 305 1517 1821 1814 1362 580 192 228 
27 9 305 1517 1821 1815 1362 580 192 228 
27 9 305 1517 1821 1816 1362 580 192 228 
27 9 305 1517 1821 1817 1362 580 192 228 
27 9 305 1517 1821 1818 1362 580 192 228 
27 9 305 1517 1821 1819 1362 580 192 228 
27 9 305 1517 1821 1820 1362 580 192 228 
27 9 305 1517 1821 1821 1362 580 192 228 
28 1 59 2631 2689 2631 1637 672 282 255 
28 1 59 2631 2689 2632 1637 672 282 255 
28 1 59 2631 2689 2633 1637 672 282 255 
28 1 59 2631 2689 2634 1637 672 282 255 
28 1 59 2631 2689 2635 1637 672 282 255 
28 1 59 2631 2689 2636 1637 672 282 255 
28 1 59 2631 2689 2637 1637 672 282 255 
28 1 59 2631 2689 2638 1637 672 282 255 
28 1 59 2631 2689 2639 1637 672 282 255 
28 1 59 2631 2689 2640 1637 672 282 255 
28 1 59 2631 2689 2641 1637 672 282 255 
28 1 59 2631 2689 2642 1637 672 282 255 
28 1 59 2631 2689 2643 1637 672 282 255 
28 1 59 2631 2689 2644 1637 672 282 255 
28 1 59 2631 2689 2645 1637 672 282 255 
28 1 59 2631 2689 2646 1637 672 282 255 
28 1 59 2631 2689 2647 1637 672 282 255 
28 1 59 2631 2689 2648 1637 672 282 255 
28 1 59 2631 2689 2649 1637 672 282 255 
28 1 59 2631 2689 2650 1637 672 282 255 
28 1 59 2631 2689 2651 1637 672 282 255 
28 1 59 2631 2689 2652 1637 672 282 255 
28 1 59 2631 2689 2653 1637 672 282 255 
28 1 59 2631 2689 2654 1637 672 282 255 
28 1 59 2631 2689 2655 1637 672 282 255 
28 1 59 2631 2689 2656 1637 672 282 255 
28 1 59 2631 2689 2657 1637 672 282 255 
28 1 59 2631 2689 2658 1637 672 282 255 
28 1 59 2631 2689 2659 1637 672 282 255 
28 1 59 2631 2689 2660 1637 672 282 255 
28 1 59 2631 2689 2661 1637 672 282 255 
28 1 59 2631 2689 2662 1637 672 282 255 
28 1 59 2631 2689 2663 1637 672 282 255 
28 1 59 2631 2689 2664 1637 672 282 255 
28 1 59 2631 2689 2665 1637 672 282 255 
28 1 59 2631 2689 2666 1637 672 282 255 
28 1 59 2631 2689 2667 1637 672 282 255 
28 1 59 2631 2689 2668 1637 672 282 255 
28 1 59 2631 2689 2669 1637 672 282 255 
28 1 59 2631 2689 2670 1637 672 282 255 
28 1 59 2631 2689 2671 1637 672 282 255 
28 1 59 2631 2689 2672 1637 672 282 255 
28 1 59 2631 2689 2673 1637 672 282 255 
28 1 59 2631 2689 2674 1637 672 282 255 
28 1 59 2631 2689 2675 1637 672 282 255 
28 1 59 2631 2689 2676 1637 672 282 255 
28 1 59 2631 2689 2677 1637 672 282 255 
28 1 59 2631 2689 2678 1637 672 282 255 
28 1 59 2631 2689 2679 1637 672 282 255 
28 1 59 2631 2689 2680 1637 672 282 255 
28 1 59 2631 2689 2681 1637 672 282 255 
28 1 59 2631 2689 2682 1637 672 282 255 
28 1 59 2631 2689 2683 1637 672 282 255 
28 1 59 2631 2689 2684 1637 672 282 255 
28 1 59 2631 2689 2685 1637 672 282 255 
28 1 59 2631 2689 2686 1637 672 282 255 
28 1 59 2631 2689 2687 1637 672 282 255 
28 1 59 2631 2689 2688 1637 672 282 255 
28 1 59 2631 2689 2689 1637 672 282 255 
