0 2 59 1850 1908 1850 1330 430 114 112 
0 2 59 1850 1908 1851 1330 430 114 112 
0 2 59 1850 1908 1852 1330 430 114 112 
0 2 59 1850 1908 1853 1330 430 114 112 
0 2 59 1850 1908 1854 1330 430 114 112 
0 2 59 1850 1908 1855 1330 430 114 112 
0 2 59 1850 1908 1856 1330 430 114 112 
0 2 59 1850 1908 1857 1330 430 114 112 
0 2 59 1850 1908 1858 1330 430 114 112 
0 2 59 1850 1908 1859 1330 430 114 112 
0 2 59 1850 1908 1860 1330 430 114 112 
0 2 59 1850 1908 1861 1330 430 114 112 
0 2 59 1850 1908 1862 1330 430 114 112 
0 2 59 1850 1908 1863 1330 430 114 112 
0 2 59 1850 1908 1864 1330 430 114 112 
0 2 59 1850 1908 1865 1330 430 114 112 
0 2 59 1850 1908 1866 1330 430 114 112 
0 2 59 1850 1908 1867 1330 430 114 112 
0 2 59 1850 1908 1868 1330 430 114 112 
0 2 59 1850 1908 1869 1330 430 114 112 
0 2 59 1850 1908 1870 1330 430 114 112 
0 2 59 1850 1908 1871 1330 430 114 112 
0 2 59 1850 1908 1872 1330 430 114 112 
0 2 59 1850 1908 1873 1330 430 114 112 
0 2 59 1850 1908 1874 1330 430 114 112 
0 2 59 1850 1908 1875 1330 430 114 112 
0 2 59 1850 1908 1876 1330 430 114 112 
0 2 59 1850 1908 1877 1330 430 114 112 
0 2 59 1850 1908 1878 1330 430 114 112 
0 2 59 1850 1908 1879 1330 430 114 112 
0 2 59 1850 1908 1880 1330 430 114 112 
0 2 59 1850 1908 1881 1330 430 114 112 
0 2 59 1850 1908 1882 1330 430 114 112 
0 2 59 1850 1908 1883 1330 430 114 112 
0 2 59 1850 1908 1884 1330 430 114 112 
0 2 59 1850 1908 1885 1330 430 114 112 
0 2 59 1850 1908 1886 1330 430 114 112 
0 2 59 1850 1908 1887 1330 430 114 112 
0 2 59 1850 1908 1888 1330 430 114 112 
0 2 59 1850 1908 1889 1330 430 114 112 
0 2 59 1850 1908 1890 1330 430 114 112 
0 2 59 1850 1908 1891 1330 430 114 112 
0 2 59 1850 1908 1892 1330 430 114 112 
0 2 59 1850 1908 1893 1330 430 114 112 
0 2 59 1850 1908 1894 1330 430 114 112 
0 2 59 1850 1908 1895 1330 430 114 112 
0 2 59 1850 1908 1896 1330 430 114 112 
0 2 59 1850 1908 1897 1330 430 114 112 
0 2 59 1850 1908 1898 1330 430 114 112 
0 2 59 1850 1908 1899 1330 430 114 112 
0 2 59 1850 1908 1900 1330 430 114 112 
0 2 59 1850 1908 1901 1330 430 114 112 
0 2 59 1850 1908 1902 1330 430 114 112 
0 2 59 1850 1908 1903 1330 430 114 112 
0 2 59 1850 1908 1904 1330 430 114 112 
0 2 59 1850 1908 1905 1330 430 114 112 
0 2 59 1850 1908 1906 1330 430 114 112 
0 2 59 1850 1908 1907 1330 430 114 112 
0 2 59 1850 1908 1908 1330 430 114 112 
1 6 144 995 1138 995 1186 419 140 122 
1 6 144 995 1138 996 1186 419 140 122 
1 6 144 995 1138 997 1186 419 140 122 
1 6 144 995 1138 998 1186 419 140 122 
1 6 144 995 1138 999 1186 419 140 122 
1 6 144 995 1138 1000 1186 419 140 122 
1 6 144 995 1138 1001 1186 419 140 122 
1 6 144 995 1138 1002 1186 419 140 122 
1 6 144 995 1138 1003 1186 419 140 122 
1 6 144 995 1138 1004 1186 419 140 122 
1 6 144 995 1138 1005 1186 419 140 122 
1 6 144 995 1138 1006 1186 419 140 122 
1 6 144 995 1138 1007 1186 419 140 122 
1 6 144 995 1138 1008 1186 419 140 122 
1 6 144 995 1138 1009 1186 419 140 122 
1 6 144 995 1138 1010 1186 419 140 122 
1 6 144 995 1138 1011 1186 419 140 122 
1 6 144 995 1138 1012 1186 419 140 122 
1 6 144 995 1138 1013 1186 419 140 122 
1 6 144 995 1138 1014 1186 419 140 122 
1 6 144 995 1138 1015 1186 419 140 122 
1 6 144 995 1138 1016 1186 419 140 122 
1 6 144 995 1138 1017 1186 419 140 122 
1 6 144 995 1138 1018 1186 419 140 122 
1 6 144 995 1138 1019 1186 419 140 122 
1 6 144 995 1138 1020 1186 419 140 122 
1 6 144 995 1138 1021 1186 419 140 122 
1 6 144 995 1138 1022 1186 419 140 122 
1 6 144 995 1138 1023 1186 419 140 122 
1 6 144 995 1138 1024 1186 419 140 122 
1 6 144 995 1138 1025 1186 419 140 122 
1 6 144 995 1138 1026 1186 419 140 122 
1 6 144 995 1138 1027 1186 419 140 122 
1 6 144 995 1138 1028 1186 419 140 122 
1 6 144 995 1138 1029 1186 419 140 122 
1 6 144 995 1138 1030 1186 419 140 122 
1 6 144 995 1138 1031 1186 419 140 122 
1 6 144 995 1138 1032 1186 419 140 122 
1 6 144 995 1138 1033 1186 419 140 122 
1 6 144 995 1138 1034 1186 419 140 122 
1 6 144 995 1138 1035 1186 419 140 122 
1 6 144 995 1138 1036 1186 419 140 122 
1 6 144 995 1138 1037 1186 419 140 122 
1 6 144 995 1138 1038 1186 419 140 122 
1 6 144 995 1138 1039 1186 419 140 122 
1 6 144 995 1138 1040 1186 419 140 122 
1 6 144 995 1138 1041 1186 419 140 122 
1 6 144 995 1138 1042 1186 419 140 122 
1 6 144 995 1138 1043 1186 419 140 122 
1 6 144 995 1138 1044 1186 419 140 122 
1 6 144 995 1138 1045 1186 419 140 122 
1 6 144 995 1138 1046 1186 419 140 122 
1 6 144 995 1138 1047 1186 419 140 122 
1 6 144 995 1138 1048 1186 419 140 122 
1 6 144 995 1138 1049 1186 419 140 122 
1 6 144 995 1138 1050 1186 419 140 122 
1 6 144 995 1138 1051 1186 419 140 122 
1 6 144 995 1138 1052 1186 419 140 122 
1 6 144 995 1138 1053 1186 419 140 122 
1 6 144 995 1138 1054 1186 419 140 122 
1 6 144 995 1138 1055 1186 419 140 122 
1 6 144 995 1138 1056 1186 419 140 122 
1 6 144 995 1138 1057 1186 419 140 122 
1 6 144 995 1138 1058 1186 419 140 122 
1 6 144 995 1138 1059 1186 419 140 122 
1 6 144 995 1138 1060 1186 419 140 122 
1 6 144 995 1138 1061 1186 419 140 122 
1 6 144 995 1138 1062 1186 419 140 122 
1 6 144 995 1138 1063 1186 419 140 122 
1 6 144 995 1138 1064 1186 419 140 122 
1 6 144 995 1138 1065 1186 419 140 122 
1 6 144 995 1138 1066 1186 419 140 122 
1 6 144 995 1138 1067 1186 419 140 122 
1 6 144 995 1138 1068 1186 419 140 122 
1 6 144 995 1138 1069 1186 419 140 122 
1 6 144 995 1138 1070 1186 419 140 122 
1 6 144 995 1138 1071 1186 419 140 122 
1 6 144 995 1138 1072 1186 419 140 122 
1 6 144 995 1138 1073 1186 419 140 122 
1 6 144 995 1138 1074 1186 419 140 122 
1 6 144 995 1138 1075 1186 419 140 122 
1 6 144 995 1138 1076 1186 419 140 122 
1 6 144 995 1138 1077 1186 419 140 122 
1 6 144 995 1138 1078 1186 419 140 122 
1 6 144 995 1138 1079 1186 419 140 122 
1 6 144 995 1138 1080 1186 419 140 122 
1 6 144 995 1138 1081 1186 419 140 122 
1 6 144 995 1138 1082 1186 419 140 122 
1 6 144 995 1138 1083 1186 419 140 122 
1 6 144 995 1138 1084 1186 419 140 122 
1 6 144 995 1138 1085 1186 419 140 122 
1 6 144 995 1138 1086 1186 419 140 122 
1 6 144 995 1138 1087 1186 419 140 122 
1 6 144 995 1138 1088 1186 419 140 122 
1 6 144 995 1138 1089 1186 419 140 122 
1 6 144 995 1138 1090 1186 419 140 122 
1 6 144 995 1138 1091 1186 419 140 122 
1 6 144 995 1138 1092 1186 419 140 122 
1 6 144 995 1138 1093 1186 419 140 122 
1 6 144 995 1138 1094 1186 419 140 122 
1 6 144 995 1138 1095 1186 419 140 122 
1 6 144 995 1138 1096 1186 419 140 122 
1 6 144 995 1138 1097 1186 419 140 122 
1 6 144 995 1138 1098 1186 419 140 122 
1 6 144 995 1138 1099 1186 419 140 122 
1 6 144 995 1138 1100 1186 419 140 122 
1 6 144 995 1138 1101 1186 419 140 122 
1 6 144 995 1138 1102 1186 419 140 122 
1 6 144 995 1138 1103 1186 419 140 122 
1 6 144 995 1138 1104 1186 419 140 122 
1 6 144 995 1138 1105 1186 419 140 122 
1 6 144 995 1138 1106 1186 419 140 122 
1 6 144 995 1138 1107 1186 419 140 122 
1 6 144 995 1138 1108 1186 419 140 122 
1 6 144 995 1138 1109 1186 419 140 122 
1 6 144 995 1138 1110 1186 419 140 122 
1 6 144 995 1138 1111 1186 419 140 122 
1 6 144 995 1138 1112 1186 419 140 122 
1 6 144 995 1138 1113 1186 419 140 122 
1 6 144 995 1138 1114 1186 419 140 122 
1 6 144 995 1138 1115 1186 419 140 122 
1 6 144 995 1138 1116 1186 419 140 122 
1 6 144 995 1138 1117 1186 419 140 122 
1 6 144 995 1138 1118 1186 419 140 122 
1 6 144 995 1138 1119 1186 419 140 122 
1 6 144 995 1138 1120 1186 419 140 122 
1 6 144 995 1138 1121 1186 419 140 122 
1 6 144 995 1138 1122 1186 419 140 122 
1 6 144 995 1138 1123 1186 419 140 122 
1 6 144 995 1138 1124 1186 419 140 122 
1 6 144 995 1138 1125 1186 419 140 122 
1 6 144 995 1138 1126 1186 419 140 122 
1 6 144 995 1138 1127 1186 419 140 122 
1 6 144 995 1138 1128 1186 419 140 122 
1 6 144 995 1138 1129 1186 419 140 122 
1 6 144 995 1138 1130 1186 419 140 122 
1 6 144 995 1138 1131 1186 419 140 122 
1 6 144 995 1138 1132 1186 419 140 122 
1 6 144 995 1138 1133 1186 419 140 122 
1 6 144 995 1138 1134 1186 419 140 122 
1 6 144 995 1138 1135 1186 419 140 122 
1 6 144 995 1138 1136 1186 419 140 122 
1 6 144 995 1138 1137 1186 419 140 122 
1 6 144 995 1138 1138 1186 419 140 122 
