1 9 380 0 379 0 1501 487 74 99 
1 9 380 0 379 1 1498 484 74 100 
1 9 380 0 379 2 1498 484 74 100 
1 9 380 0 379 3 1498 484 74 100 
1 9 380 0 379 4 1498 484 74 100 
1 9 380 0 379 5 1498 484 74 100 
1 9 380 0 379 6 1495 484 76 100 
1 9 380 0 379 7 1495 484 76 100 
1 9 380 0 379 8 1495 484 76 100 
1 9 380 0 379 9 1495 485 76 96 
1 9 380 0 379 10 1495 481 76 100 
1 9 380 0 379 11 1493 481 74 100 
1 9 380 0 379 12 1493 481 74 100 
1 9 380 0 379 13 1493 481 74 100 
1 9 380 0 379 14 1493 481 74 100 
1 9 380 0 379 15 1493 481 74 100 
1 9 380 0 379 16 1490 481 74 100 
1 9 380 0 379 17 1490 481 74 100 
1 9 380 0 379 18 1490 482 74 96 
1 9 380 0 379 19 1490 479 74 99 
1 9 380 0 379 20 1490 479 74 99 
1 9 380 0 379 21 1487 479 76 99 
1 9 380 0 379 22 1487 479 76 99 
1 9 380 0 379 23 1487 479 76 99 
1 9 380 0 379 24 1487 479 76 99 
1 9 380 0 379 25 1487 479 76 99 
1 9 380 0 379 26 1485 480 74 96 
1 9 380 0 379 27 1485 480 74 96 
1 9 380 0 379 28 1485 476 74 100 
1 9 380 0 379 29 1485 476 74 100 
1 9 380 0 379 30 1485 476 74 100 
1 9 380 0 379 31 1482 476 74 100 
1 9 380 0 379 32 1482 476 74 100 
1 9 380 0 379 33 1482 476 74 100 
1 9 380 0 379 34 1482 476 74 100 
1 9 380 0 379 35 1482 477 74 96 
1 9 380 0 379 36 1482 477 74 96 
1 9 380 0 379 37 1479 473 76 100 
1 9 380 0 379 38 1479 473 76 100 
1 9 380 0 379 39 1479 473 76 100 
1 9 380 0 379 40 1479 473 76 100 
1 9 380 0 379 41 1479 473 76 100 
1 9 380 0 379 42 1477 473 74 100 
1 9 380 0 379 43 1477 474 74 96 
1 9 380 0 379 44 1477 474 74 96 
1 9 380 0 379 45 1477 474 74 96 
1 9 380 0 379 46 1477 471 74 99 
1 9 380 0 379 47 1474 471 74 99 
1 9 380 0 379 48 1474 471 74 99 
1 9 380 0 379 49 1474 471 74 99 
1 9 380 0 379 50 1474 471 74 99 
1 9 380 0 379 51 1474 471 74 99 
1 9 380 0 379 52 1471 472 76 96 
1 9 380 0 379 53 1471 472 76 96 
1 9 380 0 379 54 1471 472 76 96 
1 9 380 0 379 55 1471 468 76 100 
1 9 380 0 379 56 1471 468 76 100 
1 9 380 0 379 57 1469 468 74 100 
1 9 380 0 379 58 1469 468 74 100 
1 9 380 0 379 59 1469 468 74 100 
1 9 380 0 379 60 1469 468 74 100 
1 9 380 0 379 61 1469 469 74 96 
1 9 380 0 379 62 1466 469 74 96 
1 9 380 0 379 63 1466 469 74 96 
1 9 380 0 379 64 1466 465 74 100 
1 9 380 0 379 65 1466 465 74 100 
1 9 380 0 379 66 1466 465 74 100 
1 9 380 0 379 67 1463 465 76 100 
1 9 380 0 379 68 1463 465 76 100 
1 9 380 0 379 69 1463 466 76 96 
1 9 380 0 379 70 1463 466 76 96 
1 9 380 0 379 71 1463 466 76 96 
1 9 380 0 379 72 1463 466 76 96 
1 9 380 0 379 73 1461 463 74 99 
1 9 380 0 379 74 1461 463 74 99 
1 9 380 0 379 75 1461 463 74 99 
1 9 380 0 379 76 1461 463 74 99 
1 9 380 0 379 77 1461 463 74 99 
1 9 380 0 379 78 1458 464 74 96 
1 9 380 0 379 79 1458 464 74 96 
1 9 380 0 379 80 1458 464 74 96 
1 9 380 0 379 81 1458 464 74 96 
1 9 380 0 379 82 1458 460 74 100 
1 9 380 0 379 83 1455 460 76 100 
1 9 380 0 379 84 1455 460 76 100 
1 9 380 0 379 85 1455 460 76 100 
1 9 380 0 379 86 1455 461 76 96 
1 9 380 0 379 87 1455 461 76 96 
1 9 380 0 379 88 1453 461 74 96 
1 9 380 0 379 89 1453 461 74 96 
1 9 380 0 379 90 1453 461 74 96 
1 9 380 0 379 91 1453 457 74 100 
1 9 380 0 379 92 1453 457 74 100 
1 9 380 0 379 93 1450 457 74 100 
1 9 380 0 379 94 1450 457 74 100 
1 9 380 0 379 95 1450 458 74 96 
1 9 380 0 379 96 1450 458 74 96 
1 9 380 0 379 97 1450 458 74 96 
1 9 380 0 379 98 1447 458 76 96 
1 9 380 0 379 99 1447 458 76 96 
1 9 380 0 379 100 1447 455 76 99 
1 9 380 0 379 101 1447 455 76 99 
1 9 380 0 379 102 1447 455 76 99 
1 9 380 0 379 103 1445 456 74 96 
1 9 380 0 379 104 1445 456 74 96 
1 9 380 0 379 105 1445 456 74 96 
1 9 380 0 379 106 1445 456 74 96 
1 9 380 0 379 107 1445 456 74 96 
1 9 380 0 379 108 1445 456 74 96 
1 9 380 0 379 109 1442 452 74 100 
1 9 380 0 379 110 1442 452 74 100 
1 9 380 0 379 111 1442 452 74 100 
1 9 380 0 379 112 1442 453 74 96 
1 9 380 0 379 113 1442 453 74 96 
1 9 380 0 379 114 1439 453 76 96 
1 9 380 0 379 115 1439 453 76 96 
1 9 380 0 379 116 1439 453 76 96 
1 9 380 0 379 117 1439 453 76 96 
1 9 380 0 379 118 1439 449 76 100 
1 9 380 0 379 119 1437 449 74 100 
1 9 380 0 379 120 1437 449 74 100 
1 9 380 0 379 121 1437 450 74 96 
1 9 380 0 379 122 1437 450 74 96 
1 9 380 0 379 123 1437 450 74 96 
1 9 380 0 379 124 1434 450 74 96 
1 9 380 0 379 125 1434 450 74 96 
1 9 380 0 379 126 1434 450 74 96 
1 9 380 0 379 127 1434 447 74 99 
1 9 380 0 379 128 1434 447 74 99 
1 9 380 0 379 129 1431 448 76 96 
1 9 380 0 379 130 1431 448 76 96 
1 9 380 0 379 131 1431 448 76 96 
1 9 380 0 379 132 1431 448 76 96 
1 9 380 0 379 133 1431 448 76 96 
1 9 380 0 379 134 1429 448 74 96 
1 9 380 0 379 135 1429 448 74 96 
1 9 380 0 379 136 1429 444 74 100 
1 9 380 0 379 137 1429 444 74 100 
1 9 380 0 379 138 1429 445 74 96 
1 9 380 0 379 139 1426 445 74 96 
1 9 380 0 379 140 1426 445 74 96 
1 9 380 0 379 141 1426 445 74 96 
1 9 380 0 379 142 1426 445 74 96 
1 9 380 0 379 143 1426 445 74 96 
1 9 380 0 379 144 1426 445 74 96 
1 9 380 0 379 145 1423 441 76 100 
1 9 380 0 379 146 1423 442 76 96 
1 9 380 0 379 147 1423 442 76 96 
1 9 380 0 379 148 1423 442 76 96 
1 9 380 0 379 149 1423 442 76 96 
1 9 380 0 379 150 1421 442 74 96 
1 9 380 0 379 151 1421 442 74 96 
1 9 380 0 379 152 1421 442 74 96 
1 9 380 0 379 153 1421 442 74 96 
1 9 380 0 379 154 1421 439 74 99 
1 9 380 0 379 155 1418 440 74 96 
1 9 380 0 379 156 1418 440 74 96 
1 9 380 0 379 157 1418 440 74 96 
1 9 380 0 379 158 1418 440 74 96 
1 9 380 0 379 159 1418 440 74 96 
1 9 380 0 379 160 1415 440 76 96 
1 9 380 0 379 161 1415 440 76 96 
1 9 380 0 379 162 1415 440 76 96 
1 9 380 0 379 163 1415 437 76 96 
1 9 380 0 379 164 1415 437 76 96 
1 9 380 0 379 165 1413 437 74 96 
1 9 380 0 379 166 1413 437 74 96 
1 9 380 0 379 167 1413 437 74 96 
1 9 380 0 379 168 1413 437 74 96 
1 9 380 0 379 169 1413 437 74 96 
1 9 380 0 379 170 1410 437 74 96 
1 9 380 0 379 171 1410 437 74 96 
1 9 380 0 379 172 1410 434 74 96 
1 9 380 0 379 173 1410 434 74 96 
1 9 380 0 379 174 1410 434 74 96 
1 9 380 0 379 175 1407 434 76 96 
1 9 380 0 379 176 1407 434 76 96 
1 9 380 0 379 177 1407 434 76 96 
1 9 380 0 379 178 1407 434 76 96 
1 9 380 0 379 179 1407 434 76 96 
1 9 380 0 379 180 1407 434 76 96 
1 9 380 0 379 181 1405 432 74 96 
1 9 380 0 379 182 1405 432 74 96 
1 9 380 0 379 183 1405 432 74 96 
1 9 380 0 379 184 1405 432 74 96 
1 9 380 0 379 185 1405 432 74 96 
1 9 380 0 379 186 1405 432 74 96 
1 9 380 0 379 187 1405 432 74 96 
1 9 380 0 379 188 1405 432 74 96 
1 9 380 0 379 189 1405 432 74 96 
1 9 380 0 379 190 1402 432 74 96 
1 9 380 0 379 191 1402 429 74 96 
1 9 380 0 379 192 1402 429 74 96 
1 9 380 0 379 193 1402 429 74 96 
1 9 380 0 379 194 1402 429 74 96 
1 9 380 0 379 195 1402 429 74 96 
1 9 380 0 379 196 1402 429 74 96 
1 9 380 0 379 197 1402 429 74 96 
1 9 380 0 379 198 1402 429 74 96 
1 9 380 0 379 199 1399 429 76 96 
1 9 380 0 379 200 1399 429 76 96 
1 9 380 0 379 201 1399 426 76 96 
1 9 380 0 379 202 1399 426 76 96 
1 9 380 0 379 203 1399 426 76 96 
1 9 380 0 379 204 1399 426 76 96 
1 9 380 0 379 205 1399 426 76 96 
1 9 380 0 379 206 1399 426 76 96 
1 9 380 0 379 207 1399 426 76 96 
1 9 380 0 379 208 1397 426 74 96 
1 9 380 0 379 209 1397 426 74 96 
1 9 380 0 379 210 1397 426 74 96 
1 9 380 0 379 211 1397 424 74 96 
1 9 380 0 379 212 1397 424 74 96 
1 9 380 0 379 213 1397 424 74 96 
1 9 380 0 379 214 1397 424 74 96 
1 9 380 0 379 215 1397 424 74 96 
1 9 380 0 379 216 1397 424 74 96 
1 9 380 0 379 217 1394 424 74 96 
1 9 380 0 379 218 1394 424 74 96 
1 9 380 0 379 219 1394 424 74 96 
1 9 380 0 379 220 1394 424 74 96 
1 9 380 0 379 221 1394 421 74 96 
1 9 380 0 379 222 1394 421 74 96 
1 9 380 0 379 223 1394 421 74 96 
1 9 380 0 379 224 1394 421 74 96 
1 9 380 0 379 225 1394 421 74 96 
1 9 380 0 379 226 1394 421 74 96 
1 9 380 0 379 227 1391 421 76 96 
1 9 380 0 379 228 1391 421 76 96 
1 9 380 0 379 229 1391 421 76 96 
1 9 380 0 379 230 1391 421 76 96 
1 9 380 0 379 231 1391 418 76 96 
1 9 380 0 379 232 1391 418 76 96 
1 9 380 0 379 233 1391 418 76 96 
1 9 380 0 379 234 1391 418 76 96 
1 9 380 0 379 235 1391 418 76 96 
1 9 380 0 379 236 1389 418 74 96 
1 9 380 0 379 237 1389 418 74 96 
1 9 380 0 379 238 1389 418 74 96 
1 9 380 0 379 239 1389 418 74 96 
1 9 380 0 379 240 1389 418 74 96 
1 9 380 0 379 241 1389 416 74 96 
1 9 380 0 379 242 1389 416 74 96 
1 9 380 0 379 243 1389 416 74 96 
1 9 380 0 379 244 1389 416 74 96 
1 9 380 0 379 245 1386 416 74 96 
1 9 380 0 379 246 1386 416 74 96 
1 9 380 0 379 247 1386 416 74 96 
1 9 380 0 379 248 1386 416 74 96 
1 9 380 0 379 249 1386 416 74 96 
1 9 380 0 379 250 1386 416 74 96 
1 9 380 0 379 251 1386 413 74 96 
1 9 380 0 379 252 1386 413 74 96 
1 9 380 0 379 253 1386 413 74 96 
1 9 380 0 379 254 1383 413 76 96 
1 9 380 0 379 255 1383 413 76 96 
1 9 380 0 379 256 1383 413 76 96 
1 9 380 0 379 257 1383 413 76 96 
1 9 380 0 379 258 1383 413 76 96 
1 9 380 0 379 259 1383 413 76 96 
1 9 380 0 379 260 1383 413 76 96 
1 9 380 0 379 261 1383 410 76 96 
1 9 380 0 379 262 1383 410 76 96 
1 9 380 0 379 263 1383 410 76 96 
1 9 380 0 379 264 1381 410 74 96 
1 9 380 0 379 265 1381 410 74 96 
1 9 380 0 379 266 1381 410 74 96 
1 9 380 0 379 267 1381 410 74 96 
1 9 380 0 379 268 1381 410 74 96 
1 9 380 0 379 269 1381 410 74 96 
1 9 380 0 379 270 1381 410 74 96 
1 9 380 0 379 271 1381 408 74 96 
1 9 380 0 379 272 1381 408 74 96 
1 9 380 0 379 273 1378 408 74 96 
1 9 380 0 379 274 1378 408 74 96 
1 9 380 0 379 275 1378 408 74 96 
1 9 380 0 379 276 1378 408 74 96 
1 9 380 0 379 277 1378 408 74 96 
1 9 380 0 379 278 1378 408 74 96 
1 9 380 0 379 279 1378 408 74 96 
1 9 380 0 379 280 1378 408 74 96 
1 9 380 0 379 281 1378 405 74 96 
1 9 380 0 379 282 1375 405 76 96 
1 9 380 0 379 283 1375 405 76 96 
1 9 380 0 379 284 1375 405 76 96 
1 9 380 0 379 285 1375 405 76 96 
1 9 380 0 379 286 1375 405 76 96 
1 9 380 0 379 287 1375 405 76 96 
1 9 380 0 379 288 1375 405 76 96 
1 9 380 0 379 289 1375 405 76 96 
1 9 380 0 379 290 1375 405 76 96 
1 9 380 0 379 291 1373 402 74 96 
1 9 380 0 379 292 1373 402 74 96 
1 9 380 0 379 293 1373 402 74 96 
1 9 380 0 379 294 1373 402 74 96 
1 9 380 0 379 295 1373 402 74 96 
1 9 380 0 379 296 1373 402 74 96 
1 9 380 0 379 297 1373 402 74 96 
1 9 380 0 379 298 1373 402 74 96 
1 9 380 0 379 299 1373 402 74 96 
1 9 380 0 379 300 1373 402 74 96 
1 9 380 0 379 301 1375 402 68 93 
1 9 380 0 379 302 1375 402 68 93 
1 9 380 0 379 303 1375 402 68 93 
1 9 380 0 379 304 1375 402 68 93 
1 9 380 0 379 305 1375 402 68 93 
1 9 380 0 379 306 1375 402 68 93 
1 9 380 0 379 307 1375 402 68 93 
1 9 380 0 379 308 1375 402 68 93 
1 9 380 0 379 309 1375 402 68 93 
1 9 380 0 379 310 1375 402 68 93 
1 9 380 0 379 311 1375 402 68 93 
1 9 380 0 379 312 1375 402 68 93 
1 9 380 0 379 313 1375 402 68 93 
1 9 380 0 379 314 1375 402 68 93 
1 9 380 0 379 315 1375 402 68 93 
1 9 380 0 379 316 1375 402 68 93 
1 9 380 0 379 317 1375 402 68 93 
1 9 380 0 379 318 1375 402 68 93 
1 9 380 0 379 319 1375 402 68 93 
1 9 380 0 379 320 1375 402 68 93 
1 9 380 0 379 321 1376 402 64 93 
1 9 380 0 379 322 1376 402 64 93 
1 9 380 0 379 323 1376 402 64 93 
1 9 380 0 379 324 1376 402 64 93 
1 9 380 0 379 325 1376 402 64 93 
1 9 380 0 379 326 1376 402 64 93 
1 9 380 0 379 327 1376 402 64 93 
1 9 380 0 379 328 1376 402 64 93 
1 9 380 0 379 329 1376 402 64 93 
1 9 380 0 379 330 1376 402 64 93 
1 9 380 0 379 331 1376 402 64 93 
1 9 380 0 379 332 1376 402 64 93 
1 9 380 0 379 333 1376 402 64 93 
1 9 380 0 379 334 1376 402 64 93 
1 9 380 0 379 335 1376 402 64 93 
1 9 380 0 379 336 1376 402 64 93 
1 9 380 0 379 337 1376 402 64 93 
1 9 380 0 379 338 1376 402 64 93 
1 9 380 0 379 339 1376 402 64 93 
1 9 380 0 379 340 1376 402 64 93 
1 9 380 0 379 341 1377 402 58 93 
1 9 380 0 379 342 1377 402 58 93 
1 9 380 0 379 343 1377 402 58 93 
1 9 380 0 379 344 1377 402 58 93 
1 9 380 0 379 345 1377 402 58 93 
1 9 380 0 379 346 1377 402 58 93 
1 9 380 0 379 347 1377 402 58 93 
1 9 380 0 379 348 1377 402 58 93 
1 9 380 0 379 349 1377 402 58 93 
1 9 380 0 379 350 1377 402 58 93 
1 9 380 0 379 351 1377 402 58 93 
1 9 380 0 379 352 1377 402 58 93 
1 9 380 0 379 353 1377 402 58 93 
1 9 380 0 379 354 1377 402 58 93 
1 9 380 0 379 355 1377 402 58 93 
1 9 380 0 379 356 1377 402 58 93 
1 9 380 0 379 357 1377 402 58 93 
1 9 380 0 379 358 1377 402 58 93 
1 9 380 0 379 359 1377 402 58 93 
1 9 380 0 379 360 1380 402 54 93 
1 9 380 0 379 361 1379 400 52 91 
1 9 380 0 379 362 1375 397 54 91 
1 9 380 0 379 363 1372 394 54 93 
1 9 380 0 379 364 1372 392 54 91 
1 9 380 0 379 365 1371 392 52 91 
1 9 380 0 379 366 1367 389 54 91 
1 9 380 0 379 367 1367 386 54 93 
1 9 380 0 379 368 1364 384 54 91 
1 9 380 0 379 369 1363 381 52 91 
1 9 380 0 379 370 1363 381 52 91 
1 9 380 0 379 371 1359 378 54 93 
1 9 380 0 379 372 1359 378 54 93 
1 9 380 0 379 373 1359 378 54 93 
1 9 380 0 379 374 1359 378 54 93 
1 9 380 0 379 375 1359 378 54 93 
1 9 380 0 379 376 1356 378 54 93 
1 9 380 0 379 377 1356 378 54 93 
1 9 380 0 379 378 1356 378 54 93 
1 9 380 0 379 379 1356 378 54 93 
2 9 311 254 564 254 11 452 92 132 
2 9 311 254 564 255 11 452 92 132 
2 9 311 254 564 256 11 452 92 132 
2 9 311 254 564 257 11 452 92 132 
2 9 311 254 564 258 11 452 92 132 
2 9 311 254 564 259 11 452 92 132 
2 9 311 254 564 260 11 455 92 132 
2 9 311 254 564 261 11 455 92 132 
2 9 311 254 564 262 11 455 92 132 
2 9 311 254 564 263 11 455 92 132 
2 9 311 254 564 264 11 455 92 132 
2 9 311 254 564 265 9 455 90 132 
2 9 311 254 564 266 9 455 90 132 
2 9 311 254 564 267 9 455 90 132 
2 9 311 254 564 268 9 458 90 132 
2 9 311 254 564 269 9 458 90 132 
2 9 311 254 564 270 9 458 90 132 
2 9 311 254 564 271 9 458 90 132 
2 9 311 254 564 272 9 458 90 132 
2 9 311 254 564 273 9 458 90 132 
2 9 311 254 564 274 9 458 90 132 
2 9 311 254 564 275 9 458 90 132 
2 9 311 254 564 276 9 460 90 132 
2 9 311 254 564 277 6 460 90 132 
2 9 311 254 564 278 6 460 90 132 
2 9 311 254 564 279 6 460 90 132 
2 9 311 254 564 280 6 460 90 132 
2 9 311 254 564 281 6 460 90 132 
2 9 311 254 564 282 6 460 90 132 
2 9 311 254 564 283 6 460 90 132 
2 9 311 254 564 284 6 463 90 132 
2 9 311 254 564 285 6 463 90 132 
2 9 311 254 564 286 6 463 90 132 
2 9 311 254 564 287 6 463 90 132 
2 9 311 254 564 288 6 463 90 132 
2 9 311 254 564 289 3 463 92 132 
2 9 311 254 564 290 3 463 92 132 
2 9 311 254 564 291 3 463 92 132 
2 9 311 254 564 292 3 466 92 132 
2 9 311 254 564 293 3 466 92 132 
2 9 311 254 564 294 3 466 92 132 
2 9 311 254 564 295 3 466 92 132 
2 9 311 254 564 296 3 466 92 132 
2 9 311 254 564 297 3 466 92 132 
2 9 311 254 564 298 3 466 92 132 
2 9 311 254 564 299 3 466 92 132 
2 9 311 254 564 300 3 468 92 132 
2 9 311 254 564 301 4 468 86 132 
2 9 311 254 564 302 4 471 86 127 
2 9 311 254 564 303 6 475 80 123 
2 9 311 254 564 304 6 478 80 120 
2 9 311 254 564 305 6 481 80 115 
2 9 311 254 564 306 7 481 76 115 
2 9 311 254 564 307 7 485 76 111 
2 9 311 254 564 308 8 488 70 108 
2 9 311 254 564 309 8 491 70 103 
2 9 311 254 564 310 8 495 70 99 
2 9 311 254 564 311 7 495 68 99 
2 9 311 254 564 312 7 495 68 99 
2 9 311 254 564 313 7 495 68 99 
2 9 311 254 564 314 7 495 68 99 
2 9 311 254 564 315 7 495 68 99 
2 9 311 254 564 316 7 495 68 99 
2 9 311 254 564 317 7 495 68 99 
2 9 311 254 564 318 7 495 68 99 
2 9 311 254 564 319 7 495 68 99 
2 9 311 254 564 320 7 497 68 100 
2 9 311 254 564 321 7 497 68 100 
2 9 311 254 564 322 7 497 68 100 
2 9 311 254 564 323 7 497 68 100 
2 9 311 254 564 324 7 497 68 100 
2 9 311 254 564 325 7 497 68 100 
2 9 311 254 564 326 3 497 70 100 
2 9 311 254 564 327 3 497 70 100 
2 9 311 254 564 328 3 497 70 100 
2 9 311 254 564 329 3 497 70 100 
2 9 311 254 564 330 3 500 70 100 
2 9 311 254 564 331 3 500 70 100 
2 9 311 254 564 332 3 500 70 100 
2 9 311 254 564 333 3 500 70 100 
2 9 311 254 564 334 3 500 70 100 
2 9 311 254 564 335 3 500 70 100 
2 9 311 254 564 336 3 500 70 100 
2 9 311 254 564 337 3 500 70 100 
2 9 311 254 564 338 3 500 70 100 
2 9 311 254 564 339 3 500 70 100 
2 9 311 254 564 340 3 503 70 99 
2 9 311 254 564 341 3 503 70 99 
2 9 311 254 564 342 3 503 70 99 
2 9 311 254 564 343 3 503 70 99 
2 9 311 254 564 344 3 503 70 99 
2 9 311 254 564 345 3 503 70 99 
2 9 311 254 564 346 3 503 70 99 
2 9 311 254 564 347 3 503 70 99 
2 9 311 254 564 348 3 503 70 99 
2 9 311 254 564 349 3 503 70 99 
2 9 311 254 564 350 3 503 70 99 
2 9 311 254 564 351 3 503 70 99 
2 9 311 254 564 352 3 503 70 99 
2 9 311 254 564 353 3 503 70 99 
2 9 311 254 564 354 3 503 70 99 
2 9 311 254 564 355 7 505 68 100 
2 9 311 254 564 356 7 505 68 100 
2 9 311 254 564 357 7 505 68 100 
2 9 311 254 564 358 7 505 68 100 
2 9 311 254 564 359 7 505 68 100 
2 9 311 254 564 360 7 505 68 100 
2 9 311 254 564 361 7 505 68 100 
2 9 311 254 564 362 7 505 68 100 
2 9 311 254 564 363 7 505 68 100 
2 9 311 254 564 364 7 505 68 100 
2 9 311 254 564 365 7 505 68 100 
2 9 311 254 564 366 7 505 68 100 
2 9 311 254 564 367 7 505 68 100 
2 9 311 254 564 368 7 505 68 100 
2 9 311 254 564 369 7 505 68 100 
2 9 311 254 564 370 8 508 70 100 
2 9 311 254 564 371 8 508 70 100 
2 9 311 254 564 372 8 508 70 100 
2 9 311 254 564 373 8 508 70 100 
2 9 311 254 564 374 11 508 70 100 
2 9 311 254 564 375 11 508 70 100 
2 9 311 254 564 376 11 508 70 100 
2 9 311 254 564 377 15 508 68 100 
2 9 311 254 564 378 15 508 68 100 
2 9 311 254 564 379 15 508 68 100 
2 9 311 254 564 380 16 508 70 100 
2 9 311 254 564 381 16 508 70 100 
2 9 311 254 564 382 16 508 70 100 
2 9 311 254 564 383 16 508 70 100 
2 9 311 254 564 384 19 511 70 99 
2 9 311 254 564 385 19 511 70 99 
2 9 311 254 564 386 19 511 70 99 
2 9 311 254 564 387 23 511 68 99 
2 9 311 254 564 388 23 511 68 99 
2 9 311 254 564 389 23 511 68 99 
2 9 311 254 564 390 24 511 70 99 
2 9 311 254 564 391 24 511 70 99 
2 9 311 254 564 392 24 511 70 99 
2 9 311 254 564 393 24 511 70 99 
2 9 311 254 564 394 27 511 70 99 
2 9 311 254 564 395 27 511 70 99 
2 9 311 254 564 396 27 511 70 99 
2 9 311 254 564 397 31 513 68 100 
2 9 311 254 564 398 31 513 68 100 
2 9 311 254 564 399 31 513 68 100 
2 9 311 254 564 400 32 513 70 100 
2 9 311 254 564 401 32 513 70 100 
2 9 311 254 564 402 32 513 70 100 
2 9 311 254 564 403 32 513 70 100 
2 9 311 254 564 404 35 513 70 100 
2 9 311 254 564 405 35 513 70 100 
2 9 311 254 564 406 35 513 70 100 
2 9 311 254 564 407 39 513 68 100 
2 9 311 254 564 408 39 513 68 100 
2 9 311 254 564 409 39 513 68 100 
2 9 311 254 564 410 40 516 70 100 
2 9 311 254 564 411 40 516 70 100 
2 9 311 254 564 412 40 516 70 100 
2 9 311 254 564 413 40 516 70 100 
2 9 311 254 564 414 40 519 70 99 
2 9 311 254 564 415 43 519 70 99 
2 9 311 254 564 416 43 519 70 99 
2 9 311 254 564 417 43 519 70 99 
2 9 311 254 564 418 43 521 70 100 
2 9 311 254 564 419 43 521 70 100 
2 9 311 254 564 420 47 521 68 100 
2 9 311 254 564 421 47 521 68 100 
2 9 311 254 564 422 47 524 68 100 
2 9 311 254 564 423 47 524 68 100 
2 9 311 254 564 424 47 524 68 100 
2 9 311 254 564 425 48 524 70 100 
2 9 311 254 564 426 48 527 70 99 
2 9 311 254 564 427 48 527 70 99 
2 9 311 254 564 428 48 527 70 99 
2 9 311 254 564 429 48 527 70 99 
2 9 311 254 564 430 51 529 70 100 
2 9 311 254 564 431 51 529 70 100 
2 9 311 254 564 432 51 529 70 100 
2 9 311 254 564 433 51 529 70 100 
2 9 311 254 564 434 51 529 70 100 
2 9 311 254 564 435 55 529 68 100 
2 9 311 254 564 436 55 529 68 100 
2 9 311 254 564 437 55 529 68 100 
2 9 311 254 564 438 55 529 68 100 
2 9 311 254 564 439 55 529 68 100 
2 9 311 254 564 440 56 529 70 100 
2 9 311 254 564 441 56 529 70 100 
2 9 311 254 564 442 56 529 70 100 
2 9 311 254 564 443 56 529 70 100 
2 9 311 254 564 444 56 529 70 100 
2 9 311 254 564 445 59 532 70 100 
2 9 311 254 564 446 59 532 70 100 
2 9 311 254 564 447 59 532 70 100 
2 9 311 254 564 448 59 532 70 100 
2 9 311 254 564 449 59 532 70 100 
2 9 311 254 564 450 63 532 68 100 
2 9 311 254 564 451 63 532 68 100 
2 9 311 254 564 452 63 532 68 100 
2 9 311 254 564 453 63 532 68 100 
2 9 311 254 564 454 63 532 68 100 
2 9 311 254 564 455 64 532 70 100 
2 9 311 254 564 456 64 532 70 100 
2 9 311 254 564 457 64 532 70 100 
2 9 311 254 564 458 64 532 70 100 
2 9 311 254 564 459 64 532 70 100 
2 9 311 254 564 460 67 535 70 99 
2 9 311 254 564 461 67 535 70 99 
2 9 311 254 564 462 67 535 70 99 
2 9 311 254 564 463 67 535 70 99 
2 9 311 254 564 464 67 535 70 99 
2 9 311 254 564 465 67 537 70 100 
2 9 311 254 564 466 67 537 70 100 
2 9 311 254 564 467 67 537 70 100 
2 9 311 254 564 468 71 537 68 100 
2 9 311 254 564 469 71 537 68 100 
2 9 311 254 564 470 71 540 68 100 
2 9 311 254 564 471 71 540 68 100 
2 9 311 254 564 472 71 540 68 100 
2 9 311 254 564 473 71 540 68 100 
2 9 311 254 564 474 71 540 68 100 
2 9 311 254 564 475 72 543 70 99 
2 9 311 254 564 476 72 543 70 99 
2 9 311 254 564 477 72 543 70 99 
2 9 311 254 564 478 72 543 70 99 
2 9 311 254 564 479 72 543 70 99 
2 9 311 254 564 480 72 545 70 100 
2 9 311 254 564 481 72 545 70 100 
2 9 311 254 564 482 72 545 70 100 
2 9 311 254 564 483 75 545 70 100 
2 9 311 254 564 484 75 545 70 100 
2 9 311 254 564 485 75 548 70 100 
2 9 311 254 564 486 75 548 70 100 
2 9 311 254 564 487 75 548 70 100 
2 9 311 254 564 488 75 548 70 100 
2 9 311 254 564 489 75 548 70 100 
2 9 311 254 564 490 79 551 68 99 
2 9 311 254 564 491 79 551 68 99 
2 9 311 254 564 492 79 551 68 99 
2 9 311 254 564 493 79 551 68 99 
2 9 311 254 564 494 79 551 68 99 
2 9 311 254 564 495 79 553 68 100 
2 9 311 254 564 496 79 553 68 100 
2 9 311 254 564 497 79 553 68 100 
2 9 311 254 564 498 79 553 68 100 
2 9 311 254 564 499 79 556 68 100 
2 9 311 254 564 500 79 556 68 100 
2 9 311 254 564 501 79 556 68 100 
2 9 311 254 564 502 79 556 68 100 
2 9 311 254 564 503 79 559 68 99 
2 9 311 254 564 504 79 559 68 99 
2 9 311 254 564 505 80 559 70 99 
2 9 311 254 564 506 80 559 70 99 
2 9 311 254 564 507 80 559 70 99 
2 9 311 254 564 508 80 561 70 100 
2 9 311 254 564 509 80 561 70 100 
2 9 311 254 564 510 80 561 70 100 
2 9 311 254 564 511 80 561 70 100 
2 9 311 254 564 512 80 564 70 100 
2 9 311 254 564 513 80 564 70 100 
2 9 311 254 564 514 80 564 70 100 
2 9 311 254 564 515 80 564 70 100 
2 9 311 254 564 516 80 567 70 99 
2 9 311 254 564 517 80 567 70 99 
2 9 311 254 564 518 80 567 70 99 
2 9 311 254 564 519 80 567 70 99 
2 9 311 254 564 520 83 569 70 100 
2 9 311 254 564 521 83 569 70 100 
2 9 311 254 564 522 83 569 70 100 
2 9 311 254 564 523 83 569 70 100 
2 9 311 254 564 524 83 569 70 100 
2 9 311 254 564 525 82 569 74 100 
2 9 311 254 564 526 82 569 74 100 
2 9 311 254 564 527 82 569 74 100 
2 9 311 254 564 528 87 569 68 100 
2 9 311 254 564 529 87 569 68 100 
2 9 311 254 564 530 85 569 74 100 
2 9 311 254 564 531 85 569 74 100 
2 9 311 254 564 532 85 569 74 100 
2 9 311 254 564 533 85 569 74 100 
2 9 311 254 564 534 85 569 74 100 
2 9 311 254 564 535 87 572 76 100 
2 9 311 254 564 536 87 572 76 100 
2 9 311 254 564 537 87 572 76 100 
2 9 311 254 564 538 87 572 76 100 
2 9 311 254 564 539 87 572 76 100 
2 9 311 254 564 540 86 572 80 100 
2 9 311 254 564 541 86 572 80 100 
2 9 311 254 564 542 86 572 80 100 
2 9 311 254 564 543 90 572 74 100 
2 9 311 254 564 544 90 572 74 100 
2 9 311 254 564 545 89 572 80 100 
2 9 311 254 564 546 89 572 80 100 
2 9 311 254 564 547 89 572 80 100 
2 9 311 254 564 548 89 572 80 100 
2 9 311 254 564 549 89 572 80 100 
2 9 311 254 564 550 92 575 80 99 
2 9 311 254 564 551 92 575 80 99 
2 9 311 254 564 552 92 575 80 99 
2 9 311 254 564 553 94 575 80 99 
2 9 311 254 564 554 94 575 80 99 
2 9 311 254 564 555 94 575 80 99 
2 9 311 254 564 556 97 575 80 99 
2 9 311 254 564 557 97 575 80 99 
2 9 311 254 564 558 97 575 80 99 
2 9 311 254 564 559 100 575 80 99 
2 9 311 254 564 560 100 575 80 99 
2 9 311 254 564 561 100 575 80 99 
2 9 311 254 564 562 102 575 80 99 
2 9 311 254 564 563 102 575 80 99 
2 9 311 254 564 564 102 575 80 99 
