80 9 345 317 661 317 0 571 53 124 
80 9 345 317 661 318 0 571 53 124 
80 9 345 317 661 319 0 569 53 124 
80 9 345 317 661 320 0 569 56 124 
80 9 345 317 661 321 0 569 56 123 
80 9 345 317 661 322 0 567 56 126 
80 9 345 317 661 323 0 567 55 123 
80 9 345 317 661 324 0 565 55 126 
80 9 345 317 661 325 0 565 55 123 
80 9 345 317 661 326 0 563 55 126 
80 9 345 317 661 327 0 563 56 126 
80 9 345 317 661 328 0 563 56 123 
80 9 345 317 661 329 0 562 56 124 
80 9 345 317 661 330 0 562 56 121 
80 9 345 317 661 331 0 560 56 124 
80 9 345 317 661 332 0 560 56 123 
80 9 345 317 661 333 0 558 56 126 
80 9 345 317 661 334 0 558 58 123 
80 9 345 317 661 335 0 558 58 123 
80 9 345 317 661 336 0 556 58 126 
80 9 345 317 661 337 0 556 58 123 
80 9 345 317 661 338 0 555 58 124 
80 9 345 317 661 339 0 555 57 121 
80 9 345 317 661 340 0 553 60 124 
80 9 345 317 661 341 0 553 60 123 
80 9 345 317 661 342 0 553 60 123 
80 9 345 317 661 343 0 551 60 123 
80 9 345 317 661 344 0 551 60 123 
80 9 345 317 661 345 0 549 59 126 
80 9 345 317 661 346 0 549 59 123 
80 9 345 317 661 347 0 547 62 126 
80 9 345 317 661 348 0 547 62 123 
80 9 345 317 661 349 0 547 62 123 
80 9 345 317 661 350 1 546 60 121 
80 9 345 317 661 351 1 546 60 121 
80 9 345 317 661 352 1 544 60 123 
80 9 345 317 661 353 1 544 60 123 
80 9 345 317 661 354 0 542 64 126 
80 9 345 317 661 355 0 542 64 123 
80 9 345 317 661 356 1 542 62 123 
80 9 345 317 661 357 1 540 62 123 
80 9 345 317 661 358 1 540 62 123 
80 9 345 317 661 359 1 539 62 121 
80 9 345 317 661 360 1 539 64 121 
80 9 345 317 661 361 4 537 60 123 
80 9 345 317 661 362 4 537 60 123 
80 9 345 317 661 363 4 537 60 123 
80 9 345 317 661 364 4 535 60 123 
80 9 345 317 661 365 4 535 60 123 
80 9 345 317 661 366 4 533 60 123 
80 9 345 317 661 367 6 533 60 123 
80 9 345 317 661 368 6 531 60 123 
80 9 345 317 661 369 6 531 60 123 
80 9 345 317 661 370 6 532 60 120 
80 9 345 317 661 371 6 530 60 121 
80 9 345 317 661 372 6 530 60 121 
80 9 345 317 661 373 9 528 56 123 
80 9 345 317 661 374 8 528 60 123 
80 9 345 317 661 375 8 526 60 123 
80 9 345 317 661 376 8 526 60 123 
80 9 345 317 661 377 8 527 60 120 
80 9 345 317 661 378 9 524 58 123 
80 9 345 317 661 379 9 525 58 120 
80 9 345 317 661 380 8 523 62 121 
80 9 345 317 661 381 8 523 62 121 
80 9 345 317 661 382 8 521 62 123 
80 9 345 317 661 383 8 521 62 123 
80 9 345 317 661 384 11 522 58 120 
80 9 345 317 661 385 11 519 58 123 
80 9 345 317 661 386 11 520 58 120 
80 9 345 317 661 387 11 517 60 123 
80 9 345 317 661 388 11 518 60 120 
80 9 345 317 661 389 14 515 56 123 
80 9 345 317 661 390 14 515 56 123 
80 9 345 317 661 391 14 516 56 120 
80 9 345 317 661 392 14 514 56 121 
80 9 345 317 661 393 14 515 56 120 
80 9 345 317 661 394 13 512 60 123 
80 9 345 317 661 395 16 513 56 120 
80 9 345 317 661 396 16 510 56 123 
80 9 345 317 661 397 16 511 56 120 
80 9 345 317 661 398 16 511 56 120 
80 9 345 317 661 399 16 508 56 123 
80 9 345 317 661 400 18 509 56 120 
80 9 345 317 661 401 18 507 56 121 
80 9 345 317 661 402 18 508 56 120 
80 9 345 317 661 403 18 505 56 123 
80 9 345 317 661 404 18 506 56 120 
80 9 345 317 661 405 18 506 56 120 
80 9 345 317 661 406 19 504 54 120 
80 9 345 317 661 407 18 504 58 120 
80 9 345 317 661 408 18 501 58 123 
80 9 345 317 661 409 18 502 58 120 
80 9 345 317 661 410 18 499 58 123 
80 9 345 317 661 411 21 500 54 120 
80 9 345 317 661 412 21 500 54 120 
80 9 345 317 661 413 21 499 54 120 
80 9 345 317 661 414 20 499 58 120 
80 9 345 317 661 415 20 497 58 120 
80 9 345 317 661 416 20 497 58 120 
80 9 345 317 661 417 23 494 54 123 
80 9 345 317 661 418 23 495 54 120 
80 9 345 317 661 419 23 495 54 120 
80 9 345 317 661 420 23 493 56 120 
80 9 345 317 661 421 23 493 56 120 
80 9 345 317 661 422 26 492 52 120 
80 9 345 317 661 423 26 492 52 120 
80 9 345 317 661 424 26 490 52 120 
80 9 345 317 661 425 26 490 52 120 
80 9 345 317 661 426 26 490 52 120 
80 9 345 317 661 427 25 488 56 120 
80 9 345 317 661 428 26 488 54 120 
80 9 345 317 661 429 26 486 54 120 
80 9 345 317 661 430 26 486 54 120 
80 9 345 317 661 431 26 484 54 120 
80 9 345 317 661 432 26 484 54 120 
80 9 345 317 661 433 28 484 54 120 
80 9 345 317 661 434 28 483 54 120 
80 9 345 317 661 435 28 483 54 120 
80 9 345 317 661 436 28 483 54 117 
80 9 345 317 661 437 28 481 54 120 
80 9 345 317 661 438 28 481 54 120 
80 9 345 317 661 439 28 481 54 117 
80 9 345 317 661 440 28 479 54 120 
80 9 345 317 661 441 28 479 54 120 
80 9 345 317 661 442 28 479 54 117 
80 9 345 317 661 443 30 479 54 117 
80 9 345 317 661 444 30 477 54 120 
80 9 345 317 661 445 30 477 54 118 
80 9 345 317 661 446 30 477 54 118 
80 9 345 317 661 447 30 476 54 120 
80 9 345 317 661 448 30 476 54 117 
80 9 345 317 661 449 30 476 54 117 
80 9 345 317 661 450 30 476 54 117 
80 9 345 317 661 451 30 474 54 117 
80 9 345 317 661 452 33 474 52 117 
80 9 345 317 661 453 33 474 52 117 
80 9 345 317 661 454 33 472 52 117 
80 9 345 317 661 455 33 472 52 117 
80 9 345 317 661 456 33 472 52 117 
80 9 345 317 661 457 33 470 52 117 
80 9 345 317 661 458 33 470 52 117 
80 9 345 317 661 459 33 470 52 117 
80 9 345 317 661 460 33 470 52 115 
80 9 345 317 661 461 35 468 52 118 
80 9 345 317 661 462 35 468 52 118 
80 9 345 317 661 463 35 468 52 115 
80 9 345 317 661 464 35 467 52 117 
80 9 345 317 661 465 35 467 52 117 
80 9 345 317 661 466 35 468 52 114 
80 9 345 317 661 467 35 468 52 114 
80 9 345 317 661 468 35 465 52 117 
80 9 345 317 661 469 35 466 52 114 
80 9 345 317 661 470 35 466 52 114 
80 9 345 317 661 471 35 463 54 117 
80 9 345 317 661 472 35 463 54 115 
80 9 345 317 661 473 35 463 54 115 
80 9 345 317 661 474 35 461 54 118 
80 9 345 317 661 475 35 461 54 115 
80 9 345 317 661 476 35 461 54 115 
80 9 345 317 661 477 35 461 54 115 
80 9 345 317 661 478 35 461 54 114 
80 9 345 317 661 479 35 461 54 114 
80 9 345 317 661 480 37 461 54 114 
80 9 345 317 661 481 37 459 54 114 
80 9 345 317 661 482 37 459 54 114 
80 9 345 317 661 483 37 459 54 114 
80 9 345 317 661 484 37 459 54 111 
80 9 345 317 661 485 37 457 54 114 
80 9 345 317 661 486 37 457 54 114 
80 9 345 317 661 487 37 457 54 112 
80 9 345 317 661 488 37 454 54 115 
80 9 345 317 661 489 39 454 54 115 
80 9 345 317 661 490 39 455 54 112 
80 9 345 317 661 491 39 452 54 115 
80 9 345 317 661 492 39 452 54 115 
80 9 345 317 661 493 39 453 54 112 
80 9 345 317 661 494 39 453 54 112 
80 9 345 317 661 495 39 452 54 114 
80 9 345 317 661 496 39 452 54 111 
80 9 345 317 661 497 39 452 54 111 
80 9 345 317 661 498 42 450 52 114 
80 9 345 317 661 499 42 450 52 112 
80 9 345 317 661 500 42 450 52 112 
80 9 345 317 661 501 42 450 52 112 
80 9 345 317 661 502 42 448 52 112 
80 9 345 317 661 503 42 448 52 112 
80 9 345 317 661 504 42 448 52 112 
80 9 345 317 661 505 42 446 52 112 
80 9 345 317 661 506 42 446 52 112 
80 9 345 317 661 507 42 446 52 112 
80 9 345 317 661 508 42 445 54 111 
80 9 345 317 661 509 42 445 54 111 
80 9 345 317 661 510 42 445 54 111 
80 9 345 317 661 511 42 446 54 108 
80 9 345 317 661 512 42 443 54 111 
80 9 345 317 661 513 42 443 54 111 
80 9 345 317 661 514 42 443 54 109 
80 9 345 317 661 515 42 441 54 112 
80 9 345 317 661 516 42 441 54 112 
80 9 345 317 661 517 44 441 54 109 
80 9 345 317 661 518 44 441 54 109 
80 9 345 317 661 519 44 439 54 112 
80 9 345 317 661 520 44 439 54 109 
80 9 345 317 661 521 44 439 54 109 
80 9 345 317 661 522 44 437 54 112 
80 9 345 317 661 523 44 437 54 109 
80 9 345 317 661 524 44 437 54 109 
80 9 345 317 661 525 44 437 54 109 
80 9 345 317 661 526 46 436 54 109 
80 9 345 317 661 527 46 436 54 109 
80 9 345 317 661 528 46 436 54 109 
80 9 345 317 661 529 46 434 54 109 
80 9 345 317 661 530 46 434 54 109 
80 9 345 317 661 531 46 434 54 109 
80 9 345 317 661 532 46 432 54 109 
80 9 345 317 661 533 46 432 54 109 
80 9 345 317 661 534 46 432 54 109 
80 9 345 317 661 535 46 433 54 106 
80 9 345 317 661 536 49 430 52 109 
80 9 345 317 661 537 49 430 52 109 
80 9 345 317 661 538 49 431 52 106 
80 9 345 317 661 539 49 430 52 108 
80 9 345 317 661 540 49 430 52 108 
80 9 345 317 661 541 49 430 52 106 
80 9 345 317 661 542 49 430 52 106 
80 9 345 317 661 543 49 427 52 109 
80 9 345 317 661 544 49 428 52 106 
80 9 345 317 661 545 51 428 52 106 
80 9 345 317 661 546 51 425 52 109 
80 9 345 317 661 547 51 426 52 106 
80 9 345 317 661 548 51 426 52 106 
80 9 345 317 661 549 51 423 52 109 
80 9 345 317 661 550 51 424 52 106 
80 9 345 317 661 551 51 424 52 106 
80 9 345 317 661 552 51 424 52 106 
80 9 345 317 661 553 51 422 52 108 
80 9 345 317 661 554 51 422 54 108 
80 9 345 317 661 555 51 422 54 108 
80 9 345 317 661 556 51 421 54 106 
80 9 345 317 661 557 51 421 54 106 
80 9 345 317 661 558 51 421 54 106 
80 9 345 317 661 559 51 421 54 103 
80 9 345 317 661 560 51 419 54 106 
80 9 345 317 661 561 51 419 54 106 
80 9 345 317 661 562 51 419 54 103 
80 9 345 317 661 563 53 417 54 106 
80 9 345 317 661 564 53 417 54 106 
80 9 345 317 661 565 53 417 54 103 
80 9 345 317 661 566 53 415 54 106 
80 9 345 317 661 567 53 415 54 106 
80 9 345 317 661 568 53 415 54 105 
80 9 345 317 661 569 53 415 54 105 
80 9 345 317 661 570 53 414 54 106 
80 9 345 317 661 571 53 414 54 103 
80 9 345 317 661 572 53 414 54 103 
80 9 345 317 661 573 55 412 54 106 
80 9 345 317 661 574 55 412 54 103 
80 9 345 317 661 575 55 412 54 103 
80 9 345 317 661 576 55 412 54 103 
80 9 345 317 661 577 55 410 54 103 
80 9 345 317 661 578 55 410 54 103 
80 9 345 317 661 579 55 410 54 103 
80 9 345 317 661 580 55 408 54 105 
80 9 345 317 661 581 55 408 54 105 
80 9 345 317 661 582 58 408 52 105 
80 9 345 317 661 583 58 406 52 105 
80 9 345 317 661 584 58 406 52 105 
80 9 345 317 661 585 58 406 52 105 
80 9 345 317 661 586 58 407 52 102 
80 9 345 317 661 587 58 405 52 103 
80 9 345 317 661 588 58 405 52 103 
80 9 345 317 661 589 58 406 52 100 
80 9 345 317 661 590 58 403 52 103 
80 9 345 317 661 591 58 403 54 103 
80 9 345 317 661 592 58 404 54 100 
80 9 345 317 661 593 58 404 54 100 
80 9 345 317 661 594 58 401 54 103 
80 9 345 317 661 595 58 402 54 102 
80 9 345 317 661 596 58 402 54 102 
80 9 345 317 661 597 58 399 54 105 
80 9 345 317 661 598 58 400 54 102 
80 9 345 317 661 599 58 400 54 102 
80 9 345 317 661 600 60 400 54 102 
80 9 345 317 661 601 60 399 54 100 
80 9 345 317 661 602 60 399 54 100 
80 9 345 317 661 603 60 399 54 97 
80 9 345 317 661 604 60 397 54 100 
80 9 345 317 661 605 60 397 54 99 
80 9 345 317 661 606 63 397 50 99 
80 9 345 317 661 607 63 395 50 99 
80 9 345 317 661 608 63 395 50 99 
80 9 345 317 661 609 63 396 50 96 
80 9 345 317 661 610 63 393 50 99 
80 9 345 317 661 611 65 393 50 99 
80 9 345 317 661 612 65 394 50 96 
80 9 345 317 661 613 65 391 50 99 
80 9 345 317 661 614 65 392 50 96 
80 9 345 317 661 615 65 392 50 96 
80 9 345 317 661 616 65 391 50 96 
80 9 345 317 661 617 68 391 46 96 
80 9 345 317 661 618 68 391 46 93 
80 9 345 317 661 619 68 389 46 96 
80 9 345 317 661 620 68 389 46 93 
80 9 345 317 661 621 68 389 46 93 
80 9 345 317 661 622 69 389 46 93 
80 9 345 317 661 623 69 387 46 93 
80 9 345 317 661 624 69 387 46 93 
80 9 345 317 661 625 69 387 46 93 
80 9 345 317 661 626 69 387 46 91 
80 9 345 317 661 627 69 385 46 94 
80 9 345 317 661 628 69 385 46 94 
80 9 345 317 661 629 69 385 46 91 
80 9 345 317 661 630 69 385 46 91 
80 9 345 317 661 631 69 385 46 91 
80 9 345 317 661 632 69 384 46 93 
80 9 345 317 661 633 69 385 46 90 
80 9 345 317 661 634 69 385 46 90 
80 9 345 317 661 635 69 385 46 90 
80 9 345 317 661 636 69 385 46 87 
80 9 345 317 661 637 69 383 46 90 
80 9 345 317 661 638 69 383 46 90 
80 9 345 317 661 639 69 383 46 90 
80 9 345 317 661 640 69 383 46 87 
80 9 345 317 661 641 69 383 46 87 
80 9 345 317 661 642 69 381 46 90 
80 9 345 317 661 643 69 381 46 88 
80 9 345 317 661 644 69 381 46 88 
80 9 345 317 661 645 69 381 46 88 
80 9 345 317 661 646 71 381 46 88 
80 9 345 317 661 647 71 379 46 88 
80 9 345 317 661 648 71 379 46 88 
80 9 345 317 661 649 71 379 46 88 
80 9 345 317 661 650 71 377 46 88 
80 9 345 317 661 651 73 377 46 88 
80 9 345 317 661 652 73 377 46 88 
80 9 345 317 661 653 73 376 46 87 
80 9 345 317 661 654 73 376 46 87 
80 9 345 317 661 655 75 376 46 87 
80 9 345 317 661 656 75 376 46 85 
80 9 345 317 661 657 75 376 46 85 
80 9 345 317 661 658 75 376 46 85 
80 9 345 317 661 659 75 377 46 82 
80 9 345 317 661 660 75 377 46 82 
80 9 345 317 661 661 76 377 48 82 
