39 9 709 0 708 0 1050 832 96 144 
39 9 709 0 708 1 1048 829 96 144 
39 9 709 0 708 2 1048 829 96 144 
39 9 709 0 708 3 1048 829 96 144 
39 9 709 0 708 4 1048 829 96 144 
39 9 709 0 708 5 1048 829 96 144 
39 9 709 0 708 6 1048 826 96 144 
39 9 709 0 708 7 1048 826 96 144 
39 9 709 0 708 8 1048 826 96 144 
39 9 709 0 708 9 1048 826 96 144 
39 9 709 0 708 10 1048 826 96 144 
39 9 709 0 708 11 1048 826 96 144 
39 9 709 0 708 12 1045 824 96 144 
39 9 709 0 708 13 1045 824 96 144 
39 9 709 0 708 14 1045 824 96 144 
39 9 709 0 708 15 1045 824 96 144 
39 9 709 0 708 16 1045 824 96 144 
39 9 709 0 708 17 1045 824 96 144 
39 9 709 0 708 18 1045 821 96 144 
39 9 709 0 708 19 1045 821 96 144 
39 9 709 0 708 20 1045 821 96 144 
39 9 709 0 708 21 1045 821 96 144 
39 9 709 0 708 22 1045 821 96 144 
39 9 709 0 708 23 1042 821 96 144 
39 9 709 0 708 24 1042 818 96 144 
39 9 709 0 708 25 1042 818 96 144 
39 9 709 0 708 26 1042 818 96 144 
39 9 709 0 708 27 1042 818 96 144 
39 9 709 0 708 28 1042 818 96 144 
39 9 709 0 708 29 1042 816 96 144 
39 9 709 0 708 30 1042 816 96 144 
39 9 709 0 708 31 1042 816 96 144 
39 9 709 0 708 32 1042 816 96 144 
39 9 709 0 708 33 1042 816 96 144 
39 9 709 0 708 34 1040 816 96 144 
39 9 709 0 708 35 1040 813 96 144 
39 9 709 0 708 36 1040 813 96 144 
39 9 709 0 708 37 1040 813 96 144 
39 9 709 0 708 38 1040 813 96 144 
39 9 709 0 708 39 1040 813 96 144 
39 9 709 0 708 40 1040 813 96 144 
39 9 709 0 708 41 1040 810 96 144 
39 9 709 0 708 42 1040 810 96 144 
39 9 709 0 708 43 1040 810 96 144 
39 9 709 0 708 44 1040 810 96 144 
39 9 709 0 708 45 1037 810 96 144 
39 9 709 0 708 46 1037 810 96 144 
39 9 709 0 708 47 1037 808 96 144 
39 9 709 0 708 48 1037 808 96 144 
39 9 709 0 708 49 1037 808 96 144 
39 9 709 0 708 50 1037 808 96 144 
39 9 709 0 708 51 1037 808 96 144 
39 9 709 0 708 52 1037 805 96 144 
39 9 709 0 708 53 1037 805 96 144 
39 9 709 0 708 54 1037 805 96 144 
39 9 709 0 708 55 1037 805 96 144 
39 9 709 0 708 56 1034 805 96 144 
39 9 709 0 708 57 1034 805 96 144 
39 9 709 0 708 58 1034 802 96 144 
39 9 709 0 708 59 1034 802 96 144 
39 9 709 0 708 60 1034 802 96 144 
39 9 709 0 708 61 1034 802 96 144 
39 9 709 0 708 62 1034 802 96 144 
39 9 709 0 708 63 1034 802 96 144 
39 9 709 0 708 64 1034 800 96 144 
39 9 709 0 708 65 1034 800 96 144 
39 9 709 0 708 66 1034 800 96 144 
39 9 709 0 708 67 1032 800 96 144 
39 9 709 0 708 68 1032 800 96 144 
39 9 709 0 708 69 1032 800 96 144 
39 9 709 0 708 70 1032 797 96 144 
39 9 709 0 708 71 1032 797 96 144 
39 9 709 0 708 72 1032 797 96 144 
39 9 709 0 708 73 1032 797 96 144 
39 9 709 0 708 74 1032 797 96 144 
39 9 709 0 708 75 1032 794 96 144 
39 9 709 0 708 76 1032 794 96 144 
39 9 709 0 708 77 1032 794 96 144 
39 9 709 0 708 78 1029 794 96 144 
39 9 709 0 708 79 1029 794 96 144 
39 9 709 0 708 80 1029 794 96 144 
39 9 709 0 708 81 1029 792 96 144 
39 9 709 0 708 82 1029 792 96 144 
39 9 709 0 708 83 1029 792 96 144 
39 9 709 0 708 84 1029 792 96 144 
39 9 709 0 708 85 1029 792 96 144 
39 9 709 0 708 86 1029 792 96 144 
39 9 709 0 708 87 1029 789 96 144 
39 9 709 0 708 88 1029 789 96 144 
39 9 709 0 708 89 1026 789 96 144 
39 9 709 0 708 90 1026 789 96 144 
39 9 709 0 708 91 1026 789 96 144 
39 9 709 0 708 92 1026 789 96 144 
39 9 709 0 708 93 1026 786 96 144 
39 9 709 0 708 94 1026 786 96 144 
39 9 709 0 708 95 1026 786 96 144 
39 9 709 0 708 96 1026 786 96 144 
39 9 709 0 708 97 1026 786 96 144 
39 9 709 0 708 98 1026 784 96 144 
39 9 709 0 708 99 1026 784 96 144 
39 9 709 0 708 100 1024 784 96 144 
39 9 709 0 708 101 1024 784 96 144 
39 9 709 0 708 102 1024 784 96 144 
39 9 709 0 708 103 1024 784 96 144 
39 9 709 0 708 104 1024 781 96 144 
39 9 709 0 708 105 1024 781 96 144 
39 9 709 0 708 106 1024 781 96 144 
39 9 709 0 708 107 1024 781 96 144 
39 9 709 0 708 108 1024 781 96 144 
39 9 709 0 708 109 1024 781 96 144 
39 9 709 0 708 110 1024 778 96 144 
39 9 709 0 708 111 1021 778 96 144 
39 9 709 0 708 112 1021 778 96 144 
39 9 709 0 708 113 1021 778 96 144 
39 9 709 0 708 114 1021 778 96 144 
39 9 709 0 708 115 1021 778 96 144 
39 9 709 0 708 116 1021 776 96 144 
39 9 709 0 708 117 1021 776 96 144 
39 9 709 0 708 118 1021 776 96 144 
39 9 709 0 708 119 1021 776 96 144 
39 9 709 0 708 120 1021 776 96 144 
39 9 709 0 708 121 1021 776 96 144 
39 9 709 0 708 122 1021 776 96 144 
39 9 709 0 708 123 1021 776 96 144 
39 9 709 0 708 124 1021 776 96 144 
39 9 709 0 708 125 1021 776 96 144 
39 9 709 0 708 126 1021 776 96 144 
39 9 709 0 708 127 1021 776 96 144 
39 9 709 0 708 128 1021 776 96 144 
39 9 709 0 708 129 1021 776 96 144 
39 9 709 0 708 130 1021 776 96 144 
39 9 709 0 708 131 1021 776 96 144 
39 9 709 0 708 132 1021 776 96 144 
39 9 709 0 708 133 1021 776 96 144 
39 9 709 0 708 134 1021 776 96 144 
39 9 709 0 708 135 1021 776 96 144 
39 9 709 0 708 136 1021 776 96 144 
39 9 709 0 708 137 1021 776 96 144 
39 9 709 0 708 138 1021 776 96 144 
39 9 709 0 708 139 1021 776 96 144 
39 9 709 0 708 140 1021 776 96 144 
39 9 709 0 708 141 1021 776 96 144 
39 9 709 0 708 142 1021 776 96 144 
39 9 709 0 708 143 1025 776 90 144 
39 9 709 0 708 144 1025 776 90 144 
39 9 709 0 708 145 1025 776 90 144 
39 9 709 0 708 146 1025 776 90 144 
39 9 709 0 708 147 1025 776 90 144 
39 9 709 0 708 148 1025 776 90 144 
39 9 709 0 708 149 1025 776 90 144 
39 9 709 0 708 150 1025 776 90 144 
39 9 709 0 708 151 1025 776 90 144 
39 9 709 0 708 152 1025 776 90 144 
39 9 709 0 708 153 1025 776 90 144 
39 9 709 0 708 154 1025 776 90 144 
39 9 709 0 708 155 1025 776 90 144 
39 9 709 0 708 156 1025 776 90 144 
39 9 709 0 708 157 1025 776 90 144 
39 9 709 0 708 158 1025 776 90 144 
39 9 709 0 708 159 1025 776 90 144 
39 9 709 0 708 160 1025 776 90 144 
39 9 709 0 708 161 1025 776 90 144 
39 9 709 0 708 162 1025 776 90 144 
39 9 709 0 708 163 1025 776 90 144 
39 9 709 0 708 164 1025 776 90 144 
39 9 709 0 708 165 1028 776 86 144 
39 9 709 0 708 166 1028 776 86 144 
39 9 709 0 708 167 1028 776 86 144 
39 9 709 0 708 168 1028 776 86 144 
39 9 709 0 708 169 1028 776 86 144 
39 9 709 0 708 170 1028 776 86 144 
39 9 709 0 708 171 1028 776 86 144 
39 9 709 0 708 172 1028 776 86 144 
39 9 709 0 708 173 1028 776 86 144 
39 9 709 0 708 174 1028 776 86 144 
39 9 709 0 708 175 1028 776 86 144 
39 9 709 0 708 176 1028 776 86 144 
39 9 709 0 708 177 1028 776 86 144 
39 9 709 0 708 178 1028 776 86 144 
39 9 709 0 708 179 1028 776 86 144 
39 9 709 0 708 180 1028 776 86 144 
39 9 709 0 708 181 1028 776 86 144 
39 9 709 0 708 182 1028 776 86 144 
39 9 709 0 708 183 1028 776 86 144 
39 9 709 0 708 184 1028 776 86 144 
39 9 709 0 708 185 1028 776 86 144 
39 9 709 0 708 186 1033 776 80 144 
39 9 709 0 708 187 1033 776 80 144 
39 9 709 0 708 188 1033 776 80 144 
39 9 709 0 708 189 1033 776 80 144 
39 9 709 0 708 190 1033 776 80 144 
39 9 709 0 708 191 1033 776 80 144 
39 9 709 0 708 192 1033 776 80 144 
39 9 709 0 708 193 1033 776 80 144 
39 9 709 0 708 194 1033 776 80 144 
39 9 709 0 708 195 1033 776 80 144 
39 9 709 0 708 196 1033 776 80 144 
39 9 709 0 708 197 1033 776 80 144 
39 9 709 0 708 198 1033 776 80 144 
39 9 709 0 708 199 1033 776 80 144 
39 9 709 0 708 200 1033 776 80 144 
39 9 709 0 708 201 1033 776 80 144 
39 9 709 0 708 202 1033 776 80 144 
39 9 709 0 708 203 1033 776 80 144 
39 9 709 0 708 204 1033 776 80 144 
39 9 709 0 708 205 1033 776 80 144 
39 9 709 0 708 206 1033 776 80 144 
39 9 709 0 708 207 1033 776 80 144 
39 9 709 0 708 208 1037 776 74 144 
39 9 709 0 708 209 1037 776 74 144 
39 9 709 0 708 210 1037 776 74 144 
39 9 709 0 708 211 1037 776 74 144 
39 9 709 0 708 212 1037 776 74 144 
39 9 709 0 708 213 1037 776 74 144 
39 9 709 0 708 214 1037 776 74 144 
39 9 709 0 708 215 1037 776 74 144 
39 9 709 0 708 216 1037 776 74 144 
39 9 709 0 708 217 1037 776 74 144 
39 9 709 0 708 218 1037 776 74 144 
39 9 709 0 708 219 1037 776 74 144 
39 9 709 0 708 220 1037 776 74 144 
39 9 709 0 708 221 1037 776 74 144 
39 9 709 0 708 222 1037 776 74 144 
39 9 709 0 708 223 1037 776 74 144 
39 9 709 0 708 224 1037 776 74 144 
39 9 709 0 708 225 1037 776 74 144 
39 9 709 0 708 226 1037 776 74 144 
39 9 709 0 708 227 1037 776 74 144 
39 9 709 0 708 228 1037 776 74 144 
39 9 709 0 708 229 1040 776 70 144 
39 9 709 0 708 230 1040 773 70 144 
39 9 709 0 708 231 1040 773 70 144 
39 9 709 0 708 232 1040 773 70 144 
39 9 709 0 708 233 1040 773 70 144 
39 9 709 0 708 234 1040 773 70 144 
39 9 709 0 708 235 1040 773 70 144 
39 9 709 0 708 236 1040 773 70 144 
39 9 709 0 708 237 1040 773 70 144 
39 9 709 0 708 238 1040 773 70 144 
39 9 709 0 708 239 1040 773 70 144 
39 9 709 0 708 240 1040 773 70 144 
39 9 709 0 708 241 1040 773 70 144 
39 9 709 0 708 242 1040 773 70 144 
39 9 709 0 708 243 1040 773 70 144 
39 9 709 0 708 244 1040 773 70 144 
39 9 709 0 708 245 1040 773 70 144 
39 9 709 0 708 246 1040 773 70 144 
39 9 709 0 708 247 1040 770 70 144 
39 9 709 0 708 248 1040 770 70 144 
39 9 709 0 708 249 1040 770 70 144 
39 9 709 0 708 250 1040 770 70 144 
39 9 709 0 708 251 1040 770 70 144 
39 9 709 0 708 252 1040 770 70 144 
39 9 709 0 708 253 1040 770 70 144 
39 9 709 0 708 254 1040 770 70 144 
39 9 709 0 708 255 1040 770 70 144 
39 9 709 0 708 256 1040 770 70 144 
39 9 709 0 708 257 1040 770 70 144 
39 9 709 0 708 258 1040 770 70 144 
39 9 709 0 708 259 1040 770 70 144 
39 9 709 0 708 260 1040 770 70 144 
39 9 709 0 708 261 1040 770 70 144 
39 9 709 0 708 262 1040 770 70 144 
39 9 709 0 708 263 1040 770 70 144 
39 9 709 0 708 264 1040 770 70 144 
39 9 709 0 708 265 1040 768 70 144 
39 9 709 0 708 266 1040 768 70 144 
39 9 709 0 708 267 1040 768 70 144 
39 9 709 0 708 268 1040 768 70 144 
39 9 709 0 708 269 1040 768 70 144 
39 9 709 0 708 270 1040 768 70 144 
39 9 709 0 708 271 1040 768 70 144 
39 9 709 0 708 272 1040 768 70 144 
39 9 709 0 708 273 1040 768 70 144 
39 9 709 0 708 274 1040 768 70 144 
39 9 709 0 708 275 1040 768 70 144 
39 9 709 0 708 276 1040 768 70 144 
39 9 709 0 708 277 1040 768 70 144 
39 9 709 0 708 278 1040 768 70 144 
39 9 709 0 708 279 1040 768 70 144 
39 9 709 0 708 280 1040 768 70 144 
39 9 709 0 708 281 1040 768 70 144 
39 9 709 0 708 282 1040 768 70 144 
39 9 709 0 708 283 1040 765 70 144 
39 9 709 0 708 284 1040 765 70 144 
39 9 709 0 708 285 1040 765 70 144 
39 9 709 0 708 286 1040 765 70 144 
39 9 709 0 708 287 1040 765 70 144 
39 9 709 0 708 288 1040 765 70 144 
39 9 709 0 708 289 1040 765 70 144 
39 9 709 0 708 290 1040 765 70 144 
39 9 709 0 708 291 1040 765 70 144 
39 9 709 0 708 292 1040 765 70 144 
39 9 709 0 708 293 1040 765 70 144 
39 9 709 0 708 294 1040 765 70 144 
39 9 709 0 708 295 1040 765 70 144 
39 9 709 0 708 296 1040 765 70 144 
39 9 709 0 708 297 1040 765 70 144 
39 9 709 0 708 298 1040 765 70 144 
39 9 709 0 708 299 1040 765 70 144 
39 9 709 0 708 300 1040 765 70 144 
39 9 709 0 708 301 1037 765 74 144 
39 9 709 0 708 302 1037 765 74 144 
39 9 709 0 708 303 1037 765 74 144 
39 9 709 0 708 304 1037 765 74 144 
39 9 709 0 708 305 1037 765 74 144 
39 9 709 0 708 306 1037 765 74 144 
39 9 709 0 708 307 1037 765 74 144 
39 9 709 0 708 308 1037 765 74 144 
39 9 709 0 708 309 1037 765 74 144 
39 9 709 0 708 310 1037 765 74 144 
39 9 709 0 708 311 1037 765 74 144 
39 9 709 0 708 312 1037 765 74 144 
39 9 709 0 708 313 1037 765 74 144 
39 9 709 0 708 314 1037 765 74 144 
39 9 709 0 708 315 1037 765 74 144 
39 9 709 0 708 316 1037 765 74 144 
39 9 709 0 708 317 1037 765 74 144 
39 9 709 0 708 318 1037 765 74 144 
39 9 709 0 708 319 1037 765 74 144 
39 9 709 0 708 320 1037 765 74 144 
39 9 709 0 708 321 1037 765 74 144 
39 9 709 0 708 322 1037 765 74 144 
39 9 709 0 708 323 1037 765 74 144 
39 9 709 0 708 324 1037 765 74 144 
39 9 709 0 708 325 1037 764 74 148 
39 9 709 0 708 326 1037 764 74 148 
39 9 709 0 708 327 1037 764 74 148 
39 9 709 0 708 328 1037 764 74 148 
39 9 709 0 708 329 1037 764 74 148 
39 9 709 0 708 330 1037 764 74 148 
39 9 709 0 708 331 1037 764 74 148 
39 9 709 0 708 332 1037 764 74 148 
39 9 709 0 708 333 1037 764 74 148 
39 9 709 0 708 334 1037 764 74 148 
39 9 709 0 708 335 1033 764 80 148 
39 9 709 0 708 336 1033 764 80 148 
39 9 709 0 708 337 1033 764 80 148 
39 9 709 0 708 338 1033 764 80 148 
39 9 709 0 708 339 1033 764 80 148 
39 9 709 0 708 340 1033 764 80 148 
39 9 709 0 708 341 1033 764 80 148 
39 9 709 0 708 342 1033 764 80 148 
39 9 709 0 708 343 1033 764 80 148 
39 9 709 0 708 344 1033 764 80 148 
39 9 709 0 708 345 1033 764 80 148 
39 9 709 0 708 346 1033 764 80 148 
39 9 709 0 708 347 1033 764 80 148 
39 9 709 0 708 348 1033 764 80 148 
39 9 709 0 708 349 1033 763 80 151 
39 9 709 0 708 350 1033 763 80 151 
39 9 709 0 708 351 1033 763 80 151 
39 9 709 0 708 352 1033 763 80 151 
39 9 709 0 708 353 1033 763 80 151 
39 9 709 0 708 354 1033 763 80 151 
39 9 709 0 708 355 1033 763 80 151 
39 9 709 0 708 356 1033 763 80 151 
39 9 709 0 708 357 1031 763 86 151 
39 9 709 0 708 358 1031 763 86 151 
39 9 709 0 708 359 1031 763 86 151 
39 9 709 0 708 360 1031 763 86 151 
39 9 709 0 708 361 1031 763 86 151 
39 9 709 0 708 362 1031 763 86 151 
39 9 709 0 708 363 1031 763 86 151 
39 9 709 0 708 364 1031 763 86 151 
39 9 709 0 708 365 1031 763 86 151 
39 9 709 0 708 366 1031 763 86 151 
39 9 709 0 708 367 1031 763 86 151 
39 9 709 0 708 368 1031 763 86 151 
39 9 709 0 708 369 1027 763 92 151 
39 9 709 0 708 370 1027 763 92 151 
39 9 709 0 708 371 1027 763 92 151 
39 9 709 0 708 372 1027 763 92 151 
39 9 709 0 708 373 1027 763 92 151 
39 9 709 0 708 374 1027 763 92 156 
39 9 709 0 708 375 1027 763 92 156 
39 9 709 0 708 376 1027 763 92 156 
39 9 709 0 708 377 1027 763 92 156 
39 9 709 0 708 378 1027 763 92 156 
39 9 709 0 708 379 1027 763 92 156 
39 9 709 0 708 380 1027 763 92 156 
39 9 709 0 708 381 1027 763 92 156 
39 9 709 0 708 382 1027 763 92 156 
39 9 709 0 708 383 1027 763 92 156 
39 9 709 0 708 384 1027 763 92 156 
39 9 709 0 708 385 1027 763 92 156 
39 9 709 0 708 386 1027 766 92 151 
39 9 709 0 708 387 1027 766 92 151 
39 9 709 0 708 388 1027 766 92 151 
39 9 709 0 708 389 1027 766 92 151 
39 9 709 0 708 390 1027 766 92 151 
39 9 709 0 708 391 1027 766 92 151 
39 9 709 0 708 392 1027 766 92 151 
39 9 709 0 708 393 1027 766 92 151 
39 9 709 0 708 394 1027 766 92 151 
39 9 709 0 708 395 1027 766 92 151 
39 9 709 0 708 396 1027 766 92 151 
39 9 709 0 708 397 1027 766 92 151 
39 9 709 0 708 398 1027 766 92 156 
39 9 709 0 708 399 1027 766 92 156 
39 9 709 0 708 400 1027 766 92 156 
39 9 709 0 708 401 1027 766 92 156 
39 9 709 0 708 402 1027 766 92 156 
39 9 709 0 708 403 1024 766 96 156 
39 9 709 0 708 404 1024 766 96 156 
39 9 709 0 708 405 1024 766 96 156 
39 9 709 0 708 406 1024 766 96 156 
39 9 709 0 708 407 1024 766 96 156 
39 9 709 0 708 408 1024 766 96 156 
39 9 709 0 708 409 1024 766 96 156 
39 9 709 0 708 410 1024 766 96 156 
39 9 709 0 708 411 1024 766 96 156 
39 9 709 0 708 412 1024 766 96 156 
39 9 709 0 708 413 1024 766 96 156 
39 9 709 0 708 414 1023 766 100 156 
39 9 709 0 708 415 1023 766 100 156 
39 9 709 0 708 416 1023 766 100 156 
39 9 709 0 708 417 1023 766 100 156 
39 9 709 0 708 418 1023 766 100 156 
39 9 709 0 708 419 1023 766 100 156 
39 9 709 0 708 420 1023 766 100 156 
39 9 709 0 708 421 1023 766 100 156 
39 9 709 0 708 422 1023 766 100 156 
39 9 709 0 708 423 1023 765 100 159 
39 9 709 0 708 424 1023 765 100 159 
39 9 709 0 708 425 1023 765 100 159 
39 9 709 0 708 426 1023 765 100 159 
39 9 709 0 708 427 1023 765 100 159 
39 9 709 0 708 428 1023 765 100 159 
39 9 709 0 708 429 1023 765 100 159 
39 9 709 0 708 430 1023 765 100 159 
39 9 709 0 708 431 1023 765 100 159 
39 9 709 0 708 432 1023 765 100 159 
39 9 709 0 708 433 1023 765 100 159 
39 9 709 0 708 434 1023 765 100 159 
39 9 709 0 708 435 1023 765 100 159 
39 9 709 0 708 436 1023 765 100 159 
39 9 709 0 708 437 1018 765 106 159 
39 9 709 0 708 438 1018 765 106 159 
39 9 709 0 708 439 1018 765 106 159 
39 9 709 0 708 440 1018 765 106 159 
39 9 709 0 708 441 1018 765 106 159 
39 9 709 0 708 442 1018 765 106 159 
39 9 709 0 708 443 1018 765 106 159 
39 9 709 0 708 444 1018 765 106 159 
39 9 709 0 708 445 1018 765 106 159 
39 9 709 0 708 446 1018 765 106 159 
39 9 709 0 708 447 1018 764 106 163 
39 9 709 0 708 448 1018 764 106 163 
39 9 709 0 708 449 1018 764 106 163 
39 9 709 0 708 450 1018 764 106 163 
39 9 709 0 708 451 1018 764 106 163 
39 9 709 0 708 452 1018 764 106 163 
39 9 709 0 708 453 1018 764 106 163 
39 9 709 0 708 454 1018 764 106 163 
39 9 709 0 708 455 1018 764 106 163 
39 9 709 0 708 456 1018 764 106 163 
39 9 709 0 708 457 1018 764 106 163 
39 9 709 0 708 458 1018 764 106 163 
39 9 709 0 708 459 1018 764 106 163 
39 9 709 0 708 460 1018 764 106 163 
39 9 709 0 708 461 1018 764 106 163 
39 9 709 0 708 462 1018 764 106 163 
39 9 709 0 708 463 1018 764 106 163 
39 9 709 0 708 464 1018 764 106 163 
39 9 709 0 708 465 1018 764 106 163 
39 9 709 0 708 466 1018 764 106 163 
39 9 709 0 708 467 1018 764 106 163 
39 9 709 0 708 468 1018 764 106 163 
39 9 709 0 708 469 1018 764 106 163 
39 9 709 0 708 470 1018 764 106 163 
39 9 709 0 708 471 1017 766 112 165 
39 9 709 0 708 472 1017 764 112 163 
39 9 709 0 708 473 1017 764 112 163 
39 9 709 0 708 474 1017 764 112 163 
39 9 709 0 708 475 1017 764 112 163 
39 9 709 0 708 476 1017 764 112 163 
39 9 709 0 708 477 1017 761 112 163 
39 9 709 0 708 478 1017 761 112 163 
39 9 709 0 708 479 1017 761 112 163 
39 9 709 0 708 480 1017 761 112 163 
39 9 709 0 708 481 1017 761 112 163 
39 9 709 0 708 482 1017 761 112 163 
39 9 709 0 708 483 1017 758 112 165 
39 9 709 0 708 484 1017 758 112 165 
39 9 709 0 708 485 1017 758 112 165 
39 9 709 0 708 486 1017 758 112 165 
39 9 709 0 708 487 1017 758 112 165 
39 9 709 0 708 488 1017 756 112 163 
39 9 709 0 708 489 1017 756 112 163 
39 9 709 0 708 490 1017 756 112 163 
39 9 709 0 708 491 1017 756 112 163 
39 9 709 0 708 492 1017 756 112 163 
39 9 709 0 708 493 1017 756 112 163 
39 9 709 0 708 494 1017 753 112 163 
39 9 709 0 708 495 1017 753 112 163 
39 9 709 0 708 496 1017 753 112 163 
39 9 709 0 708 497 1017 753 112 163 
39 9 709 0 708 498 1017 753 112 163 
39 9 709 0 708 499 1017 750 112 165 
39 9 709 0 708 500 1017 750 112 165 
39 9 709 0 708 501 1017 750 112 165 
39 9 709 0 708 502 1017 750 112 165 
39 9 709 0 708 503 1017 750 112 165 
39 9 709 0 708 504 1017 750 112 165 
39 9 709 0 708 505 1018 748 106 163 
39 9 709 0 708 506 1018 748 106 163 
39 9 709 0 708 507 1018 748 106 163 
39 9 709 0 708 508 1018 748 106 163 
39 9 709 0 708 509 1018 748 106 163 
39 9 709 0 708 510 1018 748 106 163 
39 9 709 0 708 511 1018 748 106 163 
39 9 709 0 708 512 1018 748 106 163 
39 9 709 0 708 513 1018 749 106 159 
39 9 709 0 708 514 1018 745 106 163 
39 9 709 0 708 515 1018 745 106 163 
39 9 709 0 708 516 1018 745 106 163 
39 9 709 0 708 517 1018 745 106 163 
39 9 709 0 708 518 1018 745 106 163 
39 9 709 0 708 519 1018 745 106 163 
39 9 709 0 708 520 1018 745 106 163 
39 9 709 0 708 521 1018 746 106 160 
39 9 709 0 708 522 1018 746 106 160 
39 9 709 0 708 523 1018 746 106 160 
39 9 709 0 708 524 1018 742 106 165 
39 9 709 0 708 525 1018 742 106 165 
39 9 709 0 708 526 1018 742 106 165 
39 9 709 0 708 527 1018 742 106 165 
39 9 709 0 708 528 1018 742 106 165 
39 9 709 0 708 529 1018 743 106 160 
39 9 709 0 708 530 1018 743 106 160 
39 9 709 0 708 531 1018 743 106 160 
39 9 709 0 708 532 1018 743 106 160 
39 9 709 0 708 533 1018 740 106 163 
39 9 709 0 708 534 1018 740 106 163 
39 9 709 0 708 535 1018 740 106 163 
39 9 709 0 708 536 1018 740 106 163 
39 9 709 0 708 537 1018 741 106 159 
39 9 709 0 708 538 1018 741 106 159 
39 9 709 0 708 539 1018 741 106 159 
39 9 709 0 708 540 1018 741 106 159 
39 9 709 0 708 541 1018 741 106 159 
39 9 709 0 708 542 1018 741 106 159 
39 9 709 0 708 543 1018 737 106 163 
39 9 709 0 708 544 1018 737 106 163 
39 9 709 0 708 545 1018 738 106 160 
39 9 709 0 708 546 1018 738 106 160 
39 9 709 0 708 547 1018 738 106 160 
39 9 709 0 708 548 1018 738 106 160 
39 9 709 0 708 549 1018 738 106 160 
39 9 709 0 708 550 1018 738 106 160 
39 9 709 0 708 551 1018 738 106 160 
39 9 709 0 708 552 1023 738 100 160 
39 9 709 0 708 553 1024 735 96 160 
39 9 709 0 708 554 1024 735 96 160 
39 9 709 0 708 555 1024 735 96 160 
39 9 709 0 708 556 1024 735 96 160 
39 9 709 0 708 557 1024 735 96 160 
39 9 709 0 708 558 1024 735 96 160 
39 9 709 0 708 559 1024 735 96 160 
39 9 709 0 708 560 1024 735 96 160 
39 9 709 0 708 561 1024 736 96 156 
39 9 709 0 708 562 1024 733 96 159 
39 9 709 0 708 563 1024 733 96 159 
39 9 709 0 708 564 1024 733 96 159 
39 9 709 0 708 565 1024 733 96 159 
39 9 709 0 708 566 1024 733 96 159 
39 9 709 0 708 567 1024 733 96 159 
39 9 709 0 708 568 1024 733 96 159 
39 9 709 0 708 569 1024 734 96 156 
39 9 709 0 708 570 1024 734 96 156 
39 9 709 0 708 571 1024 734 96 156 
39 9 709 0 708 572 1024 730 96 160 
39 9 709 0 708 573 1024 730 96 160 
39 9 709 0 708 574 1024 730 96 160 
39 9 709 0 708 575 1024 730 96 160 
39 9 709 0 708 576 1024 730 96 160 
39 9 709 0 708 577 1024 731 96 156 
39 9 709 0 708 578 1024 731 96 156 
39 9 709 0 708 579 1024 731 96 156 
39 9 709 0 708 580 1024 731 96 156 
39 9 709 0 708 581 1024 727 96 160 
39 9 709 0 708 582 1024 727 96 160 
39 9 709 0 708 583 1024 727 96 160 
39 9 709 0 708 584 1024 727 96 160 
39 9 709 0 708 585 1024 728 96 156 
39 9 709 0 708 586 1024 728 96 156 
39 9 709 0 708 587 1024 728 96 156 
39 9 709 0 708 588 1024 728 96 156 
39 9 709 0 708 589 1024 728 96 156 
39 9 709 0 708 590 1024 728 96 156 
39 9 709 0 708 591 1024 725 96 159 
39 9 709 0 708 592 1024 725 96 159 
39 9 709 0 708 593 1024 726 96 156 
39 9 709 0 708 594 1024 726 96 156 
39 9 709 0 708 595 1024 726 96 156 
39 9 709 0 708 596 1024 726 96 156 
39 9 709 0 708 597 1024 726 96 156 
39 9 709 0 708 598 1024 726 96 156 
39 9 709 0 708 599 1024 726 96 156 
39 9 709 0 708 600 1027 726 92 156 
39 9 709 0 708 601 1027 726 92 151 
39 9 709 0 708 602 1027 726 92 151 
39 9 709 0 708 603 1027 726 92 151 
39 9 709 0 708 604 1027 726 92 151 
39 9 709 0 708 605 1027 726 92 151 
39 9 709 0 708 606 1027 726 92 151 
39 9 709 0 708 607 1027 727 92 147 
39 9 709 0 708 608 1027 727 92 147 
39 9 709 0 708 609 1027 727 92 147 
39 9 709 0 708 610 1027 727 92 147 
39 9 709 0 708 611 1027 727 92 147 
39 9 709 0 708 612 1027 727 92 147 
39 9 709 0 708 613 1027 727 92 147 
39 9 709 0 708 614 1027 728 92 144 
39 9 709 0 708 615 1027 728 92 144 
39 9 709 0 708 616 1027 728 92 144 
39 9 709 0 708 617 1027 728 92 144 
39 9 709 0 708 618 1027 728 92 144 
39 9 709 0 708 619 1027 728 92 144 
39 9 709 0 708 620 1031 730 86 141 
39 9 709 0 708 621 1028 728 86 139 
39 9 709 0 708 622 1028 729 86 135 
39 9 709 0 708 623 1028 729 86 135 
39 9 709 0 708 624 1028 726 86 136 
39 9 709 0 708 625 1028 726 86 136 
39 9 709 0 708 626 1028 727 86 132 
39 9 709 0 708 627 1028 724 86 132 
39 9 709 0 708 628 1028 724 86 132 
39 9 709 0 708 629 1028 724 86 129 
39 9 709 0 708 630 1028 724 86 129 
39 9 709 0 708 631 1028 724 86 129 
39 9 709 0 708 632 1028 724 86 129 
39 9 709 0 708 633 1028 724 86 129 
39 9 709 0 708 634 1028 724 86 129 
39 9 709 0 708 635 1028 724 86 129 
39 9 709 0 708 636 1028 724 86 129 
39 9 709 0 708 637 1028 724 86 129 
39 9 709 0 708 638 1031 724 86 129 
39 9 709 0 708 639 1031 724 86 129 
39 9 709 0 708 640 1031 724 86 129 
39 9 709 0 708 641 1031 724 86 129 
39 9 709 0 708 642 1031 724 86 129 
39 9 709 0 708 643 1031 724 86 129 
39 9 709 0 708 644 1031 724 86 129 
39 9 709 0 708 645 1035 724 84 129 
39 9 709 0 708 646 1035 724 84 129 
39 9 709 0 708 647 1035 724 84 129 
39 9 709 0 708 648 1035 724 84 129 
39 9 709 0 708 649 1035 724 84 129 
39 9 709 0 708 650 1035 724 84 129 
39 9 709 0 708 651 1035 724 84 129 
39 9 709 0 708 652 1035 724 84 129 
39 9 709 0 708 653 1036 724 86 129 
39 9 709 0 708 654 1036 724 86 129 
39 9 709 0 708 655 1036 724 86 129 
39 9 709 0 708 656 1036 724 86 129 
39 9 709 0 708 657 1036 724 86 129 
39 9 709 0 708 658 1036 724 86 129 
39 9 709 0 708 659 1036 724 86 129 
39 9 709 0 708 660 1039 724 86 129 
39 9 709 0 708 661 1039 724 86 129 
39 9 709 0 708 662 1039 724 86 129 
39 9 709 0 708 663 1039 724 86 129 
39 9 709 0 708 664 1039 724 86 129 
39 9 709 0 708 665 1039 724 86 129 
39 9 709 0 708 666 1039 724 86 129 
39 9 709 0 708 667 1039 724 86 129 
39 9 709 0 708 668 1043 724 84 129 
39 9 709 0 708 669 1043 724 84 129 
39 9 709 0 708 670 1043 724 84 129 
39 9 709 0 708 671 1043 724 84 129 
39 9 709 0 708 672 1043 724 84 129 
39 9 709 0 708 673 1043 724 84 129 
39 9 709 0 708 674 1043 724 84 129 
39 9 709 0 708 675 1044 724 86 129 
39 9 709 0 708 676 1044 724 86 129 
39 9 709 0 708 677 1044 724 86 129 
39 9 709 0 708 678 1044 724 86 129 
39 9 709 0 708 679 1044 724 86 129 
39 9 709 0 708 680 1044 724 86 129 
39 9 709 0 708 681 1044 724 86 129 
39 9 709 0 708 682 1047 724 86 129 
39 9 709 0 708 683 1051 722 84 127 
39 9 709 0 708 684 1052 719 86 127 
39 9 709 0 708 685 1055 716 86 129 
39 9 709 0 708 686 1059 714 84 127 
39 9 709 0 708 687 1055 711 86 127 
39 9 709 0 708 688 1055 711 86 127 
39 9 709 0 708 689 1055 711 86 127 
39 9 709 0 708 690 1055 711 86 127 
39 9 709 0 708 691 1055 711 86 127 
39 9 709 0 708 692 1055 711 86 127 
39 9 709 0 708 693 1055 711 86 127 
39 9 709 0 708 694 1055 711 86 127 
39 9 709 0 708 695 1055 711 86 127 
39 9 709 0 708 696 1052 711 86 127 
39 9 709 0 708 697 1052 711 86 127 
39 9 709 0 708 698 1052 711 86 127 
39 9 709 0 708 699 1052 711 86 127 
39 9 709 0 708 700 1052 711 86 127 
39 9 709 0 708 701 1052 711 86 127 
39 9 709 0 708 702 1052 711 86 127 
39 9 709 0 708 703 1052 711 86 127 
39 9 709 0 708 704 1052 711 86 127 
39 9 709 0 708 705 1052 711 86 127 
39 9 709 0 708 706 1051 711 84 127 
39 9 709 0 708 707 1051 711 84 127 
39 9 709 0 708 708 1051 711 84 127 
