4 5 301 1761 2061 1761 960 898 156 164 
4 5 301 1761 2061 1762 960 898 156 164 
4 5 301 1761 2061 1763 960 898 156 164 
4 5 301 1761 2061 1764 960 898 156 164 
4 5 301 1761 2061 1765 960 898 156 164 
4 5 301 1761 2061 1766 960 898 156 164 
4 5 301 1761 2061 1767 960 898 156 164 
4 5 301 1761 2061 1768 960 898 156 164 
4 5 301 1761 2061 1769 960 898 156 164 
4 5 301 1761 2061 1770 960 898 156 164 
4 5 301 1761 2061 1771 960 898 156 164 
4 5 301 1761 2061 1772 960 898 156 164 
4 5 301 1761 2061 1773 960 898 156 164 
4 5 301 1761 2061 1774 960 898 156 164 
4 5 301 1761 2061 1775 960 898 156 164 
4 5 301 1761 2061 1776 960 898 156 164 
4 5 301 1761 2061 1777 960 898 156 164 
4 5 301 1761 2061 1778 960 898 156 164 
4 5 301 1761 2061 1779 960 898 156 164 
4 5 301 1761 2061 1780 960 898 156 164 
4 5 301 1761 2061 1781 960 898 156 164 
4 5 301 1761 2061 1782 960 898 156 164 
4 5 301 1761 2061 1783 960 898 156 164 
4 5 301 1761 2061 1784 960 898 156 164 
4 5 301 1761 2061 1785 960 898 156 164 
4 5 301 1761 2061 1786 960 898 156 164 
4 5 301 1761 2061 1787 960 898 156 164 
4 5 301 1761 2061 1788 960 898 156 164 
4 5 301 1761 2061 1789 960 898 156 164 
4 5 301 1761 2061 1790 960 898 156 164 
4 5 301 1761 2061 1791 960 898 156 164 
4 5 301 1761 2061 1792 960 898 156 164 
4 5 301 1761 2061 1793 960 898 156 164 
4 5 301 1761 2061 1794 960 898 156 164 
4 5 301 1761 2061 1795 960 898 156 164 
4 5 301 1761 2061 1796 960 898 156 164 
4 5 301 1761 2061 1797 960 898 156 164 
4 5 301 1761 2061 1798 960 898 156 164 
4 5 301 1761 2061 1799 960 898 156 164 
4 5 301 1761 2061 1800 960 898 156 164 
4 5 301 1761 2061 1801 960 898 156 164 
4 5 301 1761 2061 1802 960 898 156 164 
4 5 301 1761 2061 1803 960 898 156 164 
4 5 301 1761 2061 1804 960 898 156 164 
4 5 301 1761 2061 1805 960 898 156 164 
4 5 301 1761 2061 1806 960 898 156 164 
4 5 301 1761 2061 1807 960 898 156 164 
4 5 301 1761 2061 1808 960 898 156 164 
4 5 301 1761 2061 1809 960 898 156 164 
4 5 301 1761 2061 1810 960 898 156 164 
4 5 301 1761 2061 1811 960 898 156 164 
4 5 301 1761 2061 1812 960 898 156 164 
4 5 301 1761 2061 1813 960 898 156 164 
4 5 301 1761 2061 1814 960 898 156 164 
4 5 301 1761 2061 1815 960 898 156 164 
4 5 301 1761 2061 1816 960 898 156 164 
4 5 301 1761 2061 1817 960 898 156 164 
4 5 301 1761 2061 1818 960 898 156 164 
4 5 301 1761 2061 1819 960 898 156 164 
4 5 301 1761 2061 1820 960 898 156 164 
4 5 301 1761 2061 1821 960 898 156 164 
4 5 301 1761 2061 1822 960 898 156 164 
4 5 301 1761 2061 1823 960 898 156 164 
4 5 301 1761 2061 1824 960 898 156 164 
4 5 301 1761 2061 1825 960 898 156 164 
4 5 301 1761 2061 1826 960 898 156 164 
4 5 301 1761 2061 1827 960 898 156 164 
4 5 301 1761 2061 1828 960 898 156 164 
4 5 301 1761 2061 1829 960 898 156 164 
4 5 301 1761 2061 1830 960 898 156 164 
4 5 301 1761 2061 1831 960 898 156 164 
4 5 301 1761 2061 1832 960 898 156 164 
4 5 301 1761 2061 1833 960 898 156 164 
4 5 301 1761 2061 1834 960 898 156 164 
4 5 301 1761 2061 1835 960 898 156 164 
4 5 301 1761 2061 1836 960 898 156 164 
4 5 301 1761 2061 1837 960 898 156 164 
4 5 301 1761 2061 1838 960 898 156 164 
4 5 301 1761 2061 1839 960 898 156 164 
4 5 301 1761 2061 1840 960 898 156 164 
4 5 301 1761 2061 1841 960 898 156 164 
4 5 301 1761 2061 1842 960 898 156 164 
4 5 301 1761 2061 1843 960 898 156 164 
4 5 301 1761 2061 1844 960 898 156 164 
4 5 301 1761 2061 1845 960 898 156 164 
4 5 301 1761 2061 1846 960 898 156 164 
4 5 301 1761 2061 1847 960 898 156 164 
4 5 301 1761 2061 1848 960 898 156 164 
4 5 301 1761 2061 1849 960 898 156 164 
4 5 301 1761 2061 1850 960 898 156 164 
4 5 301 1761 2061 1851 960 898 156 164 
4 5 301 1761 2061 1852 960 898 156 164 
4 5 301 1761 2061 1853 960 898 156 164 
4 5 301 1761 2061 1854 960 898 156 164 
4 5 301 1761 2061 1855 960 898 156 164 
4 5 301 1761 2061 1856 960 898 156 164 
4 5 301 1761 2061 1857 960 898 156 164 
4 5 301 1761 2061 1858 960 898 156 164 
4 5 301 1761 2061 1859 960 898 156 164 
4 5 301 1761 2061 1860 960 898 156 164 
4 5 301 1761 2061 1861 960 898 156 164 
4 5 301 1761 2061 1862 960 898 156 164 
4 5 301 1761 2061 1863 960 898 156 164 
4 5 301 1761 2061 1864 960 898 156 164 
4 5 301 1761 2061 1865 960 898 156 164 
4 5 301 1761 2061 1866 960 898 156 164 
4 5 301 1761 2061 1867 960 898 156 164 
4 5 301 1761 2061 1868 960 898 156 164 
4 5 301 1761 2061 1869 960 898 156 164 
4 5 301 1761 2061 1870 960 898 156 164 
4 5 301 1761 2061 1871 960 898 156 164 
4 5 301 1761 2061 1872 960 898 156 164 
4 5 301 1761 2061 1873 960 898 156 164 
4 5 301 1761 2061 1874 960 898 156 164 
4 5 301 1761 2061 1875 960 898 156 164 
4 5 301 1761 2061 1876 960 898 156 164 
4 5 301 1761 2061 1877 960 898 156 164 
4 5 301 1761 2061 1878 960 898 156 164 
4 5 301 1761 2061 1879 960 898 156 164 
4 5 301 1761 2061 1880 960 898 156 164 
4 5 301 1761 2061 1881 960 898 156 164 
4 5 301 1761 2061 1882 960 898 156 164 
4 5 301 1761 2061 1883 960 898 156 164 
4 5 301 1761 2061 1884 960 898 156 164 
4 5 301 1761 2061 1885 960 898 156 164 
4 5 301 1761 2061 1886 960 898 156 164 
4 5 301 1761 2061 1887 960 898 156 164 
4 5 301 1761 2061 1888 960 898 156 164 
4 5 301 1761 2061 1889 960 898 156 164 
4 5 301 1761 2061 1890 960 898 156 164 
4 5 301 1761 2061 1891 960 898 156 164 
4 5 301 1761 2061 1892 960 898 156 164 
4 5 301 1761 2061 1893 960 898 156 164 
4 5 301 1761 2061 1894 960 898 156 164 
4 5 301 1761 2061 1895 960 898 156 164 
4 5 301 1761 2061 1896 960 898 156 164 
4 5 301 1761 2061 1897 960 898 156 164 
4 5 301 1761 2061 1898 960 898 156 164 
4 5 301 1761 2061 1899 960 898 156 164 
4 5 301 1761 2061 1900 960 898 156 164 
4 5 301 1761 2061 1901 960 898 156 164 
4 5 301 1761 2061 1902 960 898 156 164 
4 5 301 1761 2061 1903 960 898 156 164 
4 5 301 1761 2061 1904 960 898 156 164 
4 5 301 1761 2061 1905 960 898 156 164 
4 5 301 1761 2061 1906 960 898 156 164 
4 5 301 1761 2061 1907 960 898 156 164 
4 5 301 1761 2061 1908 960 898 156 164 
4 5 301 1761 2061 1909 960 898 156 164 
4 5 301 1761 2061 1910 960 898 156 164 
4 5 301 1761 2061 1911 960 898 156 164 
4 5 301 1761 2061 1912 960 898 156 164 
4 5 301 1761 2061 1913 960 898 156 164 
4 5 301 1761 2061 1914 960 898 156 164 
4 5 301 1761 2061 1915 960 898 156 164 
4 5 301 1761 2061 1916 960 898 156 164 
4 5 301 1761 2061 1917 960 898 156 164 
4 5 301 1761 2061 1918 960 898 156 164 
4 5 301 1761 2061 1919 960 898 156 164 
4 5 301 1761 2061 1920 960 898 156 164 
4 5 301 1761 2061 1921 960 898 156 164 
4 5 301 1761 2061 1922 960 898 156 164 
4 5 301 1761 2061 1923 960 898 156 164 
4 5 301 1761 2061 1924 960 898 156 164 
4 5 301 1761 2061 1925 960 898 156 164 
4 5 301 1761 2061 1926 960 898 156 164 
4 5 301 1761 2061 1927 960 898 156 164 
4 5 301 1761 2061 1928 960 898 156 164 
4 5 301 1761 2061 1929 960 898 156 164 
4 5 301 1761 2061 1930 960 898 156 164 
4 5 301 1761 2061 1931 960 898 156 164 
4 5 301 1761 2061 1932 960 898 156 164 
4 5 301 1761 2061 1933 960 898 156 164 
4 5 301 1761 2061 1934 960 898 156 164 
4 5 301 1761 2061 1935 960 898 156 164 
4 5 301 1761 2061 1936 960 898 156 164 
4 5 301 1761 2061 1937 960 898 156 164 
4 5 301 1761 2061 1938 960 898 156 164 
4 5 301 1761 2061 1939 960 898 156 164 
4 5 301 1761 2061 1940 960 898 156 164 
4 5 301 1761 2061 1941 960 898 156 164 
4 5 301 1761 2061 1942 960 898 156 164 
4 5 301 1761 2061 1943 960 898 156 164 
4 5 301 1761 2061 1944 960 898 156 164 
4 5 301 1761 2061 1945 960 898 156 164 
4 5 301 1761 2061 1946 960 898 156 164 
4 5 301 1761 2061 1947 960 898 156 164 
4 5 301 1761 2061 1948 960 898 156 164 
4 5 301 1761 2061 1949 960 898 156 164 
4 5 301 1761 2061 1950 960 898 156 164 
4 5 301 1761 2061 1951 960 898 156 164 
4 5 301 1761 2061 1952 960 898 156 164 
4 5 301 1761 2061 1953 960 898 156 164 
4 5 301 1761 2061 1954 960 898 156 164 
4 5 301 1761 2061 1955 960 898 156 164 
4 5 301 1761 2061 1956 960 898 156 164 
4 5 301 1761 2061 1957 960 898 156 164 
4 5 301 1761 2061 1958 960 898 156 164 
4 5 301 1761 2061 1959 960 898 156 164 
4 5 301 1761 2061 1960 960 898 156 164 
4 5 301 1761 2061 1961 960 898 156 164 
4 5 301 1761 2061 1962 960 898 156 164 
4 5 301 1761 2061 1963 960 898 156 164 
4 5 301 1761 2061 1964 960 898 156 164 
4 5 301 1761 2061 1965 960 898 156 164 
4 5 301 1761 2061 1966 960 898 156 164 
4 5 301 1761 2061 1967 960 898 156 164 
4 5 301 1761 2061 1968 960 898 156 164 
4 5 301 1761 2061 1969 960 898 156 164 
4 5 301 1761 2061 1970 960 898 156 164 
4 5 301 1761 2061 1971 960 898 156 164 
4 5 301 1761 2061 1972 960 898 156 164 
4 5 301 1761 2061 1973 960 898 156 164 
4 5 301 1761 2061 1974 960 898 156 164 
4 5 301 1761 2061 1975 960 898 156 164 
4 5 301 1761 2061 1976 960 898 156 164 
4 5 301 1761 2061 1977 960 898 156 164 
4 5 301 1761 2061 1978 960 898 156 164 
4 5 301 1761 2061 1979 960 898 156 164 
4 5 301 1761 2061 1980 960 898 156 164 
4 5 301 1761 2061 1981 960 898 156 164 
4 5 301 1761 2061 1982 960 898 156 164 
4 5 301 1761 2061 1983 960 898 156 164 
4 5 301 1761 2061 1984 960 898 156 164 
4 5 301 1761 2061 1985 960 898 156 164 
4 5 301 1761 2061 1986 960 898 156 164 
4 5 301 1761 2061 1987 960 898 156 164 
4 5 301 1761 2061 1988 960 898 156 164 
4 5 301 1761 2061 1989 960 898 156 164 
4 5 301 1761 2061 1990 960 898 156 164 
4 5 301 1761 2061 1991 960 898 156 164 
4 5 301 1761 2061 1992 960 898 156 164 
4 5 301 1761 2061 1993 960 898 156 164 
4 5 301 1761 2061 1994 960 898 156 164 
4 5 301 1761 2061 1995 960 898 156 164 
4 5 301 1761 2061 1996 960 898 156 164 
4 5 301 1761 2061 1997 960 898 156 164 
4 5 301 1761 2061 1998 960 898 156 164 
4 5 301 1761 2061 1999 960 898 156 164 
4 5 301 1761 2061 2000 960 898 156 164 
4 5 301 1761 2061 2001 960 898 156 164 
4 5 301 1761 2061 2002 960 898 156 164 
4 5 301 1761 2061 2003 960 898 156 164 
4 5 301 1761 2061 2004 960 898 156 164 
4 5 301 1761 2061 2005 960 898 156 164 
4 5 301 1761 2061 2006 960 898 156 164 
4 5 301 1761 2061 2007 960 898 156 164 
4 5 301 1761 2061 2008 960 898 156 164 
4 5 301 1761 2061 2009 960 898 156 164 
4 5 301 1761 2061 2010 960 898 156 164 
4 5 301 1761 2061 2011 960 898 156 164 
4 5 301 1761 2061 2012 960 898 156 164 
4 5 301 1761 2061 2013 960 898 156 164 
4 5 301 1761 2061 2014 960 898 156 164 
4 5 301 1761 2061 2015 960 898 156 164 
4 5 301 1761 2061 2016 960 898 156 164 
4 5 301 1761 2061 2017 960 898 156 164 
4 5 301 1761 2061 2018 960 898 156 164 
4 5 301 1761 2061 2019 960 898 156 164 
4 5 301 1761 2061 2020 960 898 156 164 
4 5 301 1761 2061 2021 960 898 156 164 
4 5 301 1761 2061 2022 960 898 156 164 
4 5 301 1761 2061 2023 960 898 156 164 
4 5 301 1761 2061 2024 960 898 156 164 
4 5 301 1761 2061 2025 960 898 156 164 
4 5 301 1761 2061 2026 960 898 156 164 
4 5 301 1761 2061 2027 960 898 156 164 
4 5 301 1761 2061 2028 960 898 156 164 
4 5 301 1761 2061 2029 960 898 156 164 
4 5 301 1761 2061 2030 960 898 156 164 
4 5 301 1761 2061 2031 960 898 156 164 
4 5 301 1761 2061 2032 960 898 156 164 
4 5 301 1761 2061 2033 960 898 156 164 
4 5 301 1761 2061 2034 960 898 156 164 
4 5 301 1761 2061 2035 960 898 156 164 
4 5 301 1761 2061 2036 960 898 156 164 
4 5 301 1761 2061 2037 960 898 156 164 
4 5 301 1761 2061 2038 960 898 156 164 
4 5 301 1761 2061 2039 960 898 156 164 
4 5 301 1761 2061 2040 960 898 156 164 
4 5 301 1761 2061 2041 960 898 156 164 
4 5 301 1761 2061 2042 960 898 156 164 
4 5 301 1761 2061 2043 960 898 156 164 
4 5 301 1761 2061 2044 960 898 156 164 
4 5 301 1761 2061 2045 960 898 156 164 
4 5 301 1761 2061 2046 960 898 156 164 
4 5 301 1761 2061 2047 960 898 156 164 
4 5 301 1761 2061 2048 960 898 156 164 
4 5 301 1761 2061 2049 960 898 156 164 
4 5 301 1761 2061 2050 960 898 156 164 
4 5 301 1761 2061 2051 960 898 156 164 
4 5 301 1761 2061 2052 960 898 156 164 
4 5 301 1761 2061 2053 960 898 156 164 
4 5 301 1761 2061 2054 960 898 156 164 
4 5 301 1761 2061 2055 960 898 156 164 
4 5 301 1761 2061 2056 960 898 156 164 
4 5 301 1761 2061 2057 960 898 156 164 
4 5 301 1761 2061 2058 960 898 156 164 
4 5 301 1761 2061 2059 960 898 156 164 
4 5 301 1761 2061 2060 960 898 156 164 
4 5 301 1761 2061 2061 960 898 156 164 
5 5 149 4191 4339 4191 914 783 197 159 
5 5 149 4191 4339 4192 914 783 197 159 
5 5 149 4191 4339 4193 914 783 197 159 
5 5 149 4191 4339 4194 914 783 197 159 
5 5 149 4191 4339 4195 914 783 197 159 
5 5 149 4191 4339 4196 914 783 197 159 
5 5 149 4191 4339 4197 914 783 197 159 
5 5 149 4191 4339 4198 914 783 197 159 
5 5 149 4191 4339 4199 914 783 197 159 
5 5 149 4191 4339 4200 914 783 197 159 
5 5 149 4191 4339 4201 914 783 197 159 
5 5 149 4191 4339 4202 914 783 197 159 
5 5 149 4191 4339 4203 914 783 197 159 
5 5 149 4191 4339 4204 914 783 197 159 
5 5 149 4191 4339 4205 914 783 197 159 
5 5 149 4191 4339 4206 914 783 197 159 
5 5 149 4191 4339 4207 914 783 197 159 
5 5 149 4191 4339 4208 914 783 197 159 
5 5 149 4191 4339 4209 914 783 197 159 
5 5 149 4191 4339 4210 914 783 197 159 
5 5 149 4191 4339 4211 914 783 197 159 
5 5 149 4191 4339 4212 914 783 197 159 
5 5 149 4191 4339 4213 914 783 197 159 
5 5 149 4191 4339 4214 914 783 197 159 
5 5 149 4191 4339 4215 914 783 197 159 
5 5 149 4191 4339 4216 914 783 197 159 
5 5 149 4191 4339 4217 914 783 197 159 
5 5 149 4191 4339 4218 914 783 197 159 
5 5 149 4191 4339 4219 914 783 197 159 
5 5 149 4191 4339 4220 914 783 197 159 
5 5 149 4191 4339 4221 914 783 197 159 
5 5 149 4191 4339 4222 914 783 197 159 
5 5 149 4191 4339 4223 914 783 197 159 
5 5 149 4191 4339 4224 914 783 197 159 
5 5 149 4191 4339 4225 914 783 197 159 
5 5 149 4191 4339 4226 914 783 197 159 
5 5 149 4191 4339 4227 914 783 197 159 
5 5 149 4191 4339 4228 914 783 197 159 
5 5 149 4191 4339 4229 914 783 197 159 
5 5 149 4191 4339 4230 914 783 197 159 
5 5 149 4191 4339 4231 914 783 197 159 
5 5 149 4191 4339 4232 914 783 197 159 
5 5 149 4191 4339 4233 914 783 197 159 
5 5 149 4191 4339 4234 914 783 197 159 
5 5 149 4191 4339 4235 914 783 197 159 
5 5 149 4191 4339 4236 914 783 197 159 
5 5 149 4191 4339 4237 914 783 197 159 
5 5 149 4191 4339 4238 914 783 197 159 
5 5 149 4191 4339 4239 914 783 197 159 
5 5 149 4191 4339 4240 914 783 197 159 
5 5 149 4191 4339 4241 914 783 197 159 
5 5 149 4191 4339 4242 914 783 197 159 
5 5 149 4191 4339 4243 914 783 197 159 
5 5 149 4191 4339 4244 914 783 197 159 
5 5 149 4191 4339 4245 914 783 197 159 
5 5 149 4191 4339 4246 914 783 197 159 
5 5 149 4191 4339 4247 914 783 197 159 
5 5 149 4191 4339 4248 914 783 197 159 
5 5 149 4191 4339 4249 914 783 197 159 
5 5 149 4191 4339 4250 914 783 197 159 
5 5 149 4191 4339 4251 914 783 197 159 
5 5 149 4191 4339 4252 914 783 197 159 
5 5 149 4191 4339 4253 914 783 197 159 
5 5 149 4191 4339 4254 914 783 197 159 
5 5 149 4191 4339 4255 914 783 197 159 
5 5 149 4191 4339 4256 914 783 197 159 
5 5 149 4191 4339 4257 914 783 197 159 
5 5 149 4191 4339 4258 914 783 197 159 
5 5 149 4191 4339 4259 914 783 197 159 
5 5 149 4191 4339 4260 914 783 197 159 
5 5 149 4191 4339 4261 914 783 197 159 
5 5 149 4191 4339 4262 914 783 197 159 
5 5 149 4191 4339 4263 914 783 197 159 
5 5 149 4191 4339 4264 914 783 197 159 
5 5 149 4191 4339 4265 914 783 197 159 
5 5 149 4191 4339 4266 914 783 197 159 
5 5 149 4191 4339 4267 914 783 197 159 
5 5 149 4191 4339 4268 914 783 197 159 
5 5 149 4191 4339 4269 914 783 197 159 
5 5 149 4191 4339 4270 914 783 197 159 
5 5 149 4191 4339 4271 914 783 197 159 
5 5 149 4191 4339 4272 914 783 197 159 
5 5 149 4191 4339 4273 914 783 197 159 
5 5 149 4191 4339 4274 914 783 197 159 
5 5 149 4191 4339 4275 914 783 197 159 
5 5 149 4191 4339 4276 914 783 197 159 
5 5 149 4191 4339 4277 914 783 197 159 
5 5 149 4191 4339 4278 914 783 197 159 
5 5 149 4191 4339 4279 914 783 197 159 
5 5 149 4191 4339 4280 914 783 197 159 
5 5 149 4191 4339 4281 914 783 197 159 
5 5 149 4191 4339 4282 914 783 197 159 
5 5 149 4191 4339 4283 914 783 197 159 
5 5 149 4191 4339 4284 914 783 197 159 
5 5 149 4191 4339 4285 914 783 197 159 
5 5 149 4191 4339 4286 914 783 197 159 
5 5 149 4191 4339 4287 914 783 197 159 
5 5 149 4191 4339 4288 914 783 197 159 
5 5 149 4191 4339 4289 914 783 197 159 
5 5 149 4191 4339 4290 914 783 197 159 
5 5 149 4191 4339 4291 914 783 197 159 
5 5 149 4191 4339 4292 914 783 197 159 
5 5 149 4191 4339 4293 914 783 197 159 
5 5 149 4191 4339 4294 914 783 197 159 
5 5 149 4191 4339 4295 914 783 197 159 
5 5 149 4191 4339 4296 914 783 197 159 
5 5 149 4191 4339 4297 914 783 197 159 
5 5 149 4191 4339 4298 914 783 197 159 
5 5 149 4191 4339 4299 914 783 197 159 
5 5 149 4191 4339 4300 914 783 197 159 
5 5 149 4191 4339 4301 914 783 197 159 
5 5 149 4191 4339 4302 914 783 197 159 
5 5 149 4191 4339 4303 914 783 197 159 
5 5 149 4191 4339 4304 914 783 197 159 
5 5 149 4191 4339 4305 914 783 197 159 
5 5 149 4191 4339 4306 914 783 197 159 
5 5 149 4191 4339 4307 914 783 197 159 
5 5 149 4191 4339 4308 914 783 197 159 
5 5 149 4191 4339 4309 914 783 197 159 
5 5 149 4191 4339 4310 914 783 197 159 
5 5 149 4191 4339 4311 914 783 197 159 
5 5 149 4191 4339 4312 914 783 197 159 
5 5 149 4191 4339 4313 914 783 197 159 
5 5 149 4191 4339 4314 914 783 197 159 
5 5 149 4191 4339 4315 914 783 197 159 
5 5 149 4191 4339 4316 914 783 197 159 
5 5 149 4191 4339 4317 914 783 197 159 
5 5 149 4191 4339 4318 914 783 197 159 
5 5 149 4191 4339 4319 914 783 197 159 
5 5 149 4191 4339 4320 914 783 197 159 
5 5 149 4191 4339 4321 914 783 197 159 
5 5 149 4191 4339 4322 914 783 197 159 
5 5 149 4191 4339 4323 914 783 197 159 
5 5 149 4191 4339 4324 914 783 197 159 
5 5 149 4191 4339 4325 914 783 197 159 
5 5 149 4191 4339 4326 914 783 197 159 
5 5 149 4191 4339 4327 914 783 197 159 
5 5 149 4191 4339 4328 914 783 197 159 
5 5 149 4191 4339 4329 914 783 197 159 
5 5 149 4191 4339 4330 914 783 197 159 
5 5 149 4191 4339 4331 914 783 197 159 
5 5 149 4191 4339 4332 914 783 197 159 
5 5 149 4191 4339 4333 914 783 197 159 
5 5 149 4191 4339 4334 914 783 197 159 
5 5 149 4191 4339 4335 914 783 197 159 
5 5 149 4191 4339 4336 914 783 197 159 
5 5 149 4191 4339 4337 914 783 197 159 
5 5 149 4191 4339 4338 914 783 197 159 
5 5 149 4191 4339 4339 914 783 197 159 
6 5 233 3681 3913 3681 1307 566 135 128 
6 5 233 3681 3913 3682 1307 566 135 128 
6 5 233 3681 3913 3683 1307 566 135 128 
6 5 233 3681 3913 3684 1307 566 135 128 
6 5 233 3681 3913 3685 1307 566 135 128 
6 5 233 3681 3913 3686 1307 566 135 128 
6 5 233 3681 3913 3687 1307 566 135 128 
6 5 233 3681 3913 3688 1307 566 135 128 
6 5 233 3681 3913 3689 1307 566 135 128 
6 5 233 3681 3913 3690 1307 566 135 128 
6 5 233 3681 3913 3691 1307 566 135 128 
6 5 233 3681 3913 3692 1307 566 135 128 
6 5 233 3681 3913 3693 1307 566 135 128 
6 5 233 3681 3913 3694 1307 566 135 128 
6 5 233 3681 3913 3695 1307 566 135 128 
6 5 233 3681 3913 3696 1307 566 135 128 
6 5 233 3681 3913 3697 1307 566 135 128 
6 5 233 3681 3913 3698 1307 566 135 128 
6 5 233 3681 3913 3699 1307 566 135 128 
6 5 233 3681 3913 3700 1307 566 135 128 
6 5 233 3681 3913 3701 1307 566 135 128 
6 5 233 3681 3913 3702 1307 566 135 128 
6 5 233 3681 3913 3703 1307 566 135 128 
6 5 233 3681 3913 3704 1307 566 135 128 
6 5 233 3681 3913 3705 1307 566 135 128 
6 5 233 3681 3913 3706 1307 566 135 128 
6 5 233 3681 3913 3707 1307 566 135 128 
6 5 233 3681 3913 3708 1307 566 135 128 
6 5 233 3681 3913 3709 1307 566 135 128 
6 5 233 3681 3913 3710 1307 566 135 128 
6 5 233 3681 3913 3711 1307 566 135 128 
6 5 233 3681 3913 3712 1307 566 135 128 
6 5 233 3681 3913 3713 1307 566 135 128 
6 5 233 3681 3913 3714 1307 566 135 128 
6 5 233 3681 3913 3715 1307 566 135 128 
6 5 233 3681 3913 3716 1307 566 135 128 
6 5 233 3681 3913 3717 1307 566 135 128 
6 5 233 3681 3913 3718 1307 566 135 128 
6 5 233 3681 3913 3719 1307 566 135 128 
6 5 233 3681 3913 3720 1307 566 135 128 
6 5 233 3681 3913 3721 1307 566 135 128 
6 5 233 3681 3913 3722 1307 566 135 128 
6 5 233 3681 3913 3723 1307 566 135 128 
6 5 233 3681 3913 3724 1307 566 135 128 
6 5 233 3681 3913 3725 1307 566 135 128 
6 5 233 3681 3913 3726 1307 566 135 128 
6 5 233 3681 3913 3727 1307 566 135 128 
6 5 233 3681 3913 3728 1307 566 135 128 
6 5 233 3681 3913 3729 1307 566 135 128 
6 5 233 3681 3913 3730 1307 566 135 128 
6 5 233 3681 3913 3731 1307 566 135 128 
6 5 233 3681 3913 3732 1307 566 135 128 
6 5 233 3681 3913 3733 1307 566 135 128 
6 5 233 3681 3913 3734 1307 566 135 128 
6 5 233 3681 3913 3735 1307 566 135 128 
6 5 233 3681 3913 3736 1307 566 135 128 
6 5 233 3681 3913 3737 1307 566 135 128 
6 5 233 3681 3913 3738 1307 566 135 128 
6 5 233 3681 3913 3739 1307 566 135 128 
6 5 233 3681 3913 3740 1307 566 135 128 
6 5 233 3681 3913 3741 1307 566 135 128 
6 5 233 3681 3913 3742 1307 566 135 128 
6 5 233 3681 3913 3743 1307 566 135 128 
6 5 233 3681 3913 3744 1307 566 135 128 
6 5 233 3681 3913 3745 1307 566 135 128 
6 5 233 3681 3913 3746 1307 566 135 128 
6 5 233 3681 3913 3747 1307 566 135 128 
6 5 233 3681 3913 3748 1307 566 135 128 
6 5 233 3681 3913 3749 1307 566 135 128 
6 5 233 3681 3913 3750 1307 566 135 128 
6 5 233 3681 3913 3751 1307 566 135 128 
6 5 233 3681 3913 3752 1307 566 135 128 
6 5 233 3681 3913 3753 1307 566 135 128 
6 5 233 3681 3913 3754 1307 566 135 128 
6 5 233 3681 3913 3755 1307 566 135 128 
6 5 233 3681 3913 3756 1307 566 135 128 
6 5 233 3681 3913 3757 1307 566 135 128 
6 5 233 3681 3913 3758 1307 566 135 128 
6 5 233 3681 3913 3759 1307 566 135 128 
6 5 233 3681 3913 3760 1307 566 135 128 
6 5 233 3681 3913 3761 1307 566 135 128 
6 5 233 3681 3913 3762 1307 566 135 128 
6 5 233 3681 3913 3763 1307 566 135 128 
6 5 233 3681 3913 3764 1307 566 135 128 
6 5 233 3681 3913 3765 1307 566 135 128 
6 5 233 3681 3913 3766 1307 566 135 128 
6 5 233 3681 3913 3767 1307 566 135 128 
6 5 233 3681 3913 3768 1307 566 135 128 
6 5 233 3681 3913 3769 1307 566 135 128 
6 5 233 3681 3913 3770 1307 566 135 128 
6 5 233 3681 3913 3771 1307 566 135 128 
6 5 233 3681 3913 3772 1307 566 135 128 
6 5 233 3681 3913 3773 1307 566 135 128 
6 5 233 3681 3913 3774 1307 566 135 128 
6 5 233 3681 3913 3775 1307 566 135 128 
6 5 233 3681 3913 3776 1307 566 135 128 
6 5 233 3681 3913 3777 1307 566 135 128 
6 5 233 3681 3913 3778 1307 566 135 128 
6 5 233 3681 3913 3779 1307 566 135 128 
6 5 233 3681 3913 3780 1307 566 135 128 
6 5 233 3681 3913 3781 1307 566 135 128 
6 5 233 3681 3913 3782 1307 566 135 128 
6 5 233 3681 3913 3783 1307 566 135 128 
6 5 233 3681 3913 3784 1307 566 135 128 
6 5 233 3681 3913 3785 1307 566 135 128 
6 5 233 3681 3913 3786 1307 566 135 128 
6 5 233 3681 3913 3787 1307 566 135 128 
6 5 233 3681 3913 3788 1307 566 135 128 
6 5 233 3681 3913 3789 1307 566 135 128 
6 5 233 3681 3913 3790 1307 566 135 128 
6 5 233 3681 3913 3791 1307 566 135 128 
6 5 233 3681 3913 3792 1307 566 135 128 
6 5 233 3681 3913 3793 1307 566 135 128 
6 5 233 3681 3913 3794 1307 566 135 128 
6 5 233 3681 3913 3795 1307 566 135 128 
6 5 233 3681 3913 3796 1307 566 135 128 
6 5 233 3681 3913 3797 1307 566 135 128 
6 5 233 3681 3913 3798 1307 566 135 128 
6 5 233 3681 3913 3799 1307 566 135 128 
6 5 233 3681 3913 3800 1307 566 135 128 
6 5 233 3681 3913 3801 1307 566 135 128 
6 5 233 3681 3913 3802 1307 566 135 128 
6 5 233 3681 3913 3803 1307 566 135 128 
6 5 233 3681 3913 3804 1307 566 135 128 
6 5 233 3681 3913 3805 1307 566 135 128 
6 5 233 3681 3913 3806 1307 566 135 128 
6 5 233 3681 3913 3807 1307 566 135 128 
6 5 233 3681 3913 3808 1307 566 135 128 
6 5 233 3681 3913 3809 1307 566 135 128 
6 5 233 3681 3913 3810 1307 566 135 128 
6 5 233 3681 3913 3811 1307 566 135 128 
6 5 233 3681 3913 3812 1307 566 135 128 
6 5 233 3681 3913 3813 1307 566 135 128 
6 5 233 3681 3913 3814 1307 566 135 128 
6 5 233 3681 3913 3815 1307 566 135 128 
6 5 233 3681 3913 3816 1307 566 135 128 
6 5 233 3681 3913 3817 1307 566 135 128 
6 5 233 3681 3913 3818 1307 566 135 128 
6 5 233 3681 3913 3819 1307 566 135 128 
6 5 233 3681 3913 3820 1307 566 135 128 
6 5 233 3681 3913 3821 1307 566 135 128 
6 5 233 3681 3913 3822 1307 566 135 128 
6 5 233 3681 3913 3823 1307 566 135 128 
6 5 233 3681 3913 3824 1307 566 135 128 
6 5 233 3681 3913 3825 1307 566 135 128 
6 5 233 3681 3913 3826 1307 566 135 128 
6 5 233 3681 3913 3827 1307 566 135 128 
6 5 233 3681 3913 3828 1307 566 135 128 
6 5 233 3681 3913 3829 1307 566 135 128 
6 5 233 3681 3913 3830 1307 566 135 128 
6 5 233 3681 3913 3831 1307 566 135 128 
6 5 233 3681 3913 3832 1307 566 135 128 
6 5 233 3681 3913 3833 1307 566 135 128 
6 5 233 3681 3913 3834 1307 566 135 128 
6 5 233 3681 3913 3835 1307 566 135 128 
6 5 233 3681 3913 3836 1307 566 135 128 
6 5 233 3681 3913 3837 1307 566 135 128 
6 5 233 3681 3913 3838 1307 566 135 128 
6 5 233 3681 3913 3839 1307 566 135 128 
6 5 233 3681 3913 3840 1307 566 135 128 
6 5 233 3681 3913 3841 1307 566 135 128 
6 5 233 3681 3913 3842 1307 566 135 128 
6 5 233 3681 3913 3843 1307 566 135 128 
6 5 233 3681 3913 3844 1307 566 135 128 
6 5 233 3681 3913 3845 1307 566 135 128 
6 5 233 3681 3913 3846 1307 566 135 128 
6 5 233 3681 3913 3847 1307 566 135 128 
6 5 233 3681 3913 3848 1307 566 135 128 
6 5 233 3681 3913 3849 1307 566 135 128 
6 5 233 3681 3913 3850 1307 566 135 128 
6 5 233 3681 3913 3851 1307 566 135 128 
6 5 233 3681 3913 3852 1307 566 135 128 
6 5 233 3681 3913 3853 1307 566 135 128 
6 5 233 3681 3913 3854 1307 566 135 128 
6 5 233 3681 3913 3855 1307 566 135 128 
6 5 233 3681 3913 3856 1307 566 135 128 
6 5 233 3681 3913 3857 1307 566 135 128 
6 5 233 3681 3913 3858 1307 566 135 128 
6 5 233 3681 3913 3859 1307 566 135 128 
6 5 233 3681 3913 3860 1307 566 135 128 
6 5 233 3681 3913 3861 1307 566 135 128 
6 5 233 3681 3913 3862 1307 566 135 128 
6 5 233 3681 3913 3863 1307 566 135 128 
6 5 233 3681 3913 3864 1307 566 135 128 
6 5 233 3681 3913 3865 1307 566 135 128 
6 5 233 3681 3913 3866 1307 566 135 128 
6 5 233 3681 3913 3867 1307 566 135 128 
6 5 233 3681 3913 3868 1307 566 135 128 
6 5 233 3681 3913 3869 1307 566 135 128 
6 5 233 3681 3913 3870 1307 566 135 128 
6 5 233 3681 3913 3871 1307 566 135 128 
6 5 233 3681 3913 3872 1307 566 135 128 
6 5 233 3681 3913 3873 1307 566 135 128 
6 5 233 3681 3913 3874 1307 566 135 128 
6 5 233 3681 3913 3875 1307 566 135 128 
6 5 233 3681 3913 3876 1307 566 135 128 
6 5 233 3681 3913 3877 1307 566 135 128 
6 5 233 3681 3913 3878 1307 566 135 128 
6 5 233 3681 3913 3879 1307 566 135 128 
6 5 233 3681 3913 3880 1307 566 135 128 
6 5 233 3681 3913 3881 1307 566 135 128 
6 5 233 3681 3913 3882 1307 566 135 128 
6 5 233 3681 3913 3883 1307 566 135 128 
6 5 233 3681 3913 3884 1307 566 135 128 
6 5 233 3681 3913 3885 1307 566 135 128 
6 5 233 3681 3913 3886 1307 566 135 128 
6 5 233 3681 3913 3887 1307 566 135 128 
6 5 233 3681 3913 3888 1307 566 135 128 
6 5 233 3681 3913 3889 1307 566 135 128 
6 5 233 3681 3913 3890 1307 566 135 128 
6 5 233 3681 3913 3891 1307 566 135 128 
6 5 233 3681 3913 3892 1307 566 135 128 
6 5 233 3681 3913 3893 1307 566 135 128 
6 5 233 3681 3913 3894 1307 566 135 128 
6 5 233 3681 3913 3895 1307 566 135 128 
6 5 233 3681 3913 3896 1307 566 135 128 
6 5 233 3681 3913 3897 1307 566 135 128 
6 5 233 3681 3913 3898 1307 566 135 128 
6 5 233 3681 3913 3899 1307 566 135 128 
6 5 233 3681 3913 3900 1307 566 135 128 
6 5 233 3681 3913 3901 1307 566 135 128 
6 5 233 3681 3913 3902 1307 566 135 128 
6 5 233 3681 3913 3903 1307 566 135 128 
6 5 233 3681 3913 3904 1307 566 135 128 
6 5 233 3681 3913 3905 1307 566 135 128 
6 5 233 3681 3913 3906 1307 566 135 128 
6 5 233 3681 3913 3907 1307 566 135 128 
6 5 233 3681 3913 3908 1307 566 135 128 
6 5 233 3681 3913 3909 1307 566 135 128 
6 5 233 3681 3913 3910 1307 566 135 128 
6 5 233 3681 3913 3911 1307 566 135 128 
6 5 233 3681 3913 3912 1307 566 135 128 
6 5 233 3681 3913 3913 1307 566 135 128 
7 3 121 664 784 664 602 97 111 94 
7 3 121 664 784 665 602 97 111 94 
7 3 121 664 784 666 602 97 111 94 
7 3 121 664 784 667 602 97 111 94 
7 3 121 664 784 668 602 97 111 94 
7 3 121 664 784 669 602 97 111 94 
7 3 121 664 784 670 602 97 111 94 
7 3 121 664 784 671 602 97 111 94 
7 3 121 664 784 672 602 97 111 94 
7 3 121 664 784 673 602 97 111 94 
7 3 121 664 784 674 602 97 111 94 
7 3 121 664 784 675 602 97 111 94 
7 3 121 664 784 676 602 97 111 94 
7 3 121 664 784 677 602 97 111 94 
7 3 121 664 784 678 602 97 111 94 
7 3 121 664 784 679 602 97 111 94 
7 3 121 664 784 680 602 97 111 94 
7 3 121 664 784 681 602 97 111 94 
7 3 121 664 784 682 602 97 111 94 
7 3 121 664 784 683 602 97 111 94 
7 3 121 664 784 684 602 97 111 94 
7 3 121 664 784 685 602 97 111 94 
7 3 121 664 784 686 602 97 111 94 
7 3 121 664 784 687 602 97 111 94 
7 3 121 664 784 688 602 97 111 94 
7 3 121 664 784 689 602 97 111 94 
7 3 121 664 784 690 602 97 111 94 
7 3 121 664 784 691 602 97 111 94 
7 3 121 664 784 692 602 97 111 94 
7 3 121 664 784 693 602 97 111 94 
7 3 121 664 784 694 602 97 111 94 
7 3 121 664 784 695 602 97 111 94 
7 3 121 664 784 696 602 97 111 94 
7 3 121 664 784 697 602 97 111 94 
7 3 121 664 784 698 602 97 111 94 
7 3 121 664 784 699 602 97 111 94 
7 3 121 664 784 700 602 97 111 94 
7 3 121 664 784 701 602 97 111 94 
7 3 121 664 784 702 602 97 111 94 
7 3 121 664 784 703 602 97 111 94 
7 3 121 664 784 704 602 97 111 94 
7 3 121 664 784 705 602 97 111 94 
7 3 121 664 784 706 602 97 111 94 
7 3 121 664 784 707 602 97 111 94 
7 3 121 664 784 708 602 97 111 94 
7 3 121 664 784 709 602 97 111 94 
7 3 121 664 784 710 602 97 111 94 
7 3 121 664 784 711 602 97 111 94 
7 3 121 664 784 712 602 97 111 94 
7 3 121 664 784 713 602 97 111 94 
7 3 121 664 784 714 602 97 111 94 
7 3 121 664 784 715 602 97 111 94 
7 3 121 664 784 716 602 97 111 94 
7 3 121 664 784 717 602 97 111 94 
7 3 121 664 784 718 602 97 111 94 
7 3 121 664 784 719 602 97 111 94 
7 3 121 664 784 720 602 97 111 94 
7 3 121 664 784 721 602 97 111 94 
7 3 121 664 784 722 602 97 111 94 
7 3 121 664 784 723 602 97 111 94 
7 3 121 664 784 724 602 97 111 94 
7 3 121 664 784 725 602 97 111 94 
7 3 121 664 784 726 602 97 111 94 
7 3 121 664 784 727 602 97 111 94 
7 3 121 664 784 728 602 97 111 94 
7 3 121 664 784 729 602 97 111 94 
7 3 121 664 784 730 602 97 111 94 
7 3 121 664 784 731 602 97 111 94 
7 3 121 664 784 732 602 97 111 94 
7 3 121 664 784 733 602 97 111 94 
7 3 121 664 784 734 602 97 111 94 
7 3 121 664 784 735 602 97 111 94 
7 3 121 664 784 736 602 97 111 94 
7 3 121 664 784 737 602 97 111 94 
7 3 121 664 784 738 602 97 111 94 
7 3 121 664 784 739 602 97 111 94 
7 3 121 664 784 740 602 97 111 94 
7 3 121 664 784 741 602 97 111 94 
7 3 121 664 784 742 602 97 111 94 
7 3 121 664 784 743 602 97 111 94 
7 3 121 664 784 744 602 97 111 94 
7 3 121 664 784 745 602 97 111 94 
7 3 121 664 784 746 602 97 111 94 
7 3 121 664 784 747 602 97 111 94 
7 3 121 664 784 748 602 97 111 94 
7 3 121 664 784 749 602 97 111 94 
7 3 121 664 784 750 602 97 111 94 
7 3 121 664 784 751 602 97 111 94 
7 3 121 664 784 752 602 97 111 94 
7 3 121 664 784 753 602 97 111 94 
7 3 121 664 784 754 602 97 111 94 
7 3 121 664 784 755 602 97 111 94 
7 3 121 664 784 756 602 97 111 94 
7 3 121 664 784 757 602 97 111 94 
7 3 121 664 784 758 602 97 111 94 
7 3 121 664 784 759 602 97 111 94 
7 3 121 664 784 760 602 97 111 94 
7 3 121 664 784 761 602 97 111 94 
7 3 121 664 784 762 602 97 111 94 
7 3 121 664 784 763 602 97 111 94 
7 3 121 664 784 764 602 97 111 94 
7 3 121 664 784 765 602 97 111 94 
7 3 121 664 784 766 602 97 111 94 
7 3 121 664 784 767 602 97 111 94 
7 3 121 664 784 768 602 97 111 94 
7 3 121 664 784 769 602 97 111 94 
7 3 121 664 784 770 602 97 111 94 
7 3 121 664 784 771 602 97 111 94 
7 3 121 664 784 772 602 97 111 94 
7 3 121 664 784 773 602 97 111 94 
7 3 121 664 784 774 602 97 111 94 
7 3 121 664 784 775 602 97 111 94 
7 3 121 664 784 776 602 97 111 94 
7 3 121 664 784 777 602 97 111 94 
7 3 121 664 784 778 602 97 111 94 
7 3 121 664 784 779 602 97 111 94 
7 3 121 664 784 780 602 97 111 94 
7 3 121 664 784 781 602 97 111 94 
7 3 121 664 784 782 602 97 111 94 
7 3 121 664 784 783 602 97 111 94 
7 3 121 664 784 784 602 97 111 94 
8 2 151 3337 3487 3337 607 91 113 95 
8 2 151 3337 3487 3338 607 91 113 95 
8 2 151 3337 3487 3339 607 91 113 95 
8 2 151 3337 3487 3340 607 91 113 95 
8 2 151 3337 3487 3341 607 91 113 95 
8 2 151 3337 3487 3342 607 91 113 95 
8 2 151 3337 3487 3343 607 91 113 95 
8 2 151 3337 3487 3344 607 91 113 95 
8 2 151 3337 3487 3345 607 91 113 95 
8 2 151 3337 3487 3346 607 91 113 95 
8 2 151 3337 3487 3347 607 91 113 95 
8 2 151 3337 3487 3348 607 91 113 95 
8 2 151 3337 3487 3349 607 91 113 95 
8 2 151 3337 3487 3350 607 91 113 95 
8 2 151 3337 3487 3351 607 91 113 95 
8 2 151 3337 3487 3352 607 91 113 95 
8 2 151 3337 3487 3353 607 91 113 95 
8 2 151 3337 3487 3354 607 91 113 95 
8 2 151 3337 3487 3355 607 91 113 95 
8 2 151 3337 3487 3356 607 91 113 95 
8 2 151 3337 3487 3357 607 91 113 95 
8 2 151 3337 3487 3358 607 91 113 95 
8 2 151 3337 3487 3359 607 91 113 95 
8 2 151 3337 3487 3360 607 91 113 95 
8 2 151 3337 3487 3361 607 91 113 95 
8 2 151 3337 3487 3362 607 91 113 95 
8 2 151 3337 3487 3363 607 91 113 95 
8 2 151 3337 3487 3364 607 91 113 95 
8 2 151 3337 3487 3365 607 91 113 95 
8 2 151 3337 3487 3366 607 91 113 95 
8 2 151 3337 3487 3367 607 91 113 95 
8 2 151 3337 3487 3368 607 91 113 95 
8 2 151 3337 3487 3369 607 91 113 95 
8 2 151 3337 3487 3370 607 91 113 95 
8 2 151 3337 3487 3371 607 91 113 95 
8 2 151 3337 3487 3372 607 91 113 95 
8 2 151 3337 3487 3373 607 91 113 95 
8 2 151 3337 3487 3374 607 91 113 95 
8 2 151 3337 3487 3375 607 91 113 95 
8 2 151 3337 3487 3376 607 91 113 95 
8 2 151 3337 3487 3377 607 91 113 95 
8 2 151 3337 3487 3378 607 91 113 95 
8 2 151 3337 3487 3379 607 91 113 95 
8 2 151 3337 3487 3380 607 91 113 95 
8 2 151 3337 3487 3381 607 91 113 95 
8 2 151 3337 3487 3382 607 91 113 95 
8 2 151 3337 3487 3383 607 91 113 95 
8 2 151 3337 3487 3384 607 91 113 95 
8 2 151 3337 3487 3385 607 91 113 95 
8 2 151 3337 3487 3386 607 91 113 95 
8 2 151 3337 3487 3387 607 91 113 95 
8 2 151 3337 3487 3388 607 91 113 95 
8 2 151 3337 3487 3389 607 91 113 95 
8 2 151 3337 3487 3390 607 91 113 95 
8 2 151 3337 3487 3391 607 91 113 95 
8 2 151 3337 3487 3392 607 91 113 95 
8 2 151 3337 3487 3393 607 91 113 95 
8 2 151 3337 3487 3394 607 91 113 95 
8 2 151 3337 3487 3395 607 91 113 95 
8 2 151 3337 3487 3396 607 91 113 95 
8 2 151 3337 3487 3397 607 91 113 95 
8 2 151 3337 3487 3398 607 91 113 95 
8 2 151 3337 3487 3399 607 91 113 95 
8 2 151 3337 3487 3400 607 91 113 95 
8 2 151 3337 3487 3401 607 91 113 95 
8 2 151 3337 3487 3402 607 91 113 95 
8 2 151 3337 3487 3403 607 91 113 95 
8 2 151 3337 3487 3404 607 91 113 95 
8 2 151 3337 3487 3405 607 91 113 95 
8 2 151 3337 3487 3406 607 91 113 95 
8 2 151 3337 3487 3407 607 91 113 95 
8 2 151 3337 3487 3408 607 91 113 95 
8 2 151 3337 3487 3409 607 91 113 95 
8 2 151 3337 3487 3410 607 91 113 95 
8 2 151 3337 3487 3411 607 91 113 95 
8 2 151 3337 3487 3412 607 91 113 95 
8 2 151 3337 3487 3413 607 91 113 95 
8 2 151 3337 3487 3414 607 91 113 95 
8 2 151 3337 3487 3415 607 91 113 95 
8 2 151 3337 3487 3416 607 91 113 95 
8 2 151 3337 3487 3417 607 91 113 95 
8 2 151 3337 3487 3418 607 91 113 95 
8 2 151 3337 3487 3419 607 91 113 95 
8 2 151 3337 3487 3420 607 91 113 95 
8 2 151 3337 3487 3421 607 91 113 95 
8 2 151 3337 3487 3422 607 91 113 95 
8 2 151 3337 3487 3423 607 91 113 95 
8 2 151 3337 3487 3424 607 91 113 95 
8 2 151 3337 3487 3425 607 91 113 95 
8 2 151 3337 3487 3426 607 91 113 95 
8 2 151 3337 3487 3427 607 91 113 95 
8 2 151 3337 3487 3428 607 91 113 95 
8 2 151 3337 3487 3429 607 91 113 95 
8 2 151 3337 3487 3430 607 91 113 95 
8 2 151 3337 3487 3431 607 91 113 95 
8 2 151 3337 3487 3432 607 91 113 95 
8 2 151 3337 3487 3433 607 91 113 95 
8 2 151 3337 3487 3434 607 91 113 95 
8 2 151 3337 3487 3435 607 91 113 95 
8 2 151 3337 3487 3436 607 91 113 95 
8 2 151 3337 3487 3437 607 91 113 95 
8 2 151 3337 3487 3438 607 91 113 95 
8 2 151 3337 3487 3439 607 91 113 95 
8 2 151 3337 3487 3440 607 91 113 95 
8 2 151 3337 3487 3441 607 91 113 95 
8 2 151 3337 3487 3442 607 91 113 95 
8 2 151 3337 3487 3443 607 91 113 95 
8 2 151 3337 3487 3444 607 91 113 95 
8 2 151 3337 3487 3445 607 91 113 95 
8 2 151 3337 3487 3446 607 91 113 95 
8 2 151 3337 3487 3447 607 91 113 95 
8 2 151 3337 3487 3448 607 91 113 95 
8 2 151 3337 3487 3449 607 91 113 95 
8 2 151 3337 3487 3450 607 91 113 95 
8 2 151 3337 3487 3451 607 91 113 95 
8 2 151 3337 3487 3452 607 91 113 95 
8 2 151 3337 3487 3453 607 91 113 95 
8 2 151 3337 3487 3454 607 91 113 95 
8 2 151 3337 3487 3455 607 91 113 95 
8 2 151 3337 3487 3456 607 91 113 95 
8 2 151 3337 3487 3457 607 91 113 95 
8 2 151 3337 3487 3458 607 91 113 95 
8 2 151 3337 3487 3459 607 91 113 95 
8 2 151 3337 3487 3460 607 91 113 95 
8 2 151 3337 3487 3461 607 91 113 95 
8 2 151 3337 3487 3462 607 91 113 95 
8 2 151 3337 3487 3463 607 91 113 95 
8 2 151 3337 3487 3464 607 91 113 95 
8 2 151 3337 3487 3465 607 91 113 95 
8 2 151 3337 3487 3466 607 91 113 95 
8 2 151 3337 3487 3467 607 91 113 95 
8 2 151 3337 3487 3468 607 91 113 95 
8 2 151 3337 3487 3469 607 91 113 95 
8 2 151 3337 3487 3470 607 91 113 95 
8 2 151 3337 3487 3471 607 91 113 95 
8 2 151 3337 3487 3472 607 91 113 95 
8 2 151 3337 3487 3473 607 91 113 95 
8 2 151 3337 3487 3474 607 91 113 95 
8 2 151 3337 3487 3475 607 91 113 95 
8 2 151 3337 3487 3476 607 91 113 95 
8 2 151 3337 3487 3477 607 91 113 95 
8 2 151 3337 3487 3478 607 91 113 95 
8 2 151 3337 3487 3479 607 91 113 95 
8 2 151 3337 3487 3480 607 91 113 95 
8 2 151 3337 3487 3481 607 91 113 95 
8 2 151 3337 3487 3482 607 91 113 95 
8 2 151 3337 3487 3483 607 91 113 95 
8 2 151 3337 3487 3484 607 91 113 95 
8 2 151 3337 3487 3485 607 91 113 95 
8 2 151 3337 3487 3486 607 91 113 95 
8 2 151 3337 3487 3487 607 91 113 95 
9 2 151 3522 3672 3522 616 95 109 91 
9 2 151 3522 3672 3523 616 95 109 91 
9 2 151 3522 3672 3524 616 95 109 91 
9 2 151 3522 3672 3525 616 95 109 91 
9 2 151 3522 3672 3526 616 95 109 91 
9 2 151 3522 3672 3527 616 95 109 91 
9 2 151 3522 3672 3528 616 95 109 91 
9 2 151 3522 3672 3529 616 95 109 91 
9 2 151 3522 3672 3530 616 95 109 91 
9 2 151 3522 3672 3531 616 95 109 91 
9 2 151 3522 3672 3532 616 95 109 91 
9 2 151 3522 3672 3533 616 95 109 91 
9 2 151 3522 3672 3534 616 95 109 91 
9 2 151 3522 3672 3535 616 95 109 91 
9 2 151 3522 3672 3536 616 95 109 91 
9 2 151 3522 3672 3537 616 95 109 91 
9 2 151 3522 3672 3538 616 95 109 91 
9 2 151 3522 3672 3539 616 95 109 91 
9 2 151 3522 3672 3540 616 95 109 91 
9 2 151 3522 3672 3541 616 95 109 91 
9 2 151 3522 3672 3542 616 95 109 91 
9 2 151 3522 3672 3543 616 95 109 91 
9 2 151 3522 3672 3544 616 95 109 91 
9 2 151 3522 3672 3545 616 95 109 91 
9 2 151 3522 3672 3546 616 95 109 91 
9 2 151 3522 3672 3547 616 95 109 91 
9 2 151 3522 3672 3548 616 95 109 91 
9 2 151 3522 3672 3549 616 95 109 91 
9 2 151 3522 3672 3550 616 95 109 91 
9 2 151 3522 3672 3551 616 95 109 91 
9 2 151 3522 3672 3552 616 95 109 91 
9 2 151 3522 3672 3553 616 95 109 91 
9 2 151 3522 3672 3554 616 95 109 91 
9 2 151 3522 3672 3555 616 95 109 91 
9 2 151 3522 3672 3556 616 95 109 91 
9 2 151 3522 3672 3557 616 95 109 91 
9 2 151 3522 3672 3558 616 95 109 91 
9 2 151 3522 3672 3559 616 95 109 91 
9 2 151 3522 3672 3560 616 95 109 91 
9 2 151 3522 3672 3561 616 95 109 91 
9 2 151 3522 3672 3562 616 95 109 91 
9 2 151 3522 3672 3563 616 95 109 91 
9 2 151 3522 3672 3564 616 95 109 91 
9 2 151 3522 3672 3565 616 95 109 91 
9 2 151 3522 3672 3566 616 95 109 91 
9 2 151 3522 3672 3567 616 95 109 91 
9 2 151 3522 3672 3568 616 95 109 91 
9 2 151 3522 3672 3569 616 95 109 91 
9 2 151 3522 3672 3570 616 95 109 91 
9 2 151 3522 3672 3571 616 95 109 91 
9 2 151 3522 3672 3572 616 95 109 91 
9 2 151 3522 3672 3573 616 95 109 91 
9 2 151 3522 3672 3574 616 95 109 91 
9 2 151 3522 3672 3575 616 95 109 91 
9 2 151 3522 3672 3576 616 95 109 91 
9 2 151 3522 3672 3577 616 95 109 91 
9 2 151 3522 3672 3578 616 95 109 91 
9 2 151 3522 3672 3579 616 95 109 91 
9 2 151 3522 3672 3580 616 95 109 91 
9 2 151 3522 3672 3581 616 95 109 91 
9 2 151 3522 3672 3582 616 95 109 91 
9 2 151 3522 3672 3583 616 95 109 91 
9 2 151 3522 3672 3584 616 95 109 91 
9 2 151 3522 3672 3585 616 95 109 91 
9 2 151 3522 3672 3586 616 95 109 91 
9 2 151 3522 3672 3587 616 95 109 91 
9 2 151 3522 3672 3588 616 95 109 91 
9 2 151 3522 3672 3589 616 95 109 91 
9 2 151 3522 3672 3590 616 95 109 91 
9 2 151 3522 3672 3591 616 95 109 91 
9 2 151 3522 3672 3592 616 95 109 91 
9 2 151 3522 3672 3593 616 95 109 91 
9 2 151 3522 3672 3594 616 95 109 91 
9 2 151 3522 3672 3595 616 95 109 91 
9 2 151 3522 3672 3596 616 95 109 91 
9 2 151 3522 3672 3597 616 95 109 91 
9 2 151 3522 3672 3598 616 95 109 91 
9 2 151 3522 3672 3599 616 95 109 91 
9 2 151 3522 3672 3600 616 95 109 91 
9 2 151 3522 3672 3601 616 95 109 91 
9 2 151 3522 3672 3602 616 95 109 91 
9 2 151 3522 3672 3603 616 95 109 91 
9 2 151 3522 3672 3604 616 95 109 91 
9 2 151 3522 3672 3605 616 95 109 91 
9 2 151 3522 3672 3606 616 95 109 91 
9 2 151 3522 3672 3607 616 95 109 91 
9 2 151 3522 3672 3608 616 95 109 91 
9 2 151 3522 3672 3609 616 95 109 91 
9 2 151 3522 3672 3610 616 95 109 91 
9 2 151 3522 3672 3611 616 95 109 91 
9 2 151 3522 3672 3612 616 95 109 91 
9 2 151 3522 3672 3613 616 95 109 91 
9 2 151 3522 3672 3614 616 95 109 91 
9 2 151 3522 3672 3615 616 95 109 91 
9 2 151 3522 3672 3616 616 95 109 91 
9 2 151 3522 3672 3617 616 95 109 91 
9 2 151 3522 3672 3618 616 95 109 91 
9 2 151 3522 3672 3619 616 95 109 91 
9 2 151 3522 3672 3620 616 95 109 91 
9 2 151 3522 3672 3621 616 95 109 91 
9 2 151 3522 3672 3622 616 95 109 91 
9 2 151 3522 3672 3623 616 95 109 91 
9 2 151 3522 3672 3624 616 95 109 91 
9 2 151 3522 3672 3625 616 95 109 91 
9 2 151 3522 3672 3626 616 95 109 91 
9 2 151 3522 3672 3627 616 95 109 91 
9 2 151 3522 3672 3628 616 95 109 91 
9 2 151 3522 3672 3629 616 95 109 91 
9 2 151 3522 3672 3630 616 95 109 91 
9 2 151 3522 3672 3631 616 95 109 91 
9 2 151 3522 3672 3632 616 95 109 91 
9 2 151 3522 3672 3633 616 95 109 91 
9 2 151 3522 3672 3634 616 95 109 91 
9 2 151 3522 3672 3635 616 95 109 91 
9 2 151 3522 3672 3636 616 95 109 91 
9 2 151 3522 3672 3637 616 95 109 91 
9 2 151 3522 3672 3638 616 95 109 91 
9 2 151 3522 3672 3639 616 95 109 91 
9 2 151 3522 3672 3640 616 95 109 91 
9 2 151 3522 3672 3641 616 95 109 91 
9 2 151 3522 3672 3642 616 95 109 91 
9 2 151 3522 3672 3643 616 95 109 91 
9 2 151 3522 3672 3644 616 95 109 91 
9 2 151 3522 3672 3645 616 95 109 91 
9 2 151 3522 3672 3646 616 95 109 91 
9 2 151 3522 3672 3647 616 95 109 91 
9 2 151 3522 3672 3648 616 95 109 91 
9 2 151 3522 3672 3649 616 95 109 91 
9 2 151 3522 3672 3650 616 95 109 91 
9 2 151 3522 3672 3651 616 95 109 91 
9 2 151 3522 3672 3652 616 95 109 91 
9 2 151 3522 3672 3653 616 95 109 91 
9 2 151 3522 3672 3654 616 95 109 91 
9 2 151 3522 3672 3655 616 95 109 91 
9 2 151 3522 3672 3656 616 95 109 91 
9 2 151 3522 3672 3657 616 95 109 91 
9 2 151 3522 3672 3658 616 95 109 91 
9 2 151 3522 3672 3659 616 95 109 91 
9 2 151 3522 3672 3660 616 95 109 91 
9 2 151 3522 3672 3661 616 95 109 91 
9 2 151 3522 3672 3662 616 95 109 91 
9 2 151 3522 3672 3663 616 95 109 91 
9 2 151 3522 3672 3664 616 95 109 91 
9 2 151 3522 3672 3665 616 95 109 91 
9 2 151 3522 3672 3666 616 95 109 91 
9 2 151 3522 3672 3667 616 95 109 91 
9 2 151 3522 3672 3668 616 95 109 91 
9 2 151 3522 3672 3669 616 95 109 91 
9 2 151 3522 3672 3670 616 95 109 91 
9 2 151 3522 3672 3671 616 95 109 91 
9 2 151 3522 3672 3672 616 95 109 91 
10 1 215 3943 4157 3943 967 788 178 166 
10 1 215 3943 4157 3944 967 788 178 166 
10 1 215 3943 4157 3945 967 788 178 166 
10 1 215 3943 4157 3946 967 788 178 166 
10 1 215 3943 4157 3947 967 788 178 166 
10 1 215 3943 4157 3948 967 788 178 166 
10 1 215 3943 4157 3949 967 788 178 166 
10 1 215 3943 4157 3950 967 788 178 166 
10 1 215 3943 4157 3951 967 788 178 166 
10 1 215 3943 4157 3952 967 788 178 166 
10 1 215 3943 4157 3953 967 788 178 166 
10 1 215 3943 4157 3954 967 788 178 166 
10 1 215 3943 4157 3955 967 788 178 166 
10 1 215 3943 4157 3956 967 788 178 166 
10 1 215 3943 4157 3957 967 788 178 166 
10 1 215 3943 4157 3958 967 788 178 166 
10 1 215 3943 4157 3959 967 788 178 166 
10 1 215 3943 4157 3960 967 788 178 166 
10 1 215 3943 4157 3961 967 788 178 166 
10 1 215 3943 4157 3962 967 788 178 166 
10 1 215 3943 4157 3963 967 788 178 166 
10 1 215 3943 4157 3964 967 788 178 166 
10 1 215 3943 4157 3965 967 788 178 166 
10 1 215 3943 4157 3966 967 788 178 166 
10 1 215 3943 4157 3967 967 788 178 166 
10 1 215 3943 4157 3968 967 788 178 166 
10 1 215 3943 4157 3969 967 788 178 166 
10 1 215 3943 4157 3970 967 788 178 166 
10 1 215 3943 4157 3971 967 788 178 166 
10 1 215 3943 4157 3972 967 788 178 166 
10 1 215 3943 4157 3973 967 788 178 166 
10 1 215 3943 4157 3974 967 788 178 166 
10 1 215 3943 4157 3975 967 788 178 166 
10 1 215 3943 4157 3976 967 788 178 166 
10 1 215 3943 4157 3977 967 788 178 166 
10 1 215 3943 4157 3978 967 788 178 166 
10 1 215 3943 4157 3979 967 788 178 166 
10 1 215 3943 4157 3980 967 788 178 166 
10 1 215 3943 4157 3981 967 788 178 166 
10 1 215 3943 4157 3982 967 788 178 166 
10 1 215 3943 4157 3983 967 788 178 166 
10 1 215 3943 4157 3984 967 788 178 166 
10 1 215 3943 4157 3985 967 788 178 166 
10 1 215 3943 4157 3986 967 788 178 166 
10 1 215 3943 4157 3987 967 788 178 166 
10 1 215 3943 4157 3988 967 788 178 166 
10 1 215 3943 4157 3989 967 788 178 166 
10 1 215 3943 4157 3990 967 788 178 166 
10 1 215 3943 4157 3991 967 788 178 166 
10 1 215 3943 4157 3992 967 788 178 166 
10 1 215 3943 4157 3993 967 788 178 166 
10 1 215 3943 4157 3994 967 788 178 166 
10 1 215 3943 4157 3995 967 788 178 166 
10 1 215 3943 4157 3996 967 788 178 166 
10 1 215 3943 4157 3997 967 788 178 166 
10 1 215 3943 4157 3998 967 788 178 166 
10 1 215 3943 4157 3999 967 788 178 166 
10 1 215 3943 4157 4000 967 788 178 166 
10 1 215 3943 4157 4001 967 788 178 166 
10 1 215 3943 4157 4002 967 788 178 166 
10 1 215 3943 4157 4003 967 788 178 166 
10 1 215 3943 4157 4004 967 788 178 166 
10 1 215 3943 4157 4005 967 788 178 166 
10 1 215 3943 4157 4006 967 788 178 166 
10 1 215 3943 4157 4007 967 788 178 166 
10 1 215 3943 4157 4008 967 788 178 166 
10 1 215 3943 4157 4009 967 788 178 166 
10 1 215 3943 4157 4010 967 788 178 166 
10 1 215 3943 4157 4011 967 788 178 166 
10 1 215 3943 4157 4012 967 788 178 166 
10 1 215 3943 4157 4013 967 788 178 166 
10 1 215 3943 4157 4014 967 788 178 166 
10 1 215 3943 4157 4015 967 788 178 166 
10 1 215 3943 4157 4016 967 788 178 166 
10 1 215 3943 4157 4017 967 788 178 166 
10 1 215 3943 4157 4018 967 788 178 166 
10 1 215 3943 4157 4019 967 788 178 166 
10 1 215 3943 4157 4020 967 788 178 166 
10 1 215 3943 4157 4021 967 788 178 166 
10 1 215 3943 4157 4022 967 788 178 166 
10 1 215 3943 4157 4023 967 788 178 166 
10 1 215 3943 4157 4024 967 788 178 166 
10 1 215 3943 4157 4025 967 788 178 166 
10 1 215 3943 4157 4026 967 788 178 166 
10 1 215 3943 4157 4027 967 788 178 166 
10 1 215 3943 4157 4028 967 788 178 166 
10 1 215 3943 4157 4029 967 788 178 166 
10 1 215 3943 4157 4030 967 788 178 166 
10 1 215 3943 4157 4031 967 788 178 166 
10 1 215 3943 4157 4032 967 788 178 166 
10 1 215 3943 4157 4033 967 788 178 166 
10 1 215 3943 4157 4034 967 788 178 166 
10 1 215 3943 4157 4035 967 788 178 166 
10 1 215 3943 4157 4036 967 788 178 166 
10 1 215 3943 4157 4037 967 788 178 166 
10 1 215 3943 4157 4038 967 788 178 166 
10 1 215 3943 4157 4039 967 788 178 166 
10 1 215 3943 4157 4040 967 788 178 166 
10 1 215 3943 4157 4041 967 788 178 166 
10 1 215 3943 4157 4042 967 788 178 166 
10 1 215 3943 4157 4043 967 788 178 166 
10 1 215 3943 4157 4044 967 788 178 166 
10 1 215 3943 4157 4045 967 788 178 166 
10 1 215 3943 4157 4046 967 788 178 166 
10 1 215 3943 4157 4047 967 788 178 166 
10 1 215 3943 4157 4048 967 788 178 166 
10 1 215 3943 4157 4049 967 788 178 166 
10 1 215 3943 4157 4050 967 788 178 166 
10 1 215 3943 4157 4051 967 788 178 166 
10 1 215 3943 4157 4052 967 788 178 166 
10 1 215 3943 4157 4053 967 788 178 166 
10 1 215 3943 4157 4054 967 788 178 166 
10 1 215 3943 4157 4055 967 788 178 166 
10 1 215 3943 4157 4056 967 788 178 166 
10 1 215 3943 4157 4057 967 788 178 166 
10 1 215 3943 4157 4058 967 788 178 166 
10 1 215 3943 4157 4059 967 788 178 166 
10 1 215 3943 4157 4060 967 788 178 166 
10 1 215 3943 4157 4061 967 788 178 166 
10 1 215 3943 4157 4062 967 788 178 166 
10 1 215 3943 4157 4063 967 788 178 166 
10 1 215 3943 4157 4064 967 788 178 166 
10 1 215 3943 4157 4065 967 788 178 166 
10 1 215 3943 4157 4066 967 788 178 166 
10 1 215 3943 4157 4067 967 788 178 166 
10 1 215 3943 4157 4068 967 788 178 166 
10 1 215 3943 4157 4069 967 788 178 166 
10 1 215 3943 4157 4070 967 788 178 166 
10 1 215 3943 4157 4071 967 788 178 166 
10 1 215 3943 4157 4072 967 788 178 166 
10 1 215 3943 4157 4073 967 788 178 166 
10 1 215 3943 4157 4074 967 788 178 166 
10 1 215 3943 4157 4075 967 788 178 166 
10 1 215 3943 4157 4076 967 788 178 166 
10 1 215 3943 4157 4077 967 788 178 166 
10 1 215 3943 4157 4078 967 788 178 166 
10 1 215 3943 4157 4079 967 788 178 166 
10 1 215 3943 4157 4080 967 788 178 166 
10 1 215 3943 4157 4081 967 788 178 166 
10 1 215 3943 4157 4082 967 788 178 166 
10 1 215 3943 4157 4083 967 788 178 166 
10 1 215 3943 4157 4084 967 788 178 166 
10 1 215 3943 4157 4085 967 788 178 166 
10 1 215 3943 4157 4086 967 788 178 166 
10 1 215 3943 4157 4087 967 788 178 166 
10 1 215 3943 4157 4088 967 788 178 166 
10 1 215 3943 4157 4089 967 788 178 166 
10 1 215 3943 4157 4090 967 788 178 166 
10 1 215 3943 4157 4091 967 788 178 166 
10 1 215 3943 4157 4092 967 788 178 166 
10 1 215 3943 4157 4093 967 788 178 166 
10 1 215 3943 4157 4094 967 788 178 166 
10 1 215 3943 4157 4095 967 788 178 166 
10 1 215 3943 4157 4096 967 788 178 166 
10 1 215 3943 4157 4097 967 788 178 166 
10 1 215 3943 4157 4098 967 788 178 166 
10 1 215 3943 4157 4099 967 788 178 166 
10 1 215 3943 4157 4100 967 788 178 166 
10 1 215 3943 4157 4101 967 788 178 166 
10 1 215 3943 4157 4102 967 788 178 166 
10 1 215 3943 4157 4103 967 788 178 166 
10 1 215 3943 4157 4104 967 788 178 166 
10 1 215 3943 4157 4105 967 788 178 166 
10 1 215 3943 4157 4106 967 788 178 166 
10 1 215 3943 4157 4107 967 788 178 166 
10 1 215 3943 4157 4108 967 788 178 166 
10 1 215 3943 4157 4109 967 788 178 166 
10 1 215 3943 4157 4110 967 788 178 166 
10 1 215 3943 4157 4111 967 788 178 166 
10 1 215 3943 4157 4112 967 788 178 166 
10 1 215 3943 4157 4113 967 788 178 166 
10 1 215 3943 4157 4114 967 788 178 166 
10 1 215 3943 4157 4115 967 788 178 166 
10 1 215 3943 4157 4116 967 788 178 166 
10 1 215 3943 4157 4117 967 788 178 166 
10 1 215 3943 4157 4118 967 788 178 166 
10 1 215 3943 4157 4119 967 788 178 166 
10 1 215 3943 4157 4120 967 788 178 166 
10 1 215 3943 4157 4121 967 788 178 166 
10 1 215 3943 4157 4122 967 788 178 166 
10 1 215 3943 4157 4123 967 788 178 166 
10 1 215 3943 4157 4124 967 788 178 166 
10 1 215 3943 4157 4125 967 788 178 166 
10 1 215 3943 4157 4126 967 788 178 166 
10 1 215 3943 4157 4127 967 788 178 166 
10 1 215 3943 4157 4128 967 788 178 166 
10 1 215 3943 4157 4129 967 788 178 166 
10 1 215 3943 4157 4130 967 788 178 166 
10 1 215 3943 4157 4131 967 788 178 166 
10 1 215 3943 4157 4132 967 788 178 166 
10 1 215 3943 4157 4133 967 788 178 166 
10 1 215 3943 4157 4134 967 788 178 166 
10 1 215 3943 4157 4135 967 788 178 166 
10 1 215 3943 4157 4136 967 788 178 166 
10 1 215 3943 4157 4137 967 788 178 166 
10 1 215 3943 4157 4138 967 788 178 166 
10 1 215 3943 4157 4139 967 788 178 166 
10 1 215 3943 4157 4140 967 788 178 166 
10 1 215 3943 4157 4141 967 788 178 166 
10 1 215 3943 4157 4142 967 788 178 166 
10 1 215 3943 4157 4143 967 788 178 166 
10 1 215 3943 4157 4144 967 788 178 166 
10 1 215 3943 4157 4145 967 788 178 166 
10 1 215 3943 4157 4146 967 788 178 166 
10 1 215 3943 4157 4147 967 788 178 166 
10 1 215 3943 4157 4148 967 788 178 166 
10 1 215 3943 4157 4149 967 788 178 166 
10 1 215 3943 4157 4150 967 788 178 166 
10 1 215 3943 4157 4151 967 788 178 166 
10 1 215 3943 4157 4152 967 788 178 166 
10 1 215 3943 4157 4153 967 788 178 166 
10 1 215 3943 4157 4154 967 788 178 166 
10 1 215 3943 4157 4155 967 788 178 166 
10 1 215 3943 4157 4156 967 788 178 166 
10 1 215 3943 4157 4157 967 788 178 166 
11 4 113 4016 4128 4016 609 88 116 95 
11 4 113 4016 4128 4017 609 88 116 95 
11 4 113 4016 4128 4018 609 88 116 95 
11 4 113 4016 4128 4019 609 88 116 95 
11 4 113 4016 4128 4020 609 88 116 95 
11 4 113 4016 4128 4021 609 88 116 95 
11 4 113 4016 4128 4022 609 88 116 95 
11 4 113 4016 4128 4023 609 88 116 95 
11 4 113 4016 4128 4024 609 88 116 95 
11 4 113 4016 4128 4025 609 88 116 95 
11 4 113 4016 4128 4026 609 88 116 95 
11 4 113 4016 4128 4027 609 88 116 95 
11 4 113 4016 4128 4028 609 88 116 95 
11 4 113 4016 4128 4029 609 88 116 95 
11 4 113 4016 4128 4030 609 88 116 95 
11 4 113 4016 4128 4031 609 88 116 95 
11 4 113 4016 4128 4032 609 88 116 95 
11 4 113 4016 4128 4033 609 88 116 95 
11 4 113 4016 4128 4034 609 88 116 95 
11 4 113 4016 4128 4035 609 88 116 95 
11 4 113 4016 4128 4036 609 88 116 95 
11 4 113 4016 4128 4037 609 88 116 95 
11 4 113 4016 4128 4038 609 88 116 95 
11 4 113 4016 4128 4039 609 88 116 95 
11 4 113 4016 4128 4040 609 88 116 95 
11 4 113 4016 4128 4041 609 88 116 95 
11 4 113 4016 4128 4042 609 88 116 95 
11 4 113 4016 4128 4043 609 88 116 95 
11 4 113 4016 4128 4044 609 88 116 95 
11 4 113 4016 4128 4045 609 88 116 95 
11 4 113 4016 4128 4046 609 88 116 95 
11 4 113 4016 4128 4047 609 88 116 95 
11 4 113 4016 4128 4048 609 88 116 95 
11 4 113 4016 4128 4049 609 88 116 95 
11 4 113 4016 4128 4050 609 88 116 95 
11 4 113 4016 4128 4051 609 88 116 95 
11 4 113 4016 4128 4052 609 88 116 95 
11 4 113 4016 4128 4053 609 88 116 95 
11 4 113 4016 4128 4054 609 88 116 95 
11 4 113 4016 4128 4055 609 88 116 95 
11 4 113 4016 4128 4056 609 88 116 95 
11 4 113 4016 4128 4057 609 88 116 95 
11 4 113 4016 4128 4058 609 88 116 95 
11 4 113 4016 4128 4059 609 88 116 95 
11 4 113 4016 4128 4060 609 88 116 95 
11 4 113 4016 4128 4061 609 88 116 95 
11 4 113 4016 4128 4062 609 88 116 95 
11 4 113 4016 4128 4063 609 88 116 95 
11 4 113 4016 4128 4064 609 88 116 95 
11 4 113 4016 4128 4065 609 88 116 95 
11 4 113 4016 4128 4066 609 88 116 95 
11 4 113 4016 4128 4067 609 88 116 95 
11 4 113 4016 4128 4068 609 88 116 95 
11 4 113 4016 4128 4069 609 88 116 95 
11 4 113 4016 4128 4070 609 88 116 95 
11 4 113 4016 4128 4071 609 88 116 95 
11 4 113 4016 4128 4072 609 88 116 95 
11 4 113 4016 4128 4073 609 88 116 95 
11 4 113 4016 4128 4074 609 88 116 95 
11 4 113 4016 4128 4075 609 88 116 95 
11 4 113 4016 4128 4076 609 88 116 95 
11 4 113 4016 4128 4077 609 88 116 95 
11 4 113 4016 4128 4078 609 88 116 95 
11 4 113 4016 4128 4079 609 88 116 95 
11 4 113 4016 4128 4080 609 88 116 95 
11 4 113 4016 4128 4081 609 88 116 95 
11 4 113 4016 4128 4082 609 88 116 95 
11 4 113 4016 4128 4083 609 88 116 95 
11 4 113 4016 4128 4084 609 88 116 95 
11 4 113 4016 4128 4085 609 88 116 95 
11 4 113 4016 4128 4086 609 88 116 95 
11 4 113 4016 4128 4087 609 88 116 95 
11 4 113 4016 4128 4088 609 88 116 95 
11 4 113 4016 4128 4089 609 88 116 95 
11 4 113 4016 4128 4090 609 88 116 95 
11 4 113 4016 4128 4091 609 88 116 95 
11 4 113 4016 4128 4092 609 88 116 95 
11 4 113 4016 4128 4093 609 88 116 95 
11 4 113 4016 4128 4094 609 88 116 95 
11 4 113 4016 4128 4095 609 88 116 95 
11 4 113 4016 4128 4096 609 88 116 95 
11 4 113 4016 4128 4097 609 88 116 95 
11 4 113 4016 4128 4098 609 88 116 95 
11 4 113 4016 4128 4099 609 88 116 95 
11 4 113 4016 4128 4100 609 88 116 95 
11 4 113 4016 4128 4101 609 88 116 95 
11 4 113 4016 4128 4102 609 88 116 95 
11 4 113 4016 4128 4103 609 88 116 95 
11 4 113 4016 4128 4104 609 88 116 95 
11 4 113 4016 4128 4105 609 88 116 95 
11 4 113 4016 4128 4106 609 88 116 95 
11 4 113 4016 4128 4107 609 88 116 95 
11 4 113 4016 4128 4108 609 88 116 95 
11 4 113 4016 4128 4109 609 88 116 95 
11 4 113 4016 4128 4110 609 88 116 95 
11 4 113 4016 4128 4111 609 88 116 95 
11 4 113 4016 4128 4112 609 88 116 95 
11 4 113 4016 4128 4113 609 88 116 95 
11 4 113 4016 4128 4114 609 88 116 95 
11 4 113 4016 4128 4115 609 88 116 95 
11 4 113 4016 4128 4116 609 88 116 95 
11 4 113 4016 4128 4117 609 88 116 95 
11 4 113 4016 4128 4118 609 88 116 95 
11 4 113 4016 4128 4119 609 88 116 95 
11 4 113 4016 4128 4120 609 88 116 95 
11 4 113 4016 4128 4121 609 88 116 95 
11 4 113 4016 4128 4122 609 88 116 95 
11 4 113 4016 4128 4123 609 88 116 95 
11 4 113 4016 4128 4124 609 88 116 95 
11 4 113 4016 4128 4125 609 88 116 95 
11 4 113 4016 4128 4126 609 88 116 95 
11 4 113 4016 4128 4127 609 88 116 95 
11 4 113 4016 4128 4128 609 88 116 95 
