2 772 581 371 4 68 73 2
2 772 582 371 4 68 73 2
2 772 583 371 5 68 73 2
2 772 584 371 5 68 74 2
2 772 585 371 6 68 74 2
2 772 586 371 6 68 74 2
2 772 587 371 7 68 74 2
2 772 588 371 8 68 74 2
2 772 589 371 8 68 75 2
2 772 590 371 9 68 74 2
2 772 591 371 9 68 75 2
2 772 592 371 10 68 75 2
2 772 593 371 10 68 76 2
2 772 594 371 11 68 75 2
2 772 595 371 12 68 75 2
2 772 596 372 12 68 76 2
2 772 597 372 13 68 76 2
2 772 598 372 13 68 77 2
2 772 599 372 14 68 76 2
2 772 600 372 15 68 76 2
2 772 601 372 15 68 77 2
2 772 602 372 16 68 77 2
2 772 603 372 16 68 77 2
2 772 604 372 17 68 77 2
2 772 605 372 17 68 78 2
2 772 606 372 18 68 78 2
2 772 607 372 19 68 77 2
2 772 608 372 19 68 78 2
2 772 609 372 20 68 78 2
2 772 610 373 20 68 79 2
2 772 611 373 21 68 79 2
2 772 612 373 22 68 78 2
2 772 613 373 22 68 79 2
2 772 614 373 23 68 79 2
2 772 615 373 23 68 80 2
2 772 616 373 24 68 79 2
2 772 617 373 24 68 80 2
2 772 618 373 25 68 80 2
2 772 619 373 26 68 80 2
2 772 620 373 26 68 80 2
2 772 621 373 27 68 80 2
2 772 622 373 27 68 81 2
2 772 623 373 28 68 81 2
2 772 624 374 29 68 81 2
2 772 625 374 29 68 81 2
2 772 626 374 29 68 81 2
2 772 627 374 30 68 81 2
2 772 628 374 30 68 81 2
2 772 629 374 30 68 82 2
2 772 630 374 31 68 81 2
2 772 631 374 31 68 82 2
2 772 632 375 31 67 82 2
2 772 633 375 32 67 82 2
2 772 634 375 32 67 82 2
2 772 635 375 32 68 83 2
2 772 636 375 33 68 82 2
2 772 637 375 33 68 83 2
2 772 638 375 34 68 82 2
2 772 639 376 34 67 83 2
2 772 640 376 34 67 83 2
2 772 641 376 35 67 83 2
2 772 642 376 35 67 83 2
2 772 643 376 35 67 84 2
2 772 644 376 36 67 83 2
2 772 645 376 36 68 84 2
2 772 646 377 36 67 84 2
2 772 647 377 37 67 84 2
2 772 648 377 37 67 84 2
2 772 649 377 38 67 84 2
2 772 650 377 38 67 84 2
2 772 651 377 38 67 85 2
2 772 652 377 39 67 84 2
2 772 653 378 39 66 85 2
2 772 654 378 39 66 85 2
2 772 655 378 40 67 85 2
2 772 656 378 40 67 85 2
2 772 657 378 40 67 86 2
2 772 658 378 41 67 85 2
2 772 659 378 41 67 86 2
2 772 660 379 41 66 86 2
2 772 661 379 42 66 86 2
2 772 662 379 42 66 86 2
2 772 663 379 43 66 86 2
2 772 664 379 43 66 86 2
2 772 665 379 43 67 87 2
2 772 666 379 44 67 86 2
2 772 667 380 44 66 87 2
2 772 668 380 44 66 87 2
2 772 669 380 45 66 87 2
2 772 670 380 45 66 87 2
2 772 671 380 45 66 88 2
2 772 672 380 46 66 87 2
2 772 673 380 46 66 88 2
2 772 674 381 47 66 88 2
2 772 675 380 46 66 88 2
2 772 676 380 46 66 88 2
2 772 677 380 46 66 88 2
2 772 678 380 46 66 88 2
2 772 679 380 46 66 88 2
2 772 680 380 46 66 88 2
2 772 681 380 46 66 88 2
2 772 682 380 46 66 88 2
2 772 683 380 45 66 89 2
2 772 684 380 45 66 89 2
2 772 685 380 45 66 89 2
2 772 686 380 45 66 89 2
2 772 687 380 45 66 89 2
2 772 688 380 45 66 89 2
2 772 689 380 45 66 89 2
2 772 690 380 45 66 89 2
2 772 691 380 45 66 89 2
2 772 692 380 45 66 89 2
2 772 693 380 45 66 89 2
2 772 694 380 45 66 89 2
2 772 695 380 45 66 89 2
2 772 696 380 45 66 89 2
2 772 697 380 45 66 89 2
2 772 698 380 45 66 89 2
2 772 699 380 45 66 89 2
2 772 700 380 45 66 89 2
2 772 701 380 45 66 89 2
2 772 702 380 45 66 89 2
2 772 703 380 45 66 89 2
2 772 704 380 45 66 89 2
2 772 705 380 45 66 89 2
2 772 706 380 45 66 89 2
2 772 707 380 45 66 89 2
2 772 708 380 45 66 89 2
2 772 709 380 45 66 89 2
2 772 710 380 45 66 89 2
2 772 711 380 45 66 89 2
2 772 712 380 45 66 89 2
2 772 713 380 45 66 89 2
2 772 714 380 45 66 89 2
2 772 715 380 45 66 89 2
2 772 716 380 45 66 89 2
2 772 717 380 45 66 89 2
2 772 718 380 45 66 89 2
2 772 719 380 45 66 89 2
2 772 720 380 45 66 89 2
2 772 721 380 45 66 89 2
2 772 722 380 45 66 89 2
2 772 723 380 45 66 89 2
2 772 724 380 45 66 89 2
2 772 725 380 45 66 89 2
2 772 726 380 45 66 89 2
2 772 727 380 45 66 89 2
2 772 728 380 45 66 89 2
2 772 729 380 45 66 89 2
2 772 730 380 45 66 89 2
2 772 731 380 45 66 89 2
2 772 732 380 45 66 89 2
2 772 733 380 45 66 89 2
2 772 734 380 45 66 89 2
2 772 735 380 45 66 89 2
2 772 736 380 45 66 89 2
2 772 737 380 45 66 89 2
2 772 738 380 45 66 89 2
2 772 739 380 45 66 89 2
2 772 740 380 45 66 89 2
2 772 741 380 45 66 89 2
2 772 742 380 45 66 89 2
2 772 743 380 45 66 89 2
2 772 744 380 45 66 89 2
2 772 745 380 46 66 89 2
2 772 746 380 46 66 89 2
2 772 747 380 46 66 89 2
2 772 748 380 46 66 89 2
2 772 749 380 46 66 89 2
2 772 750 380 46 66 89 2
2 772 751 380 46 66 89 2
2 772 752 380 46 66 89 2
2 772 753 380 46 66 89 2
2 772 754 380 46 66 89 2
2 772 755 380 46 66 89 2
2 772 756 380 46 66 89 2
2 772 757 380 46 66 89 2
2 772 758 380 46 66 89 2
2 772 759 380 46 66 89 2
2 772 760 380 46 66 89 2
2 772 761 380 46 66 89 2
2 772 762 380 46 66 89 2
2 772 763 380 46 66 89 2
2 772 764 380 46 66 89 2
2 772 765 380 46 66 89 2
2 772 766 380 46 66 89 2
2 772 767 380 47 66 89 2
2 772 768 380 47 66 89 2
2 772 769 380 47 66 89 2
2 772 770 380 47 66 89 2
2 772 771 380 47 66 89 2
2 772 772 380 47 66 89 2
2 772 773 380 47 66 89 2
2 772 774 380 47 66 89 2
2 772 775 380 47 66 89 2
2 772 776 380 47 66 89 2
2 772 777 380 47 66 89 2
2 772 778 380 47 66 89 2
2 772 779 380 47 66 89 2
2 772 780 380 47 66 89 2
2 772 781 380 47 66 89 2
2 772 782 380 47 66 89 2
2 772 783 380 47 66 89 2
2 772 784 380 47 66 89 2
2 772 785 380 47 66 89 2
2 772 786 380 47 66 89 2
2 772 787 380 47 66 89 2
2 772 788 380 48 66 89 2
2 772 789 380 48 66 89 2
2 772 790 380 48 66 89 2
2 772 791 380 48 66 89 2
2 772 792 380 48 66 89 2
2 772 793 380 48 66 89 2
2 772 794 380 48 66 89 2
2 772 795 380 48 66 89 2
2 772 796 380 48 66 89 2
2 772 797 380 48 66 89 2
2 772 798 380 48 66 89 2
2 772 799 380 48 66 89 2
2 772 800 380 48 66 89 2
2 772 801 380 48 66 89 2
2 772 802 380 48 66 89 2
2 772 803 380 48 66 89 2
2 772 804 380 48 66 89 2
2 772 805 380 48 66 89 2
2 772 806 380 48 66 89 2
2 772 807 380 48 66 89 2
2 772 808 380 48 66 89 2
2 772 809 380 49 66 89 2
2 772 810 379 49 66 89 2
2 772 811 379 49 66 89 2
2 772 812 379 49 66 89 2
2 772 813 379 49 66 89 2
2 772 814 379 49 66 89 2
2 772 815 379 49 66 89 2
2 772 816 379 49 66 89 2
2 772 817 379 49 66 89 2
2 772 818 379 49 66 89 2
2 772 819 379 49 66 89 2
2 772 820 379 49 66 89 2
2 772 821 379 49 66 89 2
2 772 822 379 49 66 89 2
2 772 823 379 49 66 89 2
2 772 824 379 49 66 89 2
2 772 825 379 49 66 89 2
2 772 826 379 49 66 89 2
2 772 827 379 49 66 89 2
2 772 828 379 49 66 89 2
2 772 829 379 49 66 89 2
2 772 830 379 49 66 89 2
2 772 831 379 49 66 89 2
2 772 832 379 49 66 89 2
2 772 833 379 49 66 89 2
2 772 834 379 49 66 89 2
2 772 835 379 49 66 89 2
2 772 836 379 49 66 89 2
2 772 837 379 49 66 89 2
2 772 838 379 49 66 89 2
2 772 839 379 49 66 89 2
2 772 840 379 49 66 89 2
2 772 841 379 49 66 89 2
2 772 842 379 49 66 89 2
2 772 843 379 49 66 89 2
2 772 844 379 49 66 89 2
2 772 845 379 49 66 89 2
2 772 846 379 49 66 89 2
2 772 847 379 49 66 89 2
2 772 848 379 49 66 89 2
2 772 849 379 49 66 89 2
2 772 850 379 49 66 89 2
2 772 851 379 49 66 89 2
2 772 852 379 49 66 89 2
2 772 853 379 49 66 89 2
2 772 854 379 49 66 89 2
2 772 855 379 49 66 89 2
2 772 856 379 49 66 89 2
2 772 857 379 49 66 89 2
2 772 858 379 49 66 89 2
2 772 859 379 49 66 89 2
2 772 860 379 49 66 89 2
2 772 861 379 49 66 89 2
2 772 862 379 49 66 89 2
2 772 863 379 49 66 89 2
2 772 864 379 49 66 89 2
2 772 865 379 49 66 89 2
2 772 866 379 49 66 89 2
2 772 867 379 49 66 89 2
2 772 868 379 49 66 89 2
2 772 869 379 49 66 89 2
2 772 870 379 49 66 89 2
2 772 871 379 49 66 89 2
2 772 872 379 49 66 89 2
2 772 873 379 49 66 89 2
2 772 874 379 49 66 89 2
2 772 875 379 49 66 89 2
2 772 876 379 49 66 89 2
2 772 877 378 49 66 89 2
2 772 878 378 49 66 89 2
2 772 879 378 49 66 89 2
2 772 880 378 49 66 89 2
2 772 881 378 49 66 89 2
2 772 882 378 49 66 89 2
2 772 883 378 49 66 89 2
2 772 884 378 49 66 89 2
2 772 885 378 49 66 89 2
2 772 886 378 49 66 89 2
2 772 887 378 49 66 89 2
2 772 888 378 49 66 89 2
2 772 889 378 49 66 89 2
2 772 890 378 49 66 89 2
2 772 891 378 49 66 89 2
2 772 892 378 49 66 89 2
2 772 893 378 49 66 89 2
2 772 894 378 49 66 89 2
2 772 895 378 49 66 89 2
2 772 896 378 49 66 89 2
2 772 897 378 49 66 89 2
2 772 898 378 49 66 89 2
2 772 899 378 49 66 89 2
2 772 900 378 49 66 89 2
2 772 901 378 49 66 89 2
2 772 902 378 49 66 89 2
2 772 903 378 49 66 89 2
2 772 904 378 49 66 89 2
2 772 905 378 49 66 89 2
2 772 906 378 49 66 89 2
2 772 907 378 49 66 89 2
2 772 908 378 49 66 89 2
2 772 909 378 49 66 89 2
2 772 910 378 49 66 89 2
2 772 911 378 49 66 89 2
2 772 912 378 49 66 89 2
2 772 913 378 49 66 89 2
2 772 914 378 49 66 89 2
2 772 915 378 49 66 89 2
2 772 916 378 49 66 89 2
2 772 917 378 49 66 89 2
2 772 918 378 49 66 89 2
2 772 919 378 49 66 89 2
2 772 920 378 49 66 89 2
2 772 921 378 49 66 89 2
2 772 922 378 49 66 89 2
2 772 923 378 49 66 89 2
2 772 924 378 49 66 89 2
2 772 925 378 49 66 89 2
2 772 926 378 49 66 89 2
2 772 927 378 49 66 89 2
2 772 928 378 49 66 89 2
2 772 929 378 49 66 89 2
2 772 930 378 49 66 89 2
2 772 931 378 49 66 89 2
2 772 932 378 49 66 89 2
2 772 933 378 49 66 89 2
2 772 934 378 49 66 89 2
2 772 935 378 49 66 89 2
2 772 936 378 49 66 89 2
2 772 937 378 49 66 89 2
2 772 938 378 49 66 89 2
2 772 939 378 49 66 89 2
2 772 940 378 49 66 89 2
2 772 941 378 49 66 89 2
2 772 942 378 49 66 89 2
2 772 943 378 49 66 89 2
2 772 944 378 50 66 89 2
2 772 945 377 50 67 89 2
2 772 946 377 50 67 89 2
2 772 947 377 50 67 89 2
2 772 948 377 50 67 89 2
2 772 949 377 50 67 89 2
2 772 950 377 50 67 89 2
2 772 951 377 50 67 89 2
2 772 952 377 50 67 89 2
2 772 953 377 50 67 89 2
2 772 954 377 50 67 89 2
2 772 955 377 50 67 89 2
2 772 956 377 50 67 89 2
2 772 957 377 50 67 89 2
2 772 958 377 50 67 89 2
2 772 959 377 50 67 89 2
2 772 960 377 50 67 89 2
2 772 961 377 50 67 89 2
2 772 962 377 50 67 89 2
2 772 963 377 50 67 90 2
2 772 964 377 50 67 90 2
2 772 965 377 50 67 90 2
2 772 966 377 50 67 90 2
2 772 967 377 50 67 90 2
2 772 968 377 50 67 90 2
2 772 969 377 50 67 90 2
2 772 970 377 50 67 90 2
2 772 971 377 50 67 90 2
2 772 972 377 50 67 90 2
2 772 973 377 50 67 90 2
2 772 974 377 50 67 90 2
2 772 975 377 50 67 90 2
2 772 976 377 50 67 90 2
2 772 977 377 50 67 90 2
2 772 978 377 50 67 90 2
2 772 979 377 50 67 90 2
2 772 980 377 50 67 90 2
2 772 981 377 50 67 90 2
2 772 982 377 50 68 91 2
2 772 983 377 50 68 91 2
2 772 984 377 50 68 91 2
2 772 985 377 50 68 91 2
2 772 986 377 50 68 91 2
2 772 987 377 50 68 91 2
2 772 988 377 50 68 91 2
2 772 989 377 50 68 91 2
2 772 990 377 50 68 91 2
2 772 991 377 50 68 91 2
2 772 992 377 50 68 91 2
2 772 993 377 50 68 91 2
2 772 994 377 50 68 91 2
2 772 995 377 50 68 91 2
2 772 996 377 50 68 91 2
2 772 997 377 50 68 91 2
2 772 998 377 50 68 91 2
2 772 999 377 50 68 91 2
2 772 1000 377 50 68 92 2
2 772 1001 377 50 68 92 2
2 772 1002 377 50 68 92 2
2 772 1003 377 50 68 92 2
2 772 1004 377 50 68 92 2
2 772 1005 377 50 68 92 2
2 772 1006 377 50 68 92 2
2 772 1007 377 50 68 92 2
2 772 1008 377 50 68 92 2
2 772 1009 377 50 68 92 2
2 772 1010 377 50 68 92 2
2 772 1011 377 50 68 92 2
2 772 1012 377 50 68 92 2
2 772 1013 377 50 68 92 2
2 772 1014 377 50 68 92 2
2 772 1015 377 50 68 92 2
2 772 1016 377 50 68 92 2
2 772 1017 377 50 68 92 2
2 772 1018 377 51 69 92 2
2 772 1019 377 51 69 92 2
2 772 1020 377 52 69 92 2
2 772 1021 377 52 69 93 2
2 772 1022 377 53 69 93 2
2 772 1023 377 54 69 93 2
2 772 1024 377 54 70 93 2
2 772 1025 377 55 70 93 2
2 772 1026 377 56 70 93 2
2 772 1027 377 56 70 94 2
2 772 1028 378 57 69 94 2
2 772 1029 378 58 70 93 2
2 772 1030 378 58 70 94 2
2 772 1031 378 59 70 94 2
2 772 1032 378 60 70 94 2
2 772 1033 378 60 70 95 2
2 772 1034 378 61 71 95 2
2 772 1035 378 62 71 94 2
2 772 1036 378 62 71 95 2
2 772 1037 379 63 70 95 2
2 772 1038 379 64 70 95 2
2 772 1039 379 65 71 95 2
2 772 1040 379 65 71 96 2
2 772 1041 379 66 71 95 2
2 772 1042 379 67 71 95 2
2 772 1043 379 67 71 96 2
2 772 1044 379 68 72 96 2
2 772 1045 379 69 72 96 2
2 772 1046 380 69 71 97 2
2 772 1047 380 70 71 97 2
2 772 1048 380 71 71 96 2
2 772 1049 380 71 72 97 2
2 772 1050 380 72 72 97 2
2 772 1051 380 73 72 97 2
2 772 1052 380 74 72 97 2
2 772 1053 380 74 72 98 2
2 772 1054 380 75 73 98 2
2 772 1055 381 76 72 97 2
2 772 1056 381 76 72 98 2
2 772 1057 381 77 72 98 2
2 772 1058 381 78 72 98 2
2 772 1059 381 79 73 98 2
2 772 1060 381 79 73 99 2
2 772 1061 381 80 73 99 2
2 772 1062 381 81 73 99 2
2 772 1063 382 82 73 99 2
2 772 1064 382 83 73 99 2
2 772 1065 382 84 73 99 2
2 772 1066 382 86 73 99 2
2 772 1067 382 87 73 99 2
2 772 1068 382 88 73 99 2
2 772 1069 383 90 73 99 2
2 772 1070 383 91 73 99 2
2 772 1071 383 93 73 99 2
2 772 1072 383 94 73 99 2
2 772 1073 383 95 73 99 2
2 772 1074 383 97 73 99 2
2 772 1075 384 98 73 99 2
2 772 1076 384 100 73 99 2
2 772 1077 384 101 73 99 2
2 772 1078 384 102 73 99 2
2 772 1079 384 104 73 99 2
2 772 1080 385 105 73 99 2
2 772 1081 385 106 73 99 2
2 772 1082 385 108 73 99 2
2 772 1083 385 109 73 99 2
2 772 1084 385 111 73 99 2
2 772 1085 385 112 73 99 2
2 772 1086 386 113 73 99 2
2 772 1087 386 115 73 99 2
2 772 1088 386 116 73 99 2
2 772 1089 386 118 73 99 2
2 772 1090 386 119 73 99 2
2 772 1091 387 120 73 99 2
2 772 1092 387 122 73 99 2
2 772 1093 387 123 73 99 2
2 772 1094 387 124 73 99 2
2 772 1095 387 126 73 99 2
2 772 1096 387 127 73 99 2
2 772 1097 388 129 73 99 2
2 772 1098 388 130 73 99 2
2 772 1099 388 131 73 99 2
2 772 1100 388 133 73 99 2
2 772 1101 388 134 73 99 2
2 772 1102 389 136 73 99 2
2 772 1103 389 137 73 99 2
2 772 1104 389 138 73 99 2
2 772 1105 389 140 73 99 2
2 772 1106 389 141 73 99 2
2 772 1107 389 143 73 99 2
2 772 1108 389 144 73 99 2
2 772 1109 389 146 73 99 2
2 772 1110 389 147 73 99 2
2 772 1111 389 149 73 99 2
2 772 1112 389 150 73 99 2
2 772 1113 389 152 73 99 2
2 772 1114 389 153 73 99 2
2 772 1115 389 155 73 99 2
2 772 1116 389 156 73 99 2
2 772 1117 389 158 73 99 2
2 772 1118 389 159 73 99 2
2 772 1119 389 161 73 99 2
2 772 1120 389 162 73 99 2
2 772 1121 389 164 73 99 2
2 772 1122 389 165 73 99 2
2 772 1123 389 167 73 99 2
2 772 1124 389 168 73 99 2
2 772 1125 389 170 73 99 2
2 772 1126 389 171 73 99 2
2 772 1127 389 173 73 99 2
2 772 1128 389 174 73 99 2
2 772 1129 389 176 73 99 2
2 772 1130 389 177 73 99 2
2 772 1131 389 179 73 99 2
2 772 1132 389 180 73 99 2
2 772 1133 389 182 73 99 2
2 772 1134 389 183 73 99 2
2 772 1135 389 185 73 99 2
2 772 1136 389 186 73 99 2
2 772 1137 389 188 73 99 2
2 772 1138 389 189 73 99 2
2 772 1139 389 191 73 99 2
2 772 1140 389 192 73 99 2
2 772 1141 389 194 73 99 2
2 772 1142 389 195 73 99 2
2 772 1143 389 197 73 99 2
2 772 1144 389 198 73 99 2
2 772 1145 389 200 73 99 2
2 772 1146 389 201 73 99 2
2 772 1147 389 203 73 99 2
2 772 1148 389 204 73 99 2
2 772 1149 389 206 73 99 2
2 772 1150 389 207 73 99 2
2 772 1151 388 209 73 99 2
2 772 1152 389 209 73 100 2
2 772 1153 389 210 73 101 2
2 772 1154 389 212 74 100 2
2 772 1155 389 213 74 101 2
2 772 1156 389 214 75 102 2
2 772 1157 390 215 74 102 2
2 772 1158 390 216 75 103 2
2 772 1159 390 217 75 104 2
2 772 1160 390 218 76 104 2
2 772 1161 390 219 76 105 2
2 772 1162 391 220 76 106 2
2 772 1163 391 221 76 107 2
2 772 1164 391 222 77 107 2
2 772 1165 391 223 77 108 2
2 772 1166 391 224 78 109 2
2 772 1167 392 226 77 109 2
2 772 1168 392 227 78 110 2
2 772 1169 392 228 78 110 2
2 772 1170 392 229 79 111 2
2 772 1171 393 230 78 112 2
2 772 1172 393 231 79 113 2
2 772 1173 393 233 79 113 2
2 772 1174 393 234 80 114 2
2 772 1175 393 235 80 115 2
2 772 1176 394 236 80 116 2
2 772 1177 394 238 80 115 2
2 772 1178 394 239 81 116 2
2 772 1179 394 240 81 117 2
2 772 1180 395 241 81 118 2
2 772 1181 395 243 82 118 2
2 772 1182 395 244 82 119 2
2 772 1183 395 245 83 120 2
2 772 1184 396 247 82 121 2
2 772 1185 396 248 83 122 2
2 772 1186 396 249 83 123 2
2 772 1187 396 251 84 123 2
2 772 1188 397 252 84 124 2
2 772 1189 397 254 84 124 2
2 772 1190 397 255 85 125 2
2 772 1191 397 256 85 126 2
2 772 1192 398 258 85 127 2
2 772 1193 398 259 86 128 2
2 772 1194 398 261 86 128 2
2 772 1195 398 262 87 129 2
2 772 1196 399 264 87 130 2
2 772 1197 399 265 87 131 2
2 772 1198 399 267 88 131 2
2 772 1199 400 269 88 132 2
2 772 1200 400 271 88 133 2
2 772 1201 400 274 88 133 2
2 772 1202 400 277 88 133 2
2 772 1203 400 279 89 134 2
2 772 1204 400 282 89 134 2
2 772 1205 400 285 89 134 2
2 772 1206 400 288 89 134 2
2 772 1207 400 290 90 135 2
2 772 1208 400 293 90 135 2
2 772 1209 400 296 90 136 2
2 772 1210 400 299 90 136 2
2 772 1211 400 302 91 136 2
2 772 1212 400 304 91 137 2
2 772 1213 400 307 91 138 2
2 772 1214 400 310 91 138 2
2 772 1215 400 313 92 138 2
2 772 1216 400 316 92 138 2
2 772 1217 400 319 92 139 2
2 772 1218 400 322 92 139 2
2 772 1219 400 325 93 139 2
2 772 1220 400 328 93 140 2
2 772 1221 400 331 93 140 2
2 772 1222 400 334 94 140 2
2 772 1223 400 337 94 141 2
2 772 1224 400 340 94 141 2
2 772 1225 400 343 94 142 2
2 772 1226 400 346 95 142 2
2 772 1227 400 349 95 143 2
2 772 1228 400 352 95 143 2
2 772 1229 400 355 95 144 2
2 772 1230 400 358 96 144 2
2 772 1231 400 361 96 145 2
2 772 1232 400 365 96 144 2
2 772 1233 400 368 97 145 2
2 772 1234 400 371 97 145 2
2 772 1235 400 374 97 146 2
2 772 1236 400 377 97 147 2
2 772 1237 400 381 98 146 2
2 772 1238 400 384 98 147 2
2 772 1239 400 387 98 148 2
2 772 1240 400 390 99 148 2
2 772 1241 400 394 99 148 2
2 772 1242 400 397 99 149 2
2 772 1243 400 400 100 150 2
2 772 1244 400 404 100 149 2
2 772 1245 400 407 100 150 2
2 772 1246 400 410 100 151 2
2 772 1247 400 414 101 151 2
2 772 1248 400 417 101 152 2
2 772 1249 400 421 101 152 2
2 772 1250 400 424 102 152 2
2 772 1251 400 428 102 152 2
2 772 1252 400 431 102 153 2
2 772 1253 400 435 103 153 2
2 772 1254 400 438 103 154 2
2 772 1255 400 442 103 154 2
2 772 1256 400 446 104 154 2
2 772 1257 400 449 104 155 2
2 772 1258 400 453 104 155 2
2 772 1259 401 457 104 156 2
2 772 1260 400 461 105 157 2
2 772 1261 400 465 105 158 2
2 772 1262 400 470 105 158 2
2 772 1263 399 474 106 160 2
2 772 1264 399 478 106 161 2
2 772 1265 399 483 106 161 2
2 772 1266 399 487 106 162 2
2 772 1267 398 492 107 163 2
2 772 1268 398 496 107 164 2
2 772 1269 398 500 108 165 2
2 772 1270 397 505 109 166 2
2 772 1271 397 509 109 167 2
2 772 1272 397 513 109 168 2
2 772 1273 396 518 110 168 2
2 772 1274 396 522 110 170 2
2 772 1275 396 527 110 170 2
2 772 1276 396 531 110 171 2
2 772 1277 395 535 111 173 2
2 772 1278 395 540 112 173 2
2 772 1279 395 544 112 174 2
2 772 1280 394 548 113 176 2
2 772 1281 394 553 113 176 2
2 772 1282 394 557 113 177 2
2 772 1283 393 561 114 179 2
2 772 1284 393 566 114 179 2
2 772 1285 393 570 115 180 2
2 772 1286 392 574 116 182 2
2 772 1287 392 579 116 182 2
2 772 1288 392 583 116 183 2
2 772 1289 391 588 117 183 2
2 772 1290 391 592 117 185 2
2 772 1291 391 596 117 186 2
2 772 1292 391 601 118 187 2
2 772 1293 390 607 118 188 2
2 772 1294 389 613 119 189 2
2 772 1295 389 619 119 191 2
2 772 1296 388 625 120 192 2
2 772 1297 387 631 121 194 2
2 772 1298 387 637 121 195 2
2 772 1299 386 643 122 196 2
2 772 1300 386 649 121 198 2
2 772 1301 385 655 122 199 2
2 772 1302 384 662 123 200 2
2 772 1303 384 668 123 201 2
2 772 1304 383 674 124 203 2
2 772 1305 382 680 125 204 2
2 772 1306 382 686 125 205 2
2 772 1307 381 692 126 207 2
2 772 1308 380 698 126 208 2
2 772 1309 380 704 126 210 2
2 772 1310 379 710 127 211 2
2 772 1311 378 716 128 213 2
2 772 1312 378 722 128 214 2
2 772 1313 377 728 129 216 2
2 772 1314 376 734 130 217 2
2 772 1315 376 740 130 219 2
2 772 1316 375 746 131 220 2
2 772 1317 375 753 131 221 2
2 772 1318 375 759 131 219 2
2 772 1319 375 766 132 217 2
2 772 1320 375 773 133 215 2
2 772 1321 375 780 134 213 2
2 772 1322 375 787 135 211 2
2 772 1323 375 794 136 209 2
2 772 1324 375 801 137 206 2
2 772 1325 375 808 138 204 2
2 772 1326 375 815 139 202 2
2 772 1327 376 822 139 200 2
2 772 1328 376 828 140 199 2
2 772 1329 376 835 141 197 2
2 772 1330 376 842 142 194 2
2 772 1331 376 849 143 192 2
2 772 1332 376 856 144 190 2
2 772 1333 376 863 145 188 2
2 772 1334 376 870 146 186 2
2 772 1335 376 877 147 184 2
2 772 1336 376 884 148 182 2
2 772 1337 377 891 148 180 2
2 772 1338 377 899 147 171 2
2 772 1339 377 907 147 162 2
2 772 1340 377 915 147 153 2
2 772 1341 378 923 146 145 2
2 772 1342 378 930 146 137 2
2 772 1343 378 938 146 129 2
2 772 1344 378 946 146 121 2
2 772 1345 377 953 147 114 2
2 772 1346 377 961 148 106 2
2 772 1347 377 968 148 99 2
2 772 1348 376 975 149 92 2
2 772 1349 376 982 150 85 2
2 772 1350 376 990 151 78 2
2 772 1351 376 990 151 78 2
2 772 1352 376 990 151 78 2
3 221 621 273 103 28 47 1
3 221 622 274 102 28 48 1
3 221 623 275 101 28 49 1
3 221 624 276 100 28 50 1
3 221 625 277 99 28 51 1
3 221 626 278 98 28 53 1
3 221 627 280 97 27 54 1
3 221 628 281 96 28 55 1
3 221 629 282 95 28 57 1
3 221 630 283 94 28 58 1
3 221 631 284 93 28 59 1
3 221 632 286 93 28 60 1
3 221 633 287 92 28 60 1
3 221 634 288 92 28 60 1
3 221 635 289 92 28 60 1
3 221 636 290 91 29 60 1
3 221 637 291 91 29 60 1
3 221 638 292 91 29 60 1
3 221 639 293 90 30 61 1
3 221 640 294 90 30 60 1
3 221 641 296 90 29 60 1
3 221 642 297 89 30 61 1
3 221 643 298 89 30 61 1
3 221 644 299 89 30 60 1
3 221 645 300 88 30 61 1
3 221 646 301 88 31 61 1
3 221 647 302 88 31 61 1
3 221 648 303 87 31 61 1
3 221 649 304 87 32 61 1
3 221 650 306 87 31 61 1
3 221 651 307 86 31 62 1
3 221 652 308 86 32 61 1
3 221 653 309 86 32 61 1
3 221 654 310 85 32 62 1
3 221 655 311 85 33 62 1
3 221 656 312 85 33 61 1
3 221 657 313 84 33 62 1
3 221 658 314 84 33 62 1
3 221 659 316 84 33 62 1
3 221 660 317 83 33 62 1
3 221 661 318 83 33 62 1
3 221 662 319 83 34 62 1
3 221 663 320 82 34 63 1
3 221 664 321 82 34 62 1
3 221 665 322 82 35 62 1
3 221 666 323 81 35 63 1
3 221 667 324 81 35 63 1
3 221 668 326 81 35 63 1
3 221 669 326 80 35 63 1
3 221 670 326 80 35 62 1
3 221 671 326 79 35 63 1
3 221 672 327 79 34 62 1
3 221 673 327 79 34 61 1
3 221 674 327 78 35 62 1
3 221 675 328 78 34 61 1
3 221 676 328 78 34 61 1
3 221 677 328 77 34 61 1
3 221 678 329 77 33 60 1
3 221 679 329 77 34 60 1
3 221 680 329 76 34 60 1
3 221 681 329 76 34 60 1
3 221 682 330 76 33 59 1
3 221 683 330 75 33 59 1
3 221 684 330 75 34 59 1
3 221 685 331 75 33 58 1
3 221 686 331 74 33 59 1
3 221 687 331 74 33 58 1
3 221 688 332 74 33 58 1
3 221 689 332 73 33 58 1
3 221 690 333 73 32 58 1
3 221 691 333 72 33 58 1
3 221 692 334 72 32 58 1
3 221 693 334 72 33 58 1
3 221 694 335 71 32 58 1
3 221 695 335 71 33 58 1
3 221 696 336 71 32 58 1
3 221 697 336 70 33 58 1
3 221 698 337 70 32 58 1
3 221 699 337 70 33 58 1
3 221 700 338 69 32 58 1
3 221 701 339 69 31 58 1
3 221 702 339 69 32 58 1
3 221 703 340 68 31 58 1
3 221 704 340 68 32 58 1
3 221 705 341 68 31 58 1
3 221 706 341 67 32 58 1
3 221 707 342 67 31 58 1
3 221 708 342 67 32 58 1
3 221 709 343 66 31 58 1
3 221 710 343 66 32 58 1
3 221 711 344 66 31 58 1
3 221 712 344 65 32 58 1
3 221 713 345 65 31 58 1
3 221 714 346 65 31 58 1
3 221 715 346 64 31 58 1
3 221 716 346 64 31 58 1
3 221 717 346 64 31 58 1
3 221 718 346 64 31 58 1
3 221 719 346 64 31 58 1
3 221 720 346 64 31 58 1
3 221 721 346 64 31 58 1
3 221 722 346 64 31 58 1
3 221 723 346 63 31 58 1
3 221 724 346 63 31 58 1
3 221 725 347 63 31 58 1
3 221 726 347 63 31 58 1
3 221 727 347 63 31 58 1
3 221 728 347 63 31 58 1
3 221 729 347 63 31 58 1
3 221 730 347 63 31 58 1
3 221 731 347 62 31 58 1
3 221 732 347 62 31 58 1
3 221 733 347 62 31 58 1
3 221 734 347 62 31 58 1
3 221 735 347 62 31 58 1
3 221 736 348 62 31 58 1
3 221 737 348 62 31 58 1
3 221 738 348 62 31 58 1
3 221 739 348 61 31 58 1
3 221 740 348 61 31 58 1
3 221 741 348 61 31 58 1
3 221 742 348 61 31 58 1
3 221 743 348 61 31 58 1
3 221 744 348 61 31 58 1
3 221 745 348 61 31 58 1
3 221 746 349 61 31 58 1
3 221 747 349 60 30 57 1
3 221 748 349 60 30 56 1
3 221 749 349 60 30 54 1
3 221 750 349 60 30 53 1
3 221 751 349 60 30 52 1
3 221 752 349 60 30 50 1
3 221 753 349 60 30 49 1
3 221 754 349 60 30 48 1
3 221 755 349 60 30 46 1
3 221 756 349 60 30 45 1
3 221 757 349 60 30 44 1
3 221 758 349 59 30 43 1
3 221 759 349 59 30 42 1
3 221 760 349 59 30 41 1
3 221 761 349 59 30 39 1
3 221 762 349 59 30 38 1
3 221 763 349 59 30 37 1
3 221 764 350 59 30 36 1
3 221 765 350 59 30 40 1
3 221 766 350 60 30 44 1
3 221 767 351 61 30 48 1
3 221 768 351 61 30 53 1
3 221 769 351 61 31 58 1
3 221 770 350 62 32 47 1
3 221 771 350 63 34 37 1
3 221 772 350 62 34 38 1
3 221 773 350 62 34 38 1
3 221 774 350 62 34 38 1
3 221 775 351 62 33 38 1
3 221 776 351 62 33 38 1
3 221 777 351 62 33 38 1
3 221 778 352 62 32 38 1
3 221 779 352 62 33 38 1
3 221 780 352 62 33 38 1
3 221 781 352 62 33 38 1
3 221 782 353 62 32 38 1
3 221 783 353 62 32 38 1
3 221 784 353 62 32 38 1
3 221 785 354 62 31 38 1
3 221 786 354 62 31 38 1
3 221 787 354 62 32 38 1
3 221 788 355 62 31 38 1
3 221 789 355 62 31 38 1
3 221 790 355 62 31 38 1
3 221 791 355 62 31 38 1
3 221 792 356 62 30 38 1
3 221 793 356 62 30 38 1
3 221 794 356 62 31 38 1
3 221 795 357 62 30 38 1
3 221 796 357 62 30 38 1
3 221 797 357 62 30 38 1
3 221 798 357 62 30 38 1
3 221 799 358 62 29 38 1
3 221 800 358 62 29 38 1
3 221 801 358 62 29 38 1
3 221 802 359 62 29 39 1
3 221 803 359 62 29 39 1
3 221 804 359 62 29 39 1
3 221 805 360 62 28 39 1
3 221 806 360 62 28 39 1
3 221 807 360 62 28 39 1
3 221 808 360 62 28 39 1
3 221 809 361 62 27 39 1
3 221 810 361 62 28 39 1
3 221 811 361 62 28 39 1
3 221 812 362 62 27 39 1
3 221 813 362 62 27 39 1
3 221 814 362 62 27 39 1
3 221 815 362 62 27 39 1
3 221 816 363 62 26 39 1
3 221 817 363 62 27 39 1
3 221 818 363 62 27 39 1
3 221 819 364 62 26 39 1
3 221 820 364 62 26 39 1
3 221 821 364 62 26 39 1
3 221 822 365 62 25 39 1
3 221 823 365 62 25 39 1
3 221 824 365 62 25 39 1
3 221 825 365 62 26 39 1
3 221 826 366 62 25 39 1
3 221 827 366 62 25 39 1
3 221 828 366 62 25 39 1
3 221 829 367 62 24 39 1
3 221 830 367 62 24 39 1
3 221 831 367 62 24 39 1
3 221 832 368 62 24 40 1
3 221 833 368 62 24 40 1
3 221 834 368 62 24 40 1
3 221 835 368 62 24 40 1
3 221 836 368 62 24 40 1
3 221 837 368 62 24 40 1
3 221 838 368 62 24 40 1
3 221 839 368 62 24 40 1
3 221 840 368 62 24 40 1
3 221 841 368 62 24 40 1
