0 220 613 272 84 32 66 1
0 220 614 273 83 32 66 1
0 220 615 275 83 32 66 1
0 220 616 276 83 33 66 1
0 220 617 278 83 32 66 1
0 220 618 279 83 33 66 1
0 220 619 281 83 33 66 1
0 220 620 283 83 32 66 1
0 220 621 284 83 33 66 1
0 220 622 286 83 33 66 1
0 220 623 287 83 33 66 1
0 220 624 289 83 33 66 1
0 220 625 290 83 34 66 1
0 220 626 292 82 33 67 1
0 220 627 294 82 33 67 1
0 220 628 295 82 34 67 1
0 220 629 297 82 33 67 1
0 220 630 298 82 34 67 1
0 220 631 300 82 34 67 1
0 220 632 302 82 33 67 1
0 220 633 303 82 34 67 1
0 220 634 305 82 34 67 1
0 220 635 306 82 34 67 1
0 220 636 308 82 34 67 1
0 220 637 309 82 35 67 1
0 220 638 311 82 34 66 1
0 220 639 313 81 34 67 1
0 220 640 314 81 35 67 1
0 220 641 316 81 35 67 1
0 220 642 317 81 35 67 1
0 220 643 319 81 35 67 1
0 220 644 320 81 36 67 1
0 220 645 322 81 35 67 1
0 220 646 324 81 35 67 1
0 220 647 325 81 36 67 1
0 220 648 327 81 35 67 1
0 220 649 328 81 36 67 1
0 220 650 330 81 36 67 1
0 220 651 332 80 35 68 1
0 220 652 333 80 36 68 1
0 220 653 335 80 36 68 1
0 220 654 336 80 36 68 1
0 220 655 338 80 36 68 1
0 220 656 339 80 37 68 1
0 220 657 341 80 36 68 1
0 220 658 343 80 36 68 1
0 220 659 344 80 37 68 1
0 220 660 346 80 36 68 1
0 220 661 347 80 37 68 1
0 220 662 349 80 37 68 1
0 220 663 351 80 37 68 1
0 220 664 351 79 37 68 1
0 220 665 351 79 37 68 1
0 220 666 352 79 37 68 1
0 220 667 352 79 37 68 1
0 220 668 353 79 37 68 1
0 220 669 353 79 37 68 1
0 220 670 354 79 37 68 1
0 220 671 354 78 37 68 1
0 220 672 355 78 37 68 1
0 220 673 355 78 37 68 1
0 220 674 356 78 37 68 1
0 220 675 356 78 37 68 1
0 220 676 357 78 37 68 1
0 220 677 357 78 37 68 1
0 220 678 357 78 38 67 1
0 220 679 358 77 37 68 1
0 220 680 358 77 38 68 1
0 220 681 359 77 37 68 1
0 220 682 359 77 38 68 1
0 220 683 360 77 37 68 1
0 220 684 360 77 38 68 1
0 220 685 361 77 37 68 1
0 220 686 361 76 38 68 1
0 220 687 362 76 37 68 1
0 220 688 362 76 38 68 1
0 220 689 363 76 37 68 1
0 220 690 363 76 38 68 1
0 220 691 364 76 37 68 1
0 220 692 364 76 38 68 1
0 220 693 365 76 38 68 1
0 220 694 364 75 38 69 1
0 220 695 364 75 38 69 1
0 220 696 364 75 38 69 1
0 220 697 363 75 39 69 1
0 220 698 363 75 39 69 1
0 220 699 363 75 39 69 1
0 220 700 363 75 39 69 1
0 220 701 362 75 40 69 1
0 220 702 362 75 40 69 1
0 220 703 362 75 40 69 1
0 220 704 361 75 41 69 1
0 220 705 361 75 41 69 1
0 220 706 361 75 41 69 1
0 220 707 361 75 41 69 1
0 220 708 360 75 42 69 1
0 220 709 360 75 42 69 1
0 220 710 360 75 42 69 1
0 220 711 360 75 42 69 1
0 220 712 359 75 43 69 1
0 220 713 359 75 43 69 1
0 220 714 359 75 43 69 1
0 220 715 358 75 44 69 1
0 220 716 358 75 44 69 1
0 220 717 358 75 44 69 1
0 220 718 358 75 44 69 1
0 220 719 357 75 45 69 1
0 220 720 357 75 45 69 1
0 220 721 357 75 45 69 1
0 220 722 357 75 45 69 1
0 220 723 356 75 46 69 1
0 220 724 356 75 46 69 1
0 220 725 356 75 46 69 1
0 220 726 355 75 47 69 1
0 220 727 355 75 47 69 1
0 220 728 355 75 47 69 1
0 220 729 355 75 47 69 1
0 220 730 354 75 48 69 1
0 220 731 354 75 48 69 1
0 220 732 354 75 48 69 1
0 220 733 354 75 49 70 1
0 220 734 354 74 49 70 1
0 220 735 355 74 48 69 1
0 220 736 355 74 48 68 1
0 220 737 355 74 48 67 1
0 220 738 356 74 47 66 1
0 220 739 356 74 48 65 1
0 220 740 357 74 47 64 1
0 220 741 357 74 47 63 1
0 220 742 358 74 46 62 1
0 220 743 358 74 46 61 1
0 220 744 359 74 45 61 1
0 220 745 359 74 46 60 1
0 220 746 360 74 45 59 1
0 220 747 360 74 45 58 1
0 220 748 361 74 44 57 1
0 220 749 361 74 44 56 1
0 220 750 362 74 44 55 1
0 220 751 362 74 44 55 1
0 220 752 363 74 43 54 1
0 220 753 363 74 43 53 1
0 220 754 364 73 42 53 1
0 220 755 364 73 43 52 1
0 220 756 364 73 43 51 1
0 220 757 365 73 42 50 1
0 220 758 365 73 42 50 1
0 220 759 366 73 42 49 1
0 220 760 366 73 42 48 1
0 220 761 367 73 41 47 1
0 220 762 367 73 41 46 1
0 220 763 368 73 41 46 1
0 220 764 368 73 40 45 1
0 220 765 368 73 40 45 1
0 220 766 369 73 39 45 1
0 220 767 369 74 39 44 1
0 220 768 370 74 38 44 1
0 220 769 370 74 38 44 1
0 220 770 370 75 38 43 1
0 220 771 371 75 37 43 1
0 220 772 371 75 37 43 1
0 220 773 371 75 37 43 1
0 220 774 372 76 36 42 1
0 220 775 372 76 36 42 1
0 220 776 373 76 35 42 1
0 220 777 373 77 35 41 1
0 220 778 373 77 34 40 1
0 220 779 374 77 33 40 1
0 220 780 374 77 33 40 1
0 220 781 375 78 32 39 1
0 220 782 375 78 32 39 1
0 220 783 375 78 32 39 1
0 220 784 376 79 31 38 1
0 220 785 376 79 31 38 1
0 220 786 376 79 31 38 1
0 220 787 377 79 30 38 1
0 220 788 377 80 30 37 1
0 220 789 377 80 30 37 1
0 220 790 378 80 29 37 1
0 220 791 378 80 29 37 1
0 220 792 379 81 28 36 1
0 220 793 379 81 28 36 1
0 220 794 379 81 28 36 1
0 220 795 380 81 27 36 1
0 220 796 380 82 27 35 1
0 220 797 380 82 27 35 1
0 220 798 381 82 26 35 1
0 220 799 381 82 26 35 1
0 220 800 381 83 26 34 1
0 220 801 382 83 25 34 1
0 220 802 382 83 25 34 1
0 220 803 382 83 25 34 1
0 220 804 383 84 24 33 1
0 220 805 383 84 24 33 1
0 220 806 383 84 24 33 1
0 220 807 384 84 23 33 1
0 220 808 384 85 23 32 1
0 220 809 384 85 23 32 1
0 220 810 385 85 22 32 1
0 220 811 385 85 22 32 1
0 220 812 386 86 21 31 1
0 220 813 386 86 21 31 1
0 220 814 386 86 21 31 1
0 220 815 386 86 21 31 1
0 220 816 386 86 21 31 1
0 220 817 386 86 21 31 1
0 220 818 386 86 21 31 1
0 220 819 386 86 21 31 1
0 220 820 386 86 21 31 1
0 220 821 386 86 21 31 1
0 220 822 386 86 21 31 1
0 220 823 386 86 21 31 1
0 220 824 386 86 21 31 1
0 220 825 386 86 21 31 1
0 220 826 386 86 21 31 1
0 220 827 386 86 21 31 1
0 220 828 386 86 21 31 1
0 220 829 386 86 21 31 1
0 220 830 386 86 21 31 1
0 220 831 386 86 21 31 1
0 220 832 386 86 21 31 1
1 1813 0 384 79 74 87 2
1 1813 1 384 79 74 87 2
1 1813 2 384 79 74 87 2
1 1813 3 384 79 74 87 2
1 1813 4 384 79 74 87 2
1 1813 5 384 79 74 87 2
1 1813 6 384 79 74 87 2
1 1813 7 384 79 74 87 2
1 1813 8 384 79 74 87 2
1 1813 9 384 79 74 87 2
1 1813 10 384 79 74 87 2
1 1813 11 384 79 74 87 2
1 1813 12 384 79 74 87 2
1 1813 13 384 79 74 87 2
1 1813 14 384 79 74 87 2
1 1813 15 384 79 74 87 2
1 1813 16 384 79 74 87 2
1 1813 17 384 79 74 87 2
1 1813 18 384 79 74 87 2
1 1813 19 384 79 74 87 2
1 1813 20 384 79 74 87 2
1 1813 21 384 79 74 87 2
1 1813 22 384 79 74 87 2
1 1813 23 384 79 74 87 2
1 1813 24 384 79 74 87 2
1 1813 25 384 79 74 87 2
1 1813 26 384 79 74 87 2
1 1813 27 384 79 74 87 2
1 1813 28 384 79 74 87 2
1 1813 29 384 79 74 87 2
1 1813 30 384 79 74 87 2
1 1813 31 384 79 74 87 2
1 1813 32 384 79 74 87 2
1 1813 33 384 79 74 87 2
1 1813 34 384 79 74 87 2
1 1813 35 384 79 74 87 2
1 1813 36 384 79 74 87 2
1 1813 37 384 79 74 87 2
1 1813 38 384 79 74 87 2
1 1813 39 384 79 74 87 2
1 1813 40 384 79 74 87 2
1 1813 41 384 79 74 87 2
1 1813 42 384 79 74 87 2
1 1813 43 384 79 74 87 2
1 1813 44 384 79 74 87 2
1 1813 45 384 79 74 87 2
1 1813 46 384 79 74 87 2
1 1813 47 384 79 74 87 2
1 1813 48 384 79 74 87 2
1 1813 49 384 79 74 87 2
1 1813 50 384 79 74 87 2
1 1813 51 384 79 74 87 2
1 1813 52 384 79 74 87 2
1 1813 53 384 79 74 87 2
1 1813 54 384 79 74 87 2
1 1813 55 384 79 74 87 2
1 1813 56 384 79 74 87 2
1 1813 57 384 79 74 87 2
1 1813 58 384 79 74 87 2
1 1813 59 384 79 74 87 2
1 1813 60 384 79 74 87 2
1 1813 61 384 79 74 87 2
1 1813 62 384 79 74 87 2
1 1813 63 384 79 74 87 2
1 1813 64 384 79 74 87 2
1 1813 65 384 79 74 87 2
1 1813 66 384 79 74 87 2
1 1813 67 384 79 74 87 2
1 1813 68 384 79 74 87 2
1 1813 69 384 79 74 87 2
1 1813 70 384 79 74 87 2
1 1813 71 384 79 74 87 2
1 1813 72 384 79 74 87 2
1 1813 73 384 79 74 87 2
1 1813 74 384 79 74 87 2
1 1813 75 384 79 74 87 2
1 1813 76 384 79 74 87 2
1 1813 77 384 79 74 87 2
1 1813 78 384 79 74 87 2
1 1813 79 384 79 74 87 2
1 1813 80 384 79 74 87 2
1 1813 81 384 79 74 87 2
1 1813 82 384 79 74 87 2
1 1813 83 384 79 74 87 2
1 1813 84 384 79 74 87 2
1 1813 85 384 79 74 87 2
1 1813 86 384 79 74 87 2
1 1813 87 384 79 74 87 2
1 1813 88 384 79 74 87 2
1 1813 89 384 79 74 87 2
1 1813 90 384 79 74 87 2
1 1813 91 384 79 74 87 2
1 1813 92 384 79 74 87 2
1 1813 93 384 79 74 87 2
1 1813 94 384 79 74 87 2
1 1813 95 384 79 74 87 2
1 1813 96 384 79 74 87 2
1 1813 97 384 79 74 87 2
1 1813 98 384 79 74 87 2
1 1813 99 384 79 74 87 2
1 1813 100 384 79 74 87 2
1 1813 101 384 79 74 87 2
1 1813 102 384 79 74 87 2
1 1813 103 384 79 74 87 2
1 1813 104 384 79 74 87 2
1 1813 105 384 79 74 87 2
1 1813 106 384 79 74 87 2
1 1813 107 384 79 74 87 2
1 1813 108 384 79 74 87 2
1 1813 109 384 79 74 87 2
1 1813 110 384 79 74 87 2
1 1813 111 384 79 74 87 2
1 1813 112 384 79 74 87 2
1 1813 113 384 79 74 87 2
1 1813 114 384 79 74 87 2
1 1813 115 384 79 74 87 2
1 1813 116 384 79 74 87 2
1 1813 117 384 79 74 87 2
1 1813 118 384 79 74 87 2
1 1813 119 384 79 74 87 2
1 1813 120 384 79 74 87 2
1 1813 121 384 79 74 87 2
1 1813 122 384 79 74 87 2
1 1813 123 384 79 74 87 2
1 1813 124 384 79 74 87 2
1 1813 125 384 79 74 87 2
1 1813 126 384 79 74 87 2
1 1813 127 384 79 74 87 2
1 1813 128 384 79 74 87 2
1 1813 129 384 79 74 87 2
1 1813 130 384 79 74 87 2
1 1813 131 384 79 74 87 2
1 1813 132 384 79 74 87 2
1 1813 133 384 79 74 87 2
1 1813 134 384 79 74 87 2
1 1813 135 384 79 74 87 2
1 1813 136 384 79 74 87 2
1 1813 137 384 79 74 87 2
1 1813 138 384 79 74 87 2
1 1813 139 384 79 74 87 2
1 1813 140 384 79 74 87 2
1 1813 141 384 79 74 87 2
1 1813 142 384 79 74 87 2
1 1813 143 384 79 74 87 2
1 1813 144 384 79 74 87 2
1 1813 145 384 79 74 87 2
1 1813 146 384 79 74 87 2
1 1813 147 384 79 74 87 2
1 1813 148 384 79 74 87 2
1 1813 149 384 79 74 87 2
1 1813 150 384 79 74 87 2
1 1813 151 384 79 74 87 2
1 1813 152 384 79 74 87 2
1 1813 153 384 79 74 87 2
1 1813 154 384 79 74 87 2
1 1813 155 384 79 74 87 2
1 1813 156 384 79 74 87 2
1 1813 157 384 79 74 87 2
1 1813 158 384 79 74 87 2
1 1813 159 384 79 74 87 2
1 1813 160 384 79 74 87 2
1 1813 161 384 79 74 87 2
1 1813 162 384 79 74 87 2
1 1813 163 384 79 74 87 2
1 1813 164 384 79 74 87 2
1 1813 165 384 79 74 87 2
1 1813 166 384 79 74 87 2
1 1813 167 384 79 74 87 2
1 1813 168 384 79 74 87 2
1 1813 169 384 79 74 87 2
1 1813 170 384 79 74 87 2
1 1813 171 384 79 74 87 2
1 1813 172 384 79 74 87 2
1 1813 173 384 79 74 87 2
1 1813 174 384 79 74 87 2
1 1813 175 384 79 74 87 2
1 1813 176 384 79 74 87 2
1 1813 177 384 79 74 87 2
1 1813 178 384 79 74 87 2
1 1813 179 384 79 74 87 2
1 1813 180 384 79 74 87 2
1 1813 181 384 79 74 87 2
1 1813 182 384 79 74 87 2
1 1813 183 384 79 74 87 2
1 1813 184 384 79 74 87 2
1 1813 185 384 79 74 87 2
1 1813 186 384 79 74 87 2
1 1813 187 384 79 74 87 2
1 1813 188 384 79 74 87 2
1 1813 189 384 79 74 87 2
1 1813 190 384 79 74 87 2
1 1813 191 384 79 74 87 2
1 1813 192 384 79 74 87 2
1 1813 193 384 79 74 87 2
1 1813 194 384 79 74 87 2
1 1813 195 384 79 74 87 2
1 1813 196 384 79 74 87 2
1 1813 197 384 79 74 87 2
1 1813 198 384 79 74 87 2
1 1813 199 384 79 74 87 2
1 1813 200 384 79 74 87 2
1 1813 201 384 79 74 87 2
1 1813 202 384 79 74 87 2
1 1813 203 384 79 74 87 2
1 1813 204 384 79 74 87 2
1 1813 205 384 79 74 87 2
1 1813 206 384 79 74 87 2
1 1813 207 384 79 74 87 2
1 1813 208 384 79 74 87 2
1 1813 209 384 79 74 87 2
1 1813 210 384 79 74 87 2
1 1813 211 384 79 74 87 2
1 1813 212 384 79 74 87 2
1 1813 213 384 79 74 87 2
1 1813 214 384 79 74 87 2
1 1813 215 384 79 74 87 2
1 1813 216 384 79 74 87 2
1 1813 217 384 79 74 87 2
1 1813 218 384 79 74 87 2
1 1813 219 384 79 74 87 2
1 1813 220 384 79 74 87 2
1 1813 221 384 79 74 87 2
1 1813 222 384 79 74 87 2
1 1813 223 384 80 74 87 2
1 1813 224 384 80 74 87 2
1 1813 225 384 80 74 87 2
1 1813 226 384 80 74 87 2
1 1813 227 384 80 74 87 2
1 1813 228 384 80 74 87 2
1 1813 229 384 80 74 87 2
1 1813 230 384 80 74 87 2
1 1813 231 384 80 74 87 2
1 1813 232 384 80 74 87 2
1 1813 233 384 80 74 87 2
1 1813 234 384 80 74 87 2
1 1813 235 384 80 74 87 2
1 1813 236 384 80 74 87 2
1 1813 237 384 80 74 87 2
1 1813 238 384 80 74 87 2
1 1813 239 384 80 74 87 2
1 1813 240 384 80 74 87 2
1 1813 241 384 80 74 87 2
1 1813 242 384 80 74 87 2
1 1813 243 384 80 74 87 2
1 1813 244 384 80 74 87 2
1 1813 245 384 80 74 87 2
1 1813 246 384 80 74 87 2
1 1813 247 384 80 74 87 2
1 1813 248 384 80 74 87 2
1 1813 249 384 80 74 87 2
1 1813 250 384 80 74 87 2
1 1813 251 384 80 74 87 2
1 1813 252 384 80 74 87 2
1 1813 253 384 80 74 87 2
1 1813 254 384 80 74 87 2
1 1813 255 384 80 74 87 2
1 1813 256 384 80 74 87 2
1 1813 257 384 80 74 87 2
1 1813 258 384 80 74 87 2
1 1813 259 384 80 74 87 2
1 1813 260 384 80 74 87 2
1 1813 261 384 80 74 87 2
1 1813 262 384 80 74 87 2
1 1813 263 384 80 74 87 2
1 1813 264 384 80 74 87 2
1 1813 265 384 80 74 87 2
1 1813 266 384 80 74 87 2
1 1813 267 384 80 74 87 2
1 1813 268 384 80 74 87 2
1 1813 269 384 80 74 87 2
1 1813 270 384 80 74 87 2
1 1813 271 384 80 74 87 2
1 1813 272 384 80 74 87 2
1 1813 273 384 80 74 87 2
1 1813 274 384 80 74 87 2
1 1813 275 384 80 74 87 2
1 1813 276 384 80 74 87 2
1 1813 277 384 80 74 87 2
1 1813 278 384 80 74 87 2
1 1813 279 384 80 74 87 2
1 1813 280 384 80 74 87 2
1 1813 281 384 80 74 87 2
1 1813 282 384 80 74 87 2
1 1813 283 384 80 74 87 2
1 1813 284 384 80 74 87 2
1 1813 285 384 80 74 87 2
1 1813 286 384 80 74 87 2
1 1813 287 384 80 74 87 2
1 1813 288 384 80 74 87 2
1 1813 289 384 80 74 87 2
1 1813 290 384 80 74 87 2
1 1813 291 384 80 74 87 2
1 1813 292 384 80 74 87 2
1 1813 293 384 80 74 87 2
1 1813 294 384 80 74 87 2
1 1813 295 384 80 74 87 2
1 1813 296 384 80 74 87 2
1 1813 297 384 80 74 87 2
1 1813 298 384 80 74 87 2
1 1813 299 384 80 74 87 2
1 1813 300 384 80 74 87 2
1 1813 301 384 80 74 87 2
1 1813 302 384 80 74 87 2
1 1813 303 384 80 74 87 2
1 1813 304 384 80 74 87 2
1 1813 305 384 80 74 87 2
1 1813 306 384 80 74 87 2
1 1813 307 384 80 74 87 2
1 1813 308 384 80 74 87 2
1 1813 309 384 80 74 87 2
1 1813 310 384 80 74 87 2
1 1813 311 384 80 74 87 2
1 1813 312 384 80 74 87 2
1 1813 313 384 80 74 87 2
1 1813 314 384 80 74 87 2
1 1813 315 384 80 74 87 2
1 1813 316 384 80 74 87 2
1 1813 317 384 80 74 87 2
1 1813 318 384 80 74 87 2
1 1813 319 384 80 74 87 2
1 1813 320 384 80 74 87 2
1 1813 321 384 80 74 87 2
1 1813 322 384 80 74 87 2
1 1813 323 384 80 74 87 2
1 1813 324 384 80 74 87 2
1 1813 325 384 80 74 87 2
1 1813 326 384 80 74 87 2
1 1813 327 384 80 74 87 2
1 1813 328 384 80 74 87 2
1 1813 329 384 80 74 87 2
1 1813 330 384 80 74 87 2
1 1813 331 384 80 74 87 2
1 1813 332 384 80 74 87 2
1 1813 333 384 80 74 87 2
1 1813 334 384 80 74 87 2
1 1813 335 384 80 74 87 2
1 1813 336 384 80 74 87 2
1 1813 337 384 80 74 87 2
1 1813 338 384 80 74 87 2
1 1813 339 384 80 74 87 2
1 1813 340 384 80 74 87 2
1 1813 341 384 80 74 87 2
1 1813 342 384 80 74 87 2
1 1813 343 384 80 74 87 2
1 1813 344 384 80 74 87 2
1 1813 345 384 80 74 87 2
1 1813 346 384 80 74 87 2
1 1813 347 384 80 74 87 2
1 1813 348 384 80 74 87 2
1 1813 349 384 80 74 87 2
1 1813 350 384 80 74 87 2
1 1813 351 384 80 74 87 2
1 1813 352 384 80 74 87 2
1 1813 353 384 80 74 87 2
1 1813 354 384 80 74 87 2
1 1813 355 384 80 74 87 2
1 1813 356 384 80 74 87 2
1 1813 357 384 80 74 87 2
1 1813 358 384 80 74 87 2
1 1813 359 384 80 74 87 2
1 1813 360 384 80 74 87 2
1 1813 361 384 80 74 87 2
1 1813 362 384 80 74 87 2
1 1813 363 384 80 74 87 2
1 1813 364 384 80 74 87 2
1 1813 365 384 80 74 87 2
1 1813 366 384 80 74 87 2
1 1813 367 384 80 74 87 2
1 1813 368 384 80 74 87 2
1 1813 369 384 80 74 87 2
1 1813 370 384 80 74 87 2
1 1813 371 384 80 74 87 2
1 1813 372 384 80 74 87 2
1 1813 373 384 80 74 87 2
1 1813 374 384 80 74 87 2
1 1813 375 384 80 74 87 2
1 1813 376 384 80 74 87 2
1 1813 377 384 80 74 87 2
1 1813 378 384 80 74 87 2
1 1813 379 384 80 74 87 2
1 1813 380 384 80 74 87 2
1 1813 381 384 80 74 87 2
1 1813 382 384 80 74 87 2
1 1813 383 384 80 74 87 2
1 1813 384 384 80 74 87 2
1 1813 385 384 80 74 87 2
1 1813 386 384 80 74 87 2
1 1813 387 384 80 74 87 2
1 1813 388 384 80 74 87 2
1 1813 389 384 80 74 87 2
1 1813 390 384 80 74 87 2
1 1813 391 384 80 74 87 2
1 1813 392 384 80 74 87 2
1 1813 393 384 80 74 87 2
1 1813 394 384 80 74 87 2
1 1813 395 384 80 74 87 2
1 1813 396 384 80 74 87 2
1 1813 397 384 80 74 87 2
1 1813 398 384 80 74 87 2
1 1813 399 384 80 74 87 2
1 1813 400 384 80 74 87 2
1 1813 401 384 80 74 87 2
1 1813 402 384 80 74 87 2
1 1813 403 384 80 74 87 2
1 1813 404 384 80 74 87 2
1 1813 405 384 80 74 87 2
1 1813 406 384 80 74 87 2
1 1813 407 384 80 74 87 2
1 1813 408 384 80 74 87 2
1 1813 409 384 80 74 87 2
1 1813 410 384 80 74 87 2
1 1813 411 384 80 74 87 2
1 1813 412 384 80 74 87 2
1 1813 413 384 80 74 87 2
1 1813 414 384 80 74 87 2
1 1813 415 384 80 74 87 2
1 1813 416 384 80 74 87 2
1 1813 417 384 80 74 87 2
1 1813 418 384 80 74 87 2
1 1813 419 384 80 74 87 2
1 1813 420 384 80 74 87 2
1 1813 421 384 80 74 87 2
1 1813 422 384 80 74 87 2
1 1813 423 384 80 74 87 2
1 1813 424 384 80 74 87 2
1 1813 425 384 80 74 87 2
1 1813 426 384 80 74 87 2
1 1813 427 384 80 74 87 2
1 1813 428 384 80 74 87 2
1 1813 429 384 80 74 87 2
1 1813 430 384 80 74 87 2
1 1813 431 384 80 74 87 2
1 1813 432 384 80 74 87 2
1 1813 433 384 80 74 87 2
1 1813 434 384 80 74 87 2
1 1813 435 384 80 74 87 2
1 1813 436 384 80 74 87 2
1 1813 437 384 80 74 87 2
1 1813 438 384 80 74 87 2
1 1813 439 384 80 74 87 2
1 1813 440 384 80 74 87 2
1 1813 441 384 80 74 87 2
1 1813 442 384 80 74 87 2
1 1813 443 384 80 74 87 2
1 1813 444 384 80 74 87 2
1 1813 445 384 81 74 87 2
1 1813 446 384 81 74 87 2
1 1813 447 384 81 74 87 2
1 1813 448 384 81 74 87 2
1 1813 449 384 81 74 87 2
1 1813 450 384 81 74 87 2
1 1813 451 384 81 74 87 2
1 1813 452 384 81 74 87 2
1 1813 453 384 81 74 87 2
1 1813 454 384 81 74 87 2
1 1813 455 384 81 74 87 2
1 1813 456 384 81 74 87 2
1 1813 457 384 81 74 87 2
1 1813 458 384 81 74 87 2
1 1813 459 384 81 74 87 2
1 1813 460 384 81 74 87 2
1 1813 461 384 81 74 87 2
1 1813 462 384 81 74 87 2
1 1813 463 384 81 74 87 2
1 1813 464 384 81 74 87 2
1 1813 465 384 81 74 87 2
1 1813 466 384 81 74 87 2
1 1813 467 384 81 74 87 2
1 1813 468 384 81 74 87 2
1 1813 469 384 81 74 87 2
1 1813 470 384 81 74 87 2
1 1813 471 384 81 74 87 2
1 1813 472 384 81 74 87 2
1 1813 473 384 81 74 87 2
1 1813 474 384 81 74 87 2
1 1813 475 384 81 74 87 2
1 1813 476 384 81 74 87 2
1 1813 477 384 81 74 87 2
1 1813 478 384 81 74 87 2
1 1813 479 384 81 74 87 2
1 1813 480 384 81 74 87 2
1 1813 481 384 81 74 87 2
1 1813 482 384 81 74 87 2
1 1813 483 384 81 74 87 2
1 1813 484 384 81 74 87 2
1 1813 485 384 81 74 87 2
1 1813 486 384 81 74 87 2
1 1813 487 384 81 74 87 2
1 1813 488 384 81 74 87 2
1 1813 489 384 81 74 87 2
1 1813 490 384 81 74 87 2
1 1813 491 384 81 74 87 2
1 1813 492 384 81 74 87 2
1 1813 493 384 81 74 87 2
1 1813 494 384 81 74 87 2
1 1813 495 384 81 74 87 2
1 1813 496 384 81 74 87 2
1 1813 497 384 81 74 87 2
1 1813 498 384 81 74 87 2
1 1813 499 384 81 74 87 2
1 1813 500 384 81 74 87 2
1 1813 501 384 81 74 87 2
1 1813 502 384 81 74 87 2
1 1813 503 384 81 74 87 2
1 1813 504 384 81 74 87 2
1 1813 505 384 81 74 87 2
1 1813 506 384 81 74 87 2
1 1813 507 384 81 74 87 2
1 1813 508 384 81 74 87 2
1 1813 509 384 81 74 87 2
1 1813 510 384 81 74 87 2
1 1813 511 384 81 74 87 2
1 1813 512 384 81 74 87 2
1 1813 513 384 81 74 87 2
1 1813 514 384 81 74 87 2
1 1813 515 384 81 74 87 2
1 1813 516 384 81 74 87 2
1 1813 517 384 81 74 87 2
1 1813 518 384 81 74 87 2
1 1813 519 384 81 74 87 2
1 1813 520 384 81 74 87 2
1 1813 521 384 81 74 87 2
1 1813 522 384 81 74 87 2
1 1813 523 384 81 74 87 2
1 1813 524 384 81 74 87 2
1 1813 525 384 81 74 87 2
1 1813 526 384 81 74 87 2
1 1813 527 384 81 74 87 2
1 1813 528 384 81 74 87 2
1 1813 529 384 81 74 87 2
1 1813 530 384 81 74 87 2
1 1813 531 384 81 74 87 2
1 1813 532 384 81 74 87 2
1 1813 533 384 81 74 87 2
1 1813 534 384 81 74 87 2
1 1813 535 384 81 74 87 2
1 1813 536 384 81 74 87 2
1 1813 537 384 81 74 87 2
1 1813 538 384 81 74 87 2
1 1813 539 384 81 74 87 2
1 1813 540 384 81 74 87 2
1 1813 541 384 81 74 87 2
1 1813 542 384 81 74 87 2
1 1813 543 384 81 74 87 2
1 1813 544 384 81 74 87 2
1 1813 545 384 81 74 87 2
1 1813 546 384 81 74 87 2
1 1813 547 384 81 74 87 2
1 1813 548 384 81 74 87 2
1 1813 549 384 81 74 87 2
1 1813 550 384 81 74 87 2
1 1813 551 384 81 74 87 2
1 1813 552 384 81 74 87 2
1 1813 553 384 81 74 87 2
1 1813 554 384 81 74 87 2
1 1813 555 384 81 74 87 2
1 1813 556 384 81 74 87 2
1 1813 557 384 81 74 87 2
1 1813 558 384 81 74 87 2
1 1813 559 384 81 74 87 2
1 1813 560 384 81 74 87 2
1 1813 561 384 81 74 87 2
1 1813 562 384 81 74 87 2
1 1813 563 384 81 74 87 2
1 1813 564 384 81 74 87 2
1 1813 565 384 81 74 87 2
1 1813 566 384 81 74 87 2
1 1813 567 384 81 74 87 2
1 1813 568 384 81 74 87 2
1 1813 569 384 81 74 87 2
1 1813 570 384 81 74 87 2
1 1813 571 384 81 74 87 2
1 1813 572 384 81 74 87 2
1 1813 573 384 81 74 87 2
1 1813 574 384 81 74 87 2
1 1813 575 384 81 74 87 2
1 1813 576 384 81 74 87 2
1 1813 577 384 81 74 87 2
1 1813 578 384 81 74 87 2
1 1813 579 384 81 74 87 2
1 1813 580 384 81 74 87 2
1 1813 581 384 81 74 87 2
1 1813 582 384 81 74 87 2
1 1813 583 384 81 74 87 2
1 1813 584 384 81 74 87 2
1 1813 585 384 81 74 87 2
1 1813 586 384 81 74 87 2
1 1813 587 384 81 74 87 2
1 1813 588 384 81 74 87 2
1 1813 589 384 81 74 87 2
1 1813 590 384 81 74 87 2
1 1813 591 384 81 74 87 2
1 1813 592 384 81 74 87 2
1 1813 593 384 81 74 87 2
1 1813 594 384 81 74 87 2
1 1813 595 384 81 74 87 2
1 1813 596 384 81 74 87 2
1 1813 597 384 81 74 87 2
1 1813 598 384 81 74 87 2
1 1813 599 384 81 74 87 2
1 1813 600 384 81 74 87 2
1 1813 601 384 81 74 87 2
1 1813 602 384 81 74 87 2
1 1813 603 384 81 74 87 2
1 1813 604 384 81 74 87 2
1 1813 605 384 81 74 87 2
1 1813 606 384 81 74 87 2
1 1813 607 384 81 74 87 2
1 1813 608 384 81 74 87 2
1 1813 609 384 81 74 87 2
1 1813 610 384 81 74 87 2
1 1813 611 384 81 74 87 2
1 1813 612 384 81 74 87 2
1 1813 613 384 81 74 87 2
1 1813 614 384 81 74 87 2
1 1813 615 384 81 74 87 2
1 1813 616 384 81 74 87 2
1 1813 617 384 81 74 87 2
1 1813 618 384 81 74 87 2
1 1813 619 384 81 74 87 2
1 1813 620 384 81 74 87 2
1 1813 621 384 81 74 87 2
1 1813 622 384 81 74 87 2
1 1813 623 384 81 74 87 2
1 1813 624 384 81 74 87 2
1 1813 625 384 81 74 87 2
1 1813 626 384 81 74 87 2
1 1813 627 384 81 74 87 2
1 1813 628 384 81 74 87 2
1 1813 629 384 81 74 87 2
1 1813 630 384 81 74 87 2
1 1813 631 384 81 74 87 2
1 1813 632 384 81 74 87 2
1 1813 633 384 81 74 87 2
1 1813 634 384 81 74 87 2
1 1813 635 384 81 74 87 2
1 1813 636 384 81 74 87 2
1 1813 637 384 81 74 87 2
1 1813 638 384 81 74 87 2
1 1813 639 384 81 74 87 2
1 1813 640 384 81 74 87 2
1 1813 641 384 81 74 87 2
1 1813 642 384 81 74 87 2
1 1813 643 384 81 74 87 2
1 1813 644 384 81 74 87 2
1 1813 645 384 81 74 87 2
1 1813 646 384 81 74 87 2
1 1813 647 384 81 74 87 2
1 1813 648 384 81 74 87 2
1 1813 649 384 81 74 87 2
1 1813 650 384 81 74 87 2
1 1813 651 384 81 74 87 2
1 1813 652 384 81 74 87 2
1 1813 653 384 81 74 87 2
1 1813 654 384 81 74 87 2
1 1813 655 384 81 74 87 2
1 1813 656 384 81 74 87 2
1 1813 657 384 81 74 87 2
1 1813 658 384 81 74 87 2
1 1813 659 384 81 74 87 2
1 1813 660 384 81 74 87 2
1 1813 661 384 81 74 87 2
1 1813 662 384 81 74 87 2
1 1813 663 384 81 74 87 2
1 1813 664 384 81 74 87 2
1 1813 665 384 81 74 87 2
1 1813 666 384 81 74 87 2
1 1813 667 384 82 74 87 2
1 1813 668 384 82 75 87 2
1 1813 669 384 82 75 87 2
1 1813 670 384 82 75 87 2
1 1813 671 384 82 75 87 2
1 1813 672 384 82 75 87 2
1 1813 673 384 82 75 87 2
1 1813 674 384 82 75 87 2
1 1813 675 384 82 75 87 2
1 1813 676 384 82 75 87 2
1 1813 677 384 82 75 87 2
1 1813 678 384 82 75 87 2
1 1813 679 384 82 75 87 2
1 1813 680 384 82 75 87 2
1 1813 681 384 82 75 87 2
1 1813 682 384 82 75 87 2
1 1813 683 384 82 75 87 2
1 1813 684 384 82 75 87 2
1 1813 685 384 82 75 87 2
1 1813 686 384 82 75 87 2
1 1813 687 384 82 75 87 2
1 1813 688 384 82 75 87 2
1 1813 689 384 82 75 87 2
1 1813 690 384 82 75 87 2
1 1813 691 384 82 75 87 2
1 1813 692 384 82 75 87 2
1 1813 693 384 82 75 87 2
1 1813 694 384 82 75 87 2
1 1813 695 384 82 75 87 2
1 1813 696 384 82 75 87 2
1 1813 697 384 82 75 87 2
1 1813 698 384 82 75 87 2
1 1813 699 384 82 75 87 2
1 1813 700 384 82 75 87 2
1 1813 701 384 82 75 87 2
1 1813 702 384 82 75 87 2
1 1813 703 384 82 75 87 2
1 1813 704 384 82 75 87 2
1 1813 705 384 82 75 87 2
1 1813 706 384 82 75 87 2
1 1813 707 384 82 75 87 2
1 1813 708 384 82 75 87 2
1 1813 709 384 82 75 87 2
1 1813 710 384 82 75 87 2
1 1813 711 384 82 75 87 2
1 1813 712 384 82 75 87 2
1 1813 713 384 82 75 87 2
1 1813 714 384 82 75 87 2
1 1813 715 384 82 75 87 2
1 1813 716 384 82 75 87 2
1 1813 717 384 82 75 87 2
1 1813 718 384 82 75 87 2
1 1813 719 384 82 75 87 2
1 1813 720 384 82 75 87 2
1 1813 721 384 82 75 87 2
1 1813 722 384 82 75 87 2
1 1813 723 384 82 75 87 2
1 1813 724 384 82 75 87 2
1 1813 725 384 82 75 87 2
1 1813 726 384 82 75 87 2
1 1813 727 384 82 75 87 2
1 1813 728 384 82 75 87 2
1 1813 729 384 82 75 87 2
1 1813 730 384 82 75 87 2
1 1813 731 384 82 75 87 2
1 1813 732 384 82 75 87 2
1 1813 733 384 82 75 87 2
1 1813 734 384 82 75 87 2
1 1813 735 384 82 75 87 2
1 1813 736 384 82 75 87 2
1 1813 737 384 82 75 87 2
1 1813 738 384 82 75 87 2
1 1813 739 384 82 75 87 2
1 1813 740 384 82 75 87 2
1 1813 741 384 82 75 87 2
1 1813 742 384 82 75 87 2
1 1813 743 384 82 75 87 2
1 1813 744 384 82 75 87 2
1 1813 745 384 82 75 87 2
1 1813 746 384 82 75 87 2
1 1813 747 384 82 75 87 2
1 1813 748 384 82 75 87 2
1 1813 749 384 82 75 87 2
1 1813 750 384 82 75 87 2
1 1813 751 384 82 75 87 2
1 1813 752 384 82 75 87 2
1 1813 753 384 82 75 87 2
1 1813 754 384 82 75 87 2
1 1813 755 384 82 75 87 2
1 1813 756 384 82 75 87 2
1 1813 757 384 82 75 87 2
1 1813 758 384 82 75 87 2
1 1813 759 384 82 75 87 2
1 1813 760 384 82 75 87 2
1 1813 761 384 82 75 87 2
1 1813 762 384 82 75 87 2
1 1813 763 384 82 75 87 2
1 1813 764 384 82 75 87 2
1 1813 765 384 82 75 87 2
1 1813 766 384 82 75 87 2
1 1813 767 384 82 75 87 2
1 1813 768 384 82 75 87 2
1 1813 769 384 82 75 87 2
1 1813 770 384 82 75 87 2
1 1813 771 384 82 75 87 2
1 1813 772 384 82 75 87 2
1 1813 773 384 82 75 87 2
1 1813 774 384 82 75 87 2
1 1813 775 384 82 75 87 2
1 1813 776 384 82 75 87 2
1 1813 777 384 82 75 87 2
1 1813 778 384 82 75 87 2
1 1813 779 384 82 75 87 2
1 1813 780 384 82 75 87 2
1 1813 781 384 82 75 87 2
1 1813 782 384 82 75 87 2
1 1813 783 384 82 75 87 2
1 1813 784 384 82 75 87 2
1 1813 785 384 82 75 87 2
1 1813 786 384 82 75 87 2
1 1813 787 384 82 75 87 2
1 1813 788 384 82 75 87 2
1 1813 789 384 82 75 87 2
1 1813 790 384 82 75 87 2
1 1813 791 384 82 75 87 2
1 1813 792 384 82 75 87 2
1 1813 793 384 82 75 87 2
1 1813 794 384 82 75 87 2
1 1813 795 384 82 75 87 2
1 1813 796 384 82 75 87 2
1 1813 797 384 82 75 87 2
1 1813 798 384 82 75 87 2
1 1813 799 384 82 75 87 2
1 1813 800 384 82 75 87 2
1 1813 801 384 82 75 87 2
1 1813 802 384 82 75 87 2
1 1813 803 384 82 75 87 2
1 1813 804 384 82 75 87 2
1 1813 805 384 82 75 87 2
1 1813 806 384 82 75 87 2
1 1813 807 384 82 75 87 2
1 1813 808 384 82 75 87 2
1 1813 809 384 82 75 87 2
1 1813 810 384 82 75 87 2
1 1813 811 384 82 75 87 2
1 1813 812 384 82 75 87 2
1 1813 813 384 82 75 87 2
1 1813 814 384 82 75 87 2
1 1813 815 384 82 75 87 2
1 1813 816 384 82 75 87 2
1 1813 817 384 82 75 87 2
1 1813 818 384 82 75 87 2
1 1813 819 384 82 75 87 2
1 1813 820 384 82 75 87 2
1 1813 821 384 82 75 87 2
1 1813 822 384 82 75 87 2
1 1813 823 384 82 75 87 2
1 1813 824 384 82 75 87 2
1 1813 825 384 82 75 87 2
1 1813 826 384 82 75 87 2
1 1813 827 384 82 75 87 2
1 1813 828 384 82 75 87 2
1 1813 829 384 82 75 87 2
1 1813 830 384 82 75 87 2
1 1813 831 384 82 75 87 2
1 1813 832 384 82 75 87 2
1 1813 833 384 82 75 87 2
1 1813 834 384 82 75 87 2
1 1813 835 384 82 75 87 2
1 1813 836 384 82 75 87 2
1 1813 837 384 82 75 87 2
1 1813 838 384 82 75 87 2
1 1813 839 384 82 75 87 2
1 1813 840 384 82 75 87 2
1 1813 841 384 82 75 87 2
1 1813 842 384 82 75 87 2
1 1813 843 384 82 75 87 2
1 1813 844 384 82 75 87 2
1 1813 845 384 82 75 87 2
1 1813 846 384 82 75 87 2
1 1813 847 384 82 75 87 2
1 1813 848 384 82 75 87 2
1 1813 849 384 82 75 87 2
1 1813 850 384 82 75 87 2
1 1813 851 384 82 75 87 2
1 1813 852 384 82 75 87 2
1 1813 853 384 82 75 87 2
1 1813 854 384 82 75 87 2
1 1813 855 384 82 75 87 2
1 1813 856 384 82 75 87 2
1 1813 857 384 82 75 87 2
1 1813 858 384 82 75 87 2
1 1813 859 384 82 75 87 2
1 1813 860 384 82 75 87 2
1 1813 861 384 82 75 87 2
1 1813 862 384 82 75 87 2
1 1813 863 384 82 75 87 2
1 1813 864 384 82 75 87 2
1 1813 865 384 82 75 87 2
1 1813 866 384 82 75 87 2
1 1813 867 384 82 75 87 2
1 1813 868 384 82 75 87 2
1 1813 869 384 82 75 87 2
1 1813 870 384 82 75 87 2
1 1813 871 384 82 75 87 2
1 1813 872 384 82 75 87 2
1 1813 873 384 82 75 87 2
1 1813 874 384 82 75 87 2
1 1813 875 384 82 75 87 2
1 1813 876 384 82 75 87 2
1 1813 877 384 82 75 87 2
1 1813 878 384 82 75 87 2
1 1813 879 384 82 75 87 2
1 1813 880 384 82 75 87 2
1 1813 881 384 82 75 87 2
1 1813 882 384 82 75 87 2
1 1813 883 384 82 75 87 2
1 1813 884 384 82 75 87 2
1 1813 885 384 82 75 87 2
1 1813 886 384 82 75 87 2
1 1813 887 384 82 75 87 2
1 1813 888 384 82 75 87 2
1 1813 889 384 83 75 87 2
1 1813 890 384 83 75 87 2
1 1813 891 384 83 75 87 2
1 1813 892 384 83 75 87 2
1 1813 893 384 83 75 87 2
1 1813 894 384 83 75 87 2
1 1813 895 384 83 75 87 2
1 1813 896 384 83 75 87 2
1 1813 897 384 83 75 87 2
1 1813 898 384 83 75 87 2
1 1813 899 384 83 75 87 2
1 1813 900 384 83 75 87 2
1 1813 901 384 83 75 87 2
1 1813 902 384 83 75 87 2
1 1813 903 384 83 75 87 2
1 1813 904 384 83 75 87 2
1 1813 905 384 83 75 87 2
1 1813 906 384 83 75 87 2
1 1813 907 384 83 75 87 2
1 1813 908 384 83 75 87 2
1 1813 909 384 83 75 87 2
1 1813 910 384 83 75 87 2
1 1813 911 384 83 75 87 2
1 1813 912 384 83 75 87 2
1 1813 913 384 83 75 87 2
1 1813 914 384 83 75 87 2
1 1813 915 384 83 75 87 2
1 1813 916 384 83 75 87 2
1 1813 917 384 83 75 87 2
1 1813 918 384 83 75 87 2
1 1813 919 384 83 75 87 2
1 1813 920 384 83 75 87 2
1 1813 921 384 83 75 87 2
1 1813 922 384 83 75 87 2
1 1813 923 384 83 75 87 2
1 1813 924 384 83 75 87 2
1 1813 925 384 83 75 87 2
1 1813 926 384 83 75 87 2
1 1813 927 384 83 75 87 2
1 1813 928 384 83 75 87 2
1 1813 929 384 83 75 87 2
1 1813 930 384 83 75 87 2
1 1813 931 384 83 75 87 2
1 1813 932 384 83 75 87 2
1 1813 933 384 83 75 87 2
1 1813 934 384 83 75 87 2
1 1813 935 384 83 75 87 2
1 1813 936 384 83 75 87 2
1 1813 937 384 83 75 87 2
1 1813 938 384 83 75 87 2
1 1813 939 384 83 75 87 2
1 1813 940 384 83 75 87 2
1 1813 941 384 83 75 87 2
1 1813 942 384 83 75 87 2
1 1813 943 384 83 75 87 2
1 1813 944 384 83 75 87 2
1 1813 945 384 83 75 87 2
1 1813 946 384 83 75 87 2
1 1813 947 384 83 75 87 2
1 1813 948 384 83 75 87 2
1 1813 949 384 83 75 87 2
1 1813 950 384 83 75 87 2
1 1813 951 384 83 75 87 2
1 1813 952 384 83 75 87 2
1 1813 953 384 83 75 87 2
1 1813 954 384 83 75 87 2
1 1813 955 384 83 75 87 2
1 1813 956 384 83 75 87 2
1 1813 957 384 83 75 87 2
1 1813 958 384 83 75 87 2
1 1813 959 384 83 75 87 2
1 1813 960 384 83 75 87 2
1 1813 961 384 83 75 87 2
1 1813 962 384 83 75 87 2
1 1813 963 384 83 75 87 2
1 1813 964 384 83 75 87 2
1 1813 965 384 83 75 87 2
1 1813 966 384 83 75 87 2
1 1813 967 384 83 75 87 2
1 1813 968 384 83 75 87 2
1 1813 969 384 83 75 87 2
1 1813 970 384 83 75 87 2
1 1813 971 384 83 75 87 2
1 1813 972 384 83 75 87 2
1 1813 973 384 83 75 87 2
1 1813 974 384 83 75 87 2
1 1813 975 384 83 75 87 2
1 1813 976 384 83 75 87 2
1 1813 977 384 83 75 87 2
1 1813 978 384 83 75 87 2
1 1813 979 384 83 75 87 2
1 1813 980 384 83 75 87 2
1 1813 981 384 83 75 87 2
1 1813 982 384 83 75 87 2
1 1813 983 384 83 75 87 2
1 1813 984 384 83 75 87 2
1 1813 985 384 83 75 87 2
1 1813 986 384 83 75 87 2
1 1813 987 384 83 75 87 2
1 1813 988 384 83 75 87 2
1 1813 989 384 83 75 87 2
1 1813 990 384 83 75 87 2
1 1813 991 384 83 75 87 2
1 1813 992 384 83 75 87 2
1 1813 993 384 83 75 87 2
1 1813 994 384 83 75 87 2
1 1813 995 384 83 75 87 2
1 1813 996 384 83 75 87 2
1 1813 997 384 83 75 87 2
1 1813 998 384 83 75 87 2
1 1813 999 384 83 75 87 2
1 1813 1000 384 83 75 87 2
1 1813 1001 384 83 75 87 2
1 1813 1002 384 83 75 87 2
1 1813 1003 384 83 75 87 2
1 1813 1004 384 83 75 87 2
1 1813 1005 384 83 75 87 2
1 1813 1006 384 83 75 87 2
1 1813 1007 384 83 75 87 2
1 1813 1008 384 83 75 87 2
1 1813 1009 384 83 75 87 2
1 1813 1010 384 83 75 87 2
1 1813 1011 384 83 75 87 2
1 1813 1012 384 83 75 87 2
1 1813 1013 384 83 75 87 2
1 1813 1014 384 83 75 87 2
1 1813 1015 384 83 75 87 2
1 1813 1016 384 83 75 87 2
1 1813 1017 384 83 75 87 2
1 1813 1018 384 83 75 87 2
1 1813 1019 384 83 75 87 2
1 1813 1020 384 83 75 87 2
1 1813 1021 384 83 75 87 2
1 1813 1022 384 83 75 87 2
1 1813 1023 384 83 75 87 2
1 1813 1024 384 83 75 87 2
1 1813 1025 384 83 75 87 2
1 1813 1026 384 83 75 87 2
1 1813 1027 384 83 75 87 2
1 1813 1028 384 83 75 87 2
1 1813 1029 384 83 75 87 2
1 1813 1030 384 83 75 87 2
1 1813 1031 384 83 75 87 2
1 1813 1032 384 83 75 87 2
1 1813 1033 384 83 75 87 2
1 1813 1034 384 83 75 87 2
1 1813 1035 384 83 75 87 2
1 1813 1036 384 83 75 87 2
1 1813 1037 384 83 75 87 2
1 1813 1038 384 83 75 87 2
1 1813 1039 384 83 75 87 2
1 1813 1040 384 83 75 87 2
1 1813 1041 384 83 75 87 2
1 1813 1042 384 83 75 87 2
1 1813 1043 384 83 75 87 2
1 1813 1044 384 83 75 87 2
1 1813 1045 384 83 75 87 2
1 1813 1046 384 83 75 87 2
1 1813 1047 384 83 75 87 2
1 1813 1048 384 83 75 87 2
1 1813 1049 384 83 75 87 2
1 1813 1050 384 83 75 87 2
1 1813 1051 384 83 75 87 2
1 1813 1052 384 83 75 87 2
1 1813 1053 384 83 75 87 2
1 1813 1054 384 83 75 87 2
1 1813 1055 384 83 75 87 2
1 1813 1056 384 83 75 87 2
1 1813 1057 384 83 75 87 2
1 1813 1058 384 83 75 87 2
1 1813 1059 384 83 75 87 2
1 1813 1060 384 83 75 87 2
1 1813 1061 384 83 75 87 2
1 1813 1062 384 83 75 87 2
1 1813 1063 384 83 75 87 2
1 1813 1064 384 83 75 87 2
1 1813 1065 384 83 75 87 2
1 1813 1066 384 83 75 87 2
1 1813 1067 384 83 75 87 2
1 1813 1068 384 83 75 87 2
1 1813 1069 384 83 75 87 2
1 1813 1070 384 83 75 87 2
1 1813 1071 384 83 75 87 2
1 1813 1072 384 83 75 87 2
1 1813 1073 384 83 75 87 2
1 1813 1074 384 83 75 87 2
1 1813 1075 384 83 75 87 2
1 1813 1076 384 83 75 87 2
1 1813 1077 384 83 75 87 2
1 1813 1078 384 83 75 87 2
1 1813 1079 384 83 75 87 2
1 1813 1080 384 83 75 87 2
1 1813 1081 384 83 75 87 2
1 1813 1082 384 83 75 87 2
1 1813 1083 384 83 75 87 2
1 1813 1084 384 83 75 87 2
1 1813 1085 384 83 75 87 2
1 1813 1086 384 83 75 87 2
1 1813 1087 384 83 75 87 2
1 1813 1088 384 83 75 87 2
1 1813 1089 384 83 75 87 2
1 1813 1090 384 83 75 87 2
1 1813 1091 384 83 75 87 2
1 1813 1092 384 83 75 87 2
1 1813 1093 384 83 75 87 2
1 1813 1094 384 83 75 87 2
1 1813 1095 384 83 75 87 2
1 1813 1096 384 83 75 87 2
1 1813 1097 384 83 75 87 2
1 1813 1098 384 83 75 87 2
1 1813 1099 384 83 75 87 2
1 1813 1100 384 83 75 87 2
1 1813 1101 384 83 75 87 2
1 1813 1102 384 83 75 87 2
1 1813 1103 384 83 75 87 2
1 1813 1104 384 83 75 87 2
1 1813 1105 384 83 75 87 2
1 1813 1106 384 83 75 87 2
1 1813 1107 384 83 75 87 2
1 1813 1108 384 83 75 87 2
1 1813 1109 384 83 75 87 2
1 1813 1110 384 83 75 87 2
1 1813 1111 384 84 75 87 2
1 1813 1112 384 84 75 87 2
1 1813 1113 384 84 75 87 2
1 1813 1114 384 84 75 87 2
1 1813 1115 384 84 75 87 2
1 1813 1116 384 84 75 87 2
1 1813 1117 384 84 75 87 2
1 1813 1118 384 84 75 87 2
1 1813 1119 384 84 75 87 2
1 1813 1120 384 84 75 87 2
1 1813 1121 384 84 75 87 2
1 1813 1122 384 84 75 87 2
1 1813 1123 384 84 75 87 2
1 1813 1124 384 84 75 87 2
1 1813 1125 384 84 75 87 2
1 1813 1126 384 84 75 87 2
1 1813 1127 384 84 75 87 2
1 1813 1128 384 84 75 87 2
1 1813 1129 384 84 75 87 2
1 1813 1130 384 84 75 87 2
1 1813 1131 384 84 75 87 2
1 1813 1132 384 84 75 87 2
1 1813 1133 384 84 75 87 2
1 1813 1134 384 84 75 87 2
1 1813 1135 384 84 75 87 2
1 1813 1136 384 84 75 87 2
1 1813 1137 384 84 75 87 2
1 1813 1138 384 84 75 87 2
1 1813 1139 384 84 75 87 2
1 1813 1140 384 84 75 87 2
1 1813 1141 384 84 75 87 2
1 1813 1142 384 84 75 87 2
1 1813 1143 384 84 75 87 2
1 1813 1144 384 84 75 87 2
1 1813 1145 384 84 75 87 2
1 1813 1146 384 84 75 87 2
1 1813 1147 384 84 75 87 2
1 1813 1148 384 84 75 87 2
1 1813 1149 384 84 75 87 2
1 1813 1150 384 84 75 87 2
1 1813 1151 384 84 75 87 2
1 1813 1152 384 84 75 87 2
1 1813 1153 384 84 75 87 2
1 1813 1154 384 84 75 87 2
1 1813 1155 384 84 75 87 2
1 1813 1156 384 84 75 87 2
1 1813 1157 384 84 75 87 2
1 1813 1158 384 84 75 87 2
1 1813 1159 384 84 75 87 2
1 1813 1160 384 84 75 87 2
1 1813 1161 384 84 75 87 2
1 1813 1162 384 84 75 87 2
1 1813 1163 384 84 75 87 2
1 1813 1164 384 84 75 87 2
1 1813 1165 384 84 75 87 2
1 1813 1166 384 84 75 87 2
1 1813 1167 384 84 75 87 2
1 1813 1168 384 84 75 87 2
1 1813 1169 384 84 75 87 2
1 1813 1170 384 84 75 87 2
1 1813 1171 384 84 75 87 2
1 1813 1172 384 84 75 87 2
1 1813 1173 384 84 75 87 2
1 1813 1174 384 84 75 87 2
1 1813 1175 384 84 75 87 2
1 1813 1176 384 84 75 87 2
1 1813 1177 384 84 75 87 2
1 1813 1178 384 84 75 87 2
1 1813 1179 384 84 75 87 2
1 1813 1180 384 84 75 87 2
1 1813 1181 384 84 75 87 2
1 1813 1182 384 84 75 87 2
1 1813 1183 384 84 75 87 2
1 1813 1184 384 84 75 87 2
1 1813 1185 384 84 75 87 2
1 1813 1186 384 84 75 87 2
1 1813 1187 384 84 75 87 2
1 1813 1188 384 84 75 87 2
1 1813 1189 384 84 75 87 2
1 1813 1190 384 84 75 87 2
1 1813 1191 384 84 75 87 2
1 1813 1192 384 84 75 87 2
1 1813 1193 384 84 75 87 2
1 1813 1194 384 84 75 87 2
1 1813 1195 384 84 75 87 2
1 1813 1196 384 84 75 87 2
1 1813 1197 384 84 75 87 2
1 1813 1198 384 84 75 87 2
1 1813 1199 384 84 75 87 2
1 1813 1200 384 84 75 87 2
1 1813 1201 384 84 75 87 2
1 1813 1202 384 84 75 87 2
1 1813 1203 384 84 75 87 2
1 1813 1204 384 84 75 87 2
1 1813 1205 384 84 75 87 2
1 1813 1206 384 84 75 87 2
1 1813 1207 384 84 75 87 2
1 1813 1208 384 84 75 87 2
1 1813 1209 384 84 75 87 2
1 1813 1210 384 84 75 87 2
1 1813 1211 384 84 75 87 2
1 1813 1212 384 84 75 87 2
1 1813 1213 384 84 75 87 2
1 1813 1214 384 84 75 87 2
1 1813 1215 384 84 75 87 2
1 1813 1216 384 84 75 87 2
1 1813 1217 384 84 75 87 2
1 1813 1218 384 84 75 87 2
1 1813 1219 384 84 75 87 2
1 1813 1220 384 84 75 87 2
1 1813 1221 384 84 75 87 2
1 1813 1222 384 84 75 87 2
1 1813 1223 384 84 75 87 2
1 1813 1224 384 84 75 87 2
1 1813 1225 384 84 75 87 2
1 1813 1226 384 84 75 87 2
1 1813 1227 384 84 75 87 2
1 1813 1228 384 84 75 87 2
1 1813 1229 384 84 75 87 2
1 1813 1230 384 84 75 87 2
1 1813 1231 384 84 75 87 2
1 1813 1232 384 84 75 87 2
1 1813 1233 384 84 75 87 2
1 1813 1234 384 84 75 87 2
1 1813 1235 384 84 75 87 2
1 1813 1236 384 84 75 87 2
1 1813 1237 384 84 75 87 2
1 1813 1238 384 84 75 87 2
1 1813 1239 384 84 75 87 2
1 1813 1240 384 84 75 87 2
1 1813 1241 384 84 75 87 2
1 1813 1242 384 84 75 87 2
1 1813 1243 384 84 75 87 2
1 1813 1244 384 84 75 87 2
1 1813 1245 384 84 75 87 2
1 1813 1246 384 84 75 87 2
1 1813 1247 384 84 75 87 2
1 1813 1248 384 84 75 87 2
1 1813 1249 384 84 75 87 2
1 1813 1250 384 84 75 87 2
1 1813 1251 384 84 75 87 2
1 1813 1252 384 84 75 87 2
1 1813 1253 384 84 75 87 2
1 1813 1254 384 84 75 87 2
1 1813 1255 384 84 75 87 2
1 1813 1256 384 84 75 87 2
1 1813 1257 384 84 75 87 2
1 1813 1258 384 84 75 87 2
1 1813 1259 384 84 75 87 2
1 1813 1260 384 84 75 87 2
1 1813 1261 384 84 75 87 2
1 1813 1262 384 84 75 87 2
1 1813 1263 384 84 75 87 2
1 1813 1264 384 84 75 87 2
1 1813 1265 384 84 75 87 2
1 1813 1266 384 84 75 87 2
1 1813 1267 384 84 75 87 2
1 1813 1268 384 84 75 87 2
1 1813 1269 384 84 75 87 2
1 1813 1270 384 84 75 87 2
1 1813 1271 384 84 75 87 2
1 1813 1272 384 84 75 87 2
1 1813 1273 384 84 75 87 2
1 1813 1274 384 84 75 87 2
1 1813 1275 384 84 75 87 2
1 1813 1276 384 84 75 87 2
1 1813 1277 384 84 75 87 2
1 1813 1278 384 84 75 87 2
1 1813 1279 384 84 75 87 2
1 1813 1280 384 84 75 87 2
1 1813 1281 384 84 75 87 2
1 1813 1282 384 84 75 87 2
1 1813 1283 384 84 75 87 2
1 1813 1284 384 84 75 87 2
1 1813 1285 384 84 75 87 2
1 1813 1286 384 84 75 87 2
1 1813 1287 384 84 75 87 2
1 1813 1288 384 84 75 87 2
1 1813 1289 384 84 75 87 2
1 1813 1290 384 84 75 87 2
1 1813 1291 384 84 75 87 2
1 1813 1292 384 84 75 87 2
1 1813 1293 384 84 75 87 2
1 1813 1294 384 84 75 87 2
1 1813 1295 384 84 75 87 2
1 1813 1296 384 84 75 87 2
1 1813 1297 384 84 75 87 2
1 1813 1298 384 84 75 87 2
1 1813 1299 384 84 75 87 2
1 1813 1300 384 84 75 87 2
1 1813 1301 384 84 75 87 2
1 1813 1302 384 84 75 87 2
1 1813 1303 384 84 75 87 2
1 1813 1304 384 84 75 87 2
1 1813 1305 384 84 75 87 2
1 1813 1306 384 84 75 87 2
1 1813 1307 384 84 75 87 2
1 1813 1308 384 84 75 87 2
1 1813 1309 384 84 75 87 2
1 1813 1310 384 84 75 87 2
1 1813 1311 384 84 75 87 2
1 1813 1312 384 84 75 87 2
1 1813 1313 384 84 75 87 2
1 1813 1314 384 84 75 87 2
1 1813 1315 384 84 75 87 2
1 1813 1316 384 84 75 87 2
1 1813 1317 384 84 75 87 2
1 1813 1318 384 84 75 87 2
1 1813 1319 384 84 75 87 2
1 1813 1320 384 84 75 87 2
1 1813 1321 384 84 75 87 2
1 1813 1322 384 84 75 87 2
1 1813 1323 384 84 75 87 2
1 1813 1324 384 84 75 87 2
1 1813 1325 384 84 75 87 2
1 1813 1326 384 84 75 87 2
1 1813 1327 384 84 75 87 2
1 1813 1328 384 84 75 87 2
1 1813 1329 384 84 75 87 2
1 1813 1330 384 84 75 87 2
1 1813 1331 384 84 75 87 2
1 1813 1332 385 85 75 87 2
1 1813 1333 384 85 75 87 2
1 1813 1334 384 86 75 87 2
1 1813 1335 384 87 75 87 2
1 1813 1336 384 88 75 87 2
1 1813 1337 384 89 75 87 2
1 1813 1338 384 89 75 87 2
1 1813 1339 384 90 75 87 2
1 1813 1340 384 91 75 87 2
1 1813 1341 384 92 75 87 2
1 1813 1342 384 93 75 87 2
1 1813 1343 384 93 75 87 2
1 1813 1344 383 94 75 87 2
1 1813 1345 383 95 75 87 2
1 1813 1346 383 96 75 87 2
1 1813 1347 383 97 75 87 2
1 1813 1348 383 97 75 87 2
1 1813 1349 383 98 75 87 2
1 1813 1350 383 99 75 87 2
1 1813 1351 383 100 75 87 2
1 1813 1352 383 101 75 87 2
1 1813 1353 383 101 75 87 2
1 1813 1354 383 102 75 87 2
1 1813 1355 383 103 75 87 2
1 1813 1356 382 104 75 87 2
1 1813 1357 382 105 75 87 2
1 1813 1358 382 105 75 87 2
1 1813 1359 382 106 75 87 2
1 1813 1360 382 107 75 87 2
1 1813 1361 382 108 75 87 2
1 1813 1362 382 109 75 87 2
1 1813 1363 382 109 75 87 2
1 1813 1364 382 110 75 87 2
1 1813 1365 382 111 75 87 2
1 1813 1366 382 112 75 87 2
1 1813 1367 382 113 75 87 2
1 1813 1368 381 113 75 87 2
1 1813 1369 381 114 75 87 2
1 1813 1370 381 115 75 87 2
1 1813 1371 381 116 75 87 2
1 1813 1372 381 117 75 87 2
1 1813 1373 381 117 75 87 2
1 1813 1374 381 118 75 87 2
1 1813 1375 381 119 75 87 2
1 1813 1376 381 120 75 87 2
1 1813 1377 381 121 75 87 2
1 1813 1378 381 121 75 87 2
1 1813 1379 381 122 75 87 2
1 1813 1380 380 123 75 87 2
1 1813 1381 380 124 75 87 2
1 1813 1382 380 125 75 87 2
1 1813 1383 380 125 75 87 2
1 1813 1384 380 126 75 87 2
1 1813 1385 380 127 75 87 2
1 1813 1386 380 128 75 87 2
1 1813 1387 380 129 75 87 2
1 1813 1388 380 129 75 87 2
1 1813 1389 380 130 75 87 2
1 1813 1390 380 131 75 87 2
1 1813 1391 380 132 75 87 2
1 1813 1392 379 133 75 87 2
1 1813 1393 379 133 75 87 2
1 1813 1394 379 134 75 87 2
1 1813 1395 379 135 75 87 2
1 1813 1396 379 136 75 87 2
1 1813 1397 379 137 75 87 2
1 1813 1398 379 137 75 87 2
1 1813 1399 379 138 75 87 2
1 1813 1400 379 139 75 87 2
1 1813 1401 379 140 75 87 2
1 1813 1402 379 141 75 87 2
1 1813 1403 379 141 75 87 2
1 1813 1404 378 142 75 87 2
1 1813 1405 378 143 75 87 2
1 1813 1406 378 144 75 87 2
1 1813 1407 378 145 75 87 2
1 1813 1408 378 145 75 87 2
1 1813 1409 378 146 75 87 2
1 1813 1410 378 147 75 87 2
1 1813 1411 378 148 75 87 2
1 1813 1412 378 149 75 87 2
1 1813 1413 378 149 75 87 2
1 1813 1414 378 150 75 87 2
1 1813 1415 378 151 75 87 2
1 1813 1416 377 152 75 87 2
1 1813 1417 377 153 75 87 2
1 1813 1418 377 153 75 87 2
1 1813 1419 377 154 75 87 2
1 1813 1420 377 155 75 87 2
1 1813 1421 377 156 75 87 2
1 1813 1422 377 157 75 87 2
1 1813 1423 377 157 75 87 2
1 1813 1424 377 158 75 87 2
1 1813 1425 377 159 75 87 2
1 1813 1426 377 160 75 87 2
1 1813 1427 377 161 75 87 2
1 1813 1428 377 161 75 87 2
1 1813 1429 377 162 75 87 2
1 1813 1430 377 163 75 87 2
1 1813 1431 377 163 75 88 2
1 1813 1432 377 164 75 88 2
1 1813 1433 377 165 76 88 2
1 1813 1434 377 165 76 89 2
1 1813 1435 377 166 76 89 2
1 1813 1436 377 167 76 89 2
1 1813 1437 377 168 76 89 2
1 1813 1438 377 168 76 90 2
1 1813 1439 377 169 77 90 2
1 1813 1440 377 170 77 90 2
1 1813 1441 377 171 77 89 2
1 1813 1442 377 171 77 90 2
1 1813 1443 377 172 77 90 2
1 1813 1444 377 173 77 90 2
1 1813 1445 377 174 78 90 2
1 1813 1446 377 174 78 91 2
1 1813 1447 377 175 78 91 2
1 1813 1448 377 176 78 91 2
1 1813 1449 377 177 78 91 2
1 1813 1450 377 177 78 92 2
1 1813 1451 377 178 79 92 2
1 1813 1452 377 179 79 92 2
1 1813 1453 377 180 79 92 2
1 1813 1454 377 180 79 93 2
1 1813 1455 377 181 79 93 2
1 1813 1456 378 182 79 93 2
1 1813 1457 378 183 79 93 2
1 1813 1458 378 184 79 93 2
1 1813 1459 378 184 79 94 2
1 1813 1460 378 185 79 94 2
1 1813 1461 378 186 80 94 2
1 1813 1462 378 187 80 94 2
1 1813 1463 378 188 80 94 2
1 1813 1464 378 188 80 95 2
1 1813 1465 378 189 80 95 2
1 1813 1466 378 190 80 95 2
1 1813 1467 378 191 81 95 2
1 1813 1468 378 192 81 95 2
1 1813 1469 378 192 81 96 2
1 1813 1470 378 193 81 96 2
1 1813 1471 378 194 81 96 2
1 1813 1472 378 195 82 96 2
1 1813 1473 378 196 82 96 2
1 1813 1474 378 197 82 96 2
1 1813 1475 378 197 82 98 2
1 1813 1476 378 198 82 98 2
1 1813 1477 378 199 83 98 2
1 1813 1478 378 200 83 98 2
1 1813 1479 378 201 83 98 2
1 1813 1480 379 202 82 98 2
1 1813 1481 379 203 82 98 2
1 1813 1482 379 203 83 99 2
1 1813 1483 379 204 83 99 2
1 1813 1484 379 205 83 99 2
1 1813 1485 379 206 83 99 2
1 1813 1486 379 207 83 99 2
1 1813 1487 379 208 84 100 2
1 1813 1488 379 209 84 100 2
1 1813 1489 379 210 84 100 2
1 1813 1490 379 210 84 101 2
1 1813 1491 379 211 84 101 2
1 1813 1492 379 212 85 101 2
1 1813 1493 379 213 85 101 2
1 1813 1494 379 214 85 101 2
1 1813 1495 379 215 85 102 2
1 1813 1496 379 216 85 102 2
1 1813 1497 379 217 86 102 2
1 1813 1498 379 218 86 102 2
1 1813 1499 379 219 86 102 2
1 1813 1500 379 220 86 102 2
1 1813 1501 380 221 86 103 2
1 1813 1502 379 222 87 103 2
1 1813 1503 379 223 87 103 2
1 1813 1504 379 224 87 104 2
1 1813 1505 379 225 87 104 2
1 1813 1506 379 227 87 104 2
1 1813 1507 378 228 88 104 2
1 1813 1508 378 229 88 104 2
1 1813 1509 378 230 88 105 2
1 1813 1510 378 232 88 104 2
1 1813 1511 378 233 88 105 2
1 1813 1512 378 234 88 105 2
1 1813 1513 377 236 89 105 2
1 1813 1514 377 237 89 105 2
1 1813 1515 377 238 89 106 2
1 1813 1516 377 239 89 106 2
1 1813 1517 377 241 89 106 2
1 1813 1518 377 242 89 106 2
1 1813 1519 376 243 90 107 2
1 1813 1520 376 245 90 106 2
1 1813 1521 376 246 90 107 2
1 1813 1522 376 247 90 107 2
1 1813 1523 376 249 90 107 2
1 1813 1524 375 250 91 108 2
1 1813 1525 375 252 91 107 2
1 1813 1526 375 253 91 108 2
1 1813 1527 375 254 91 108 2
1 1813 1528 375 256 92 108 2
1 1813 1529 375 257 92 109 2
1 1813 1530 374 259 93 108 2
1 1813 1531 374 260 93 109 2
1 1813 1532 374 261 93 109 2
1 1813 1533 374 263 93 109 2
1 1813 1534 374 264 93 110 2
1 1813 1535 373 266 94 109 2
1 1813 1536 373 267 94 110 2
1 1813 1537 373 269 94 110 2
1 1813 1538 373 270 94 110 2
1 1813 1539 373 272 94 110 2
1 1813 1540 373 273 94 111 2
1 1813 1541 372 275 95 110 2
1 1813 1542 372 276 95 111 2
1 1813 1543 372 278 95 111 2
1 1813 1544 372 279 95 111 2
1 1813 1545 372 281 95 111 2
1 1813 1546 371 282 96 112 2
1 1813 1547 371 284 96 112 2
1 1813 1548 371 285 96 112 2
1 1813 1549 371 287 96 112 2
1 1813 1550 371 288 96 113 2
1 1813 1551 370 290 97 113 2
1 1813 1552 370 292 97 113 2
1 1813 1553 370 293 97 113 2
1 1813 1554 370 295 97 113 2
1 1813 1555 370 296 97 114 2
1 1813 1556 369 298 98 114 2
1 1813 1557 369 300 98 114 2
1 1813 1558 369 301 99 115 2
1 1813 1559 369 303 99 114 2
1 1813 1560 369 305 99 114 2
1 1813 1561 368 306 100 115 2
1 1813 1562 368 308 100 115 2
1 1813 1563 368 310 100 115 2
1 1813 1564 368 311 100 116 2
1 1813 1565 368 313 100 116 2
1 1813 1566 367 315 101 116 2
1 1813 1567 367 317 101 116 2
1 1813 1568 367 318 101 117 2
1 1813 1569 367 320 101 117 2
1 1813 1570 367 322 101 117 2
1 1813 1571 366 324 102 117 2
1 1813 1572 366 325 102 118 2
1 1813 1573 366 327 102 118 2
1 1813 1574 366 329 102 118 2
1 1813 1575 366 331 102 118 2
1 1813 1576 365 333 103 118 2
1 1813 1577 365 334 103 119 2
1 1813 1578 365 336 103 119 2
1 1813 1579 365 338 103 119 2
1 1813 1580 364 340 104 119 2
1 1813 1581 364 342 104 119 2
1 1813 1582 364 344 104 119 2
1 1813 1583 364 346 104 119 2
1 1813 1584 364 348 104 119 2
1 1813 1585 363 349 105 121 2
1 1813 1586 363 351 105 121 2
1 1813 1587 363 353 105 121 2
1 1813 1588 363 355 105 121 2
1 1813 1589 363 357 105 121 2
1 1813 1590 362 359 106 121 2
1 1813 1591 362 361 106 122 2
1 1813 1592 362 363 106 122 2
1 1813 1593 362 365 106 122 2
1 1813 1594 361 367 107 122 2
1 1813 1595 361 369 107 123 2
1 1813 1596 361 371 107 123 2
1 1813 1597 361 373 107 123 2
1 1813 1598 361 376 108 123 2
1 1813 1599 361 377 108 124 2
1 1813 1600 361 379 108 124 2
1 1813 1601 361 381 109 124 2
1 1813 1602 361 384 109 124 2
1 1813 1603 361 386 109 124 2
1 1813 1604 361 388 110 125 2
1 1813 1605 362 390 109 125 2
1 1813 1606 362 392 109 125 2
1 1813 1607 362 394 110 126 2
1 1813 1608 362 396 110 126 2
1 1813 1609 362 398 110 127 2
1 1813 1610 362 400 111 127 2
1 1813 1611 363 402 110 127 2
1 1813 1612 363 404 110 128 2
1 1813 1613 363 406 111 128 2
1 1813 1614 363 408 111 129 2
1 1813 1615 363 410 111 129 2
1 1813 1616 363 412 112 130 2
1 1813 1617 363 415 112 129 2
1 1813 1618 364 417 111 130 2
1 1813 1619 364 419 112 130 2
1 1813 1620 364 421 112 131 2
1 1813 1621 364 423 113 131 2
1 1813 1622 364 425 113 132 2
1 1813 1623 364 427 113 132 2
1 1813 1624 365 430 113 132 2
1 1813 1625 365 432 113 132 2
1 1813 1626 365 434 113 133 2
1 1813 1627 365 436 114 133 2
1 1813 1628 365 438 114 134 2
1 1813 1629 365 441 115 133 2
1 1813 1630 366 443 114 134 2
1 1813 1631 366 445 114 135 2
1 1813 1632 366 447 115 135 2
1 1813 1633 366 450 115 135 2
1 1813 1634 366 452 115 135 2
1 1813 1635 367 454 115 136 2
1 1813 1636 367 456 115 137 2
1 1813 1637 367 459 116 136 2
1 1813 1638 367 461 116 137 2
1 1813 1639 367 463 116 138 2
1 1813 1640 367 466 117 137 2
1 1813 1641 368 468 116 138 2
1 1813 1642 368 470 117 139 2
1 1813 1643 368 473 117 138 2
1 1813 1644 368 475 117 139 2
1 1813 1645 368 477 118 140 2
1 1813 1646 368 480 118 140 2
1 1813 1647 369 482 118 140 2
1 1813 1648 369 484 118 141 2
1 1813 1649 369 487 118 141 2
1 1813 1650 369 489 119 142 2
1 1813 1651 369 492 119 141 2
1 1813 1652 370 494 119 142 2
1 1813 1653 370 497 119 142 2
1 1813 1654 370 499 119 143 2
1 1813 1655 370 501 120 144 2
1 1813 1656 370 504 120 144 2
1 1813 1657 370 506 121 144 2
1 1813 1658 371 509 120 144 2
1 1813 1659 371 511 120 145 2
1 1813 1660 371 514 121 145 2
1 1813 1661 371 516 121 146 2
1 1813 1662 371 519 122 146 2
1 1813 1663 372 521 121 147 2
1 1813 1664 372 524 122 147 2
1 1813 1665 372 526 122 148 2
1 1813 1666 372 529 122 148 2
1 1813 1667 372 532 123 147 2
1 1813 1668 373 534 122 148 2
1 1813 1669 373 537 123 148 2
1 1813 1670 373 539 123 149 2
1 1813 1671 373 542 124 149 2
1 1813 1672 373 545 124 149 2
1 1813 1673 374 547 123 150 2
1 1813 1674 374 550 124 150 2
1 1813 1675 374 553 124 151 2
1 1813 1676 374 555 125 152 2
1 1813 1677 374 558 125 152 2
1 1813 1678 375 561 125 152 2
1 1813 1679 375 563 125 153 2
1 1813 1680 375 566 126 153 2
1 1813 1681 375 569 126 153 2
1 1813 1682 375 571 126 154 2
1 1813 1683 376 574 126 154 2
1 1813 1684 376 577 126 154 2
1 1813 1685 376 580 127 155 2
1 1813 1686 376 582 127 156 2
1 1813 1687 377 585 127 156 2
1 1813 1688 377 588 127 156 2
1 1813 1689 377 591 128 156 2
1 1813 1690 377 594 128 157 2
1 1813 1691 377 597 129 157 2
1 1813 1692 378 599 128 158 2
1 1813 1693 378 602 129 158 2
1 1813 1694 378 605 129 159 2
1 1813 1695 378 608 129 159 2
1 1813 1696 379 611 129 159 2
1 1813 1697 379 614 129 160 2
1 1813 1698 379 617 130 160 2
1 1813 1699 379 620 130 160 2
1 1813 1700 379 623 131 161 2
1 1813 1701 380 626 130 161 2
1 1813 1702 380 629 131 161 2
1 1813 1703 380 632 131 162 2
1 1813 1704 380 635 132 162 2
1 1813 1705 381 638 131 163 2
1 1813 1706 381 641 132 163 2
1 1813 1707 381 644 132 164 2
1 1813 1708 381 647 133 164 2
1 1813 1709 382 650 132 165 2
1 1813 1710 382 653 133 165 2
1 1813 1711 382 656 133 166 2
1 1813 1712 382 659 134 166 2
1 1813 1713 383 662 133 167 2
1 1813 1714 383 665 134 167 2
1 1813 1715 383 668 134 168 2
1 1813 1716 383 672 135 167 2
1 1813 1717 383 675 135 168 2
1 1813 1718 384 678 135 169 2
1 1813 1719 384 681 135 169 2
1 1813 1720 384 684 136 170 2
1 1813 1721 385 688 136 170 2
1 1813 1722 384 690 136 171 2
1 1813 1723 384 693 136 171 2
1 1813 1724 383 695 137 172 2
1 1813 1725 383 698 137 172 2
1 1813 1726 383 700 137 173 2
1 1813 1727 382 703 138 174 2
1 1813 1728 382 705 137 175 2
1 1813 1729 381 708 138 175 2
1 1813 1730 381 710 138 176 2
1 1813 1731 381 713 138 176 2
1 1813 1732 380 715 139 178 2
1 1813 1733 380 718 139 178 2
1 1813 1734 380 720 139 179 2
1 1813 1735 379 723 139 179 2
1 1813 1736 379 725 139 180 2
1 1813 1737 378 728 140 181 2
1 1813 1738 378 730 140 182 2
1 1813 1739 378 733 140 182 2
1 1813 1740 377 735 141 183 2
1 1813 1741 377 738 141 184 2
1 1813 1742 376 740 141 185 2
1 1813 1743 376 743 141 185 2
1 1813 1744 376 746 141 185 2
1 1813 1745 375 748 142 186 2
1 1813 1746 375 751 142 187 2
1 1813 1747 375 753 142 188 2
1 1813 1748 374 756 143 188 2
1 1813 1749 374 758 142 189 2
1 1813 1750 373 761 143 189 2
1 1813 1751 373 763 143 191 2
1 1813 1752 373 766 143 191 2
1 1813 1753 372 768 144 192 2
1 1813 1754 372 771 144 192 2
1 1813 1755 371 773 145 194 2
1 1813 1756 371 776 144 194 2
1 1813 1757 371 778 144 195 2
1 1813 1758 370 781 145 195 2
1 1813 1759 370 783 145 196 2
1 1813 1760 369 786 146 197 2
1 1813 1761 369 788 146 198 2
1 1813 1762 369 791 146 198 2
1 1813 1763 368 793 147 199 2
1 1813 1764 368 796 146 200 2
1 1813 1765 367 798 147 201 2
1 1813 1766 367 801 147 201 2
1 1813 1767 367 803 147 202 2
1 1813 1768 366 806 148 203 2
1 1813 1769 366 808 148 204 2
1 1813 1770 365 811 149 204 2
1 1813 1771 365 813 149 205 2
1 1813 1772 365 816 149 206 2
1 1813 1773 364 819 149 204 2
1 1813 1774 363 822 150 202 2
1 1813 1775 362 826 150 199 2
1 1813 1776 362 829 150 198 2
1 1813 1777 361 832 151 196 2
1 1813 1778 360 836 151 193 2
1 1813 1779 360 839 151 192 2
1 1813 1780 359 842 151 190 2
1 1813 1781 358 846 152 187 2
1 1813 1782 358 849 152 186 2
1 1813 1783 357 852 152 184 2
1 1813 1784 356 856 153 181 2
1 1813 1785 356 859 153 180 2
1 1813 1786 355 862 153 178 2
1 1813 1787 354 866 154 175 2
1 1813 1788 353 869 154 174 2
1 1813 1789 353 872 154 172 2
1 1813 1790 352 876 155 170 2
1 1813 1791 351 879 155 168 2
1 1813 1792 350 882 156 166 2
1 1813 1793 350 885 156 165 2
1 1813 1794 349 889 156 162 2
1 1813 1795 348 892 157 160 2
1 1813 1796 348 895 157 159 2
1 1813 1797 347 899 157 156 2
1 1813 1798 346 902 158 155 2
1 1813 1799 345 905 159 153 2
1 1813 1800 345 908 158 151 2
1 1813 1801 344 912 159 149 2
1 1813 1802 343 915 160 147 2
1 1813 1803 342 918 160 146 2
1 1813 1804 342 922 160 143 2
1 1813 1805 341 925 161 141 2
1 1813 1806 340 928 161 140 2
1 1813 1807 339 931 162 138 2
1 1813 1808 339 935 162 136 2
1 1813 1809 338 938 162 134 2
1 1813 1810 337 941 163 133 2
1 1813 1811 336 944 164 131 2
1 1813 1812 336 948 164 129 2
