2 9 150 472 621 472 1158 656 86 63 
2 9 150 472 621 473 1158 656 86 63 
2 9 150 472 621 474 1158 653 86 65 
2 9 150 472 621 475 1161 651 84 68 
2 9 150 472 621 476 1164 651 80 68 
2 9 150 472 621 477 1164 649 82 69 
2 9 150 472 621 478 1166 649 82 69 
2 9 150 472 621 479 1166 649 82 69 
2 9 150 472 621 480 1168 649 82 69 
2 9 150 472 621 481 1170 649 82 69 
2 9 150 472 621 482 1171 649 82 69 
2 9 150 472 621 483 1171 649 82 69 
2 9 150 472 621 484 1173 649 82 69 
2 9 150 472 621 485 1175 649 82 69 
2 9 150 472 621 486 1177 649 82 69 
2 9 150 472 621 487 1177 647 82 71 
2 9 150 472 621 488 1177 647 82 71 
2 9 150 472 621 489 1177 647 82 71 
2 9 150 472 621 490 1177 644 82 74 
2 9 150 472 621 491 1177 644 82 74 
2 9 150 472 621 492 1177 644 82 74 
2 9 150 472 621 493 1177 644 82 74 
2 9 150 472 621 494 1177 642 82 76 
2 9 150 472 621 495 1177 642 82 76 
2 9 150 472 621 496 1177 642 82 76 
2 9 150 472 621 497 1177 642 82 76 
2 9 150 472 621 498 1175 642 82 76 
2 9 150 472 621 499 1175 642 82 76 
2 9 150 472 621 500 1175 642 82 76 
2 9 150 472 621 501 1176 642 78 76 
2 9 150 472 621 502 1176 642 78 76 
2 9 150 472 621 503 1176 642 78 76 
2 9 150 472 621 504 1176 642 78 76 
2 9 150 472 621 505 1174 642 78 76 
2 9 150 472 621 506 1174 642 78 76 
2 9 150 472 621 507 1174 642 78 76 
2 9 150 472 621 508 1174 642 78 76 
2 9 150 472 621 509 1175 642 76 76 
2 9 150 472 621 510 1175 642 76 76 
2 9 150 472 621 511 1175 642 76 76 
2 9 150 472 621 512 1175 642 76 76 
2 9 150 472 621 513 1173 642 76 76 
2 9 150 472 621 514 1173 642 76 76 
2 9 150 472 621 515 1173 642 76 76 
2 9 150 472 621 516 1173 642 76 76 
2 9 150 472 621 517 1173 642 76 76 
2 9 150 472 621 518 1173 642 76 76 
2 9 150 472 621 519 1173 642 76 76 
2 9 150 472 621 520 1173 642 76 76 
2 9 150 472 621 521 1172 642 74 76 
2 9 150 472 621 522 1172 642 74 76 
2 9 150 472 621 523 1172 642 74 76 
2 9 150 472 621 524 1172 642 74 76 
2 9 150 472 621 525 1172 642 74 76 
2 9 150 472 621 526 1172 642 74 76 
2 9 150 472 621 527 1172 642 74 76 
2 9 150 472 621 528 1172 642 74 76 
2 9 150 472 621 529 1172 642 74 76 
2 9 150 472 621 530 1172 642 74 76 
2 9 150 472 621 531 1172 642 74 76 
2 9 150 472 621 532 1172 642 74 76 
2 9 150 472 621 533 1172 642 74 76 
2 9 150 472 621 534 1173 644 76 74 
2 9 150 472 621 535 1173 644 76 74 
2 9 150 472 621 536 1173 644 76 74 
2 9 150 472 621 537 1173 644 76 74 
2 9 150 472 621 538 1173 644 76 74 
2 9 150 472 621 539 1173 644 76 74 
2 9 150 472 621 540 1175 647 76 71 
2 9 150 472 621 541 1175 647 76 71 
2 9 150 472 621 542 1175 647 76 71 
2 9 150 472 621 543 1175 647 76 71 
2 9 150 472 621 544 1175 647 76 71 
2 9 150 472 621 545 1175 647 76 71 
2 9 150 472 621 546 1177 649 74 69 
2 9 150 472 621 547 1177 649 74 69 
2 9 150 472 621 548 1177 649 74 69 
2 9 150 472 621 549 1177 649 74 69 
2 9 150 472 621 550 1177 649 74 69 
2 9 150 472 621 551 1177 649 74 69 
2 9 150 472 621 552 1179 651 74 68 
2 9 150 472 621 553 1177 651 74 68 
2 9 150 472 621 554 1177 651 74 68 
2 9 150 472 621 555 1175 651 76 68 
2 9 150 472 621 556 1175 651 76 68 
2 9 150 472 621 557 1173 651 76 68 
2 9 150 472 621 558 1173 651 76 68 
2 9 150 472 621 559 1172 651 74 68 
2 9 150 472 621 560 1172 651 74 68 
2 9 150 472 621 561 1170 651 74 68 
2 9 150 472 621 562 1170 651 74 68 
2 9 150 472 621 563 1168 651 74 68 
2 9 150 472 621 564 1168 651 74 68 
2 9 150 472 621 565 1168 653 74 65 
2 9 150 472 621 566 1166 653 76 65 
2 9 150 472 621 567 1166 653 76 65 
2 9 150 472 621 568 1166 653 76 65 
2 9 150 472 621 569 1166 653 76 65 
2 9 150 472 621 570 1166 653 76 65 
2 9 150 472 621 571 1165 653 74 65 
2 9 150 472 621 572 1165 653 74 65 
2 9 150 472 621 573 1165 653 74 65 
2 9 150 472 621 574 1165 653 74 65 
2 9 150 472 621 575 1165 653 74 65 
2 9 150 472 621 576 1163 653 74 65 
2 9 150 472 621 577 1163 653 74 65 
2 9 150 472 621 578 1163 653 74 65 
2 9 150 472 621 579 1163 653 74 65 
2 9 150 472 621 580 1163 653 74 65 
2 9 150 472 621 581 1161 653 74 65 
2 9 150 472 621 582 1161 653 74 65 
2 9 150 472 621 583 1161 653 74 65 
2 9 150 472 621 584 1161 653 74 65 
2 9 150 472 621 585 1161 653 74 65 
2 9 150 472 621 586 1159 653 76 65 
2 9 150 472 621 587 1157 653 76 65 
2 9 150 472 621 588 1158 653 72 65 
2 9 150 472 621 589 1156 653 74 65 
2 9 150 472 621 590 1154 653 74 65 
2 9 150 472 621 591 1155 653 70 65 
2 9 150 472 621 592 1152 653 74 65 
2 9 150 472 621 593 1153 653 72 65 
2 9 150 472 621 594 1151 653 72 65 
2 9 150 472 621 595 1149 653 74 65 
2 9 150 472 621 596 1150 653 70 65 
2 9 150 472 621 597 1148 653 70 65 
2 9 150 472 621 598 1145 653 74 65 
2 9 150 472 621 599 1146 653 72 65 
2 9 150 472 621 600 1144 653 72 65 
2 9 150 472 621 601 1144 656 72 63 
2 9 150 472 621 602 1142 656 72 63 
2 9 150 472 621 603 1141 656 70 63 
2 9 150 472 621 604 1139 656 70 63 
2 9 150 472 621 605 1137 656 72 63 
2 9 150 472 621 606 1135 656 72 63 
2 9 150 472 621 607 1134 656 70 63 
2 9 150 472 621 608 1132 656 70 63 
2 9 150 472 621 609 1130 656 72 63 
2 9 150 472 621 610 1128 656 72 63 
2 9 150 472 621 611 1126 656 72 63 
2 9 150 472 621 612 1126 656 72 63 
2 9 150 472 621 613 1125 656 70 63 
2 9 150 472 621 614 1123 656 70 63 
2 9 150 472 621 615 1121 656 72 63 
2 9 150 472 621 616 1119 656 72 63 
2 9 150 472 621 617 1117 656 74 63 
2 9 150 472 621 618 1115 656 74 63 
2 9 150 472 621 619 1113 656 74 63 
2 9 150 472 621 620 1111 656 76 63 
2 9 150 472 621 621 1111 656 76 63 
