15 9 619 236 854 236 1720 372 96 177 
15 9 619 236 854 237 1717 372 96 177 
15 9 619 236 854 238 1711 372 100 177 
15 9 619 236 854 239 1707 372 102 177 
15 9 619 236 854 240 1701 372 106 177 
15 9 619 236 854 241 1698 372 106 177 
15 9 619 236 854 242 1692 372 112 177 
15 9 619 236 854 243 1689 372 112 177 
15 9 619 236 854 244 1686 370 112 175 
15 9 619 236 854 245 1684 370 112 175 
15 9 619 236 854 246 1681 370 112 175 
15 9 619 236 854 247 1678 371 112 171 
15 9 619 236 854 248 1676 371 112 171 
15 9 619 236 854 249 1673 371 112 171 
15 9 619 236 854 250 1670 372 112 168 
15 9 619 236 854 251 1668 372 112 168 
15 9 619 236 854 252 1665 372 112 168 
15 9 619 236 854 253 1665 372 112 168 
15 9 619 236 854 254 1663 368 108 172 
15 9 619 236 854 255 1661 368 106 172 
15 9 619 236 854 256 1658 368 106 172 
15 9 619 236 854 257 1655 368 108 172 
15 9 619 236 854 258 1656 368 102 172 
15 9 619 236 854 259 1655 368 100 172 
15 9 619 236 854 260 1651 368 102 172 
15 9 619 236 854 261 1648 368 102 172 
15 9 619 236 854 262 1647 368 100 172 
15 9 619 236 854 263 1648 368 96 172 
15 9 619 236 854 264 1640 365 102 172 
15 9 619 236 854 265 1639 365 100 172 
15 9 619 236 854 266 1635 365 102 172 
15 9 619 236 854 267 1629 365 106 172 
15 9 619 236 854 268 1626 365 106 172 
15 9 619 236 854 269 1623 363 108 171 
15 9 619 236 854 270 1617 363 112 171 
15 9 619 236 854 271 1614 363 112 171 
15 9 619 236 854 272 1612 363 112 171 
15 9 619 236 854 273 1609 363 112 171 
15 9 619 236 854 274 1606 363 112 171 
15 9 619 236 854 275 1604 363 112 171 
15 9 619 236 854 276 1604 363 112 171 
15 9 619 236 854 277 1601 363 112 171 
15 9 619 236 854 278 1601 363 112 171 
15 9 619 236 854 279 1598 363 112 171 
15 9 619 236 854 280 1596 363 112 171 
15 9 619 236 854 281 1596 363 112 171 
15 9 619 236 854 282 1593 363 112 171 
15 9 619 236 854 283 1593 363 112 171 
15 9 619 236 854 284 1591 363 108 171 
15 9 619 236 854 285 1589 363 106 171 
15 9 619 236 854 286 1586 363 106 171 
15 9 619 236 854 287 1583 363 108 171 
15 9 619 236 854 288 1581 363 106 171 
15 9 619 236 854 289 1578 363 106 171 
15 9 619 236 854 290 1575 363 108 171 
15 9 619 236 854 291 1573 363 106 171 
15 9 619 236 854 292 1570 363 106 171 
15 9 619 236 854 293 1567 363 108 171 
15 9 619 236 854 294 1562 360 106 172 
15 9 619 236 854 295 1559 360 108 172 
15 9 619 236 854 296 1554 360 106 172 
15 9 619 236 854 297 1551 357 108 172 
15 9 619 236 854 298 1546 357 106 172 
15 9 619 236 854 299 1543 357 108 172 
15 9 619 236 854 300 1541 357 106 172 
15 9 619 236 854 301 1538 354 106 175 
15 9 619 236 854 302 1535 354 108 175 
15 9 619 236 854 303 1533 354 106 175 
15 9 619 236 854 304 1530 354 106 175 
15 9 619 236 854 305 1527 354 108 175 
15 9 619 236 854 306 1525 354 106 175 
15 9 619 236 854 307 1522 354 106 175 
15 9 619 236 854 308 1519 351 108 180 
15 9 619 236 854 309 1517 351 106 180 
15 9 619 236 854 310 1514 351 106 180 
15 9 619 236 854 311 1511 351 108 180 
15 9 619 236 854 312 1509 351 106 180 
15 9 619 236 854 313 1506 351 106 180 
15 9 619 236 854 314 1506 350 106 184 
15 9 619 236 854 315 1503 350 108 184 
15 9 619 236 854 316 1501 346 106 189 
15 9 619 236 854 317 1498 346 106 189 
15 9 619 236 854 318 1495 346 108 189 
15 9 619 236 854 319 1493 346 106 189 
15 9 619 236 854 320 1490 346 106 189 
15 9 619 236 854 321 1487 346 108 189 
15 9 619 236 854 322 1485 346 106 189 
15 9 619 236 854 323 1482 346 106 189 
15 9 619 236 854 324 1479 344 108 192 
15 9 619 236 854 325 1477 344 106 192 
15 9 619 236 854 326 1474 344 106 192 
15 9 619 236 854 327 1471 344 108 192 
15 9 619 236 854 328 1471 343 108 195 
15 9 619 236 854 329 1469 343 106 195 
15 9 619 236 854 330 1466 343 106 195 
15 9 619 236 854 331 1463 343 108 195 
15 9 619 236 854 332 1461 339 106 199 
15 9 619 236 854 333 1458 339 106 199 
15 9 619 236 854 334 1455 339 108 199 
15 9 619 236 854 335 1453 339 106 199 
15 9 619 236 854 336 1450 339 106 199 
15 9 619 236 854 337 1447 339 108 199 
15 9 619 236 854 338 1445 339 106 199 
15 9 619 236 854 339 1442 339 106 199 
15 9 619 236 854 340 1439 336 108 204 
15 9 619 236 854 341 1437 336 106 204 
15 9 619 236 854 342 1437 335 106 208 
15 9 619 236 854 343 1434 335 106 208 
15 9 619 236 854 344 1431 335 108 208 
15 9 619 236 854 345 1429 335 106 208 
15 9 619 236 854 346 1426 335 106 208 
15 9 619 236 854 347 1423 335 108 208 
15 9 619 236 854 348 1421 332 106 211 
15 9 619 236 854 349 1418 332 106 211 
15 9 619 236 854 350 1415 332 108 211 
15 9 619 236 854 351 1413 332 106 211 
15 9 619 236 854 352 1410 332 106 211 
15 9 619 236 854 353 1407 332 108 211 
15 9 619 236 854 354 1405 332 106 211 
15 9 619 236 854 355 1405 332 106 216 
15 9 619 236 854 356 1399 329 108 216 
15 9 619 236 854 357 1397 329 106 216 
15 9 619 236 854 358 1394 329 106 216 
15 9 619 236 854 359 1391 329 108 216 
15 9 619 236 854 360 1389 329 106 216 
15 9 619 236 854 361 1386 329 106 216 
15 9 619 236 854 362 1383 329 108 211 
15 9 619 236 854 363 1381 329 106 211 
15 9 619 236 854 364 1378 329 106 211 
15 9 619 236 854 365 1375 329 108 211 
15 9 619 236 854 366 1373 329 106 211 
15 9 619 236 854 367 1370 329 106 211 
15 9 619 236 854 368 1367 329 108 211 
15 9 619 236 854 369 1362 330 106 208 
15 9 619 236 854 370 1359 330 108 208 
15 9 619 236 854 371 1357 330 106 208 
15 9 619 236 854 372 1354 330 106 208 
15 9 619 236 854 373 1351 330 108 208 
15 9 619 236 854 374 1349 330 106 208 
15 9 619 236 854 375 1346 330 106 208 
15 9 619 236 854 376 1343 327 108 208 
15 9 619 236 854 377 1341 327 106 208 
15 9 619 236 854 378 1338 327 106 208 
15 9 619 236 854 379 1335 327 108 208 
15 9 619 236 854 380 1333 327 106 208 
15 9 619 236 854 381 1330 327 106 208 
15 9 619 236 854 382 1327 327 108 208 
15 9 619 236 854 383 1322 328 106 204 
15 9 619 236 854 384 1319 328 108 204 
15 9 619 236 854 385 1317 328 106 204 
15 9 619 236 854 386 1314 328 106 204 
15 9 619 236 854 387 1311 328 108 204 
15 9 619 236 854 388 1309 328 106 204 
15 9 619 236 854 389 1306 328 106 204 
15 9 619 236 854 390 1303 328 108 201 
15 9 619 236 854 391 1301 328 106 201 
15 9 619 236 854 392 1298 328 106 201 
15 9 619 236 854 393 1295 328 108 201 
15 9 619 236 854 394 1293 328 106 201 
15 9 619 236 854 395 1290 328 106 201 
15 9 619 236 854 396 1287 328 108 201 
15 9 619 236 854 397 1281 326 112 199 
15 9 619 236 854 398 1278 326 112 199 
15 9 619 236 854 399 1276 326 112 199 
15 9 619 236 854 400 1273 326 112 199 
15 9 619 236 854 401 1270 326 112 199 
15 9 619 236 854 402 1268 326 112 199 
15 9 619 236 854 403 1265 326 112 199 
15 9 619 236 854 404 1262 326 112 199 
15 9 619 236 854 405 1260 326 112 199 
15 9 619 236 854 406 1257 326 112 199 
15 9 619 236 854 407 1254 326 112 199 
15 9 619 236 854 408 1252 327 112 195 
15 9 619 236 854 409 1249 327 112 195 
15 9 619 236 854 410 1246 327 112 195 
15 9 619 236 854 411 1239 327 118 195 
15 9 619 236 854 412 1236 327 118 195 
15 9 619 236 854 413 1235 327 116 195 
15 9 619 236 854 414 1231 327 118 195 
15 9 619 236 854 415 1228 327 118 195 
15 9 619 236 854 416 1227 327 116 195 
15 9 619 236 854 417 1223 327 118 195 
15 9 619 236 854 418 1220 327 118 195 
15 9 619 236 854 419 1219 328 116 192 
15 9 619 236 854 420 1215 328 118 192 
15 9 619 236 854 421 1212 328 118 192 
15 9 619 236 854 422 1211 328 116 192 
15 9 619 236 854 423 1207 328 118 192 
15 9 619 236 854 424 1204 328 118 192 
15 9 619 236 854 425 1198 324 122 196 
15 9 619 236 854 426 1195 324 124 196 
15 9 619 236 854 427 1193 324 122 196 
15 9 619 236 854 428 1190 324 122 196 
15 9 619 236 854 429 1187 324 124 196 
15 9 619 236 854 430 1185 325 122 192 
15 9 619 236 854 431 1182 325 122 192 
15 9 619 236 854 432 1179 325 124 192 
15 9 619 236 854 433 1177 325 122 192 
15 9 619 236 854 434 1174 325 122 192 
15 9 619 236 854 435 1171 325 124 192 
15 9 619 236 854 436 1169 325 122 192 
15 9 619 236 854 437 1166 325 122 192 
15 9 619 236 854 438 1163 325 124 192 
15 9 619 236 854 439 1157 325 128 192 
15 9 619 236 854 440 1154 325 128 192 
15 9 619 236 854 441 1152 325 128 187 
15 9 619 236 854 442 1149 325 128 187 
15 9 619 236 854 443 1146 325 128 187 
15 9 619 236 854 444 1144 325 128 187 
15 9 619 236 854 445 1141 325 128 187 
15 9 619 236 854 446 1138 325 128 187 
15 9 619 236 854 447 1136 325 128 187 
15 9 619 236 854 448 1133 325 128 187 
15 9 619 236 854 449 1130 325 128 187 
15 9 619 236 854 450 1128 325 128 187 
15 9 619 236 854 451 1125 325 128 187 
15 9 619 236 854 452 1122 325 128 187 
15 9 619 236 854 453 1120 322 128 189 
15 9 619 236 854 454 1117 322 128 189 
15 9 619 236 854 455 1114 322 128 189 
15 9 619 236 854 456 1112 322 128 189 
15 9 619 236 854 457 1109 322 128 189 
15 9 619 236 854 458 1106 322 128 189 
15 9 619 236 854 459 1104 322 128 189 
15 9 619 236 854 460 1101 322 128 189 
15 9 619 236 854 461 1098 322 128 189 
15 9 619 236 854 462 1096 322 128 189 
15 9 619 236 854 463 1093 322 128 189 
15 9 619 236 854 464 1090 322 128 189 
15 9 619 236 854 465 1088 322 128 189 
15 9 619 236 854 466 1085 322 128 189 
15 9 619 236 854 467 1082 322 128 189 
15 9 619 236 854 468 1080 322 128 189 
15 9 619 236 854 469 1077 322 128 189 
15 9 619 236 854 470 1074 322 128 189 
15 9 619 236 854 471 1072 322 128 189 
15 9 619 236 854 472 1069 322 128 189 
15 9 619 236 854 473 1066 322 128 189 
15 9 619 236 854 474 1067 320 124 187 
15 9 619 236 854 475 1065 320 122 187 
15 9 619 236 854 476 1062 320 122 187 
15 9 619 236 854 477 1059 320 124 187 
15 9 619 236 854 478 1057 320 122 187 
15 9 619 236 854 479 1054 320 122 187 
15 9 619 236 854 480 1051 320 124 187 
15 9 619 236 854 481 1049 320 122 187 
15 9 619 236 854 482 1046 320 122 187 
15 9 619 236 854 483 1043 320 124 187 
15 9 619 236 854 484 1041 320 122 187 
15 9 619 236 854 485 1038 320 122 187 
15 9 619 236 854 486 1035 320 124 187 
15 9 619 236 854 487 1033 320 122 187 
15 9 619 236 854 488 1030 320 122 187 
15 9 619 236 854 489 1027 320 124 187 
15 9 619 236 854 490 1025 320 122 187 
15 9 619 236 854 491 1022 320 122 187 
15 9 619 236 854 492 1019 320 124 187 
15 9 619 236 854 493 1017 320 122 187 
15 9 619 236 854 494 1014 320 122 187 
15 9 619 236 854 495 1014 320 122 187 
15 9 619 236 854 496 1011 320 124 187 
15 9 619 236 854 497 1009 320 122 187 
15 9 619 236 854 498 1006 320 122 187 
15 9 619 236 854 499 1003 320 124 187 
15 9 619 236 854 500 1001 320 122 187 
15 9 619 236 854 501 998 320 122 187 
15 9 619 236 854 502 995 320 124 187 
15 9 619 236 854 503 993 320 122 187 
15 9 619 236 854 504 990 320 122 187 
15 9 619 236 854 505 987 320 124 187 
15 9 619 236 854 506 985 320 122 187 
15 9 619 236 854 507 982 320 122 187 
15 9 619 236 854 508 979 320 124 187 
15 9 619 236 854 509 979 320 124 187 
15 9 619 236 854 510 977 320 122 187 
15 9 619 236 854 511 974 320 122 187 
15 9 619 236 854 512 971 320 124 187 
15 9 619 236 854 513 969 320 122 187 
15 9 619 236 854 514 966 320 122 187 
15 9 619 236 854 515 963 320 124 187 
15 9 619 236 854 516 961 320 122 187 
15 9 619 236 854 517 958 320 122 187 
15 9 619 236 854 518 955 320 124 187 
15 9 619 236 854 519 953 320 122 187 
15 9 619 236 854 520 950 320 122 187 
15 9 619 236 854 521 947 320 124 187 
15 9 619 236 854 522 947 320 124 187 
15 9 619 236 854 523 945 320 122 187 
15 9 619 236 854 524 942 320 122 187 
15 9 619 236 854 525 939 320 124 187 
15 9 619 236 854 526 937 320 122 187 
15 9 619 236 854 527 934 320 122 187 
15 9 619 236 854 528 931 320 124 187 
15 9 619 236 854 529 929 320 122 187 
15 9 619 236 854 530 926 320 122 187 
15 9 619 236 854 531 923 320 124 187 
15 9 619 236 854 532 921 320 122 187 
15 9 619 236 854 533 918 320 122 187 
15 9 619 236 854 534 915 320 124 187 
15 9 619 236 854 535 915 320 124 187 
15 9 619 236 854 536 913 320 122 187 
15 9 619 236 854 537 910 320 122 187 
15 9 619 236 854 538 907 320 124 187 
15 9 619 236 854 539 905 320 122 187 
15 9 619 236 854 540 902 320 122 187 
15 9 619 236 854 541 899 320 124 187 
15 9 619 236 854 542 897 320 122 187 
15 9 619 236 854 543 894 320 122 187 
15 9 619 236 854 544 891 320 124 187 
15 9 619 236 854 545 889 320 122 187 
15 9 619 236 854 546 886 320 122 187 
15 9 619 236 854 547 883 320 124 187 
15 9 619 236 854 548 881 320 122 187 
15 9 619 236 854 549 878 320 122 187 
15 9 619 236 854 550 875 320 124 187 
15 9 619 236 854 551 873 320 122 187 
15 9 619 236 854 552 870 322 122 189 
15 9 619 236 854 553 867 322 124 189 
15 9 619 236 854 554 865 322 122 189 
15 9 619 236 854 555 862 322 122 189 
15 9 619 236 854 556 859 322 124 189 
15 9 619 236 854 557 857 322 122 189 
15 9 619 236 854 558 854 322 122 189 
15 9 619 236 854 559 851 322 124 189 
15 9 619 236 854 560 849 322 122 189 
15 9 619 236 854 561 846 322 122 189 
15 9 619 236 854 562 843 322 124 189 
15 9 619 236 854 563 841 322 122 189 
15 9 619 236 854 564 838 322 122 189 
15 9 619 236 854 565 835 322 124 189 
15 9 619 236 854 566 833 322 122 189 
15 9 619 236 854 567 830 322 122 189 
15 9 619 236 854 568 827 322 124 189 
15 9 619 236 854 569 825 325 122 187 
15 9 619 236 854 570 822 325 122 187 
15 9 619 236 854 571 819 325 124 187 
15 9 619 236 854 572 817 325 122 187 
15 9 619 236 854 573 814 325 122 187 
15 9 619 236 854 574 811 325 124 187 
15 9 619 236 854 575 809 325 122 187 
15 9 619 236 854 576 806 325 122 187 
15 9 619 236 854 577 803 325 124 187 
15 9 619 236 854 578 801 325 122 187 
15 9 619 236 854 579 798 325 122 187 
15 9 619 236 854 580 795 325 124 187 
15 9 619 236 854 581 793 325 122 187 
15 9 619 236 854 582 790 325 122 187 
15 9 619 236 854 583 787 325 124 187 
15 9 619 236 854 584 785 325 122 187 
15 9 619 236 854 585 782 328 122 187 
15 9 619 236 854 586 779 328 124 187 
15 9 619 236 854 587 777 328 122 187 
15 9 619 236 854 588 774 328 122 187 
15 9 619 236 854 589 771 328 124 187 
15 9 619 236 854 590 769 328 122 187 
15 9 619 236 854 591 766 328 122 187 
15 9 619 236 854 592 763 328 124 187 
15 9 619 236 854 593 761 328 122 187 
15 9 619 236 854 594 758 328 122 187 
15 9 619 236 854 595 755 328 124 187 
15 9 619 236 854 596 753 328 122 187 
15 9 619 236 854 597 750 328 122 187 
15 9 619 236 854 598 747 328 124 187 
15 9 619 236 854 599 745 328 122 187 
15 9 619 236 854 600 745 328 122 187 
15 9 619 236 854 601 743 329 118 183 
15 9 619 236 854 602 740 329 118 183 
15 9 619 236 854 603 739 329 116 183 
15 9 619 236 854 604 740 329 112 183 
15 9 619 236 854 605 737 329 112 183 
15 9 619 236 854 606 734 329 112 183 
15 9 619 236 854 607 732 329 112 183 
15 9 619 236 854 608 733 329 106 183 
15 9 619 236 854 609 730 329 106 183 
15 9 619 236 854 610 727 329 108 183 
15 9 619 236 854 611 725 329 106 183 
15 9 619 236 854 612 727 329 100 183 
15 9 619 236 854 613 723 329 102 183 
15 9 619 236 854 614 720 329 102 183 
15 9 619 236 854 615 722 329 96 183 
15 9 619 236 854 616 721 330 90 180 
15 9 619 236 854 617 718 330 90 180 
15 9 619 236 854 618 715 330 92 180 
15 9 619 236 854 619 716 330 86 180 
15 9 619 236 854 620 715 330 84 180 
15 9 619 236 854 621 711 330 86 180 
15 9 619 236 854 622 708 330 86 180 
15 9 619 236 854 623 710 330 80 180 
15 9 619 236 854 624 708 330 80 180 
15 9 619 236 854 625 705 330 80 180 
15 9 619 236 854 626 702 330 80 180 
15 9 619 236 854 627 703 330 76 180 
15 9 619 236 854 628 701 330 74 180 
15 9 619 236 854 629 698 330 74 180 
15 9 619 236 854 630 699 332 70 177 
15 9 619 236 854 631 695 332 68 177 
15 9 619 236 854 632 691 332 70 177 
15 9 619 236 854 633 688 332 70 177 
15 9 619 236 854 634 687 332 68 177 
15 9 619 236 854 635 683 332 70 177 
15 9 619 236 854 636 680 332 70 177 
15 9 619 236 854 637 679 332 68 177 
15 9 619 236 854 638 675 332 70 177 
15 9 619 236 854 639 672 332 70 177 
15 9 619 236 854 640 671 335 68 175 
15 9 619 236 854 641 667 335 70 175 
15 9 619 236 854 642 664 335 70 175 
15 9 619 236 854 643 663 335 68 175 
15 9 619 236 854 644 659 335 70 175 
15 9 619 236 854 645 656 335 70 175 
15 9 619 236 854 646 651 335 70 175 
15 9 619 236 854 647 648 335 70 175 
15 9 619 236 854 648 647 335 68 175 
15 9 619 236 854 649 643 335 70 175 
15 9 619 236 854 650 640 338 70 175 
15 9 619 236 854 651 639 338 68 175 
15 9 619 236 854 652 635 338 70 175 
15 9 619 236 854 653 632 338 70 175 
15 9 619 236 854 654 631 338 68 175 
15 9 619 236 854 655 627 338 70 175 
15 9 619 236 854 656 624 338 70 175 
15 9 619 236 854 657 623 338 68 175 
15 9 619 236 854 658 619 338 70 175 
15 9 619 236 854 659 616 338 70 175 
15 9 619 236 854 660 615 340 68 177 
15 9 619 236 854 661 608 340 70 177 
15 9 619 236 854 662 607 340 68 177 
15 9 619 236 854 663 603 340 70 177 
15 9 619 236 854 664 600 340 70 177 
15 9 619 236 854 665 599 340 68 177 
15 9 619 236 854 666 595 340 70 177 
15 9 619 236 854 667 592 340 70 177 
15 9 619 236 854 668 591 340 68 177 
15 9 619 236 854 669 587 340 70 177 
15 9 619 236 854 670 584 340 70 177 
15 9 619 236 854 671 583 340 68 177 
15 9 619 236 854 672 579 340 70 177 
15 9 619 236 854 673 576 340 70 177 
15 9 619 236 854 674 575 340 68 177 
15 9 619 236 854 675 571 340 70 177 
15 9 619 236 854 676 568 340 70 177 
15 9 619 236 854 677 567 340 68 177 
15 9 619 236 854 678 563 340 70 177 
15 9 619 236 854 679 560 340 70 177 
15 9 619 236 854 680 559 340 68 177 
15 9 619 236 854 681 555 340 70 177 
15 9 619 236 854 682 552 340 70 177 
15 9 619 236 854 683 551 340 68 177 
15 9 619 236 854 684 547 340 70 177 
15 9 619 236 854 685 544 340 70 177 
15 9 619 236 854 686 543 340 68 177 
15 9 619 236 854 687 539 340 70 177 
15 9 619 236 854 688 536 340 70 177 
15 9 619 236 854 689 535 340 68 177 
15 9 619 236 854 690 531 340 70 177 
15 9 619 236 854 691 528 340 70 177 
15 9 619 236 854 692 527 340 68 177 
15 9 619 236 854 693 523 340 70 177 
15 9 619 236 854 694 520 340 70 177 
15 9 619 236 854 695 519 340 68 177 
15 9 619 236 854 696 515 340 70 177 
15 9 619 236 854 697 512 340 70 177 
15 9 619 236 854 698 511 340 68 177 
15 9 619 236 854 699 507 340 70 177 
15 9 619 236 854 700 504 340 70 177 
15 9 619 236 854 701 499 340 70 177 
15 9 619 236 854 702 496 340 70 177 
15 9 619 236 854 703 495 340 68 177 
15 9 619 236 854 704 491 340 70 177 
15 9 619 236 854 705 488 340 70 177 
15 9 619 236 854 706 487 340 68 177 
15 9 619 236 854 707 483 340 70 177 
15 9 619 236 854 708 480 340 70 177 
15 9 619 236 854 709 479 340 68 177 
15 9 619 236 854 710 475 340 70 177 
15 9 619 236 854 711 472 340 70 177 
15 9 619 236 854 712 471 340 68 177 
15 9 619 236 854 713 467 340 70 177 
15 9 619 236 854 714 464 340 70 177 
15 9 619 236 854 715 463 340 68 177 
15 9 619 236 854 716 459 340 70 177 
15 9 619 236 854 717 456 340 70 177 
15 9 619 236 854 718 455 340 68 177 
15 9 619 236 854 719 451 340 70 177 
15 9 619 236 854 720 448 343 70 175 
15 9 619 236 854 721 443 343 70 175 
15 9 619 236 854 722 440 343 70 175 
15 9 619 236 854 723 439 343 68 175 
15 9 619 236 854 724 435 343 70 175 
15 9 619 236 854 725 432 343 70 175 
15 9 619 236 854 726 431 343 68 175 
15 9 619 236 854 727 427 343 70 175 
15 9 619 236 854 728 424 343 70 175 
15 9 619 236 854 729 423 343 68 175 
15 9 619 236 854 730 419 343 70 175 
15 9 619 236 854 731 416 343 70 175 
15 9 619 236 854 732 415 343 68 175 
15 9 619 236 854 733 411 343 70 175 
15 9 619 236 854 734 408 343 70 175 
15 9 619 236 854 735 407 343 68 175 
15 9 619 236 854 736 403 343 70 175 
15 9 619 236 854 737 400 343 70 175 
15 9 619 236 854 738 399 343 68 175 
15 9 619 236 854 739 395 343 70 175 
15 9 619 236 854 740 392 346 70 175 
15 9 619 236 854 741 387 343 70 175 
15 9 619 236 854 742 384 343 70 175 
15 9 619 236 854 743 383 343 68 175 
15 9 619 236 854 744 379 343 70 175 
15 9 619 236 854 745 376 343 70 175 
15 9 619 236 854 746 375 343 68 175 
15 9 619 236 854 747 371 343 70 175 
15 9 619 236 854 748 368 343 70 175 
15 9 619 236 854 749 367 343 68 175 
15 9 619 236 854 750 363 343 70 175 
15 9 619 236 854 751 359 343 68 175 
15 9 619 236 854 752 355 343 70 175 
15 9 619 236 854 753 352 343 70 175 
15 9 619 236 854 754 351 343 68 175 
15 9 619 236 854 755 347 343 70 175 
15 9 619 236 854 756 344 343 70 175 
15 9 619 236 854 757 343 343 68 175 
15 9 619 236 854 758 339 343 70 175 
15 9 619 236 854 759 336 343 70 175 
15 9 619 236 854 760 335 343 68 175 
15 9 619 236 854 761 328 343 70 175 
15 9 619 236 854 762 327 343 68 175 
15 9 619 236 854 763 323 343 70 175 
15 9 619 236 854 764 320 343 70 175 
15 9 619 236 854 765 319 343 68 175 
15 9 619 236 854 766 315 343 70 175 
15 9 619 236 854 767 312 343 70 175 
15 9 619 236 854 768 311 343 68 175 
15 9 619 236 854 769 307 343 70 175 
15 9 619 236 854 770 304 343 70 175 
15 9 619 236 854 771 299 343 70 175 
15 9 619 236 854 772 296 343 70 175 
15 9 619 236 854 773 295 343 68 175 
15 9 619 236 854 774 291 343 70 175 
15 9 619 236 854 775 288 343 70 175 
15 9 619 236 854 776 287 340 68 177 
15 9 619 236 854 777 283 340 70 177 
15 9 619 236 854 778 280 340 70 177 
15 9 619 236 854 779 279 340 68 177 
15 9 619 236 854 780 275 340 70 177 
15 9 619 236 854 781 271 340 68 177 
15 9 619 236 854 782 267 340 70 177 
15 9 619 236 854 783 264 340 70 177 
15 9 619 236 854 784 263 340 68 177 
15 9 619 236 854 785 259 340 70 177 
15 9 619 236 854 786 256 340 70 177 
15 9 619 236 854 787 255 340 68 177 
15 9 619 236 854 788 251 340 70 177 
15 9 619 236 854 789 248 340 70 177 
15 9 619 236 854 790 247 340 68 177 
15 9 619 236 854 791 240 340 70 177 
15 9 619 236 854 792 239 340 68 177 
15 9 619 236 854 793 235 340 70 177 
15 9 619 236 854 794 232 340 70 177 
15 9 619 236 854 795 231 340 68 177 
15 9 619 236 854 796 227 340 70 177 
15 9 619 236 854 797 224 340 70 177 
15 9 619 236 854 798 223 340 68 177 
15 9 619 236 854 799 219 340 70 177 
15 9 619 236 854 800 216 340 70 177 
15 9 619 236 854 801 211 340 70 177 
15 9 619 236 854 802 208 340 70 177 
15 9 619 236 854 803 207 340 68 177 
15 9 619 236 854 804 203 340 70 177 
15 9 619 236 854 805 200 340 70 177 
15 9 619 236 854 806 199 340 68 177 
15 9 619 236 854 807 195 340 70 177 
15 9 619 236 854 808 192 340 70 177 
15 9 619 236 854 809 191 340 68 177 
15 9 619 236 854 810 187 340 70 177 
15 9 619 236 854 811 184 340 70 177 
15 9 619 236 854 812 183 340 68 177 
15 9 619 236 854 813 179 340 70 177 
15 9 619 236 854 814 176 340 70 177 
15 9 619 236 854 815 175 340 68 177 
15 9 619 236 854 816 171 340 70 177 
15 9 619 236 854 817 168 340 70 177 
15 9 619 236 854 818 167 340 68 177 
15 9 619 236 854 819 167 340 68 177 
15 9 619 236 854 820 163 340 70 177 
15 9 619 236 854 821 160 340 70 177 
15 9 619 236 854 822 159 340 68 177 
15 9 619 236 854 823 155 340 70 177 
15 9 619 236 854 824 152 340 70 177 
15 9 619 236 854 825 151 340 68 177 
15 9 619 236 854 826 147 340 70 177 
15 9 619 236 854 827 147 340 70 177 
15 9 619 236 854 828 144 340 70 177 
15 9 619 236 854 829 143 340 68 177 
15 9 619 236 854 830 139 340 70 177 
15 9 619 236 854 831 136 340 70 177 
15 9 619 236 854 832 135 340 68 177 
15 9 619 236 854 833 131 340 70 177 
15 9 619 236 854 834 128 340 70 177 
15 9 619 236 854 835 128 340 70 177 
15 9 619 236 854 836 127 340 68 177 
15 9 619 236 854 837 123 340 70 177 
15 9 619 236 854 838 120 340 70 177 
15 9 619 236 854 839 119 340 68 177 
15 9 619 236 854 840 115 340 70 177 
15 9 619 236 854 841 112 340 70 177 
15 9 619 236 854 842 111 340 68 177 
15 9 619 236 854 843 107 340 70 177 
15 9 619 236 854 844 107 340 70 177 
15 9 619 236 854 845 104 340 70 177 
15 9 619 236 854 846 103 340 68 177 
15 9 619 236 854 847 99 340 70 177 
15 9 619 236 854 848 96 340 70 177 
15 9 619 236 854 849 95 340 68 177 
15 9 619 236 854 850 91 340 70 177 
15 9 619 236 854 851 88 340 70 177 
15 9 619 236 854 852 88 340 70 177 
15 9 619 236 854 853 87 340 68 177 
15 9 619 236 854 854 83 340 70 177 
16 9 396 226 621 226 1770 403 106 156 
16 9 396 226 621 227 1767 403 108 156 
16 9 396 226 621 228 1765 403 106 156 
16 9 396 226 621 229 1761 403 112 156 
16 9 396 226 621 230 1758 403 112 156 
16 9 396 226 621 231 1756 403 112 156 
16 9 396 226 621 232 1751 403 118 156 
16 9 396 226 621 233 1748 403 118 156 
16 9 396 226 621 234 1747 403 116 156 
16 9 396 226 621 235 1747 403 116 156 
16 9 396 226 621 236 1740 400 118 156 
16 9 396 226 621 237 1739 400 116 156 
16 9 396 226 621 238 1735 400 118 156 
16 9 396 226 621 239 1732 400 118 156 
16 9 396 226 621 240 1731 400 116 156 
16 9 396 226 621 241 1724 398 118 156 
16 9 396 226 621 242 1723 398 116 156 
16 9 396 226 621 243 1719 398 118 156 
16 9 396 226 621 244 1716 398 118 156 
16 9 396 226 621 245 1715 398 116 156 
16 9 396 226 621 246 1711 395 118 156 
16 9 396 226 621 247 1708 395 118 156 
16 9 396 226 621 248 1707 395 116 156 
16 9 396 226 621 249 1703 395 118 156 
16 9 396 226 621 250 1700 395 118 156 
16 9 396 226 621 251 1699 395 116 156 
16 9 396 226 621 252 1695 395 118 156 
16 9 396 226 621 253 1692 395 118 156 
16 9 396 226 621 254 1691 395 116 156 
16 9 396 226 621 255 1687 395 118 156 
16 9 396 226 621 256 1684 395 118 156 
16 9 396 226 621 257 1683 395 116 156 
16 9 396 226 621 258 1679 395 118 156 
16 9 396 226 621 259 1676 395 118 156 
16 9 396 226 621 260 1675 395 116 156 
16 9 396 226 621 261 1671 395 118 156 
16 9 396 226 621 262 1668 395 118 156 
16 9 396 226 621 263 1667 395 116 156 
16 9 396 226 621 264 1663 395 118 156 
16 9 396 226 621 265 1660 395 118 156 
16 9 396 226 621 266 1660 395 112 156 
16 9 396 226 621 267 1657 395 112 156 
16 9 396 226 621 268 1654 395 112 156 
16 9 396 226 621 269 1652 395 112 156 
16 9 396 226 621 270 1649 395 112 156 
16 9 396 226 621 271 1646 395 112 156 
16 9 396 226 621 272 1644 395 112 156 
16 9 396 226 621 273 1641 395 112 156 
16 9 396 226 621 274 1638 395 112 156 
16 9 396 226 621 275 1636 395 112 156 
16 9 396 226 621 276 1633 392 112 156 
16 9 396 226 621 277 1630 392 112 156 
16 9 396 226 621 278 1628 392 112 156 
16 9 396 226 621 279 1625 392 112 156 
16 9 396 226 621 280 1626 392 106 156 
16 9 396 226 621 281 1623 390 108 156 
16 9 396 226 621 282 1621 390 106 156 
16 9 396 226 621 283 1618 390 106 156 
16 9 396 226 621 284 1615 390 108 156 
16 9 396 226 621 285 1616 390 102 156 
16 9 396 226 621 286 1611 390 102 156 
16 9 396 226 621 287 1608 390 102 156 
16 9 396 226 621 288 1602 390 106 156 
16 9 396 226 621 289 1599 390 108 156 
16 9 396 226 621 290 1593 390 112 156 
16 9 396 226 621 291 1590 390 112 156 
16 9 396 226 621 292 1583 390 118 156 
16 9 396 226 621 293 1580 390 118 156 
16 9 396 226 621 294 1574 390 122 156 
16 9 396 226 621 295 1571 390 124 156 
16 9 396 226 621 296 1571 387 116 156 
16 9 396 226 621 297 1567 387 118 156 
16 9 396 226 621 298 1564 384 118 156 
16 9 396 226 621 299 1563 384 116 156 
16 9 396 226 621 300 1564 384 112 156 
16 9 396 226 621 301 1558 382 112 156 
16 9 396 226 621 302 1556 382 112 156 
16 9 396 226 621 303 1553 382 112 156 
16 9 396 226 621 304 1550 382 112 156 
16 9 396 226 621 305 1548 378 112 160 
16 9 396 226 621 306 1545 378 112 160 
16 9 396 226 621 307 1542 378 112 160 
16 9 396 226 621 308 1540 378 112 160 
16 9 396 226 621 309 1537 378 112 160 
16 9 396 226 621 310 1534 374 112 165 
16 9 396 226 621 311 1532 374 112 165 
16 9 396 226 621 312 1529 374 112 165 
16 9 396 226 621 313 1527 374 108 165 
16 9 396 226 621 314 1525 374 106 165 
16 9 396 226 621 315 1522 372 106 168 
16 9 396 226 621 316 1519 372 108 168 
16 9 396 226 621 317 1517 372 106 168 
16 9 396 226 621 318 1514 372 106 168 
16 9 396 226 621 319 1511 372 108 168 
16 9 396 226 621 320 1509 368 106 172 
16 9 396 226 621 321 1506 368 106 172 
16 9 396 226 621 322 1503 369 108 168 
16 9 396 226 621 323 1501 369 106 168 
16 9 396 226 621 324 1498 369 106 168 
16 9 396 226 621 325 1495 365 108 172 
16 9 396 226 621 326 1495 365 100 172 
16 9 396 226 621 327 1491 365 102 172 
16 9 396 226 621 328 1488 365 102 172 
16 9 396 226 621 329 1487 365 100 172 
16 9 396 226 621 330 1483 362 102 175 
16 9 396 226 621 331 1480 362 102 175 
16 9 396 226 621 332 1474 362 106 175 
16 9 396 226 621 333 1471 362 108 175 
16 9 396 226 621 334 1469 359 106 180 
16 9 396 226 621 335 1466 359 106 180 
16 9 396 226 621 336 1463 359 108 180 
16 9 396 226 621 337 1461 359 106 180 
16 9 396 226 621 338 1459 359 102 180 
16 9 396 226 621 339 1456 355 102 184 
16 9 396 226 621 340 1455 355 100 184 
16 9 396 226 621 341 1451 355 102 184 
16 9 396 226 621 342 1448 355 102 184 
16 9 396 226 621 343 1447 356 100 180 
16 9 396 226 621 344 1443 353 102 183 
16 9 396 226 621 345 1440 353 102 183 
16 9 396 226 621 346 1439 353 100 183 
16 9 396 226 621 347 1435 353 102 183 
16 9 396 226 621 348 1432 353 102 183 
16 9 396 226 621 349 1431 349 100 187 
16 9 396 226 621 350 1427 349 102 187 
16 9 396 226 621 351 1426 349 96 187 
16 9 396 226 621 352 1424 349 96 187 
16 9 396 226 621 353 1421 349 96 187 
16 9 396 226 621 354 1418 346 96 192 
16 9 396 226 621 355 1416 346 96 192 
16 9 396 226 621 356 1413 346 96 192 
16 9 396 226 621 357 1410 346 96 192 
16 9 396 226 621 358 1408 346 96 192 
16 9 396 226 621 359 1405 343 96 195 
16 9 396 226 621 360 1402 343 96 195 
16 9 396 226 621 361 1400 343 96 195 
16 9 396 226 621 362 1397 343 96 195 
16 9 396 226 621 363 1394 343 96 195 
16 9 396 226 621 364 1392 340 96 196 
16 9 396 226 621 365 1389 340 96 196 
16 9 396 226 621 366 1386 340 96 196 
16 9 396 226 621 367 1384 340 96 196 
16 9 396 226 621 368 1381 340 96 196 
16 9 396 226 621 369 1378 340 96 196 
16 9 396 226 621 370 1376 340 96 196 
16 9 396 226 621 371 1373 340 96 196 
16 9 396 226 621 372 1373 340 96 196 
16 9 396 226 621 373 1370 340 96 196 
16 9 396 226 621 374 1368 340 96 196 
16 9 396 226 621 375 1365 340 96 196 
16 9 396 226 621 376 1362 340 96 196 
16 9 396 226 621 377 1360 340 96 196 
16 9 396 226 621 378 1357 340 96 196 
16 9 396 226 621 379 1354 340 96 196 
16 9 396 226 621 380 1352 340 96 196 
16 9 396 226 621 381 1352 340 96 196 
16 9 396 226 621 382 1349 340 96 196 
16 9 396 226 621 383 1346 340 96 196 
16 9 396 226 621 384 1344 340 96 196 
16 9 396 226 621 385 1341 340 96 196 
16 9 396 226 621 386 1338 340 96 196 
16 9 396 226 621 387 1336 340 96 196 
16 9 396 226 621 388 1333 340 96 196 
16 9 396 226 621 389 1330 340 96 196 
16 9 396 226 621 390 1330 340 96 196 
16 9 396 226 621 391 1328 340 96 196 
16 9 396 226 621 392 1325 340 96 196 
16 9 396 226 621 393 1322 340 96 196 
16 9 396 226 621 394 1320 340 96 196 
16 9 396 226 621 395 1317 340 96 196 
16 9 396 226 621 396 1314 340 96 196 
16 9 396 226 621 397 1312 340 96 196 
16 9 396 226 621 398 1309 340 96 196 
16 9 396 226 621 399 1309 340 96 196 
16 9 396 226 621 400 1306 340 96 196 
16 9 396 226 621 401 1304 340 96 196 
16 9 396 226 621 402 1301 340 96 196 
16 9 396 226 621 403 1298 340 96 196 
16 9 396 226 621 404 1296 340 96 196 
16 9 396 226 621 405 1293 340 96 196 
16 9 396 226 621 406 1290 340 96 196 
16 9 396 226 621 407 1290 340 96 196 
16 9 396 226 621 408 1285 340 96 196 
16 9 396 226 621 409 1282 340 96 196 
16 9 396 226 621 410 1280 340 96 196 
16 9 396 226 621 411 1277 340 96 196 
16 9 396 226 621 412 1274 340 96 196 
16 9 396 226 621 413 1272 340 96 196 
16 9 396 226 621 414 1269 340 96 196 
16 9 396 226 621 415 1266 340 96 196 
16 9 396 226 621 416 1264 340 96 196 
16 9 396 226 621 417 1261 340 96 196 
16 9 396 226 621 418 1258 340 96 196 
16 9 396 226 621 419 1256 340 96 196 
16 9 396 226 621 420 1253 340 96 196 
16 9 396 226 621 421 1250 340 96 196 
16 9 396 226 621 422 1248 340 96 196 
16 9 396 226 621 423 1245 340 96 196 
16 9 396 226 621 424 1242 340 96 196 
16 9 396 226 621 425 1240 340 96 196 
16 9 396 226 621 426 1237 340 96 196 
16 9 396 226 621 427 1234 340 96 196 
16 9 396 226 621 428 1232 340 96 196 
16 9 396 226 621 429 1229 340 96 196 
16 9 396 226 621 430 1226 340 96 196 
16 9 396 226 621 431 1224 340 96 196 
16 9 396 226 621 432 1221 340 96 196 
16 9 396 226 621 433 1218 340 96 196 
16 9 396 226 621 434 1216 340 96 196 
16 9 396 226 621 435 1213 340 96 196 
16 9 396 226 621 436 1210 340 96 196 
16 9 396 226 621 437 1208 340 96 196 
16 9 396 226 621 438 1205 340 96 196 
16 9 396 226 621 439 1202 340 96 196 
16 9 396 226 621 440 1200 340 96 196 
16 9 396 226 621 441 1197 340 96 196 
16 9 396 226 621 442 1194 340 96 196 
16 9 396 226 621 443 1192 340 96 196 
16 9 396 226 621 444 1189 340 96 196 
16 9 396 226 621 445 1186 340 96 196 
16 9 396 226 621 446 1184 340 96 196 
16 9 396 226 621 447 1181 340 96 196 
16 9 396 226 621 448 1178 340 96 196 
16 9 396 226 621 449 1176 340 96 196 
16 9 396 226 621 450 1173 340 96 196 
16 9 396 226 621 451 1170 340 96 196 
16 9 396 226 621 452 1168 340 96 196 
16 9 396 226 621 453 1165 340 96 196 
16 9 396 226 621 454 1162 340 96 196 
16 9 396 226 621 455 1160 340 96 196 
16 9 396 226 621 456 1157 340 96 196 
16 9 396 226 621 457 1154 340 96 196 
16 9 396 226 621 458 1152 340 96 196 
16 9 396 226 621 459 1149 340 96 196 
16 9 396 226 621 460 1146 340 96 196 
16 9 396 226 621 461 1144 340 96 196 
16 9 396 226 621 462 1141 340 96 196 
16 9 396 226 621 463 1138 340 96 196 
16 9 396 226 621 464 1136 340 96 196 
16 9 396 226 621 465 1133 340 96 196 
16 9 396 226 621 466 1130 340 96 196 
16 9 396 226 621 467 1128 340 96 196 
16 9 396 226 621 468 1125 343 96 195 
16 9 396 226 621 469 1122 340 96 196 
16 9 396 226 621 470 1120 340 96 196 
16 9 396 226 621 471 1117 340 96 196 
16 9 396 226 621 472 1114 340 96 196 
16 9 396 226 621 473 1112 340 96 196 
16 9 396 226 621 474 1109 340 96 196 
16 9 396 226 621 475 1106 340 96 196 
16 9 396 226 621 476 1103 340 100 196 
16 9 396 226 621 477 1099 340 102 196 
16 9 396 226 621 478 1096 340 102 196 
16 9 396 226 621 479 1095 340 100 196 
16 9 396 226 621 480 1091 340 102 196 
16 9 396 226 621 481 1088 340 102 196 
16 9 396 226 621 482 1087 340 100 196 
16 9 396 226 621 483 1087 337 100 196 
16 9 396 226 621 484 1083 337 102 196 
16 9 396 226 621 485 1080 337 102 196 
16 9 396 226 621 486 1079 337 100 196 
16 9 396 226 621 487 1075 337 102 196 
16 9 396 226 621 488 1072 337 102 196 
16 9 396 226 621 489 1071 337 100 196 
16 9 396 226 621 490 1066 337 106 196 
16 9 396 226 621 491 1063 337 108 196 
16 9 396 226 621 492 1061 337 106 196 
16 9 396 226 621 493 1058 337 106 196 
16 9 396 226 621 494 1055 337 108 196 
16 9 396 226 621 495 1053 337 106 196 
16 9 396 226 621 496 1050 337 106 196 
16 9 396 226 621 497 1050 337 106 196 
16 9 396 226 621 498 1047 337 108 196 
16 9 396 226 621 499 1045 337 106 196 
16 9 396 226 621 500 1042 337 106 196 
16 9 396 226 621 501 1039 337 108 196 
16 9 396 226 621 502 1037 337 106 196 
16 9 396 226 621 503 1034 337 106 196 
16 9 396 226 621 504 1034 337 106 196 
16 9 396 226 621 505 1031 337 108 196 
16 9 396 226 621 506 1029 337 106 196 
16 9 396 226 621 507 1026 337 106 196 
16 9 396 226 621 508 1023 337 108 196 
16 9 396 226 621 509 1021 337 106 196 
16 9 396 226 621 510 1021 337 106 196 
16 9 396 226 621 511 1018 337 106 196 
16 9 396 226 621 512 1015 337 108 196 
16 9 396 226 621 513 1013 337 106 196 
16 9 396 226 621 514 1010 337 106 196 
16 9 396 226 621 515 1007 337 108 196 
16 9 396 226 621 516 1007 337 108 196 
16 9 396 226 621 517 1005 337 106 196 
16 9 396 226 621 518 1002 337 106 196 
16 9 396 226 621 519 999 337 108 196 
16 9 396 226 621 520 997 337 106 196 
16 9 396 226 621 521 994 337 106 196 
16 9 396 226 621 522 994 340 106 196 
16 9 396 226 621 523 988 341 112 192 
16 9 396 226 621 524 985 341 112 192 
16 9 396 226 621 525 982 341 112 192 
16 9 396 226 621 526 980 341 112 192 
16 9 396 226 621 527 977 341 112 192 
16 9 396 226 621 528 971 341 116 192 
16 9 396 226 621 529 967 341 118 192 
16 9 396 226 621 530 963 344 124 187 
16 9 396 226 621 531 961 344 122 187 
16 9 396 226 621 532 958 344 122 187 
16 9 396 226 621 533 955 344 124 187 
16 9 396 226 621 534 949 344 128 187 
16 9 396 226 621 535 946 344 128 187 
16 9 396 226 621 536 944 344 128 187 
16 9 396 226 621 537 941 344 128 187 
16 9 396 226 621 538 936 347 134 184 
16 9 396 226 621 539 935 347 132 184 
16 9 396 226 621 540 927 347 140 184 
16 9 396 226 621 541 925 347 138 184 
16 9 396 226 621 542 922 347 138 184 
16 9 396 226 621 543 919 347 140 184 
16 9 396 226 621 544 917 347 138 184 
16 9 396 226 621 545 913 351 144 180 
16 9 396 226 621 546 908 351 144 180 
16 9 396 226 621 547 905 351 144 180 
16 9 396 226 621 548 902 351 144 180 
16 9 396 226 621 549 900 351 144 180 
16 9 396 226 621 550 897 351 144 180 
16 9 396 226 621 551 894 351 144 180 
16 9 396 226 621 552 892 351 144 180 
16 9 396 226 621 553 889 351 144 180 
16 9 396 226 621 554 886 351 144 180 
16 9 396 226 621 555 884 351 144 180 
16 9 396 226 621 556 881 351 144 180 
16 9 396 226 621 557 878 351 144 180 
16 9 396 226 621 558 876 351 144 180 
16 9 396 226 621 559 873 354 144 180 
16 9 396 226 621 560 868 354 144 180 
16 9 396 226 621 561 865 354 144 180 
16 9 396 226 621 562 862 354 144 180 
16 9 396 226 621 563 860 354 144 180 
16 9 396 226 621 564 857 354 144 180 
16 9 396 226 621 565 854 354 144 180 
16 9 396 226 621 566 852 354 144 180 
16 9 396 226 621 567 849 354 144 180 
16 9 396 226 621 568 846 354 144 180 
16 9 396 226 621 569 844 354 144 180 
16 9 396 226 621 570 841 354 144 180 
16 9 396 226 621 571 838 354 144 180 
16 9 396 226 621 572 836 354 144 180 
16 9 396 226 621 573 833 356 144 180 
16 9 396 226 621 574 828 356 144 180 
16 9 396 226 621 575 825 356 144 180 
16 9 396 226 621 576 822 356 144 180 
16 9 396 226 621 577 820 356 144 180 
16 9 396 226 621 578 817 356 144 180 
16 9 396 226 621 579 814 356 144 180 
16 9 396 226 621 580 812 356 144 180 
16 9 396 226 621 581 809 356 144 180 
16 9 396 226 621 582 806 356 144 180 
16 9 396 226 621 583 801 356 144 180 
16 9 396 226 621 584 798 356 144 180 
16 9 396 226 621 585 796 356 144 180 
16 9 396 226 621 586 793 356 144 180 
16 9 396 226 621 587 790 356 144 180 
16 9 396 226 621 588 788 356 144 180 
16 9 396 226 621 589 785 356 144 180 
16 9 396 226 621 590 782 356 144 180 
16 9 396 226 621 591 780 356 144 180 
16 9 396 226 621 592 777 356 144 180 
16 9 396 226 621 593 772 356 144 180 
16 9 396 226 621 594 769 356 144 180 
16 9 396 226 621 595 766 356 144 180 
16 9 396 226 621 596 764 356 144 180 
16 9 396 226 621 597 761 356 144 180 
16 9 396 226 621 598 758 356 144 180 
16 9 396 226 621 599 756 356 144 180 
16 9 396 226 621 600 753 356 144 180 
16 9 396 226 621 601 750 356 144 180 
16 9 396 226 621 602 745 356 144 180 
16 9 396 226 621 603 742 356 144 180 
16 9 396 226 621 604 740 356 144 180 
16 9 396 226 621 605 737 356 144 180 
16 9 396 226 621 606 734 356 144 180 
16 9 396 226 621 607 732 356 144 180 
16 9 396 226 621 608 729 356 144 180 
16 9 396 226 621 609 726 356 144 180 
16 9 396 226 621 610 724 356 144 180 
16 9 396 226 621 611 721 356 144 180 
16 9 396 226 621 612 716 356 144 180 
16 9 396 226 621 613 713 356 144 180 
16 9 396 226 621 614 710 356 144 180 
16 9 396 226 621 615 708 356 144 180 
16 9 396 226 621 616 705 356 144 180 
16 9 396 226 621 617 702 356 144 180 
16 9 396 226 621 618 700 356 144 180 
16 9 396 226 621 619 697 356 144 180 
16 9 396 226 621 620 694 356 144 180 
16 9 396 226 621 621 692 356 144 180 
