15 2 138 1027 1164 1027 547 338 167 180 
15 2 138 1027 1164 1028 547 338 167 180 
15 2 138 1027 1164 1029 547 338 167 180 
15 2 138 1027 1164 1030 547 338 167 180 
15 2 138 1027 1164 1031 547 338 167 180 
15 2 138 1027 1164 1032 547 338 167 180 
15 2 138 1027 1164 1033 547 338 167 180 
15 2 138 1027 1164 1034 547 338 167 180 
15 2 138 1027 1164 1035 547 338 167 180 
15 2 138 1027 1164 1036 547 338 167 180 
15 2 138 1027 1164 1037 547 338 167 180 
15 2 138 1027 1164 1038 547 338 167 180 
15 2 138 1027 1164 1039 547 338 167 180 
15 2 138 1027 1164 1040 547 338 167 180 
15 2 138 1027 1164 1041 547 338 167 180 
15 2 138 1027 1164 1042 547 338 167 180 
15 2 138 1027 1164 1043 547 338 167 180 
15 2 138 1027 1164 1044 547 338 167 180 
15 2 138 1027 1164 1045 547 338 167 180 
15 2 138 1027 1164 1046 547 338 167 180 
15 2 138 1027 1164 1047 547 338 167 180 
15 2 138 1027 1164 1048 547 338 167 180 
15 2 138 1027 1164 1049 547 338 167 180 
15 2 138 1027 1164 1050 547 338 167 180 
15 2 138 1027 1164 1051 547 338 167 180 
15 2 138 1027 1164 1052 547 338 167 180 
15 2 138 1027 1164 1053 547 338 167 180 
15 2 138 1027 1164 1054 547 338 167 180 
15 2 138 1027 1164 1055 547 338 167 180 
15 2 138 1027 1164 1056 547 338 167 180 
15 2 138 1027 1164 1057 547 338 167 180 
15 2 138 1027 1164 1058 547 338 167 180 
15 2 138 1027 1164 1059 547 338 167 180 
15 2 138 1027 1164 1060 547 338 167 180 
15 2 138 1027 1164 1061 547 338 167 180 
15 2 138 1027 1164 1062 547 338 167 180 
15 2 138 1027 1164 1063 547 338 167 180 
15 2 138 1027 1164 1064 547 338 167 180 
15 2 138 1027 1164 1065 547 338 167 180 
15 2 138 1027 1164 1066 547 338 167 180 
15 2 138 1027 1164 1067 547 338 167 180 
15 2 138 1027 1164 1068 547 338 167 180 
15 2 138 1027 1164 1069 547 338 167 180 
15 2 138 1027 1164 1070 547 338 167 180 
15 2 138 1027 1164 1071 547 338 167 180 
15 2 138 1027 1164 1072 547 338 167 180 
15 2 138 1027 1164 1073 547 338 167 180 
15 2 138 1027 1164 1074 547 338 167 180 
15 2 138 1027 1164 1075 547 338 167 180 
15 2 138 1027 1164 1076 547 338 167 180 
15 2 138 1027 1164 1077 547 338 167 180 
15 2 138 1027 1164 1078 547 338 167 180 
15 2 138 1027 1164 1079 547 338 167 180 
15 2 138 1027 1164 1080 547 338 167 180 
15 2 138 1027 1164 1081 547 338 167 180 
15 2 138 1027 1164 1082 547 338 167 180 
15 2 138 1027 1164 1083 547 338 167 180 
15 2 138 1027 1164 1084 547 338 167 180 
15 2 138 1027 1164 1085 547 338 167 180 
15 2 138 1027 1164 1086 547 338 167 180 
15 2 138 1027 1164 1087 547 338 167 180 
15 2 138 1027 1164 1088 547 338 167 180 
15 2 138 1027 1164 1089 547 338 167 180 
15 2 138 1027 1164 1090 547 338 167 180 
15 2 138 1027 1164 1091 547 338 167 180 
15 2 138 1027 1164 1092 547 338 167 180 
15 2 138 1027 1164 1093 547 338 167 180 
15 2 138 1027 1164 1094 547 338 167 180 
15 2 138 1027 1164 1095 547 338 167 180 
15 2 138 1027 1164 1096 547 338 167 180 
15 2 138 1027 1164 1097 547 338 167 180 
15 2 138 1027 1164 1098 547 338 167 180 
15 2 138 1027 1164 1099 547 338 167 180 
15 2 138 1027 1164 1100 547 338 167 180 
15 2 138 1027 1164 1101 547 338 167 180 
15 2 138 1027 1164 1102 547 338 167 180 
15 2 138 1027 1164 1103 547 338 167 180 
15 2 138 1027 1164 1104 547 338 167 180 
15 2 138 1027 1164 1105 547 338 167 180 
15 2 138 1027 1164 1106 547 338 167 180 
15 2 138 1027 1164 1107 547 338 167 180 
15 2 138 1027 1164 1108 547 338 167 180 
15 2 138 1027 1164 1109 547 338 167 180 
15 2 138 1027 1164 1110 547 338 167 180 
15 2 138 1027 1164 1111 547 338 167 180 
15 2 138 1027 1164 1112 547 338 167 180 
15 2 138 1027 1164 1113 547 338 167 180 
15 2 138 1027 1164 1114 547 338 167 180 
15 2 138 1027 1164 1115 547 338 167 180 
15 2 138 1027 1164 1116 547 338 167 180 
15 2 138 1027 1164 1117 547 338 167 180 
15 2 138 1027 1164 1118 547 338 167 180 
15 2 138 1027 1164 1119 547 338 167 180 
15 2 138 1027 1164 1120 547 338 167 180 
15 2 138 1027 1164 1121 547 338 167 180 
15 2 138 1027 1164 1122 547 338 167 180 
15 2 138 1027 1164 1123 547 338 167 180 
15 2 138 1027 1164 1124 547 338 167 180 
15 2 138 1027 1164 1125 547 338 167 180 
15 2 138 1027 1164 1126 547 338 167 180 
15 2 138 1027 1164 1127 547 338 167 180 
15 2 138 1027 1164 1128 547 338 167 180 
15 2 138 1027 1164 1129 547 338 167 180 
15 2 138 1027 1164 1130 547 338 167 180 
15 2 138 1027 1164 1131 547 338 167 180 
15 2 138 1027 1164 1132 547 338 167 180 
15 2 138 1027 1164 1133 547 338 167 180 
15 2 138 1027 1164 1134 547 338 167 180 
15 2 138 1027 1164 1135 547 338 167 180 
15 2 138 1027 1164 1136 547 338 167 180 
15 2 138 1027 1164 1137 547 338 167 180 
15 2 138 1027 1164 1138 547 338 167 180 
15 2 138 1027 1164 1139 547 338 167 180 
15 2 138 1027 1164 1140 547 338 167 180 
15 2 138 1027 1164 1141 547 338 167 180 
15 2 138 1027 1164 1142 547 338 167 180 
15 2 138 1027 1164 1143 547 338 167 180 
15 2 138 1027 1164 1144 547 338 167 180 
15 2 138 1027 1164 1145 547 338 167 180 
15 2 138 1027 1164 1146 547 338 167 180 
15 2 138 1027 1164 1147 547 338 167 180 
15 2 138 1027 1164 1148 547 338 167 180 
15 2 138 1027 1164 1149 547 338 167 180 
15 2 138 1027 1164 1150 547 338 167 180 
15 2 138 1027 1164 1151 547 338 167 180 
15 2 138 1027 1164 1152 547 338 167 180 
15 2 138 1027 1164 1153 547 338 167 180 
15 2 138 1027 1164 1154 547 338 167 180 
15 2 138 1027 1164 1155 547 338 167 180 
15 2 138 1027 1164 1156 547 338 167 180 
15 2 138 1027 1164 1157 547 338 167 180 
15 2 138 1027 1164 1158 547 338 167 180 
15 2 138 1027 1164 1159 547 338 167 180 
15 2 138 1027 1164 1160 547 338 167 180 
15 2 138 1027 1164 1161 547 338 167 180 
15 2 138 1027 1164 1162 547 338 167 180 
15 2 138 1027 1164 1163 547 338 167 180 
15 2 138 1027 1164 1164 547 338 167 180 
16 2 110 1235 1344 1235 624 317 160 191 
16 2 110 1235 1344 1236 624 317 160 191 
16 2 110 1235 1344 1237 624 317 160 191 
16 2 110 1235 1344 1238 624 317 160 191 
16 2 110 1235 1344 1239 624 317 160 191 
16 2 110 1235 1344 1240 624 317 160 191 
16 2 110 1235 1344 1241 624 317 160 191 
16 2 110 1235 1344 1242 624 317 160 191 
16 2 110 1235 1344 1243 624 317 160 191 
16 2 110 1235 1344 1244 624 317 160 191 
16 2 110 1235 1344 1245 624 317 160 191 
16 2 110 1235 1344 1246 624 317 160 191 
16 2 110 1235 1344 1247 624 317 160 191 
16 2 110 1235 1344 1248 624 317 160 191 
16 2 110 1235 1344 1249 624 317 160 191 
16 2 110 1235 1344 1250 624 317 160 191 
16 2 110 1235 1344 1251 624 317 160 191 
16 2 110 1235 1344 1252 624 317 160 191 
16 2 110 1235 1344 1253 624 317 160 191 
16 2 110 1235 1344 1254 624 317 160 191 
16 2 110 1235 1344 1255 624 317 160 191 
16 2 110 1235 1344 1256 624 317 160 191 
16 2 110 1235 1344 1257 624 317 160 191 
16 2 110 1235 1344 1258 624 317 160 191 
16 2 110 1235 1344 1259 624 317 160 191 
16 2 110 1235 1344 1260 624 317 160 191 
16 2 110 1235 1344 1261 624 317 160 191 
16 2 110 1235 1344 1262 624 317 160 191 
16 2 110 1235 1344 1263 624 317 160 191 
16 2 110 1235 1344 1264 624 317 160 191 
16 2 110 1235 1344 1265 624 317 160 191 
16 2 110 1235 1344 1266 624 317 160 191 
16 2 110 1235 1344 1267 624 317 160 191 
16 2 110 1235 1344 1268 624 317 160 191 
16 2 110 1235 1344 1269 624 317 160 191 
16 2 110 1235 1344 1270 624 317 160 191 
16 2 110 1235 1344 1271 624 317 160 191 
16 2 110 1235 1344 1272 624 317 160 191 
16 2 110 1235 1344 1273 624 317 160 191 
16 2 110 1235 1344 1274 624 317 160 191 
16 2 110 1235 1344 1275 624 317 160 191 
16 2 110 1235 1344 1276 624 317 160 191 
16 2 110 1235 1344 1277 624 317 160 191 
16 2 110 1235 1344 1278 624 317 160 191 
16 2 110 1235 1344 1279 624 317 160 191 
16 2 110 1235 1344 1280 624 317 160 191 
16 2 110 1235 1344 1281 624 317 160 191 
16 2 110 1235 1344 1282 624 317 160 191 
16 2 110 1235 1344 1283 624 317 160 191 
16 2 110 1235 1344 1284 624 317 160 191 
16 2 110 1235 1344 1285 624 317 160 191 
16 2 110 1235 1344 1286 624 317 160 191 
16 2 110 1235 1344 1287 624 317 160 191 
16 2 110 1235 1344 1288 624 317 160 191 
16 2 110 1235 1344 1289 624 317 160 191 
16 2 110 1235 1344 1290 624 317 160 191 
16 2 110 1235 1344 1291 624 317 160 191 
16 2 110 1235 1344 1292 624 317 160 191 
16 2 110 1235 1344 1293 624 317 160 191 
16 2 110 1235 1344 1294 624 317 160 191 
16 2 110 1235 1344 1295 624 317 160 191 
16 2 110 1235 1344 1296 624 317 160 191 
16 2 110 1235 1344 1297 624 317 160 191 
16 2 110 1235 1344 1298 624 317 160 191 
16 2 110 1235 1344 1299 624 317 160 191 
16 2 110 1235 1344 1300 624 317 160 191 
16 2 110 1235 1344 1301 624 317 160 191 
16 2 110 1235 1344 1302 624 317 160 191 
16 2 110 1235 1344 1303 624 317 160 191 
16 2 110 1235 1344 1304 624 317 160 191 
16 2 110 1235 1344 1305 624 317 160 191 
16 2 110 1235 1344 1306 624 317 160 191 
16 2 110 1235 1344 1307 624 317 160 191 
16 2 110 1235 1344 1308 624 317 160 191 
16 2 110 1235 1344 1309 624 317 160 191 
16 2 110 1235 1344 1310 624 317 160 191 
16 2 110 1235 1344 1311 624 317 160 191 
16 2 110 1235 1344 1312 624 317 160 191 
16 2 110 1235 1344 1313 624 317 160 191 
16 2 110 1235 1344 1314 624 317 160 191 
16 2 110 1235 1344 1315 624 317 160 191 
16 2 110 1235 1344 1316 624 317 160 191 
16 2 110 1235 1344 1317 624 317 160 191 
16 2 110 1235 1344 1318 624 317 160 191 
16 2 110 1235 1344 1319 624 317 160 191 
16 2 110 1235 1344 1320 624 317 160 191 
16 2 110 1235 1344 1321 624 317 160 191 
16 2 110 1235 1344 1322 624 317 160 191 
16 2 110 1235 1344 1323 624 317 160 191 
16 2 110 1235 1344 1324 624 317 160 191 
16 2 110 1235 1344 1325 624 317 160 191 
16 2 110 1235 1344 1326 624 317 160 191 
16 2 110 1235 1344 1327 624 317 160 191 
16 2 110 1235 1344 1328 624 317 160 191 
16 2 110 1235 1344 1329 624 317 160 191 
16 2 110 1235 1344 1330 624 317 160 191 
16 2 110 1235 1344 1331 624 317 160 191 
16 2 110 1235 1344 1332 624 317 160 191 
16 2 110 1235 1344 1333 624 317 160 191 
16 2 110 1235 1344 1334 624 317 160 191 
16 2 110 1235 1344 1335 624 317 160 191 
16 2 110 1235 1344 1336 624 317 160 191 
16 2 110 1235 1344 1337 624 317 160 191 
16 2 110 1235 1344 1338 624 317 160 191 
16 2 110 1235 1344 1339 624 317 160 191 
16 2 110 1235 1344 1340 624 317 160 191 
16 2 110 1235 1344 1341 624 317 160 191 
16 2 110 1235 1344 1342 624 317 160 191 
16 2 110 1235 1344 1343 624 317 160 191 
16 2 110 1235 1344 1344 624 317 160 191 
17 2 126 1317 1442 1317 500 327 232 199 
17 2 126 1317 1442 1318 500 327 232 199 
17 2 126 1317 1442 1319 500 327 232 199 
17 2 126 1317 1442 1320 500 327 232 199 
17 2 126 1317 1442 1321 500 327 232 199 
17 2 126 1317 1442 1322 500 327 232 199 
17 2 126 1317 1442 1323 500 327 232 199 
17 2 126 1317 1442 1324 500 327 232 199 
17 2 126 1317 1442 1325 500 327 232 199 
17 2 126 1317 1442 1326 500 327 232 199 
17 2 126 1317 1442 1327 500 327 232 199 
17 2 126 1317 1442 1328 500 327 232 199 
17 2 126 1317 1442 1329 500 327 232 199 
17 2 126 1317 1442 1330 500 327 232 199 
17 2 126 1317 1442 1331 500 327 232 199 
17 2 126 1317 1442 1332 500 327 232 199 
17 2 126 1317 1442 1333 500 327 232 199 
17 2 126 1317 1442 1334 500 327 232 199 
17 2 126 1317 1442 1335 500 327 232 199 
17 2 126 1317 1442 1336 500 327 232 199 
17 2 126 1317 1442 1337 500 327 232 199 
17 2 126 1317 1442 1338 500 327 232 199 
17 2 126 1317 1442 1339 500 327 232 199 
17 2 126 1317 1442 1340 500 327 232 199 
17 2 126 1317 1442 1341 500 327 232 199 
17 2 126 1317 1442 1342 500 327 232 199 
17 2 126 1317 1442 1343 500 327 232 199 
17 2 126 1317 1442 1344 500 327 232 199 
17 2 126 1317 1442 1345 500 327 232 199 
17 2 126 1317 1442 1346 500 327 232 199 
17 2 126 1317 1442 1347 500 327 232 199 
17 2 126 1317 1442 1348 500 327 232 199 
17 2 126 1317 1442 1349 500 327 232 199 
17 2 126 1317 1442 1350 500 327 232 199 
17 2 126 1317 1442 1351 500 327 232 199 
17 2 126 1317 1442 1352 500 327 232 199 
17 2 126 1317 1442 1353 500 327 232 199 
17 2 126 1317 1442 1354 500 327 232 199 
17 2 126 1317 1442 1355 500 327 232 199 
17 2 126 1317 1442 1356 500 327 232 199 
17 2 126 1317 1442 1357 500 327 232 199 
17 2 126 1317 1442 1358 500 327 232 199 
17 2 126 1317 1442 1359 500 327 232 199 
17 2 126 1317 1442 1360 500 327 232 199 
17 2 126 1317 1442 1361 500 327 232 199 
17 2 126 1317 1442 1362 500 327 232 199 
17 2 126 1317 1442 1363 500 327 232 199 
17 2 126 1317 1442 1364 500 327 232 199 
17 2 126 1317 1442 1365 500 327 232 199 
17 2 126 1317 1442 1366 500 327 232 199 
17 2 126 1317 1442 1367 500 327 232 199 
17 2 126 1317 1442 1368 500 327 232 199 
17 2 126 1317 1442 1369 500 327 232 199 
17 2 126 1317 1442 1370 500 327 232 199 
17 2 126 1317 1442 1371 500 327 232 199 
17 2 126 1317 1442 1372 500 327 232 199 
17 2 126 1317 1442 1373 500 327 232 199 
17 2 126 1317 1442 1374 500 327 232 199 
17 2 126 1317 1442 1375 500 327 232 199 
17 2 126 1317 1442 1376 500 327 232 199 
17 2 126 1317 1442 1377 500 327 232 199 
17 2 126 1317 1442 1378 500 327 232 199 
17 2 126 1317 1442 1379 500 327 232 199 
17 2 126 1317 1442 1380 500 327 232 199 
17 2 126 1317 1442 1381 500 327 232 199 
17 2 126 1317 1442 1382 500 327 232 199 
17 2 126 1317 1442 1383 500 327 232 199 
17 2 126 1317 1442 1384 500 327 232 199 
17 2 126 1317 1442 1385 500 327 232 199 
17 2 126 1317 1442 1386 500 327 232 199 
17 2 126 1317 1442 1387 500 327 232 199 
17 2 126 1317 1442 1388 500 327 232 199 
17 2 126 1317 1442 1389 500 327 232 199 
17 2 126 1317 1442 1390 500 327 232 199 
17 2 126 1317 1442 1391 500 327 232 199 
17 2 126 1317 1442 1392 500 327 232 199 
17 2 126 1317 1442 1393 500 327 232 199 
17 2 126 1317 1442 1394 500 327 232 199 
17 2 126 1317 1442 1395 500 327 232 199 
17 2 126 1317 1442 1396 500 327 232 199 
17 2 126 1317 1442 1397 500 327 232 199 
17 2 126 1317 1442 1398 500 327 232 199 
17 2 126 1317 1442 1399 500 327 232 199 
17 2 126 1317 1442 1400 500 327 232 199 
17 2 126 1317 1442 1401 500 327 232 199 
17 2 126 1317 1442 1402 500 327 232 199 
17 2 126 1317 1442 1403 500 327 232 199 
17 2 126 1317 1442 1404 500 327 232 199 
17 2 126 1317 1442 1405 500 327 232 199 
17 2 126 1317 1442 1406 500 327 232 199 
17 2 126 1317 1442 1407 500 327 232 199 
17 2 126 1317 1442 1408 500 327 232 199 
17 2 126 1317 1442 1409 500 327 232 199 
17 2 126 1317 1442 1410 500 327 232 199 
17 2 126 1317 1442 1411 500 327 232 199 
17 2 126 1317 1442 1412 500 327 232 199 
17 2 126 1317 1442 1413 500 327 232 199 
17 2 126 1317 1442 1414 500 327 232 199 
17 2 126 1317 1442 1415 500 327 232 199 
17 2 126 1317 1442 1416 500 327 232 199 
17 2 126 1317 1442 1417 500 327 232 199 
17 2 126 1317 1442 1418 500 327 232 199 
17 2 126 1317 1442 1419 500 327 232 199 
17 2 126 1317 1442 1420 500 327 232 199 
17 2 126 1317 1442 1421 500 327 232 199 
17 2 126 1317 1442 1422 500 327 232 199 
17 2 126 1317 1442 1423 500 327 232 199 
17 2 126 1317 1442 1424 500 327 232 199 
17 2 126 1317 1442 1425 500 327 232 199 
17 2 126 1317 1442 1426 500 327 232 199 
17 2 126 1317 1442 1427 500 327 232 199 
17 2 126 1317 1442 1428 500 327 232 199 
17 2 126 1317 1442 1429 500 327 232 199 
17 2 126 1317 1442 1430 500 327 232 199 
17 2 126 1317 1442 1431 500 327 232 199 
17 2 126 1317 1442 1432 500 327 232 199 
17 2 126 1317 1442 1433 500 327 232 199 
17 2 126 1317 1442 1434 500 327 232 199 
17 2 126 1317 1442 1435 500 327 232 199 
17 2 126 1317 1442 1436 500 327 232 199 
17 2 126 1317 1442 1437 500 327 232 199 
17 2 126 1317 1442 1438 500 327 232 199 
17 2 126 1317 1442 1439 500 327 232 199 
17 2 126 1317 1442 1440 500 327 232 199 
17 2 126 1317 1442 1441 500 327 232 199 
17 2 126 1317 1442 1442 500 327 232 199 
19 9 474 1526 1999 1526 523 369 134 168 
19 9 474 1526 1999 1527 520 368 134 172 
19 9 474 1526 1999 1528 520 372 134 168 
19 9 474 1526 1999 1529 520 372 134 168 
19 9 474 1526 1999 1530 517 372 138 168 
19 9 474 1526 1999 1531 517 372 138 168 
19 9 474 1526 1999 1532 519 374 132 168 
19 9 474 1526 1999 1533 514 374 138 168 
19 9 474 1526 1999 1534 514 374 138 168 
19 9 474 1526 1999 1535 510 374 144 168 
19 9 474 1526 1999 1536 511 377 140 168 
19 9 474 1526 1999 1537 511 377 140 168 
19 9 474 1526 1999 1538 508 377 144 168 
19 9 474 1526 1999 1539 508 377 144 168 
19 9 474 1526 1999 1540 508 380 144 168 
19 9 474 1526 1999 1541 505 380 144 168 
19 9 474 1526 1999 1542 505 380 144 168 
19 9 474 1526 1999 1543 505 380 144 168 
19 9 474 1526 1999 1544 505 380 144 168 
19 9 474 1526 1999 1545 506 380 138 168 
19 9 474 1526 1999 1546 506 380 138 168 
19 9 474 1526 1999 1547 506 382 138 168 
19 9 474 1526 1999 1548 506 382 138 168 
19 9 474 1526 1999 1549 507 382 134 168 
19 9 474 1526 1999 1550 507 382 134 168 
19 9 474 1526 1999 1551 507 382 134 168 
19 9 474 1526 1999 1552 507 382 134 168 
19 9 474 1526 1999 1553 509 382 128 168 
19 9 474 1526 1999 1554 509 385 128 168 
19 9 474 1526 1999 1555 509 385 128 168 
19 9 474 1526 1999 1556 509 385 128 168 
19 9 474 1526 1999 1557 510 385 122 168 
19 9 474 1526 1999 1558 510 385 122 168 
19 9 474 1526 1999 1559 510 385 122 168 
19 9 474 1526 1999 1560 510 388 122 168 
19 9 474 1526 1999 1561 507 388 124 168 
19 9 474 1526 1999 1562 507 388 124 168 
19 9 474 1526 1999 1563 507 387 124 171 
19 9 474 1526 1999 1564 507 390 124 168 
19 9 474 1526 1999 1565 507 389 124 172 
19 9 474 1526 1999 1566 507 389 124 172 
19 9 474 1526 1999 1567 507 393 124 168 
19 9 474 1526 1999 1568 507 392 124 172 
19 9 474 1526 1999 1569 507 392 124 172 
19 9 474 1526 1999 1570 507 395 124 171 
19 9 474 1526 1999 1571 507 395 124 171 
19 9 474 1526 1999 1572 507 395 124 171 
19 9 474 1526 1999 1573 507 397 124 172 
19 9 474 1526 1999 1574 507 397 124 172 
19 9 474 1526 1999 1575 507 396 124 177 
19 9 474 1526 1999 1576 507 400 124 172 
19 9 474 1526 1999 1577 507 400 124 172 
19 9 474 1526 1999 1578 507 399 124 175 
19 9 474 1526 1999 1579 507 403 124 171 
19 9 474 1526 1999 1580 507 402 124 175 
19 9 474 1526 1999 1581 504 402 128 175 
19 9 474 1526 1999 1582 504 405 128 172 
19 9 474 1526 1999 1583 504 404 128 177 
19 9 474 1526 1999 1584 504 404 128 177 
19 9 474 1526 1999 1585 504 407 128 175 
19 9 474 1526 1999 1586 504 407 128 175 
19 9 474 1526 1999 1587 504 407 128 175 
19 9 474 1526 1999 1588 504 410 128 175 
19 9 474 1526 1999 1589 504 410 128 175 
19 9 474 1526 1999 1590 504 410 128 180 
19 9 474 1526 1999 1591 504 412 128 177 
19 9 474 1526 1999 1592 504 412 128 177 
19 9 474 1526 1999 1593 504 412 128 180 
19 9 474 1526 1999 1594 504 415 128 175 
19 9 474 1526 1999 1595 504 415 128 180 
19 9 474 1526 1999 1596 504 415 128 180 
19 9 474 1526 1999 1597 504 418 128 175 
19 9 474 1526 1999 1598 504 418 128 180 
19 9 474 1526 1999 1599 504 418 128 180 
19 9 474 1526 1999 1600 504 420 128 180 
19 9 474 1526 1999 1601 501 420 128 180 
19 9 474 1526 1999 1602 501 419 128 184 
19 9 474 1526 1999 1603 501 423 128 180 
19 9 474 1526 1999 1604 501 422 128 184 
19 9 474 1526 1999 1605 501 426 128 180 
19 9 474 1526 1999 1606 501 425 128 183 
19 9 474 1526 1999 1607 501 428 128 180 
19 9 474 1526 1999 1608 501 427 128 184 
19 9 474 1526 1999 1609 501 427 128 184 
19 9 474 1526 1999 1610 501 430 128 184 
19 9 474 1526 1999 1611 501 430 128 184 
19 9 474 1526 1999 1612 501 433 128 183 
19 9 474 1526 1999 1613 501 433 128 183 
19 9 474 1526 1999 1614 501 435 128 184 
19 9 474 1526 1999 1615 501 435 128 184 
19 9 474 1526 1999 1616 501 434 128 189 
19 9 474 1526 1999 1617 501 438 128 184 
19 9 474 1526 1999 1618 501 437 128 187 
19 9 474 1526 1999 1619 501 441 128 183 
19 9 474 1526 1999 1620 501 440 128 187 
19 9 474 1526 1999 1621 501 443 128 184 
19 9 474 1526 1999 1622 501 442 128 189 
19 9 474 1526 1999 1623 501 442 128 189 
19 9 474 1526 1999 1624 501 445 128 187 
19 9 474 1526 1999 1625 501 445 128 187 
19 9 474 1526 1999 1626 501 448 128 187 
19 9 474 1526 1999 1627 501 448 128 187 
19 9 474 1526 1999 1628 501 450 128 189 
19 9 474 1526 1999 1629 501 450 128 189 
19 9 474 1526 1999 1630 501 453 128 187 
19 9 474 1526 1999 1631 498 453 128 187 
19 9 474 1526 1999 1632 498 453 128 192 
19 9 474 1526 1999 1633 495 453 132 192 
19 9 474 1526 1999 1634 495 452 132 196 
19 9 474 1526 1999 1635 490 456 138 192 
19 9 474 1526 1999 1636 490 455 138 195 
19 9 474 1526 1999 1637 486 455 144 195 
19 9 474 1526 1999 1638 486 454 144 199 
19 9 474 1526 1999 1639 483 454 148 199 
19 9 474 1526 1999 1640 483 456 148 201 
19 9 474 1526 1999 1641 479 456 150 201 
19 9 474 1526 1999 1642 479 460 150 196 
19 9 474 1526 1999 1643 479 460 150 196 
19 9 474 1526 1999 1644 479 463 150 195 
19 9 474 1526 1999 1645 479 463 150 195 
19 9 474 1526 1999 1646 479 466 150 192 
19 9 474 1526 1999 1647 479 465 150 196 
19 9 474 1526 1999 1648 479 469 150 192 
19 9 474 1526 1999 1649 479 469 150 192 
19 9 474 1526 1999 1650 479 472 150 192 
19 9 474 1526 1999 1651 479 472 150 192 
19 9 474 1526 1999 1652 479 471 150 195 
19 9 474 1526 1999 1653 479 473 150 196 
19 9 474 1526 1999 1654 479 472 150 201 
19 9 474 1526 1999 1655 479 475 150 199 
19 9 474 1526 1999 1656 479 475 150 204 
19 9 474 1526 1999 1657 479 474 150 208 
19 9 474 1526 1999 1658 479 477 150 207 
19 9 474 1526 1999 1659 479 476 150 211 
19 9 474 1526 1999 1660 479 478 150 213 
19 9 474 1526 1999 1661 476 478 150 213 
19 9 474 1526 1999 1662 476 482 150 208 
19 9 474 1526 1999 1663 476 482 150 208 
19 9 474 1526 1999 1664 475 486 148 204 
19 9 474 1526 1999 1665 475 486 148 204 
19 9 474 1526 1999 1666 475 488 148 201 
19 9 474 1526 1999 1667 471 488 150 201 
19 9 474 1526 1999 1668 471 492 150 196 
19 9 474 1526 1999 1669 471 492 150 196 
19 9 474 1526 1999 1670 471 495 150 195 
19 9 474 1526 1999 1671 468 495 150 195 
19 9 474 1526 1999 1672 465 494 154 199 
19 9 474 1526 1999 1673 465 494 154 199 
19 9 474 1526 1999 1674 462 496 154 201 
19 9 474 1526 1999 1675 462 496 154 204 
19 9 474 1526 1999 1676 458 496 160 204 
19 9 474 1526 1999 1677 456 499 160 204 
19 9 474 1526 1999 1678 456 499 160 204 
19 9 474 1526 1999 1679 451 498 166 208 
19 9 474 1526 1999 1680 451 501 166 207 
19 9 474 1526 1999 1681 448 501 166 207 
19 9 474 1526 1999 1682 448 503 166 208 
19 9 474 1526 1999 1683 450 502 160 213 
19 9 474 1526 1999 1684 447 506 164 208 
19 9 474 1526 1999 1685 448 505 160 211 
19 9 474 1526 1999 1686 448 508 160 211 
19 9 474 1526 1999 1687 445 508 160 211 
19 9 474 1526 1999 1688 445 510 160 213 
19 9 474 1526 1999 1689 446 510 154 216 
19 9 474 1526 1999 1690 446 513 154 216 
19 9 474 1526 1999 1691 443 513 156 216 
19 9 474 1526 1999 1692 443 516 156 211 
19 9 474 1526 1999 1693 443 516 156 211 
19 9 474 1526 1999 1694 441 519 154 208 
19 9 474 1526 1999 1695 441 519 154 208 
19 9 474 1526 1999 1696 441 523 154 204 
19 9 474 1526 1999 1697 438 523 154 204 
19 9 474 1526 1999 1698 438 526 154 199 
19 9 474 1526 1999 1699 438 526 154 199 
19 9 474 1526 1999 1700 438 528 154 201 
19 9 474 1526 1999 1701 435 528 156 201 
19 9 474 1526 1999 1702 435 531 156 199 
19 9 474 1526 1999 1703 433 534 154 199 
19 9 474 1526 1999 1704 433 534 154 199 
19 9 474 1526 1999 1705 433 536 154 201 
19 9 474 1526 1999 1706 430 539 154 199 
19 9 474 1526 1999 1707 430 539 154 199 
19 9 474 1526 1999 1708 427 542 156 199 
19 9 474 1526 1999 1709 427 544 156 201 
19 9 474 1526 1999 1710 427 547 156 199 
19 9 474 1526 1999 1711 425 547 154 199 
19 9 474 1526 1999 1712 422 550 154 199 
19 9 474 1526 1999 1713 422 550 154 199 
19 9 474 1526 1999 1714 419 552 156 201 
19 9 474 1526 1999 1715 419 555 156 199 
19 9 474 1526 1999 1716 417 555 154 199 
19 9 474 1526 1999 1717 414 558 154 199 
19 9 474 1526 1999 1718 414 558 154 199 
19 9 474 1526 1999 1719 411 560 156 201 
19 9 474 1526 1999 1720 411 563 156 199 
19 9 474 1526 1999 1721 409 563 154 199 
19 9 474 1526 1999 1722 409 563 154 204 
19 9 474 1526 1999 1723 409 566 154 199 
19 9 474 1526 1999 1724 409 566 154 204 
19 9 474 1526 1999 1725 409 568 154 201 
19 9 474 1526 1999 1726 406 568 154 204 
19 9 474 1526 1999 1727 406 568 154 204 
19 9 474 1526 1999 1728 406 571 154 204 
19 9 474 1526 1999 1729 406 571 154 204 
19 9 474 1526 1999 1730 406 574 154 204 
19 9 474 1526 1999 1731 404 574 150 204 
19 9 474 1526 1999 1732 403 574 148 204 
19 9 474 1526 1999 1733 399 574 150 204 
19 9 474 1526 1999 1734 396 573 150 207 
19 9 474 1526 1999 1735 395 573 148 207 
19 9 474 1526 1999 1736 391 573 150 207 
19 9 474 1526 1999 1737 388 572 150 211 
19 9 474 1526 1999 1738 387 572 148 211 
19 9 474 1526 1999 1739 383 572 150 211 
19 9 474 1526 1999 1740 380 574 150 213 
19 9 474 1526 1999 1741 379 574 148 213 
19 9 474 1526 1999 1742 375 574 150 213 
19 9 474 1526 1999 1743 372 574 150 213 
19 9 474 1526 1999 1744 371 577 148 211 
19 9 474 1526 1999 1745 367 577 150 211 
19 9 474 1526 1999 1746 364 577 150 211 
19 9 474 1526 1999 1747 363 580 148 211 
19 9 474 1526 1999 1748 359 580 150 211 
19 9 474 1526 1999 1749 356 580 150 211 
19 9 474 1526 1999 1750 355 582 148 213 
19 9 474 1526 1999 1751 348 582 150 213 
19 9 474 1526 1999 1752 347 582 148 213 
19 9 474 1526 1999 1753 343 582 150 213 
19 9 474 1526 1999 1754 339 585 148 211 
19 9 474 1526 1999 1755 335 585 150 211 
19 9 474 1526 1999 1756 332 585 150 211 
19 9 474 1526 1999 1757 327 588 150 211 
19 9 474 1526 1999 1758 324 588 150 211 
19 9 474 1526 1999 1759 323 588 148 211 
19 9 474 1526 1999 1760 319 590 150 213 
19 9 474 1526 1999 1761 315 590 148 213 
19 9 474 1526 1999 1762 307 590 156 213 
19 9 474 1526 1999 1763 302 590 154 213 
19 9 474 1526 1999 1764 296 590 160 213 
19 9 474 1526 1999 1765 293 590 160 213 
19 9 474 1526 1999 1766 288 590 160 213 
19 9 474 1526 1999 1767 280 590 166 213 
19 9 474 1526 1999 1768 275 590 166 213 
19 9 474 1526 1999 1769 269 590 170 213 
19 9 474 1526 1999 1770 266 593 170 211 
19 9 474 1526 1999 1771 263 593 172 211 
19 9 474 1526 1999 1772 261 593 170 211 
19 9 474 1526 1999 1773 258 593 170 211 
19 9 474 1526 1999 1774 259 593 166 211 
19 9 474 1526 1999 1775 256 593 166 211 
19 9 474 1526 1999 1776 255 593 164 211 
19 9 474 1526 1999 1777 256 593 160 211 
19 9 474 1526 1999 1778 253 593 160 211 
19 9 474 1526 1999 1779 250 593 160 211 
19 9 474 1526 1999 1780 250 596 160 211 
19 9 474 1526 1999 1781 243 596 166 211 
19 9 474 1526 1999 1782 240 596 166 211 
19 9 474 1526 1999 1783 234 596 170 211 
19 9 474 1526 1999 1784 231 596 172 211 
19 9 474 1526 1999 1785 229 596 170 211 
19 9 474 1526 1999 1786 222 596 176 211 
19 9 474 1526 1999 1787 220 596 176 211 
19 9 474 1526 1999 1788 212 596 182 211 
19 9 474 1526 1999 1789 211 596 180 211 
19 9 474 1526 1999 1790 207 598 182 213 
19 9 474 1526 1999 1791 203 596 180 216 
19 9 474 1526 1999 1792 195 596 188 216 
19 9 474 1526 1999 1793 189 596 192 216 
19 9 474 1526 1999 1794 184 595 192 219 
19 9 474 1526 1999 1795 181 595 192 219 
19 9 474 1526 1999 1796 175 595 196 219 
19 9 474 1526 1999 1797 168 594 198 223 
19 9 474 1526 1999 1798 162 594 202 223 
19 9 474 1526 1999 1799 156 594 208 223 
19 9 474 1526 1999 1800 153 594 208 228 
19 9 474 1526 1999 1801 150 590 208 232 
19 9 474 1526 1999 1802 151 590 204 232 
19 9 474 1526 1999 1803 149 590 202 232 
19 9 474 1526 1999 1804 151 586 196 237 
19 9 474 1526 1999 1805 147 586 198 237 
19 9 474 1526 1999 1806 149 586 192 237 
19 9 474 1526 1999 1807 146 584 192 240 
19 9 474 1526 1999 1808 147 584 188 240 
19 9 474 1526 1999 1809 145 584 186 240 
19 9 474 1526 1999 1810 145 583 186 243 
19 9 474 1526 1999 1811 138 580 192 244 
19 9 474 1526 1999 1812 136 580 192 244 
19 9 474 1526 1999 1813 131 580 198 244 
19 9 474 1526 1999 1814 128 580 198 244 
19 9 474 1526 1999 1815 125 580 202 244 
19 9 474 1526 1999 1816 122 576 202 249 
19 9 474 1526 1999 1817 119 576 204 249 
19 9 474 1526 1999 1818 116 576 208 249 
19 9 474 1526 1999 1819 113 576 208 249 
19 9 474 1526 1999 1820 108 576 214 249 
19 9 474 1526 1999 1821 107 574 212 247 
19 9 474 1526 1999 1822 107 574 212 247 
19 9 474 1526 1999 1823 107 571 212 247 
19 9 474 1526 1999 1824 103 571 214 247 
19 9 474 1526 1999 1825 103 568 214 249 
19 9 474 1526 1999 1826 103 568 214 249 
19 9 474 1526 1999 1827 100 566 214 247 
19 9 474 1526 1999 1828 100 566 214 247 
19 9 474 1526 1999 1829 100 563 214 247 
19 9 474 1526 1999 1830 100 563 214 247 
19 9 474 1526 1999 1831 100 560 214 249 
19 9 474 1526 1999 1832 100 561 214 244 
19 9 474 1526 1999 1833 100 559 214 243 
19 9 474 1526 1999 1834 100 559 214 243 
19 9 474 1526 1999 1835 103 560 214 240 
19 9 474 1526 1999 1836 103 557 214 240 
19 9 474 1526 1999 1837 103 557 214 240 
19 9 474 1526 1999 1838 103 557 214 235 
19 9 474 1526 1999 1839 103 554 214 237 
19 9 474 1526 1999 1840 107 554 212 237 
19 9 474 1526 1999 1841 107 555 212 232 
19 9 474 1526 1999 1842 107 553 212 231 
19 9 474 1526 1999 1843 107 554 212 228 
19 9 474 1526 1999 1844 107 554 212 228 
19 9 474 1526 1999 1845 108 551 214 228 
19 9 474 1526 1999 1846 108 551 214 223 
19 9 474 1526 1999 1847 108 551 214 223 
19 9 474 1526 1999 1848 108 548 214 225 
19 9 474 1526 1999 1849 108 549 214 220 
19 9 474 1526 1999 1850 111 549 214 220 
19 9 474 1526 1999 1851 108 547 214 219 
19 9 474 1526 1999 1852 110 547 208 219 
19 9 474 1526 1999 1853 108 544 208 220 
19 9 474 1526 1999 1854 109 544 202 220 
19 9 474 1526 1999 1855 111 544 196 220 
19 9 474 1526 1999 1856 107 541 198 220 
19 9 474 1526 1999 1857 109 541 192 220 
19 9 474 1526 1999 1858 106 539 192 219 
19 9 474 1526 1999 1859 107 539 188 219 
19 9 474 1526 1999 1860 107 539 188 219 
19 9 474 1526 1999 1861 108 536 182 220 
19 9 474 1526 1999 1862 108 536 182 220 
19 9 474 1526 1999 1863 108 536 182 220 
19 9 474 1526 1999 1864 108 536 182 220 
19 9 474 1526 1999 1865 113 536 176 220 
19 9 474 1526 1999 1866 114 533 170 220 
19 9 474 1526 1999 1867 114 533 170 220 
19 9 474 1526 1999 1868 114 533 170 220 
19 9 474 1526 1999 1869 114 533 170 220 
19 9 474 1526 1999 1870 119 533 164 220 
19 9 474 1526 1999 1871 115 531 166 219 
19 9 474 1526 1999 1872 115 531 166 219 
19 9 474 1526 1999 1873 117 527 160 223 
19 9 474 1526 1999 1874 112 527 166 223 
19 9 474 1526 1999 1875 112 527 166 223 
19 9 474 1526 1999 1876 114 524 160 225 
19 9 474 1526 1999 1877 111 524 164 225 
19 9 474 1526 1999 1878 112 522 160 228 
19 9 474 1526 1999 1879 112 522 160 228 
19 9 474 1526 1999 1880 112 522 160 228 
19 9 474 1526 1999 1881 109 519 160 228 
19 9 474 1526 1999 1882 104 519 166 228 
19 9 474 1526 1999 1883 104 519 166 228 
19 9 474 1526 1999 1884 101 519 170 228 
19 9 474 1526 1999 1885 101 519 170 228 
19 9 474 1526 1999 1886 98 519 170 228 
19 9 474 1526 1999 1887 94 519 176 228 
19 9 474 1526 1999 1888 94 519 176 228 
19 9 474 1526 1999 1889 91 519 180 228 
19 9 474 1526 1999 1890 91 519 180 228 
19 9 474 1526 1999 1891 87 516 182 228 
19 9 474 1526 1999 1892 84 516 182 228 
19 9 474 1526 1999 1893 84 516 182 228 
19 9 474 1526 1999 1894 83 514 180 228 
19 9 474 1526 1999 1895 83 514 180 228 
19 9 474 1526 1999 1896 79 514 182 228 
19 9 474 1526 1999 1897 76 511 182 228 
19 9 474 1526 1999 1898 76 511 182 228 
19 9 474 1526 1999 1899 75 511 180 228 
19 9 474 1526 1999 1900 75 511 180 228 
19 9 474 1526 1999 1901 71 508 182 228 
19 9 474 1526 1999 1902 73 508 176 225 
19 9 474 1526 1999 1903 68 508 182 225 
19 9 474 1526 1999 1904 70 509 176 220 
19 9 474 1526 1999 1905 70 509 176 220 
19 9 474 1526 1999 1906 68 510 176 216 
19 9 474 1526 1999 1907 69 510 170 213 
19 9 474 1526 1999 1908 65 510 176 213 
19 9 474 1526 1999 1909 66 511 170 208 
19 9 474 1526 1999 1910 66 511 170 208 
19 9 474 1526 1999 1911 63 508 172 211 
19 9 474 1526 1999 1912 61 508 170 211 
19 9 474 1526 1999 1913 57 508 176 211 
19 9 474 1526 1999 1914 54 508 176 211 
19 9 474 1526 1999 1915 54 508 176 211 
19 9 474 1526 1999 1916 52 508 176 211 
19 9 474 1526 1999 1917 49 508 176 211 
19 9 474 1526 1999 1918 44 508 182 211 
19 9 474 1526 1999 1919 43 508 180 211 
19 9 474 1526 1999 1920 43 508 180 211 
19 9 474 1526 1999 1921 41 508 176 211 
19 9 474 1526 1999 1922 38 508 176 211 
19 9 474 1526 1999 1923 36 508 176 211 
19 9 474 1526 1999 1924 33 508 176 211 
19 9 474 1526 1999 1925 30 510 176 213 
19 9 474 1526 1999 1926 29 510 170 213 
19 9 474 1526 1999 1927 26 510 170 213 
19 9 474 1526 1999 1928 23 510 172 213 
19 9 474 1526 1999 1929 21 510 170 213 
19 9 474 1526 1999 1930 23 513 164 211 
19 9 474 1526 1999 1931 19 513 166 211 
19 9 474 1526 1999 1932 21 513 160 211 
19 9 474 1526 1999 1933 21 513 160 211 
19 9 474 1526 1999 1934 18 516 160 211 
19 9 474 1526 1999 1935 18 516 160 211 
19 9 474 1526 1999 1936 19 516 156 211 
19 9 474 1526 1999 1937 17 518 154 213 
19 9 474 1526 1999 1938 17 518 154 213 
19 9 474 1526 1999 1939 19 518 148 213 
19 9 474 1526 1999 1940 19 521 148 211 
19 9 474 1526 1999 1941 14 521 154 211 
19 9 474 1526 1999 1942 10 521 160 211 
19 9 474 1526 1999 1943 7 524 164 211 
19 9 474 1526 1999 1944 2 524 170 211 
19 9 474 1526 1999 1945 0 526 174 213 
19 9 474 1526 1999 1946 0 526 175 213 
19 9 474 1526 1999 1947 0 526 176 213 
19 9 474 1526 1999 1948 0 529 178 211 
19 9 474 1526 1999 1949 0 529 179 211 
19 9 474 1526 1999 1950 0 532 179 211 
19 9 474 1526 1999 1951 0 532 173 211 
19 9 474 1526 1999 1952 0 532 170 211 
19 9 474 1526 1999 1953 0 532 168 211 
19 9 474 1526 1999 1954 0 532 165 211 
19 9 474 1526 1999 1955 0 534 162 213 
19 9 474 1526 1999 1956 0 534 155 213 
19 9 474 1526 1999 1957 0 534 152 213 
19 9 474 1526 1999 1958 0 534 151 213 
19 9 474 1526 1999 1959 0 534 147 213 
19 9 474 1526 1999 1960 0 537 144 211 
19 9 474 1526 1999 1961 0 537 143 211 
19 9 474 1526 1999 1962 0 537 143 211 
19 9 474 1526 1999 1963 0 537 143 211 
19 9 474 1526 1999 1964 0 537 143 211 
19 9 474 1526 1999 1965 0 540 143 211 
19 9 474 1526 1999 1966 0 540 144 211 
19 9 474 1526 1999 1967 0 540 144 211 
19 9 474 1526 1999 1968 0 540 144 211 
19 9 474 1526 1999 1969 0 540 144 211 
19 9 474 1526 1999 1970 0 542 144 213 
19 9 474 1526 1999 1971 0 542 139 213 
19 9 474 1526 1999 1972 0 542 135 213 
19 9 474 1526 1999 1973 0 542 135 213 
19 9 474 1526 1999 1974 0 542 123 213 
19 9 474 1526 1999 1975 0 542 115 213 
19 9 474 1526 1999 1976 0 542 108 213 
19 9 474 1526 1999 1977 0 545 96 211 
19 9 474 1526 1999 1978 0 545 87 211 
19 9 474 1526 1999 1979 0 545 79 211 
19 9 474 1526 1999 1980 0 548 72 211 
19 9 474 1526 1999 1981 0 548 67 211 
19 9 474 1526 1999 1982 0 548 67 211 
19 9 474 1526 1999 1983 0 548 67 211 
19 9 474 1526 1999 1984 0 548 67 211 
19 9 474 1526 1999 1985 0 548 67 211 
19 9 474 1526 1999 1986 0 548 63 211 
19 9 474 1526 1999 1987 0 548 63 211 
19 9 474 1526 1999 1988 0 548 63 211 
19 9 474 1526 1999 1989 0 548 63 211 
19 9 474 1526 1999 1990 0 550 63 213 
19 9 474 1526 1999 1991 0 550 63 213 
19 9 474 1526 1999 1992 0 550 63 213 
19 9 474 1526 1999 1993 0 550 63 213 
19 9 474 1526 1999 1994 0 550 63 213 
19 9 474 1526 1999 1995 0 550 63 213 
19 9 474 1526 1999 1996 0 550 63 213 
19 9 474 1526 1999 1997 0 550 63 213 
19 9 474 1526 1999 1998 0 550 63 213 
19 9 474 1526 1999 1999 0 550 63 213 
20 9 847 0 846 0 951 47 100 112 
20 9 847 0 846 1 951 47 100 112 
20 9 847 0 846 2 951 47 100 112 
20 9 847 0 846 3 951 47 100 112 
20 9 847 0 846 4 951 47 100 112 
20 9 847 0 846 5 951 47 100 112 
20 9 847 0 846 6 951 47 100 112 
20 9 847 0 846 7 952 47 102 112 
20 9 847 0 846 8 952 47 102 112 
20 9 847 0 846 9 952 47 102 112 
20 9 847 0 846 10 952 47 102 112 
20 9 847 0 846 11 952 50 102 112 
20 9 847 0 846 12 952 50 102 112 
20 9 847 0 846 13 952 50 102 112 
20 9 847 0 846 14 955 50 102 112 
20 9 847 0 846 15 955 50 102 112 
20 9 847 0 846 16 955 50 102 112 
20 9 847 0 846 17 955 50 102 112 
20 9 847 0 846 18 955 50 102 112 
20 9 847 0 846 19 955 50 102 112 
20 9 847 0 846 20 955 50 102 112 
20 9 847 0 846 21 959 53 100 111 
20 9 847 0 846 22 959 53 100 111 
20 9 847 0 846 23 959 53 100 111 
20 9 847 0 846 24 959 53 100 111 
20 9 847 0 846 25 959 53 100 111 
20 9 847 0 846 26 959 53 100 111 
20 9 847 0 846 27 959 53 100 111 
20 9 847 0 846 28 960 53 102 111 
20 9 847 0 846 29 960 53 102 111 
20 9 847 0 846 30 960 53 102 111 
20 9 847 0 846 31 960 53 102 111 
20 9 847 0 846 32 960 55 102 112 
20 9 847 0 846 33 960 55 102 112 
20 9 847 0 846 34 960 55 102 112 
20 9 847 0 846 35 963 55 102 112 
20 9 847 0 846 36 963 55 102 112 
20 9 847 0 846 37 963 55 102 112 
20 9 847 0 846 38 963 55 102 112 
20 9 847 0 846 39 963 55 102 112 
20 9 847 0 846 40 963 55 102 112 
20 9 847 0 846 41 963 55 102 112 
20 9 847 0 846 42 967 58 100 112 
20 9 847 0 846 43 967 58 100 112 
20 9 847 0 846 44 967 58 100 112 
20 9 847 0 846 45 967 58 100 112 
20 9 847 0 846 46 967 58 100 112 
20 9 847 0 846 47 967 58 100 112 
20 9 847 0 846 48 967 58 100 112 
20 9 847 0 846 49 968 58 102 112 
20 9 847 0 846 50 968 58 102 112 
20 9 847 0 846 51 968 58 102 112 
20 9 847 0 846 52 968 58 102 112 
20 9 847 0 846 53 968 61 102 111 
20 9 847 0 846 54 968 61 102 111 
20 9 847 0 846 55 968 61 102 111 
20 9 847 0 846 56 971 61 102 111 
20 9 847 0 846 57 971 61 102 111 
20 9 847 0 846 58 971 61 102 111 
20 9 847 0 846 59 971 61 102 111 
20 9 847 0 846 60 971 61 102 111 
20 9 847 0 846 61 971 61 102 111 
20 9 847 0 846 62 971 61 102 111 
20 9 847 0 846 63 975 63 100 112 
20 9 847 0 846 64 975 63 100 112 
20 9 847 0 846 65 975 63 100 112 
20 9 847 0 846 66 975 63 100 112 
20 9 847 0 846 67 975 63 100 112 
20 9 847 0 846 68 976 63 102 112 
20 9 847 0 846 69 976 63 102 112 
20 9 847 0 846 70 976 63 102 112 
20 9 847 0 846 71 976 63 102 112 
20 9 847 0 846 72 976 63 102 112 
20 9 847 0 846 73 979 63 102 112 
20 9 847 0 846 74 979 66 102 112 
20 9 847 0 846 75 979 66 102 112 
20 9 847 0 846 76 979 66 102 112 
20 9 847 0 846 77 979 66 102 112 
20 9 847 0 846 78 983 66 100 112 
20 9 847 0 846 79 983 66 100 112 
20 9 847 0 846 80 983 66 100 112 
20 9 847 0 846 81 983 66 100 112 
20 9 847 0 846 82 983 66 100 112 
20 9 847 0 846 83 984 66 102 112 
20 9 847 0 846 84 984 69 102 111 
20 9 847 0 846 85 984 69 102 111 
20 9 847 0 846 86 984 69 102 111 
20 9 847 0 846 87 987 69 102 111 
20 9 847 0 846 88 987 69 102 111 
20 9 847 0 846 89 987 69 102 111 
20 9 847 0 846 90 987 69 102 111 
20 9 847 0 846 91 987 69 102 111 
20 9 847 0 846 92 991 69 100 111 
20 9 847 0 846 93 991 69 100 111 
20 9 847 0 846 94 991 71 100 112 
20 9 847 0 846 95 991 71 100 112 
20 9 847 0 846 96 991 71 100 112 
20 9 847 0 846 97 992 71 102 112 
20 9 847 0 846 98 992 71 102 112 
20 9 847 0 846 99 992 71 102 112 
20 9 847 0 846 100 992 71 102 112 
20 9 847 0 846 101 992 71 102 112 
20 9 847 0 846 102 995 71 102 112 
20 9 847 0 846 103 995 71 102 112 
20 9 847 0 846 104 995 71 102 112 
20 9 847 0 846 105 995 74 102 112 
20 9 847 0 846 106 995 74 102 112 
20 9 847 0 846 107 999 74 100 112 
20 9 847 0 846 108 999 74 100 112 
20 9 847 0 846 109 999 74 100 112 
20 9 847 0 846 110 999 74 100 112 
20 9 847 0 846 111 1000 74 102 112 
20 9 847 0 846 112 1000 74 102 112 
20 9 847 0 846 113 1000 74 102 112 
20 9 847 0 846 114 1000 74 102 112 
20 9 847 0 846 115 1000 77 102 111 
20 9 847 0 846 116 1003 77 102 111 
20 9 847 0 846 117 1003 77 102 111 
20 9 847 0 846 118 1003 77 102 111 
20 9 847 0 846 119 1003 77 102 111 
20 9 847 0 846 120 1003 77 102 111 
20 9 847 0 846 121 1007 77 100 111 
20 9 847 0 846 122 1007 77 100 111 
20 9 847 0 846 123 1007 77 100 111 
20 9 847 0 846 124 1007 77 100 111 
20 9 847 0 846 125 1007 79 100 112 
20 9 847 0 846 126 1008 79 102 112 
20 9 847 0 846 127 1008 79 102 112 
20 9 847 0 846 128 1008 79 102 112 
20 9 847 0 846 129 1008 79 102 112 
20 9 847 0 846 130 1008 79 102 112 
20 9 847 0 846 131 1011 79 102 112 
20 9 847 0 846 132 1011 79 102 112 
20 9 847 0 846 133 1011 79 102 112 
20 9 847 0 846 134 1011 79 102 112 
20 9 847 0 846 135 1015 82 100 112 
20 9 847 0 846 136 1015 82 100 112 
20 9 847 0 846 137 1015 82 100 112 
20 9 847 0 846 138 1016 82 102 112 
20 9 847 0 846 139 1016 82 102 112 
20 9 847 0 846 140 1016 82 102 112 
20 9 847 0 846 141 1019 82 102 112 
20 9 847 0 846 142 1019 82 102 112 
20 9 847 0 846 143 1019 85 102 111 
20 9 847 0 846 144 1023 85 100 111 
20 9 847 0 846 145 1023 85 100 111 
20 9 847 0 846 146 1023 85 100 111 
20 9 847 0 846 147 1024 85 102 111 
20 9 847 0 846 148 1024 85 102 111 
20 9 847 0 846 149 1024 85 102 111 
20 9 847 0 846 150 1027 85 102 111 
20 9 847 0 846 151 1027 87 102 112 
20 9 847 0 846 152 1027 87 102 112 
20 9 847 0 846 153 1031 87 100 112 
20 9 847 0 846 154 1031 87 100 112 
20 9 847 0 846 155 1031 87 100 112 
20 9 847 0 846 156 1032 87 102 112 
20 9 847 0 846 157 1032 87 102 112 
20 9 847 0 846 158 1032 87 102 112 
20 9 847 0 846 159 1035 90 102 112 
20 9 847 0 846 160 1035 90 102 112 
20 9 847 0 846 161 1035 90 102 112 
20 9 847 0 846 162 1039 90 100 112 
20 9 847 0 846 163 1039 90 100 112 
20 9 847 0 846 164 1039 90 100 112 
20 9 847 0 846 165 1040 90 102 112 
20 9 847 0 846 166 1040 90 102 112 
20 9 847 0 846 167 1040 93 102 111 
20 9 847 0 846 168 1043 93 102 111 
20 9 847 0 846 169 1043 93 102 111 
20 9 847 0 846 170 1043 93 102 111 
20 9 847 0 846 171 1047 93 100 111 
20 9 847 0 846 172 1047 93 100 111 
20 9 847 0 846 173 1047 93 100 111 
20 9 847 0 846 174 1048 95 102 112 
20 9 847 0 846 175 1048 95 102 112 
20 9 847 0 846 176 1048 95 102 112 
20 9 847 0 846 177 1051 95 102 112 
20 9 847 0 846 178 1051 95 102 112 
20 9 847 0 846 179 1051 95 102 112 
20 9 847 0 846 180 1055 95 100 112 
20 9 847 0 846 181 1055 95 100 112 
20 9 847 0 846 182 1058 95 96 112 
20 9 847 0 846 183 1056 95 102 112 
20 9 847 0 846 184 1056 95 102 112 
20 9 847 0 846 185 1061 95 96 112 
20 9 847 0 846 186 1059 95 102 112 
20 9 847 0 846 187 1059 95 102 112 
20 9 847 0 846 188 1064 95 96 112 
20 9 847 0 846 189 1063 98 100 112 
20 9 847 0 846 190 1066 98 96 112 
20 9 847 0 846 191 1066 98 96 112 
20 9 847 0 846 192 1064 98 102 112 
20 9 847 0 846 193 1069 98 96 112 
20 9 847 0 846 194 1069 98 96 112 
20 9 847 0 846 195 1072 98 96 112 
20 9 847 0 846 196 1072 98 96 112 
20 9 847 0 846 197 1072 98 96 112 
20 9 847 0 846 198 1074 98 96 112 
20 9 847 0 846 199 1074 98 96 112 
20 9 847 0 846 200 1074 98 96 112 
20 9 847 0 846 201 1077 98 96 112 
20 9 847 0 846 202 1077 98 96 112 
20 9 847 0 846 203 1081 98 90 112 
20 9 847 0 846 204 1080 101 96 111 
20 9 847 0 846 205 1080 101 96 111 
20 9 847 0 846 206 1083 101 92 111 
20 9 847 0 846 207 1082 101 96 111 
20 9 847 0 846 208 1086 101 90 111 
20 9 847 0 846 209 1086 101 90 111 
20 9 847 0 846 210 1085 101 96 111 
20 9 847 0 846 211 1089 101 90 111 
20 9 847 0 846 212 1089 101 90 111 
20 9 847 0 846 213 1088 101 96 111 
20 9 847 0 846 214 1091 101 92 111 
20 9 847 0 846 215 1091 101 92 111 
20 9 847 0 846 216 1094 101 90 111 
20 9 847 0 846 217 1094 101 90 111 
20 9 847 0 846 218 1094 101 90 111 
20 9 847 0 846 219 1097 103 90 112 
20 9 847 0 846 220 1097 103 90 112 
20 9 847 0 846 221 1100 103 86 112 
20 9 847 0 846 222 1099 103 92 112 
20 9 847 0 846 223 1099 103 92 112 
20 9 847 0 846 224 1103 103 86 112 
20 9 847 0 846 225 1102 103 90 112 
20 9 847 0 846 226 1102 103 90 112 
20 9 847 0 846 227 1107 103 84 112 
20 9 847 0 846 228 1105 103 90 112 
20 9 847 0 846 229 1108 103 86 112 
20 9 847 0 846 230 1108 103 86 112 
20 9 847 0 846 231 1107 103 92 112 
20 9 847 0 846 232 1111 103 86 112 
20 9 847 0 846 233 1111 103 86 112 
20 9 847 0 846 234 1115 106 84 112 
20 9 847 0 846 235 1115 106 84 112 
20 9 847 0 846 236 1115 106 84 112 
20 9 847 0 846 237 1116 106 86 112 
20 9 847 0 846 238 1116 106 86 112 
20 9 847 0 846 239 1116 106 86 112 
20 9 847 0 846 240 1119 106 86 112 
20 9 847 0 846 241 1119 106 86 112 
20 9 847 0 846 242 1119 106 86 112 
20 9 847 0 846 243 1123 106 84 112 
20 9 847 0 846 244 1123 106 84 112 
20 9 847 0 846 245 1124 106 86 112 
20 9 847 0 846 246 1124 106 86 112 
20 9 847 0 846 247 1124 106 86 112 
20 9 847 0 846 248 1127 106 86 112 
20 9 847 0 846 249 1127 106 86 112 
20 9 847 0 846 250 1127 106 86 112 
20 9 847 0 846 251 1131 106 84 112 
20 9 847 0 846 252 1131 106 84 112 
20 9 847 0 846 253 1131 106 84 112 
20 9 847 0 846 254 1132 106 86 112 
20 9 847 0 846 255 1132 106 86 112 
20 9 847 0 846 256 1135 106 86 112 
20 9 847 0 846 257 1135 106 86 112 
20 9 847 0 846 258 1135 106 86 112 
20 9 847 0 846 259 1139 109 84 111 
20 9 847 0 846 260 1139 109 84 111 
20 9 847 0 846 261 1139 109 84 111 
20 9 847 0 846 262 1140 109 86 111 
20 9 847 0 846 263 1140 109 86 111 
20 9 847 0 846 264 1143 109 86 111 
20 9 847 0 846 265 1143 109 86 111 
20 9 847 0 846 266 1143 109 86 111 
20 9 847 0 846 267 1147 109 84 111 
20 9 847 0 846 268 1147 109 84 111 
20 9 847 0 846 269 1147 109 84 111 
20 9 847 0 846 270 1148 109 86 111 
20 9 847 0 846 271 1148 109 86 111 
20 9 847 0 846 272 1148 109 86 111 
20 9 847 0 846 273 1151 109 86 111 
20 9 847 0 846 274 1151 109 86 111 
20 9 847 0 846 275 1155 109 84 111 
20 9 847 0 846 276 1155 109 84 111 
20 9 847 0 846 277 1155 109 84 111 
20 9 847 0 846 278 1156 109 86 111 
20 9 847 0 846 279 1156 109 86 111 
20 9 847 0 846 280 1156 109 86 111 
20 9 847 0 846 281 1159 109 86 111 
20 9 847 0 846 282 1159 109 86 111 
20 9 847 0 846 283 1163 111 84 112 
20 9 847 0 846 284 1163 111 84 112 
20 9 847 0 846 285 1163 111 84 112 
20 9 847 0 846 286 1164 111 86 112 
20 9 847 0 846 287 1164 111 86 112 
20 9 847 0 846 288 1167 111 86 112 
20 9 847 0 846 289 1167 111 86 112 
20 9 847 0 846 290 1171 111 84 112 
20 9 847 0 846 291 1171 111 84 112 
20 9 847 0 846 292 1172 114 86 112 
20 9 847 0 846 293 1172 114 86 112 
20 9 847 0 846 294 1175 114 86 112 
20 9 847 0 846 295 1175 114 86 112 
20 9 847 0 846 296 1179 114 84 112 
20 9 847 0 846 297 1179 114 84 112 
20 9 847 0 846 298 1180 114 86 112 
20 9 847 0 846 299 1180 114 86 112 
20 9 847 0 846 300 1183 117 86 111 
20 9 847 0 846 301 1188 118 80 108 
20 9 847 0 846 302 1190 118 80 108 
20 9 847 0 846 303 1193 118 80 108 
20 9 847 0 846 304 1197 121 74 100 
20 9 847 0 846 305 1199 121 76 100 
20 9 847 0 846 306 1202 121 74 100 
20 9 847 0 846 307 1208 125 70 96 
20 9 847 0 846 308 1208 125 70 96 
20 9 847 0 846 309 1208 125 70 96 
20 9 847 0 846 310 1211 125 70 96 
20 9 847 0 846 311 1211 125 70 96 
20 9 847 0 846 312 1211 124 70 100 
20 9 847 0 846 313 1215 124 68 100 
20 9 847 0 846 314 1215 124 68 100 
20 9 847 0 846 315 1215 124 68 100 
20 9 847 0 846 316 1216 127 70 99 
20 9 847 0 846 317 1216 127 70 99 
20 9 847 0 846 318 1216 127 70 99 
20 9 847 0 846 319 1219 127 70 99 
20 9 847 0 846 320 1219 127 70 99 
20 9 847 0 846 321 1219 126 70 103 
20 9 847 0 846 322 1223 126 68 103 
20 9 847 0 846 323 1223 126 68 103 
20 9 847 0 846 324 1223 126 68 103 
20 9 847 0 846 325 1224 128 70 105 
20 9 847 0 846 326 1224 128 70 105 
20 9 847 0 846 327 1227 128 70 105 
20 9 847 0 846 328 1227 128 70 105 
20 9 847 0 846 329 1231 128 68 105 
20 9 847 0 846 330 1231 128 68 105 
20 9 847 0 846 331 1232 128 70 105 
20 9 847 0 846 332 1232 128 70 105 
20 9 847 0 846 333 1235 131 70 103 
20 9 847 0 846 334 1234 131 74 103 
20 9 847 0 846 335 1239 131 68 103 
20 9 847 0 846 336 1237 131 74 103 
20 9 847 0 846 337 1240 131 70 103 
20 9 847 0 846 338 1239 131 76 103 
20 9 847 0 846 339 1243 131 70 103 
20 9 847 0 846 340 1242 131 74 103 
20 9 847 0 846 341 1245 134 74 103 
20 9 847 0 846 342 1245 134 74 103 
20 9 847 0 846 343 1247 134 76 103 
20 9 847 0 846 344 1247 134 76 103 
20 9 847 0 846 345 1250 134 74 103 
20 9 847 0 846 346 1253 134 74 103 
20 9 847 0 846 347 1253 134 74 103 
20 9 847 0 846 348 1255 134 76 103 
20 9 847 0 846 349 1255 134 76 108 
20 9 847 0 846 350 1258 134 74 108 
20 9 847 0 846 351 1261 134 74 108 
20 9 847 0 846 352 1261 134 74 108 
20 9 847 0 846 353 1263 134 76 108 
20 9 847 0 846 354 1263 134 76 108 
20 9 847 0 846 355 1266 134 74 108 
20 9 847 0 846 356 1269 136 74 108 
20 9 847 0 846 357 1269 136 74 108 
20 9 847 0 846 358 1269 136 74 108 
20 9 847 0 846 359 1271 136 76 108 
20 9 847 0 846 360 1271 136 76 108 
20 9 847 0 846 361 1274 136 74 108 
20 9 847 0 846 362 1274 139 74 108 
20 9 847 0 846 363 1274 139 74 108 
20 9 847 0 846 364 1277 139 74 108 
20 9 847 0 846 365 1277 139 74 108 
20 9 847 0 846 366 1279 139 76 108 
20 9 847 0 846 367 1279 139 76 108 
20 9 847 0 846 368 1279 142 76 108 
20 9 847 0 846 369 1282 142 74 108 
20 9 847 0 846 370 1282 142 74 108 
20 9 847 0 846 371 1285 142 74 108 
20 9 847 0 846 372 1285 142 74 108 
20 9 847 0 846 373 1287 144 76 108 
20 9 847 0 846 374 1287 144 76 108 
20 9 847 0 846 375 1286 144 80 108 
20 9 847 0 846 376 1289 144 80 108 
20 9 847 0 846 377 1287 144 86 108 
20 9 847 0 846 378 1292 144 80 108 
20 9 847 0 846 379 1291 144 84 108 
20 9 847 0 846 380 1292 144 86 108 
20 9 847 0 846 381 1291 144 92 108 
20 9 847 0 846 382 1295 144 86 108 
20 9 847 0 846 383 1294 144 90 108 
20 9 847 0 846 384 1297 144 90 108 
20 9 847 0 846 385 1296 144 96 108 
20 9 847 0 846 386 1299 144 92 108 
20 9 847 0 846 387 1298 144 96 108 
20 9 847 0 846 388 1301 144 96 108 
20 9 847 0 846 389 1299 144 102 108 
20 9 847 0 846 390 1303 147 100 108 
20 9 847 0 846 391 1303 147 100 108 
20 9 847 0 846 392 1306 147 96 108 
20 9 847 0 846 393 1304 147 102 108 
20 9 847 0 846 394 1309 147 96 108 
20 9 847 0 846 395 1307 147 102 108 
20 9 847 0 846 396 1312 147 96 108 
20 9 847 0 846 397 1311 147 100 108 
20 9 847 0 846 398 1314 150 96 108 
20 9 847 0 846 399 1318 150 90 108 
20 9 847 0 846 400 1317 150 96 108 
20 9 847 0 846 401 1321 150 90 108 
20 9 847 0 846 402 1320 150 96 108 
20 9 847 0 846 403 1323 150 92 108 
20 9 847 0 846 404 1322 150 96 108 
20 9 847 0 846 405 1326 150 90 108 
20 9 847 0 846 406 1329 152 90 108 
20 9 847 0 846 407 1329 152 90 108 
20 9 847 0 846 408 1329 152 90 108 
20 9 847 0 846 409 1331 152 92 108 
20 9 847 0 846 410 1331 152 92 108 
20 9 847 0 846 411 1334 155 90 108 
20 9 847 0 846 412 1334 155 90 108 
20 9 847 0 846 413 1337 155 90 108 
20 9 847 0 846 414 1337 155 90 108 
20 9 847 0 846 415 1337 155 90 108 
20 9 847 0 846 416 1339 158 92 108 
20 9 847 0 846 417 1339 158 92 108 
20 9 847 0 846 418 1342 158 90 108 
20 9 847 0 846 419 1342 158 90 108 
20 9 847 0 846 420 1345 160 90 108 
20 9 847 0 846 421 1345 160 90 108 
20 9 847 0 846 422 1347 160 92 108 
20 9 847 0 846 423 1347 160 92 108 
20 9 847 0 846 424 1350 160 90 108 
20 9 847 0 846 425 1350 160 90 108 
20 9 847 0 846 426 1353 163 90 108 
20 9 847 0 846 427 1353 163 90 108 
20 9 847 0 846 428 1355 163 92 108 
20 9 847 0 846 429 1358 163 90 108 
20 9 847 0 846 430 1358 163 90 108 
20 9 847 0 846 431 1361 166 90 108 
20 9 847 0 846 432 1361 166 90 108 
20 9 847 0 846 433 1363 166 92 108 
20 9 847 0 846 434 1363 166 92 108 
20 9 847 0 846 435 1366 166 90 108 
20 9 847 0 846 436 1369 168 90 108 
20 9 847 0 846 437 1369 168 90 108 
20 9 847 0 846 438 1371 168 92 108 
20 9 847 0 846 439 1371 168 92 108 
20 9 847 0 846 440 1374 168 90 108 
20 9 847 0 846 441 1374 168 90 108 
20 9 847 0 846 442 1377 168 90 108 
20 9 847 0 846 443 1377 168 90 108 
20 9 847 0 846 444 1379 171 92 108 
20 9 847 0 846 445 1379 171 92 108 
20 9 847 0 846 446 1382 171 90 108 
20 9 847 0 846 447 1382 171 90 108 
20 9 847 0 846 448 1385 171 90 108 
20 9 847 0 846 449 1385 171 90 108 
20 9 847 0 846 450 1387 171 92 108 
20 9 847 0 846 451 1387 171 92 108 
20 9 847 0 846 452 1390 174 90 108 
20 9 847 0 846 453 1390 174 90 108 
20 9 847 0 846 454 1393 174 90 108 
20 9 847 0 846 455 1393 174 90 108 
20 9 847 0 846 456 1395 173 92 111 
20 9 847 0 846 457 1398 173 90 111 
20 9 847 0 846 458 1398 173 90 111 
20 9 847 0 846 459 1401 173 90 111 
20 9 847 0 846 460 1403 172 92 115 
20 9 847 0 846 461 1403 172 92 115 
20 9 847 0 846 462 1406 172 90 115 
20 9 847 0 846 463 1406 172 90 115 
20 9 847 0 846 464 1409 172 90 120 
20 9 847 0 846 465 1411 172 92 120 
20 9 847 0 846 466 1411 172 92 120 
20 9 847 0 846 467 1414 172 90 120 
20 9 847 0 846 468 1417 174 90 120 
20 9 847 0 846 469 1417 174 90 120 
20 9 847 0 846 470 1419 174 92 120 
20 9 847 0 846 471 1419 174 92 120 
20 9 847 0 846 472 1422 174 90 120 
20 9 847 0 846 473 1425 174 90 120 
20 9 847 0 846 474 1425 177 90 120 
20 9 847 0 846 475 1427 177 92 120 
20 9 847 0 846 476 1430 177 90 120 
20 9 847 0 846 477 1430 177 90 120 
20 9 847 0 846 478 1433 177 90 120 
20 9 847 0 846 479 1433 180 90 120 
20 9 847 0 846 480 1435 180 92 120 
20 9 847 0 846 481 1438 180 90 120 
20 9 847 0 846 482 1438 180 90 120 
20 9 847 0 846 483 1441 180 90 120 
20 9 847 0 846 484 1443 182 92 120 
20 9 847 0 846 485 1443 182 92 120 
20 9 847 0 846 486 1446 182 90 120 
20 9 847 0 846 487 1446 182 90 120 
20 9 847 0 846 488 1449 182 90 120 
20 9 847 0 846 489 1449 182 90 120 
20 9 847 0 846 490 1451 182 92 120 
20 9 847 0 846 491 1451 182 92 120 
20 9 847 0 846 492 1454 185 90 120 
20 9 847 0 846 493 1457 185 90 120 
20 9 847 0 846 494 1457 185 90 120 
20 9 847 0 846 495 1459 185 92 120 
20 9 847 0 846 496 1459 185 92 120 
20 9 847 0 846 497 1462 185 90 120 
20 9 847 0 846 498 1462 185 90 120 
20 9 847 0 846 499 1465 185 90 120 
20 9 847 0 846 500 1467 188 92 120 
20 9 847 0 846 501 1467 188 92 120 
20 9 847 0 846 502 1470 188 90 120 
20 9 847 0 846 503 1470 188 90 120 
20 9 847 0 846 504 1473 188 90 120 
20 9 847 0 846 505 1473 188 90 120 
20 9 847 0 846 506 1475 188 92 120 
20 9 847 0 846 507 1478 190 90 120 
20 9 847 0 846 508 1478 190 90 120 
20 9 847 0 846 509 1481 190 90 120 
20 9 847 0 846 510 1483 190 92 120 
20 9 847 0 846 511 1483 190 92 120 
20 9 847 0 846 512 1486 190 90 120 
20 9 847 0 846 513 1489 193 90 120 
20 9 847 0 846 514 1489 193 90 120 
20 9 847 0 846 515 1491 193 92 120 
20 9 847 0 846 516 1494 193 90 120 
20 9 847 0 846 517 1494 193 90 120 
20 9 847 0 846 518 1497 196 90 120 
20 9 847 0 846 519 1499 196 92 120 
20 9 847 0 846 520 1499 196 92 120 
20 9 847 0 846 521 1502 196 90 120 
20 9 847 0 846 522 1505 196 90 120 
20 9 847 0 846 523 1507 198 92 120 
20 9 847 0 846 524 1507 198 92 120 
20 9 847 0 846 525 1510 198 90 120 
20 9 847 0 846 526 1510 198 90 120 
20 9 847 0 846 527 1513 198 90 120 
20 9 847 0 846 528 1515 201 92 120 
20 9 847 0 846 529 1515 201 92 120 
20 9 847 0 846 530 1518 201 90 120 
20 9 847 0 846 531 1521 201 90 120 
20 9 847 0 846 532 1521 204 90 120 
20 9 847 0 846 533 1523 204 92 120 
20 9 847 0 846 534 1526 204 90 120 
20 9 847 0 846 535 1526 204 90 120 
20 9 847 0 846 536 1529 206 90 120 
20 9 847 0 846 537 1531 206 92 120 
20 9 847 0 846 538 1531 206 92 120 
20 9 847 0 846 539 1534 206 90 120 
20 9 847 0 846 540 1537 209 90 120 
20 9 847 0 846 541 1537 209 90 120 
20 9 847 0 846 542 1537 209 90 120 
20 9 847 0 846 543 1539 209 92 120 
20 9 847 0 846 544 1539 209 92 120 
20 9 847 0 846 545 1542 209 90 120 
20 9 847 0 846 546 1542 209 90 120 
20 9 847 0 846 547 1542 209 90 120 
20 9 847 0 846 548 1545 212 90 115 
20 9 847 0 846 549 1545 212 90 115 
20 9 847 0 846 550 1547 212 92 115 
20 9 847 0 846 551 1547 212 92 115 
20 9 847 0 846 552 1547 212 92 115 
20 9 847 0 846 553 1550 212 90 115 
20 9 847 0 846 554 1550 212 90 115 
20 9 847 0 846 555 1553 215 90 112 
20 9 847 0 846 556 1553 215 90 112 
20 9 847 0 846 557 1553 215 90 112 
20 9 847 0 846 558 1553 215 90 112 
20 9 847 0 846 559 1553 215 90 112 
20 9 847 0 846 560 1553 215 90 112 
20 9 847 0 846 561 1555 215 92 112 
20 9 847 0 846 562 1555 215 92 112 
20 9 847 0 846 563 1555 215 92 112 
20 9 847 0 846 564 1555 215 92 112 
20 9 847 0 846 565 1555 215 92 112 
20 9 847 0 846 566 1558 218 90 112 
20 9 847 0 846 567 1558 218 90 112 
20 9 847 0 846 568 1558 218 90 112 
20 9 847 0 846 569 1558 218 90 112 
20 9 847 0 846 570 1558 218 90 112 
20 9 847 0 846 571 1561 218 90 112 
20 9 847 0 846 572 1561 218 90 112 
20 9 847 0 846 573 1561 218 90 112 
20 9 847 0 846 574 1561 218 90 112 
20 9 847 0 846 575 1561 218 90 112 
20 9 847 0 846 576 1563 221 92 111 
20 9 847 0 846 577 1563 221 92 111 
20 9 847 0 846 578 1563 221 92 111 
20 9 847 0 846 579 1563 221 92 111 
20 9 847 0 846 580 1563 221 92 111 
20 9 847 0 846 581 1563 221 92 111 
20 9 847 0 846 582 1563 221 92 111 
20 9 847 0 846 583 1563 221 92 111 
20 9 847 0 846 584 1563 221 92 111 
20 9 847 0 846 585 1563 221 92 111 
20 9 847 0 846 586 1563 223 92 112 
20 9 847 0 846 587 1563 223 92 112 
20 9 847 0 846 588 1563 223 92 112 
20 9 847 0 846 589 1563 223 92 112 
20 9 847 0 846 590 1563 223 92 112 
20 9 847 0 846 591 1563 223 92 112 
20 9 847 0 846 592 1563 223 92 112 
20 9 847 0 846 593 1563 223 92 112 
20 9 847 0 846 594 1563 223 92 112 
20 9 847 0 846 595 1563 223 92 112 
20 9 847 0 846 596 1563 226 92 112 
20 9 847 0 846 597 1563 226 92 112 
20 9 847 0 846 598 1563 226 92 112 
20 9 847 0 846 599 1563 226 92 112 
20 9 847 0 846 600 1563 226 92 112 
20 9 847 0 846 601 1563 227 92 108 
20 9 847 0 846 602 1563 227 92 108 
20 9 847 0 846 603 1563 227 92 108 
20 9 847 0 846 604 1563 227 92 108 
20 9 847 0 846 605 1563 227 92 108 
20 9 847 0 846 606 1563 227 92 108 
20 9 847 0 846 607 1563 227 92 108 
20 9 847 0 846 608 1563 227 92 108 
20 9 847 0 846 609 1563 227 92 108 
20 9 847 0 846 610 1563 227 92 108 
20 9 847 0 846 611 1563 227 92 108 
20 9 847 0 846 612 1563 227 92 108 
20 9 847 0 846 613 1563 227 92 108 
20 9 847 0 846 614 1563 227 92 108 
20 9 847 0 846 615 1563 227 92 108 
20 9 847 0 846 616 1563 227 92 108 
20 9 847 0 846 617 1563 227 92 108 
20 9 847 0 846 618 1563 227 92 108 
20 9 847 0 846 619 1563 227 92 108 
20 9 847 0 846 620 1563 227 92 108 
20 9 847 0 846 621 1563 227 92 108 
20 9 847 0 846 622 1563 227 92 103 
20 9 847 0 846 623 1563 227 92 103 
20 9 847 0 846 624 1563 227 92 103 
20 9 847 0 846 625 1563 227 92 103 
20 9 847 0 846 626 1563 227 92 103 
20 9 847 0 846 627 1563 227 92 103 
20 9 847 0 846 628 1563 227 92 103 
20 9 847 0 846 629 1563 227 92 103 
20 9 847 0 846 630 1563 227 92 103 
20 9 847 0 846 631 1563 227 92 103 
20 9 847 0 846 632 1563 227 92 103 
20 9 847 0 846 633 1563 227 92 103 
20 9 847 0 846 634 1563 227 92 103 
20 9 847 0 846 635 1563 227 92 103 
20 9 847 0 846 636 1563 227 92 103 
20 9 847 0 846 637 1563 227 92 103 
20 9 847 0 846 638 1563 227 92 103 
20 9 847 0 846 639 1563 227 92 103 
20 9 847 0 846 640 1563 227 92 103 
20 9 847 0 846 641 1563 227 92 103 
20 9 847 0 846 642 1567 227 86 103 
20 9 847 0 846 643 1567 228 86 100 
20 9 847 0 846 644 1567 228 86 100 
20 9 847 0 846 645 1567 228 86 100 
20 9 847 0 846 646 1567 228 86 100 
20 9 847 0 846 647 1567 228 86 100 
20 9 847 0 846 648 1567 228 86 100 
20 9 847 0 846 649 1567 228 86 100 
20 9 847 0 846 650 1567 228 86 100 
20 9 847 0 846 651 1567 228 86 100 
20 9 847 0 846 652 1567 228 86 100 
20 9 847 0 846 653 1567 228 86 100 
20 9 847 0 846 654 1567 228 86 100 
20 9 847 0 846 655 1567 228 86 100 
20 9 847 0 846 656 1567 228 86 100 
20 9 847 0 846 657 1567 228 86 100 
20 9 847 0 846 658 1567 228 86 100 
20 9 847 0 846 659 1567 228 86 100 
20 9 847 0 846 660 1567 228 86 100 
20 9 847 0 846 661 1567 228 86 100 
20 9 847 0 846 662 1567 228 86 100 
20 9 847 0 846 663 1567 228 86 100 
20 9 847 0 846 664 1567 229 86 96 
20 9 847 0 846 665 1567 229 86 96 
20 9 847 0 846 666 1567 229 86 96 
20 9 847 0 846 667 1567 229 86 96 
20 9 847 0 846 668 1567 229 86 96 
20 9 847 0 846 669 1567 229 86 96 
20 9 847 0 846 670 1567 229 86 96 
20 9 847 0 846 671 1567 229 86 96 
20 9 847 0 846 672 1567 229 86 96 
20 9 847 0 846 673 1567 229 86 96 
20 9 847 0 846 674 1567 229 86 96 
20 9 847 0 846 675 1567 229 86 96 
20 9 847 0 846 676 1567 229 86 96 
20 9 847 0 846 677 1567 229 86 96 
20 9 847 0 846 678 1567 229 86 96 
20 9 847 0 846 679 1567 229 86 96 
20 9 847 0 846 680 1567 229 86 96 
20 9 847 0 846 681 1567 229 86 96 
20 9 847 0 846 682 1567 229 86 96 
20 9 847 0 846 683 1567 229 86 96 
20 9 847 0 846 684 1572 229 80 96 
20 9 847 0 846 685 1572 229 80 96 
20 9 847 0 846 686 1572 229 80 96 
20 9 847 0 846 687 1574 229 80 96 
20 9 847 0 846 688 1574 229 80 96 
20 9 847 0 846 689 1577 229 80 96 
20 9 847 0 846 690 1577 229 80 96 
20 9 847 0 846 691 1575 229 86 96 
20 9 847 0 846 692 1580 229 80 96 
20 9 847 0 846 693 1579 229 84 96 
20 9 847 0 846 694 1582 229 80 96 
20 9 847 0 846 695 1580 232 86 96 
20 9 847 0 846 696 1580 232 86 96 
20 9 847 0 846 697 1585 232 80 96 
20 9 847 0 846 698 1583 232 86 96 
20 9 847 0 846 699 1588 232 80 96 
20 9 847 0 846 700 1587 232 84 96 
20 9 847 0 846 701 1587 232 84 96 
20 9 847 0 846 702 1588 232 86 96 
20 9 847 0 846 703 1588 232 86 96 
20 9 847 0 846 704 1591 232 86 96 
20 9 847 0 846 705 1591 232 86 96 
20 9 847 0 846 706 1595 234 84 96 
20 9 847 0 846 707 1595 234 84 96 
20 9 847 0 846 708 1596 234 86 96 
20 9 847 0 846 709 1601 234 80 96 
20 9 847 0 846 710 1599 234 86 96 
20 9 847 0 846 711 1603 233 84 100 
20 9 847 0 846 712 1606 233 80 100 
20 9 847 0 846 713 1609 237 80 96 
20 9 847 0 846 714 1609 237 80 96 
20 9 847 0 846 715 1612 237 80 96 
20 9 847 0 846 716 1614 236 80 100 
20 9 847 0 846 717 1614 236 80 100 
20 9 847 0 846 718 1617 236 80 100 
20 9 847 0 846 719 1621 240 74 96 
20 9 847 0 846 720 1623 240 76 96 
20 9 847 0 846 721 1622 239 80 99 
20 9 847 0 846 722 1626 239 74 99 
20 9 847 0 846 723 1629 239 74 99 
20 9 847 0 846 724 1629 239 74 99 
20 9 847 0 846 725 1631 242 76 96 
20 9 847 0 846 726 1634 241 74 100 
20 9 847 0 846 727 1639 241 68 100 
20 9 847 0 846 728 1637 241 74 100 
20 9 847 0 846 729 1640 241 70 100 
20 9 847 0 846 730 1643 241 70 100 
20 9 847 0 846 731 1647 244 68 100 
20 9 847 0 846 732 1647 244 68 100 
20 9 847 0 846 733 1648 244 70 100 
20 9 847 0 846 734 1651 244 70 100 
20 9 847 0 846 735 1650 243 74 103 
20 9 847 0 846 736 1655 247 68 99 
20 9 847 0 846 737 1656 247 70 99 
20 9 847 0 846 738 1659 247 70 99 
20 9 847 0 846 739 1658 246 74 103 
20 9 847 0 846 740 1663 249 68 100 
20 9 847 0 846 741 1664 249 70 100 
20 9 847 0 846 742 1667 249 70 100 
20 9 847 0 846 743 1666 248 74 105 
20 9 847 0 846 744 1669 252 74 100 
20 9 847 0 846 745 1672 252 70 100 
20 9 847 0 846 746 1671 251 76 103 
20 9 847 0 846 747 1674 251 74 103 
20 9 847 0 846 748 1677 251 74 103 
20 9 847 0 846 749 1680 255 70 99 
20 9 847 0 846 750 1679 254 76 103 
20 9 847 0 846 751 1682 254 74 103 
20 9 847 0 846 752 1685 254 74 103 
20 9 847 0 846 753 1688 257 70 100 
20 9 847 0 846 754 1687 256 76 105 
20 9 847 0 846 755 1690 256 74 105 
20 9 847 0 846 756 1693 256 74 105 
20 9 847 0 846 757 1695 259 76 103 
20 9 847 0 846 758 1695 259 76 103 
20 9 847 0 846 759 1698 259 74 103 
20 9 847 0 846 760 1701 259 74 103 
20 9 847 0 846 761 1703 262 76 103 
20 9 847 0 846 762 1706 262 74 103 
20 9 847 0 846 763 1706 262 74 103 
20 9 847 0 846 764 1709 262 74 108 
20 9 847 0 846 765 1711 264 76 105 
20 9 847 0 846 766 1714 264 74 105 
20 9 847 0 846 767 1717 264 74 108 
20 9 847 0 846 768 1717 267 74 103 
20 9 847 0 846 769 1719 267 76 103 
20 9 847 0 846 770 1722 267 74 108 
20 9 847 0 846 771 1725 267 74 108 
20 9 847 0 846 772 1727 270 76 103 
20 9 847 0 846 773 1727 270 76 108 
20 9 847 0 846 774 1730 270 74 108 
20 9 847 0 846 775 1733 270 74 108 
20 9 847 0 846 776 1735 272 76 108 
20 9 847 0 846 777 1738 272 74 108 
20 9 847 0 846 778 1738 272 74 108 
20 9 847 0 846 779 1741 275 74 108 
20 9 847 0 846 780 1743 275 76 108 
20 9 847 0 846 781 1746 275 74 108 
20 9 847 0 846 782 1749 274 74 112 
20 9 847 0 846 783 1749 278 74 108 
20 9 847 0 846 784 1751 278 76 108 
20 9 847 0 846 785 1754 277 74 111 
20 9 847 0 846 786 1757 277 74 111 
20 9 847 0 846 787 1759 280 76 108 
20 9 847 0 846 788 1759 279 76 112 
20 9 847 0 846 789 1762 279 74 112 
20 9 847 0 846 790 1765 283 74 108 
20 9 847 0 846 791 1767 282 76 112 
20 9 847 0 846 792 1770 282 74 112 
20 9 847 0 846 793 1770 282 74 112 
20 9 847 0 846 794 1773 285 74 111 
20 9 847 0 846 795 1775 285 76 111 
20 9 847 0 846 796 1778 285 74 111 
20 9 847 0 846 797 1781 287 74 112 
20 9 847 0 846 798 1781 287 74 112 
20 9 847 0 846 799 1783 287 76 112 
20 9 847 0 846 800 1786 290 74 112 
20 9 847 0 846 801 1789 290 74 112 
20 9 847 0 846 802 1791 290 76 112 
20 9 847 0 846 803 1794 293 74 111 
20 9 847 0 846 804 1797 293 74 111 
20 9 847 0 846 805 1796 293 80 111 
20 9 847 0 846 806 1798 295 80 112 
20 9 847 0 846 807 1801 295 80 112 
20 9 847 0 846 808 1804 295 80 112 
20 9 847 0 846 809 1806 298 80 112 
20 9 847 0 846 810 1809 298 80 112 
20 9 847 0 846 811 1812 298 80 112 
20 9 847 0 846 812 1812 301 80 111 
20 9 847 0 846 813 1814 301 80 111 
20 9 847 0 846 814 1817 301 80 111 
20 9 847 0 846 815 1820 303 80 112 
20 9 847 0 846 816 1822 303 80 112 
20 9 847 0 846 817 1825 303 80 112 
20 9 847 0 846 818 1828 306 80 112 
20 9 847 0 846 819 1827 306 84 112 
20 9 847 0 846 820 1828 306 86 112 
20 9 847 0 846 821 1831 309 86 111 
20 9 847 0 846 822 1835 309 84 111 
20 9 847 0 846 823 1836 309 82 111 
20 9 847 0 846 824 1839 311 79 112 
20 9 847 0 846 825 1843 311 76 112 
20 9 847 0 846 826 1844 314 74 112 
20 9 847 0 846 827 1849 314 70 112 
20 9 847 0 846 828 1852 314 67 112 
20 9 847 0 846 829 1855 314 64 112 
20 9 847 0 846 830 1858 314 60 112 
20 9 847 0 846 831 1861 314 57 112 
20 9 847 0 846 832 1861 314 57 112 
20 9 847 0 846 833 1861 317 57 111 
20 9 847 0 846 834 1861 319 57 112 
20 9 847 0 846 835 1861 319 57 112 
20 9 847 0 846 836 1861 322 57 112 
20 9 847 0 846 837 1861 325 57 111 
20 9 847 0 846 838 1861 327 57 112 
20 9 847 0 846 839 1864 330 54 112 
20 9 847 0 846 840 1869 335 50 112 
20 9 847 0 846 841 1876 341 42 111 
20 9 847 0 846 842 1876 341 42 111 
20 9 847 0 846 843 1881 341 38 111 
20 9 847 0 846 844 1885 341 33 111 
20 9 847 0 846 845 1885 341 33 111 
20 9 847 0 846 846 1885 341 33 111 
21 2 138 1027 1164 1027 552 318 274 186 
21 2 138 1027 1164 1028 552 318 274 186 
21 2 138 1027 1164 1029 552 318 274 186 
21 2 138 1027 1164 1030 552 318 274 186 
21 2 138 1027 1164 1031 552 318 274 186 
21 2 138 1027 1164 1032 552 318 274 186 
21 2 138 1027 1164 1033 552 318 274 186 
21 2 138 1027 1164 1034 552 318 274 186 
21 2 138 1027 1164 1035 552 318 274 186 
21 2 138 1027 1164 1036 552 318 274 186 
21 2 138 1027 1164 1037 552 318 274 186 
21 2 138 1027 1164 1038 552 318 274 186 
21 2 138 1027 1164 1039 552 318 274 186 
21 2 138 1027 1164 1040 552 318 274 186 
21 2 138 1027 1164 1041 552 318 274 186 
21 2 138 1027 1164 1042 552 318 274 186 
21 2 138 1027 1164 1043 552 318 274 186 
21 2 138 1027 1164 1044 552 318 274 186 
21 2 138 1027 1164 1045 552 318 274 186 
21 2 138 1027 1164 1046 552 318 274 186 
21 2 138 1027 1164 1047 552 318 274 186 
21 2 138 1027 1164 1048 552 318 274 186 
21 2 138 1027 1164 1049 552 318 274 186 
21 2 138 1027 1164 1050 552 318 274 186 
21 2 138 1027 1164 1051 552 318 274 186 
21 2 138 1027 1164 1052 552 318 274 186 
21 2 138 1027 1164 1053 552 318 274 186 
21 2 138 1027 1164 1054 552 318 274 186 
21 2 138 1027 1164 1055 552 318 274 186 
21 2 138 1027 1164 1056 552 318 274 186 
21 2 138 1027 1164 1057 552 318 274 186 
21 2 138 1027 1164 1058 552 318 274 186 
21 2 138 1027 1164 1059 552 318 274 186 
21 2 138 1027 1164 1060 552 318 274 186 
21 2 138 1027 1164 1061 552 318 274 186 
21 2 138 1027 1164 1062 552 318 274 186 
21 2 138 1027 1164 1063 552 318 274 186 
21 2 138 1027 1164 1064 552 318 274 186 
21 2 138 1027 1164 1065 552 318 274 186 
21 2 138 1027 1164 1066 552 318 274 186 
21 2 138 1027 1164 1067 552 318 274 186 
21 2 138 1027 1164 1068 552 318 274 186 
21 2 138 1027 1164 1069 552 318 274 186 
21 2 138 1027 1164 1070 552 318 274 186 
21 2 138 1027 1164 1071 552 318 274 186 
21 2 138 1027 1164 1072 552 318 274 186 
21 2 138 1027 1164 1073 552 318 274 186 
21 2 138 1027 1164 1074 552 318 274 186 
21 2 138 1027 1164 1075 552 318 274 186 
21 2 138 1027 1164 1076 552 318 274 186 
21 2 138 1027 1164 1077 552 318 274 186 
21 2 138 1027 1164 1078 552 318 274 186 
21 2 138 1027 1164 1079 552 318 274 186 
21 2 138 1027 1164 1080 552 318 274 186 
21 2 138 1027 1164 1081 552 318 274 186 
21 2 138 1027 1164 1082 552 318 274 186 
21 2 138 1027 1164 1083 552 318 274 186 
21 2 138 1027 1164 1084 552 318 274 186 
21 2 138 1027 1164 1085 552 318 274 186 
21 2 138 1027 1164 1086 552 318 274 186 
21 2 138 1027 1164 1087 552 318 274 186 
21 2 138 1027 1164 1088 552 318 274 186 
21 2 138 1027 1164 1089 552 318 274 186 
21 2 138 1027 1164 1090 552 318 274 186 
21 2 138 1027 1164 1091 552 318 274 186 
21 2 138 1027 1164 1092 552 318 274 186 
21 2 138 1027 1164 1093 552 318 274 186 
21 2 138 1027 1164 1094 552 318 274 186 
21 2 138 1027 1164 1095 552 318 274 186 
21 2 138 1027 1164 1096 552 318 274 186 
21 2 138 1027 1164 1097 552 318 274 186 
21 2 138 1027 1164 1098 552 318 274 186 
21 2 138 1027 1164 1099 552 318 274 186 
21 2 138 1027 1164 1100 552 318 274 186 
21 2 138 1027 1164 1101 552 318 274 186 
21 2 138 1027 1164 1102 552 318 274 186 
21 2 138 1027 1164 1103 552 318 274 186 
21 2 138 1027 1164 1104 552 318 274 186 
21 2 138 1027 1164 1105 552 318 274 186 
21 2 138 1027 1164 1106 552 318 274 186 
21 2 138 1027 1164 1107 552 318 274 186 
21 2 138 1027 1164 1108 552 318 274 186 
21 2 138 1027 1164 1109 552 318 274 186 
21 2 138 1027 1164 1110 552 318 274 186 
21 2 138 1027 1164 1111 552 318 274 186 
21 2 138 1027 1164 1112 552 318 274 186 
21 2 138 1027 1164 1113 552 318 274 186 
21 2 138 1027 1164 1114 552 318 274 186 
21 2 138 1027 1164 1115 552 318 274 186 
21 2 138 1027 1164 1116 552 318 274 186 
21 2 138 1027 1164 1117 552 318 274 186 
21 2 138 1027 1164 1118 552 318 274 186 
21 2 138 1027 1164 1119 552 318 274 186 
21 2 138 1027 1164 1120 552 318 274 186 
21 2 138 1027 1164 1121 552 318 274 186 
21 2 138 1027 1164 1122 552 318 274 186 
21 2 138 1027 1164 1123 552 318 274 186 
21 2 138 1027 1164 1124 552 318 274 186 
21 2 138 1027 1164 1125 552 318 274 186 
21 2 138 1027 1164 1126 552 318 274 186 
21 2 138 1027 1164 1127 552 318 274 186 
21 2 138 1027 1164 1128 552 318 274 186 
21 2 138 1027 1164 1129 552 318 274 186 
21 2 138 1027 1164 1130 552 318 274 186 
21 2 138 1027 1164 1131 552 318 274 186 
21 2 138 1027 1164 1132 552 318 274 186 
21 2 138 1027 1164 1133 552 318 274 186 
21 2 138 1027 1164 1134 552 318 274 186 
21 2 138 1027 1164 1135 552 318 274 186 
21 2 138 1027 1164 1136 552 318 274 186 
21 2 138 1027 1164 1137 552 318 274 186 
21 2 138 1027 1164 1138 552 318 274 186 
21 2 138 1027 1164 1139 552 318 274 186 
21 2 138 1027 1164 1140 552 318 274 186 
21 2 138 1027 1164 1141 552 318 274 186 
21 2 138 1027 1164 1142 552 318 274 186 
21 2 138 1027 1164 1143 552 318 274 186 
21 2 138 1027 1164 1144 552 318 274 186 
21 2 138 1027 1164 1145 552 318 274 186 
21 2 138 1027 1164 1146 552 318 274 186 
21 2 138 1027 1164 1147 552 318 274 186 
21 2 138 1027 1164 1148 552 318 274 186 
21 2 138 1027 1164 1149 552 318 274 186 
21 2 138 1027 1164 1150 552 318 274 186 
21 2 138 1027 1164 1151 552 318 274 186 
21 2 138 1027 1164 1152 552 318 274 186 
21 2 138 1027 1164 1153 552 318 274 186 
21 2 138 1027 1164 1154 552 318 274 186 
21 2 138 1027 1164 1155 552 318 274 186 
21 2 138 1027 1164 1156 552 318 274 186 
21 2 138 1027 1164 1157 552 318 274 186 
21 2 138 1027 1164 1158 552 318 274 186 
21 2 138 1027 1164 1159 552 318 274 186 
21 2 138 1027 1164 1160 552 318 274 186 
21 2 138 1027 1164 1161 552 318 274 186 
21 2 138 1027 1164 1162 552 318 274 186 
21 2 138 1027 1164 1163 552 318 274 186 
21 2 138 1027 1164 1164 552 318 274 186 
