1 846 653 692 355 18 19 1
1 846 654 692 354 18 19 1
1 846 655 692 354 18 19 1
1 846 656 692 354 18 19 1
1 846 657 692 354 18 19 1
1 846 658 692 354 18 19 1
1 846 659 692 354 18 19 1
1 846 660 692 354 18 19 1
1 846 661 692 354 19 19 1
1 846 662 692 354 19 19 1
1 846 663 692 354 19 19 1
1 846 664 693 354 18 19 1
1 846 665 693 354 18 19 1
1 846 666 693 354 18 19 1
1 846 667 693 354 18 19 1
1 846 668 693 354 19 19 1
1 846 669 693 354 19 19 1
1 846 670 693 354 19 19 1
1 846 671 693 354 19 19 1
1 846 672 693 354 19 19 1
1 846 673 693 354 19 19 1
1 846 674 694 354 18 19 1
1 846 675 694 354 18 19 1
1 846 676 694 354 19 19 1
1 846 677 694 354 19 19 1
1 846 678 694 354 19 19 1
1 846 679 694 354 19 19 1
1 846 680 694 354 19 19 1
1 846 681 694 354 19 19 1
1 846 682 694 354 19 19 1
1 846 683 694 354 20 19 1
1 846 684 695 354 19 19 1
1 846 685 695 354 19 19 1
1 846 686 695 354 19 19 1
1 846 687 695 354 19 19 1
1 846 688 695 354 19 19 1
1 846 689 695 354 19 19 1
1 846 690 695 354 20 19 1
1 846 691 695 354 20 19 1
1 846 692 695 354 20 19 1
1 846 693 695 354 20 19 1
1 846 694 695 354 20 19 1
1 846 695 696 354 19 19 1
1 846 696 696 354 19 19 1
1 846 697 696 354 19 19 1
1 846 698 696 354 20 19 1
1 846 699 696 354 20 19 1
1 846 700 696 354 20 19 1
1 846 701 696 354 20 19 1
1 846 702 696 353 20 20 1
1 846 703 696 353 20 20 1
1 846 704 697 354 20 20 1
1 846 705 696 353 20 21 1
1 846 706 696 353 20 21 1
1 846 707 696 353 19 21 1
1 846 708 695 353 20 21 1
1 846 709 695 353 20 21 1
1 846 710 695 353 19 21 1
1 846 711 694 353 20 21 1
1 846 712 694 353 20 21 1
1 846 713 694 353 19 21 1
1 846 714 693 353 20 21 1
1 846 715 693 353 20 21 1
1 846 716 693 353 19 21 1
1 846 717 692 353 20 21 1
1 846 718 692 353 20 21 1
1 846 719 692 353 19 21 1
1 846 720 692 353 19 21 1
1 846 721 691 353 20 22 1
1 846 722 691 353 19 22 1
1 846 723 691 353 19 22 1
1 846 724 690 353 20 22 1
1 846 725 690 353 19 22 1
1 846 726 690 353 19 22 1
1 846 727 689 353 20 22 1
1 846 728 689 353 19 22 1
1 846 729 689 353 19 22 1
1 846 730 688 353 20 22 1
1 846 731 688 353 19 22 1
1 846 732 688 353 19 22 1
1 846 733 687 353 20 22 1
1 846 734 687 353 19 22 1
1 846 735 687 353 19 22 1
1 846 736 687 353 19 23 1
1 846 737 686 352 19 23 1
1 846 738 686 352 19 23 1
1 846 739 685 352 20 23 1
1 846 740 685 352 19 23 1
1 846 741 684 352 20 23 1
1 846 742 684 352 20 22 1
1 846 743 684 351 19 23 1
1 846 744 683 351 20 23 1
1 846 745 683 351 20 23 1
1 846 746 682 351 20 23 1
1 846 747 682 351 20 23 1
1 846 748 682 351 20 22 1
1 846 749 681 350 20 23 1
1 846 750 681 350 20 23 1
1 846 751 680 350 21 23 1
1 846 752 680 350 21 23 1
1 846 753 680 350 20 23 1
1 846 754 679 350 21 22 1
1 846 755 679 349 21 23 1
1 846 756 678 349 21 23 1
1 846 757 678 349 21 23 1
1 846 758 678 349 21 23 1
1 846 759 677 349 21 23 1
1 846 760 677 349 21 22 1
1 846 761 676 348 22 23 1
1 846 762 676 348 21 23 1
1 846 763 676 348 21 23 1
1 846 764 675 348 22 23 1
1 846 765 675 348 22 23 1
1 846 766 674 348 22 22 1
1 846 767 674 347 22 23 1
1 846 768 674 347 22 23 1
1 846 769 673 347 22 23 1
1 846 770 673 347 22 23 1
1 846 771 672 347 23 23 1
1 846 772 672 347 22 22 1
1 846 773 672 346 22 23 1
1 846 774 671 346 23 23 1
1 846 775 671 346 22 23 1
1 846 776 670 346 23 23 1
1 846 777 670 346 23 23 1
1 846 778 670 346 23 23 1
1 846 779 669 345 22 24 1
1 846 780 668 345 22 24 1
1 846 781 667 345 22 24 1
1 846 782 666 345 22 24 1
1 846 783 665 345 22 24 1
1 846 784 664 345 22 24 1
1 846 785 663 345 22 24 1
1 846 786 662 345 22 24 1
1 846 787 661 345 21 25 1
1 846 788 660 345 21 25 1
1 846 789 659 345 21 25 1
1 846 790 658 345 21 25 1
1 846 791 657 345 21 25 1
1 846 792 656 345 21 25 1
1 846 793 655 345 21 25 1
1 846 794 654 345 21 25 1
1 846 795 653 345 20 25 1
1 846 796 652 345 20 26 1
1 846 797 651 345 20 26 1
1 846 798 650 345 20 26 1
1 846 799 649 345 20 26 1
1 846 800 648 345 20 26 1
1 846 801 647 345 20 26 1
1 846 802 646 345 20 26 1
1 846 803 645 345 20 26 1
1 846 804 644 345 19 27 1
1 846 805 643 345 19 27 1
1 846 806 642 345 19 27 1
1 846 807 641 345 19 27 1
1 846 808 640 345 19 27 1
1 846 809 639 345 19 27 1
1 846 810 638 345 19 27 1
1 846 811 637 345 19 27 1
1 846 812 636 345 19 28 1
1 846 813 635 345 19 28 1
1 846 814 634 345 19 28 1
1 846 815 633 345 19 28 1
1 846 816 633 345 19 28 1
1 846 817 632 345 19 28 1
1 846 818 631 345 19 28 1
1 846 819 631 345 19 28 1
1 846 820 630 345 19 28 1
1 846 821 629 345 19 28 1
1 846 822 629 345 19 28 1
1 846 823 628 346 19 28 1
1 846 824 627 346 19 28 1
1 846 825 627 346 19 28 1
1 846 826 626 346 19 28 1
1 846 827 625 346 19 28 1
1 846 828 625 346 19 28 1
1 846 829 624 346 19 28 1
1 846 830 623 346 19 28 1
1 846 831 623 346 19 28 1
1 846 832 622 346 19 28 1
1 846 833 621 347 19 28 1
1 846 834 621 347 19 28 1
1 846 835 620 347 19 28 1
1 846 836 619 347 19 28 1
1 846 837 619 347 19 28 1
1 846 838 618 347 19 28 1
1 846 839 617 347 19 28 1
1 846 840 617 347 19 28 1
1 846 841 616 347 19 28 1
1 846 842 615 347 19 28 1
1 846 843 615 348 19 28 1
1 846 844 614 348 19 28 1
1 846 845 613 348 19 28 1
1 846 846 612 348 19 29 1
1 846 847 611 348 19 29 1
1 846 848 610 348 20 29 1
1 846 849 609 349 20 29 1
1 846 850 608 349 20 29 1
1 846 851 608 349 19 29 1
1 846 852 607 349 19 30 1
1 846 853 606 349 20 30 1
1 846 854 605 350 20 30 1
1 846 855 604 350 20 30 1
1 846 856 603 350 20 30 1
1 846 857 602 350 20 31 1
1 846 858 601 350 20 31 1
1 846 859 600 351 20 31 1
1 846 860 599 351 20 31 1
1 846 861 598 351 20 32 1
1 846 862 597 351 20 32 1
1 846 863 596 352 21 32 1
1 846 864 595 352 21 32 1
1 846 865 594 352 21 32 1
1 846 866 594 352 21 32 1
1 846 867 593 352 21 32 1
1 846 868 593 352 21 32 1
1 846 869 592 352 21 32 1
1 846 870 591 352 21 32 1
1 846 871 591 352 21 32 1
1 846 872 590 352 21 32 1
1 846 873 590 352 21 32 1
1 846 874 589 352 21 32 1
1 846 875 588 352 21 32 1
1 846 876 588 352 21 32 1
1 846 877 587 352 21 32 1
1 846 878 587 352 21 32 1
1 846 879 586 352 21 32 1
1 846 880 585 352 21 32 1
1 846 881 585 352 21 32 1
1 846 882 584 352 21 32 1
1 846 883 584 353 21 32 1
1 846 884 583 353 21 32 1
1 846 885 582 353 21 32 1
1 846 886 582 353 21 32 1
1 846 887 581 353 21 32 1
1 846 888 581 353 21 32 1
1 846 889 580 353 21 32 1
1 846 890 579 353 21 32 1
1 846 891 579 353 21 32 1
1 846 892 578 353 21 32 1
1 846 893 578 353 21 32 1
1 846 894 577 353 21 32 1
1 846 895 577 353 21 32 1
1 846 896 576 353 21 32 1
1 846 897 575 353 21 32 1
1 846 898 575 353 21 32 1
1 846 899 574 353 21 32 1
1 846 900 574 353 21 32 1
1 846 901 573 353 21 32 1
1 846 902 572 353 21 32 1
1 846 903 572 354 21 32 1
1 846 904 571 354 21 32 1
1 846 905 571 354 21 32 1
1 846 906 570 354 21 32 1
1 846 907 569 354 21 32 1
1 846 908 569 354 21 32 1
1 846 909 568 354 21 32 1
1 846 910 568 354 21 32 1
1 846 911 567 354 21 32 1
1 846 912 566 354 21 32 1
1 846 913 566 354 21 32 1
1 846 914 565 354 21 32 1
1 846 915 565 354 21 32 1
1 846 916 564 354 21 32 1
1 846 917 563 354 21 32 1
1 846 918 563 354 21 32 1
1 846 919 562 354 21 32 1
1 846 920 562 354 21 32 1
1 846 921 561 354 21 32 1
1 846 922 561 355 21 32 1
1 846 923 560 354 21 32 1
1 846 924 559 354 21 32 1
1 846 925 559 354 21 32 1
1 846 926 558 354 21 32 1
1 846 927 558 354 20 32 1
1 846 928 557 354 21 32 1
1 846 929 556 354 21 32 1
1 846 930 556 354 21 32 1
1 846 931 555 354 21 32 1
1 846 932 555 354 20 32 1
1 846 933 554 354 21 32 1
1 846 934 553 354 21 32 1
1 846 935 553 354 21 32 1
1 846 936 552 354 21 32 1
1 846 937 552 354 20 32 1
1 846 938 551 354 21 32 1
1 846 939 550 354 21 32 1
1 846 940 550 354 21 32 1
1 846 941 549 354 21 32 1
1 846 942 549 353 20 33 1
1 846 943 548 353 21 33 1
1 846 944 547 353 21 33 1
1 846 945 547 353 21 33 1
1 846 946 546 353 21 33 1
1 846 947 546 353 20 33 1
1 846 948 545 353 21 33 1
1 846 949 545 353 20 33 1
1 846 950 544 353 21 33 1
1 846 951 543 353 21 33 1
1 846 952 543 353 20 33 1
1 846 953 542 353 21 33 1
1 846 954 542 353 20 33 1
1 846 955 541 353 21 33 1
1 846 956 540 353 21 33 1
1 846 957 540 353 20 33 1
1 846 958 539 353 21 33 1
1 846 959 539 353 20 33 1
1 846 960 538 353 20 32 1
1 846 961 537 352 21 33 1
1 846 962 537 352 20 33 1
1 846 963 536 352 21 33 1
1 846 964 536 352 20 33 1
1 846 965 535 352 20 33 1
1 846 966 534 352 21 33 1
1 846 967 534 352 20 33 1
1 846 968 533 352 21 33 1
1 846 969 533 352 20 33 1
1 846 970 532 352 20 33 1
1 846 971 531 352 21 33 1
1 846 972 531 352 20 33 1
1 846 973 530 352 21 33 1
1 846 974 530 352 20 33 1
1 846 975 529 352 20 33 1
1 846 976 529 352 20 33 1
1 846 977 528 352 20 33 1
1 846 978 527 352 21 33 1
1 846 979 527 352 20 33 1
1 846 980 526 351 20 34 1
1 846 981 526 351 20 34 1
1 846 982 525 351 20 34 1
1 846 983 524 351 21 34 1
1 846 984 524 351 20 34 1
1 846 985 523 351 20 34 1
1 846 986 523 351 20 34 1
1 846 987 522 351 20 34 1
1 846 988 521 351 21 34 1
1 846 989 521 351 20 34 1
1 846 990 520 351 20 34 1
1 846 991 520 351 20 34 1
1 846 992 519 351 20 34 1
1 846 993 518 351 21 34 1
1 846 994 518 351 20 34 1
1 846 995 517 351 20 34 1
1 846 996 517 351 20 34 1
1 846 997 516 351 20 34 1
1 846 998 516 351 20 34 1
1 846 999 515 351 20 34 1
1 846 1000 514 351 20 34 1
1 846 1001 514 351 20 34 1
1 846 1002 513 351 20 34 1
1 846 1003 513 351 20 34 1
1 846 1004 512 351 20 34 1
1 846 1005 512 351 20 34 1
1 846 1006 511 351 20 34 1
1 846 1007 511 351 20 34 1
1 846 1008 510 351 20 34 1
1 846 1009 509 352 21 33 1
1 846 1010 509 352 20 33 1
1 846 1011 508 352 21 33 1
1 846 1012 508 352 20 33 1
1 846 1013 507 352 21 33 1
1 846 1014 507 352 20 33 1
1 846 1015 506 352 21 33 1
1 846 1016 506 352 20 33 1
1 846 1017 505 352 21 33 1
1 846 1018 504 352 21 33 1
1 846 1019 504 352 21 33 1
1 846 1020 503 353 21 33 1
1 846 1021 503 353 21 33 1
1 846 1022 502 353 21 33 1
1 846 1023 502 353 21 33 1
1 846 1024 501 353 21 33 1
1 846 1025 501 353 21 33 1
1 846 1026 500 353 21 33 1
1 846 1027 499 353 21 33 1
1 846 1028 499 353 21 33 1
1 846 1029 498 353 21 33 1
1 846 1030 498 354 21 32 1
1 846 1031 497 354 21 32 1
1 846 1032 497 354 21 32 1
1 846 1033 496 354 21 32 1
1 846 1034 496 354 21 32 1
1 846 1035 495 354 21 32 1
1 846 1036 494 354 22 32 1
1 846 1037 494 354 21 32 1
1 846 1038 493 354 22 32 1
1 846 1039 493 354 21 32 1
1 846 1040 492 354 22 32 1
1 846 1041 492 355 21 32 1
1 846 1042 491 355 22 32 1
1 846 1043 491 355 21 32 1
1 846 1044 490 355 22 32 1
1 846 1045 490 355 21 32 1
1 846 1046 489 355 22 32 1
1 846 1047 488 355 22 32 1
1 846 1048 488 355 22 32 1
1 846 1049 487 355 22 32 1
1 846 1050 487 355 22 32 1
1 846 1051 486 355 22 32 1
1 846 1052 486 356 22 31 1
1 846 1053 485 356 22 31 1
1 846 1054 485 356 22 31 1
1 846 1055 484 356 22 31 1
1 846 1056 483 356 22 31 1
1 846 1057 483 356 22 31 1
1 846 1058 482 356 22 31 1
1 846 1059 482 356 22 31 1
1 846 1060 481 356 22 31 1
1 846 1061 481 356 22 31 1
1 846 1062 480 357 22 31 1
1 846 1063 480 357 22 31 1
1 846 1064 479 357 22 31 1
1 846 1065 478 357 23 31 1
1 846 1066 478 357 22 31 1
1 846 1067 477 357 23 31 1
1 846 1068 477 357 22 31 1
1 846 1069 476 357 23 31 1
1 846 1070 476 357 22 31 1
1 846 1071 475 357 23 31 1
1 846 1072 475 357 22 31 1
1 846 1073 474 358 23 30 1
1 846 1074 473 358 23 30 1
1 846 1075 473 358 23 30 1
1 846 1076 472 358 23 30 1
1 846 1077 472 358 23 30 1
1 846 1078 471 358 23 30 1
1 846 1079 471 358 23 30 1
1 846 1080 470 358 23 30 1
1 846 1081 470 358 23 30 1
1 846 1082 469 358 23 30 1
1 846 1083 469 359 23 30 1
1 846 1084 468 359 23 30 1
1 846 1085 467 359 23 30 1
1 846 1086 467 359 23 30 1
1 846 1087 466 359 23 30 1
1 846 1088 465 359 23 30 1
1 846 1089 465 359 23 30 1
1 846 1090 464 360 23 29 1
1 846 1091 463 360 23 29 1
1 846 1092 463 360 23 29 1
1 846 1093 462 360 23 29 1
1 846 1094 461 360 23 30 1
1 846 1095 461 360 23 30 1
1 846 1096 460 360 23 30 1
1 846 1097 459 361 23 29 1
1 846 1098 459 361 23 29 1
1 846 1099 458 361 23 29 1
1 846 1100 457 361 24 29 1
1 846 1101 457 361 23 29 1
1 846 1102 456 361 23 29 1
1 846 1103 455 362 24 28 1
1 846 1104 455 362 23 29 1
1 846 1105 454 362 23 29 1
1 846 1106 453 362 24 29 1
1 846 1107 453 362 23 29 1
1 846 1108 452 362 23 29 1
1 846 1109 451 362 24 29 1
1 846 1110 451 363 23 28 1
1 846 1111 450 363 23 28 1
1 846 1112 449 363 24 28 1
1 846 1113 449 363 23 28 1
1 846 1114 448 363 23 28 1
1 846 1115 447 363 24 29 1
1 846 1116 447 363 23 29 1
1 846 1117 446 364 24 28 1
1 846 1118 445 364 24 28 1
1 846 1119 445 364 23 28 1
1 846 1120 444 364 24 28 1
1 846 1121 443 364 24 28 1
1 846 1122 443 364 23 28 1
1 846 1123 442 365 24 27 1
1 846 1124 441 365 24 27 1
1 846 1125 441 365 23 28 1
1 846 1126 440 365 24 28 1
1 846 1127 439 365 24 28 1
1 846 1128 439 365 23 28 1
1 846 1129 438 365 24 28 1
1 846 1130 437 366 24 27 1
1 846 1131 437 366 24 27 1
1 846 1132 436 366 24 27 1
1 846 1133 435 366 24 27 1
1 846 1134 435 366 24 27 1
1 846 1135 434 366 24 28 1
1 846 1136 433 366 24 28 1
1 846 1137 433 367 24 27 1
1 846 1138 432 367 24 27 1
1 846 1139 431 367 24 27 1
1 846 1140 431 367 24 27 1
1 846 1141 430 367 24 27 1
1 846 1142 429 367 24 27 1
1 846 1143 429 368 24 26 1
1 846 1144 428 368 24 26 1
1 846 1145 427 368 24 26 1
1 846 1146 427 368 24 27 1
1 846 1147 426 368 24 27 1
1 846 1148 425 368 25 27 1
1 846 1149 425 368 24 27 1
1 846 1150 424 369 24 26 1
1 846 1151 423 369 25 26 1
1 846 1152 423 369 24 26 1
1 846 1153 422 369 24 26 1
1 846 1154 421 369 25 26 1
1 846 1155 421 369 24 26 1
1 846 1156 420 369 24 27 1
1 846 1157 419 370 25 26 1
1 846 1158 419 370 24 26 1
1 846 1159 418 370 24 26 1
1 846 1160 417 370 25 26 1
1 846 1161 417 370 24 26 1
1 846 1162 416 370 25 26 1
1 846 1163 415 371 25 25 1
1 846 1164 415 371 24 25 1
1 846 1165 414 371 25 25 1
1 846 1166 413 371 25 26 1
1 846 1167 413 371 24 26 1
1 846 1168 412 371 25 26 1
1 846 1169 411 371 25 26 1
1 846 1170 411 372 24 25 1
1 846 1171 410 372 25 25 1
1 846 1172 409 372 25 25 1
1 846 1173 409 372 24 25 1
1 846 1174 408 372 25 25 1
1 846 1175 407 372 25 25 1
1 846 1176 407 373 25 25 1
1 846 1177 406 373 25 25 1
1 846 1178 405 373 25 25 1
1 846 1179 405 373 25 25 1
1 846 1180 404 373 25 25 1
1 846 1181 404 373 25 26 1
1 846 1182 403 373 25 26 1
1 846 1183 403 373 25 26 1
1 846 1184 402 373 25 26 1
1 846 1185 402 373 25 26 1
1 846 1186 401 373 25 27 1
1 846 1187 401 373 24 27 1
1 846 1188 400 373 25 27 1
1 846 1189 399 373 25 27 1
1 846 1190 399 373 25 27 1
1 846 1191 398 373 25 28 1
1 846 1192 398 373 24 28 1
1 846 1193 397 373 25 28 1
1 846 1194 396 373 25 28 1
1 846 1195 396 373 25 29 1
1 846 1196 395 373 25 29 1
1 846 1197 395 373 24 29 1
1 846 1198 394 373 25 29 1
1 846 1199 393 373 25 29 1
1 846 1200 393 373 24 30 1
1 846 1201 392 373 25 30 1
1 846 1202 391 373 25 30 1
1 846 1203 391 373 24 30 1
1 846 1204 390 373 25 31 1
1 846 1205 389 373 25 31 1
1 846 1206 388 373 25 31 1
1 846 1207 388 373 24 31 1
1 846 1208 387 373 25 32 1
1 846 1209 386 373 25 32 1
1 846 1210 386 373 24 32 1
1 846 1211 385 374 25 31 1
1 846 1212 384 374 25 32 1
1 846 1213 383 374 25 32 1
1 846 1214 383 374 24 32 1
1 846 1215 382 374 24 32 1
1 846 1216 381 374 25 33 1
1 846 1217 380 374 25 33 1
1 846 1218 379 374 25 33 1
1 846 1219 379 374 24 33 1
1 846 1220 378 374 24 34 1
1 846 1221 377 374 25 34 1
1 846 1222 376 374 25 34 1
1 846 1223 375 374 25 34 1
1 846 1224 374 374 25 35 1
1 846 1225 373 374 25 35 1
1 846 1226 372 374 25 35 1
1 846 1227 372 374 24 36 1
1 846 1228 371 374 24 36 1
1 846 1229 370 375 24 35 1
1 846 1230 369 375 25 35 1
1 846 1231 368 375 25 36 1
1 846 1232 367 375 25 36 1
1 846 1233 366 375 25 36 1
1 846 1234 365 375 25 37 1
1 846 1235 364 375 25 37 1
1 846 1236 363 375 25 37 1
1 846 1237 362 375 25 38 1
1 846 1238 361 375 25 38 1
1 846 1239 360 375 25 38 1
1 846 1240 359 376 25 38 1
1 846 1241 357 376 25 38 1
1 846 1242 356 376 25 38 1
1 846 1243 355 376 25 38 1
1 846 1244 354 376 25 38 1
1 846 1245 353 376 25 38 1
1 846 1246 352 376 25 39 1
1 846 1247 351 376 25 39 1
1 846 1248 350 376 25 39 1
1 846 1249 349 376 25 39 1
1 846 1250 348 376 25 39 1
1 846 1251 347 376 25 39 1
1 846 1252 346 376 25 40 1
1 846 1253 345 376 25 40 1
1 846 1254 344 377 25 39 1
1 846 1255 343 377 25 39 1
1 846 1256 342 377 25 39 1
1 846 1257 341 377 25 39 1
1 846 1258 340 377 25 40 1
1 846 1259 339 377 25 40 1
1 846 1260 337 377 26 40 1
1 846 1261 336 377 26 40 1
1 846 1262 335 377 26 40 1
1 846 1263 334 377 26 40 1
1 846 1264 333 377 26 41 1
1 846 1265 332 377 26 41 1
1 846 1266 331 377 26 41 1
1 846 1267 330 377 26 41 1
1 846 1268 329 378 26 40 1
1 846 1269 328 378 26 41 1
1 846 1270 327 378 26 41 1
1 846 1271 326 378 26 41 1
1 846 1272 325 378 26 41 1
1 846 1273 324 378 26 41 1
1 846 1274 323 378 26 41 1
1 846 1275 322 378 26 42 1
1 846 1276 321 378 26 42 1
1 846 1277 320 378 26 42 1
1 846 1278 319 378 26 42 1
1 846 1279 317 378 27 42 1
1 846 1280 316 378 27 42 1
1 846 1281 315 378 27 43 1
1 846 1282 314 378 27 43 1
1 846 1283 313 379 27 42 1
1 846 1284 312 379 27 42 1
1 846 1285 311 379 27 42 1
1 846 1286 310 379 27 43 1
1 846 1287 309 379 27 43 1
1 846 1288 308 379 27 43 1
1 846 1289 307 379 27 43 1
1 846 1290 306 379 27 43 1
1 846 1291 305 379 27 43 1
1 846 1292 304 379 27 44 1
1 846 1293 303 379 27 44 1
1 846 1294 302 379 27 44 1
1 846 1295 301 379 27 44 1
1 846 1296 300 379 27 44 1
1 846 1297 299 380 27 44 1
1 846 1298 298 380 27 44 1
1 846 1299 297 380 27 44 1
1 846 1300 296 380 27 44 1
1 846 1301 295 380 27 44 1
1 846 1302 294 380 27 44 1
1 846 1303 293 380 27 44 1
1 846 1304 292 380 27 44 1
1 846 1305 291 380 27 44 1
1 846 1306 290 380 27 45 1
1 846 1307 289 380 27 45 1
1 846 1308 288 380 27 45 1
1 846 1309 287 380 27 45 1
1 846 1310 287 380 27 45 1
1 846 1311 286 380 27 45 1
1 846 1312 285 380 27 45 1
1 846 1313 284 380 27 45 1
1 846 1314 283 380 27 46 1
1 846 1315 282 380 27 46 1
1 846 1316 281 380 27 46 1
1 846 1317 280 380 27 46 1
1 846 1318 279 380 27 46 1
1 846 1319 278 381 27 45 1
1 846 1320 277 381 27 45 1
1 846 1321 276 381 27 45 1
1 846 1322 275 381 27 46 1
1 846 1323 275 381 27 46 1
1 846 1324 274 381 27 46 1
1 846 1325 273 381 27 46 1
1 846 1326 272 381 27 46 1
1 846 1327 271 381 27 46 1
1 846 1328 270 381 27 46 1
1 846 1329 269 381 27 46 1
1 846 1330 268 381 27 47 1
1 846 1331 267 381 27 47 1
1 846 1332 266 381 27 47 1
1 846 1333 265 381 27 47 1
1 846 1334 264 381 27 47 1
1 846 1335 263 381 27 47 1
1 846 1336 263 381 27 47 1
1 846 1337 262 381 27 47 1
1 846 1338 261 381 27 48 1
1 846 1339 260 381 27 48 1
1 846 1340 259 382 27 47 1
1 846 1341 258 382 27 47 1
1 846 1342 257 382 27 47 1
1 846 1343 256 382 27 47 1
1 846 1344 255 382 27 47 1
1 846 1345 254 382 27 47 1
1 846 1346 253 382 27 48 1
1 846 1347 252 382 27 48 1
1 846 1348 251 382 27 48 1
1 846 1349 251 382 27 48 1
1 846 1350 250 382 27 48 1
1 846 1351 249 382 27 48 1
1 846 1352 248 382 27 48 1
1 846 1353 247 382 27 48 1
1 846 1354 246 382 27 49 1
1 846 1355 245 382 27 49 1
1 846 1356 244 382 27 49 1
1 846 1357 243 382 27 49 1
1 846 1358 242 382 27 49 1
1 846 1359 241 382 27 49 1
1 846 1360 240 382 27 49 1
1 846 1361 240 383 27 49 1
1 846 1362 239 383 27 49 1
1 846 1363 238 383 27 49 1
1 846 1364 237 383 27 49 1
1 846 1365 236 383 27 49 1
1 846 1366 235 383 27 49 1
1 846 1367 234 383 27 49 1
1 846 1368 233 383 27 49 1
1 846 1369 232 383 27 49 1
1 846 1370 232 383 27 49 1
1 846 1371 231 384 27 49 1
1 846 1372 230 384 27 49 1
1 846 1373 229 384 27 49 1
1 846 1374 228 384 27 49 1
1 846 1375 227 384 27 49 1
1 846 1376 226 384 27 49 1
1 846 1377 225 384 27 49 1
1 846 1378 225 384 27 49 1
1 846 1379 224 384 27 49 1
1 846 1380 223 385 27 49 1
1 846 1381 222 385 27 49 1
1 846 1382 221 385 27 49 1
1 846 1383 220 385 27 49 1
1 846 1384 219 385 27 49 1
1 846 1385 218 385 27 49 1
1 846 1386 218 385 27 49 1
1 846 1387 217 385 27 49 1
1 846 1388 216 385 27 49 1
1 846 1389 215 385 27 49 1
1 846 1390 214 386 27 49 1
1 846 1391 213 386 27 49 1
1 846 1392 212 386 27 49 1
1 846 1393 211 386 27 49 1
1 846 1394 211 386 27 49 1
1 846 1395 210 386 27 49 1
1 846 1396 209 386 27 49 1
1 846 1397 208 386 27 49 1
1 846 1398 207 386 27 49 1
1 846 1399 206 387 27 49 1
1 846 1400 205 387 27 49 1
1 846 1401 204 387 27 49 1
1 846 1402 203 387 27 49 1
1 846 1403 203 387 27 49 1
1 846 1404 202 387 27 49 1
1 846 1405 201 387 27 49 1
1 846 1406 200 387 27 49 1
1 846 1407 199 387 27 49 1
1 846 1408 198 387 27 49 1
1 846 1409 197 388 27 49 1
1 846 1410 196 388 27 49 1
1 846 1411 196 388 27 49 1
1 846 1412 195 388 27 49 1
1 846 1413 194 388 27 49 1
1 846 1414 193 388 27 49 1
1 846 1415 192 388 27 49 1
1 846 1416 191 388 27 49 1
1 846 1417 190 388 27 49 1
1 846 1418 189 389 27 49 1
1 846 1419 189 389 27 49 1
1 846 1420 188 389 27 49 1
1 846 1421 187 389 27 49 1
1 846 1422 186 389 27 49 1
1 846 1423 185 389 27 49 1
1 846 1424 184 389 27 49 1
1 846 1425 183 389 27 49 1
1 846 1426 182 389 27 49 1
1 846 1427 182 390 27 49 1
1 846 1428 181 390 27 49 1
1 846 1429 180 390 27 49 1
1 846 1430 179 390 27 49 1
1 846 1431 178 390 27 49 1
1 846 1432 177 390 27 49 1
1 846 1433 176 390 27 49 1
1 846 1434 175 390 27 49 1
1 846 1435 175 390 27 49 1
1 846 1436 174 390 27 49 1
1 846 1437 173 390 27 49 1
1 846 1438 172 390 27 49 1
1 846 1439 171 390 27 49 1
1 846 1440 170 390 27 49 1
1 846 1441 169 390 27 49 1
1 846 1442 168 390 27 49 1
1 846 1443 168 390 27 49 1
1 846 1444 167 390 27 49 1
1 846 1445 166 390 27 49 1
1 846 1446 165 390 27 49 1
1 846 1447 164 391 27 49 1
1 846 1448 163 391 27 49 1
1 846 1449 162 391 27 49 1
1 846 1450 161 391 27 49 1
1 846 1451 161 391 27 49 1
1 846 1452 160 391 27 49 1
1 846 1453 159 391 27 49 1
1 846 1454 158 391 27 49 1
1 846 1455 157 391 27 49 1
1 846 1456 156 391 27 49 1
1 846 1457 155 391 27 49 1
1 846 1458 154 391 27 49 1
1 846 1459 154 391 27 49 1
1 846 1460 153 391 27 49 1
1 846 1461 152 391 27 49 1
1 846 1462 151 391 27 49 1
1 846 1463 150 391 27 49 1
1 846 1464 149 391 27 49 1
1 846 1465 148 391 27 49 1
1 846 1466 147 391 27 49 1
1 846 1467 147 392 27 49 1
1 846 1468 145 392 27 49 1
1 846 1469 143 392 27 49 1
1 846 1470 141 392 27 49 1
1 846 1471 139 393 27 49 1
1 846 1472 137 393 27 49 1
1 846 1473 135 393 27 49 1
1 846 1474 133 394 27 49 1
1 846 1475 131 394 27 49 1
1 846 1476 129 394 27 49 1
1 846 1477 127 395 27 49 1
1 846 1478 126 395 27 49 1
1 846 1479 125 395 27 49 1
1 846 1480 124 396 27 49 1
1 846 1481 123 396 27 49 1
1 846 1482 122 397 27 49 1
1 846 1483 121 397 27 49 1
1 846 1484 120 398 27 49 1
1 846 1485 119 398 27 49 1
1 846 1486 118 399 27 49 1
1 846 1487 117 399 27 49 1
1 846 1488 116 400 27 49 1
1 846 1489 115 400 27 49 1
1 846 1490 114 401 27 49 1
1 846 1491 113 401 27 49 1
1 846 1492 112 402 27 49 1
1 846 1493 111 402 27 49 1
1 846 1494 110 403 27 49 1
1 846 1495 109 403 27 49 1
1 846 1496 108 404 27 49 1
1 846 1497 107 404 27 49 1
1 846 1498 107 405 27 49 1
2 1782 0 656 354 65 40 2
2 1782 1 656 354 65 40 2
2 1782 2 656 354 65 40 2
2 1782 3 656 354 65 40 2
2 1782 4 656 354 65 40 2
2 1782 5 656 354 65 40 2
2 1782 6 656 354 65 40 2
2 1782 7 656 354 65 40 2
2 1782 8 656 354 65 40 2
2 1782 9 656 354 65 40 2
2 1782 10 656 354 65 40 2
2 1782 11 656 354 65 40 2
2 1782 12 656 354 65 40 2
2 1782 13 656 354 65 40 2
2 1782 14 656 354 65 40 2
2 1782 15 656 354 65 40 2
2 1782 16 656 354 65 40 2
2 1782 17 656 354 65 40 2
2 1782 18 656 354 65 40 2
2 1782 19 656 354 65 40 2
2 1782 20 656 354 65 40 2
2 1782 21 656 354 65 40 2
2 1782 22 656 354 65 40 2
2 1782 23 656 354 65 40 2
2 1782 24 656 354 65 40 2
2 1782 25 656 354 65 40 2
2 1782 26 656 354 65 40 2
2 1782 27 656 354 65 40 2
2 1782 28 656 354 65 40 2
2 1782 29 656 354 65 40 2
2 1782 30 656 354 65 40 2
2 1782 31 656 354 65 40 2
2 1782 32 656 354 65 40 2
2 1782 33 656 354 65 40 2
2 1782 34 656 354 65 40 2
2 1782 35 656 354 65 40 2
2 1782 36 656 354 65 40 2
2 1782 37 656 354 65 40 2
2 1782 38 656 354 65 40 2
2 1782 39 656 354 65 40 2
2 1782 40 656 354 65 40 2
2 1782 41 656 354 65 40 2
2 1782 42 656 354 65 40 2
2 1782 43 656 354 65 40 2
2 1782 44 656 354 65 40 2
2 1782 45 656 354 65 40 2
2 1782 46 656 354 65 40 2
2 1782 47 656 354 65 40 2
2 1782 48 656 354 65 40 2
2 1782 49 656 354 65 40 2
2 1782 50 656 354 65 40 2
2 1782 51 656 354 65 40 2
2 1782 52 656 354 65 40 2
2 1782 53 656 354 65 40 2
2 1782 54 656 354 65 40 2
2 1782 55 656 354 65 40 2
2 1782 56 656 354 65 40 2
2 1782 57 656 354 65 40 2
2 1782 58 656 354 65 40 2
2 1782 59 656 354 65 40 2
2 1782 60 656 354 65 40 2
2 1782 61 656 354 65 40 2
2 1782 62 656 354 65 40 2
2 1782 63 656 354 65 40 2
2 1782 64 656 354 65 40 2
2 1782 65 656 354 65 40 2
2 1782 66 656 354 65 40 2
2 1782 67 656 354 65 40 2
2 1782 68 656 354 65 40 2
2 1782 69 656 354 65 40 2
2 1782 70 656 354 65 40 2
2 1782 71 656 354 65 40 2
2 1782 72 656 354 65 40 2
2 1782 73 656 354 65 40 2
2 1782 74 656 354 65 40 2
2 1782 75 656 354 65 40 2
2 1782 76 656 354 65 40 2
2 1782 77 656 354 65 40 2
2 1782 78 656 354 65 40 2
2 1782 79 656 354 65 40 2
2 1782 80 656 354 65 40 2
2 1782 81 656 354 65 40 2
2 1782 82 656 354 65 40 2
2 1782 83 656 354 65 40 2
2 1782 84 656 354 65 40 2
2 1782 85 656 354 65 40 2
2 1782 86 656 354 65 40 2
2 1782 87 656 354 65 40 2
2 1782 88 656 354 65 40 2
2 1782 89 656 354 65 40 2
2 1782 90 656 354 65 40 2
2 1782 91 656 354 65 40 2
2 1782 92 656 354 65 40 2
2 1782 93 656 354 65 40 2
2 1782 94 656 354 65 40 2
2 1782 95 656 354 65 40 2
2 1782 96 656 354 65 40 2
2 1782 97 656 354 65 40 2
2 1782 98 656 354 65 40 2
2 1782 99 656 354 65 40 2
2 1782 100 656 354 65 40 2
2 1782 101 656 354 65 40 2
2 1782 102 656 354 65 40 2
2 1782 103 656 354 65 40 2
2 1782 104 656 354 65 40 2
2 1782 105 656 354 65 40 2
2 1782 106 656 354 65 40 2
2 1782 107 656 354 65 40 2
2 1782 108 656 354 65 40 2
2 1782 109 656 354 65 40 2
2 1782 110 656 354 65 40 2
2 1782 111 656 354 65 40 2
2 1782 112 656 354 65 40 2
2 1782 113 656 354 65 40 2
2 1782 114 656 354 65 40 2
2 1782 115 656 354 65 40 2
2 1782 116 656 354 65 40 2
2 1782 117 656 354 65 40 2
2 1782 118 656 354 65 40 2
2 1782 119 656 354 65 40 2
2 1782 120 656 354 65 40 2
2 1782 121 656 354 65 40 2
2 1782 122 656 354 65 40 2
2 1782 123 656 354 65 40 2
2 1782 124 656 354 65 40 2
2 1782 125 656 354 65 40 2
2 1782 126 656 354 65 40 2
2 1782 127 656 354 65 40 2
2 1782 128 656 354 65 40 2
2 1782 129 656 354 65 40 2
2 1782 130 656 354 65 40 2
2 1782 131 656 354 65 40 2
2 1782 132 656 354 65 40 2
2 1782 133 656 354 65 40 2
2 1782 134 656 354 65 40 2
2 1782 135 656 354 65 40 2
2 1782 136 656 354 65 40 2
2 1782 137 656 354 65 40 2
2 1782 138 656 354 65 40 2
2 1782 139 656 354 65 40 2
2 1782 140 656 354 65 40 2
2 1782 141 656 354 65 40 2
2 1782 142 656 354 65 40 2
2 1782 143 656 354 65 40 2
2 1782 144 656 354 65 40 2
2 1782 145 656 354 65 40 2
2 1782 146 656 354 65 40 2
2 1782 147 656 354 65 40 2
2 1782 148 656 354 65 40 2
2 1782 149 656 354 65 40 2
2 1782 150 656 354 65 40 2
2 1782 151 656 354 65 40 2
2 1782 152 656 354 65 40 2
2 1782 153 656 354 65 40 2
2 1782 154 656 354 65 40 2
2 1782 155 656 354 65 40 2
2 1782 156 656 354 65 40 2
2 1782 157 656 354 65 40 2
2 1782 158 656 354 65 40 2
2 1782 159 656 354 65 40 2
2 1782 160 656 354 65 40 2
2 1782 161 656 354 65 40 2
2 1782 162 656 354 65 40 2
2 1782 163 656 354 65 40 2
2 1782 164 656 354 65 40 2
2 1782 165 656 354 65 40 2
2 1782 166 656 354 65 40 2
2 1782 167 656 354 65 40 2
2 1782 168 656 354 65 40 2
2 1782 169 656 354 65 40 2
2 1782 170 656 354 65 40 2
2 1782 171 656 354 65 40 2
2 1782 172 656 354 65 40 2
2 1782 173 656 354 65 40 2
2 1782 174 656 354 65 40 2
2 1782 175 656 354 65 40 2
2 1782 176 656 354 65 40 2
2 1782 177 656 354 65 40 2
2 1782 178 656 354 65 40 2
2 1782 179 656 354 65 40 2
2 1782 180 656 354 65 40 2
2 1782 181 656 354 65 40 2
2 1782 182 656 354 65 40 2
2 1782 183 656 354 65 40 2
2 1782 184 656 354 65 40 2
2 1782 185 656 354 65 40 2
2 1782 186 656 354 65 40 2
2 1782 187 656 354 65 40 2
2 1782 188 656 354 65 40 2
2 1782 189 656 354 65 40 2
2 1782 190 656 354 65 40 2
2 1782 191 656 354 65 40 2
2 1782 192 656 354 65 40 2
2 1782 193 656 354 65 40 2
2 1782 194 656 354 65 40 2
2 1782 195 656 354 65 40 2
2 1782 196 656 354 65 40 2
2 1782 197 656 354 65 40 2
2 1782 198 656 354 65 40 2
2 1782 199 656 354 65 40 2
2 1782 200 656 354 65 40 2
2 1782 201 656 354 65 40 2
2 1782 202 656 354 65 40 2
2 1782 203 656 354 65 40 2
2 1782 204 656 354 65 40 2
2 1782 205 656 354 65 40 2
2 1782 206 656 354 65 40 2
2 1782 207 656 354 65 40 2
2 1782 208 656 354 65 40 2
2 1782 209 656 354 65 40 2
2 1782 210 656 354 65 40 2
2 1782 211 656 354 65 40 2
2 1782 212 656 354 65 40 2
2 1782 213 656 354 65 40 2
2 1782 214 656 354 65 40 2
2 1782 215 656 354 65 40 2
2 1782 216 656 354 65 40 2
2 1782 217 656 354 65 40 2
2 1782 218 656 354 65 40 2
2 1782 219 656 354 65 40 2
2 1782 220 656 354 65 40 2
2 1782 221 656 354 65 40 2
2 1782 222 656 354 65 40 2
2 1782 223 656 354 65 40 2
2 1782 224 656 354 65 40 2
2 1782 225 656 354 65 40 2
2 1782 226 656 354 65 40 2
2 1782 227 656 354 65 40 2
2 1782 228 656 354 65 40 2
2 1782 229 656 354 65 40 2
2 1782 230 656 354 65 40 2
2 1782 231 656 354 65 40 2
2 1782 232 656 354 65 40 2
2 1782 233 656 354 65 40 2
2 1782 234 656 354 65 40 2
2 1782 235 656 354 65 40 2
2 1782 236 656 354 65 40 2
2 1782 237 656 354 65 40 2
2 1782 238 656 354 65 40 2
2 1782 239 656 354 65 40 2
2 1782 240 656 354 65 40 2
2 1782 241 656 354 65 40 2
2 1782 242 656 354 65 40 2
2 1782 243 656 354 65 40 2
2 1782 244 656 354 65 40 2
2 1782 245 656 354 65 40 2
2 1782 246 656 354 65 40 2
2 1782 247 656 354 65 40 2
2 1782 248 656 354 65 40 2
2 1782 249 656 354 65 40 2
2 1782 250 656 354 65 40 2
2 1782 251 656 354 65 40 2
2 1782 252 656 354 65 40 2
2 1782 253 656 354 65 40 2
2 1782 254 656 354 65 40 2
2 1782 255 656 354 65 40 2
2 1782 256 656 354 65 40 2
2 1782 257 656 354 65 40 2
2 1782 258 656 354 65 40 2
2 1782 259 656 354 65 40 2
2 1782 260 656 354 65 40 2
2 1782 261 656 354 65 40 2
2 1782 262 656 354 65 40 2
2 1782 263 656 354 65 40 2
2 1782 264 656 354 65 40 2
2 1782 265 656 354 65 40 2
2 1782 266 656 354 65 40 2
2 1782 267 656 354 65 40 2
2 1782 268 656 354 65 40 2
2 1782 269 656 354 65 40 2
2 1782 270 656 354 65 40 2
2 1782 271 656 354 65 40 2
2 1782 272 656 354 65 40 2
2 1782 273 656 354 65 40 2
2 1782 274 656 354 65 40 2
2 1782 275 656 354 65 40 2
2 1782 276 656 354 65 40 2
2 1782 277 656 354 65 40 2
2 1782 278 656 354 65 40 2
2 1782 279 656 354 65 40 2
2 1782 280 656 354 65 40 2
2 1782 281 656 354 65 40 2
2 1782 282 656 354 65 40 2
2 1782 283 656 354 65 40 2
2 1782 284 656 354 65 40 2
2 1782 285 656 354 65 40 2
2 1782 286 656 354 65 40 2
2 1782 287 656 354 65 40 2
2 1782 288 656 354 65 40 2
2 1782 289 656 354 65 40 2
2 1782 290 656 354 65 40 2
2 1782 291 656 354 65 40 2
2 1782 292 656 354 65 40 2
2 1782 293 656 354 65 40 2
2 1782 294 656 354 65 40 2
2 1782 295 656 354 65 40 2
2 1782 296 656 354 65 40 2
2 1782 297 656 354 65 40 2
2 1782 298 656 354 65 40 2
2 1782 299 656 354 65 40 2
2 1782 300 656 354 65 40 2
2 1782 301 656 354 65 40 2
2 1782 302 656 354 65 40 2
2 1782 303 656 354 65 40 2
2 1782 304 656 354 65 40 2
2 1782 305 656 354 65 40 2
2 1782 306 656 354 65 40 2
2 1782 307 656 354 65 40 2
2 1782 308 656 354 65 40 2
2 1782 309 656 354 65 40 2
2 1782 310 656 354 65 40 2
2 1782 311 656 354 65 40 2
2 1782 312 656 354 65 40 2
2 1782 313 656 354 65 40 2
2 1782 314 656 354 65 40 2
2 1782 315 656 354 65 40 2
2 1782 316 656 354 65 40 2
2 1782 317 656 354 65 40 2
2 1782 318 656 354 65 40 2
2 1782 319 656 354 65 40 2
2 1782 320 656 354 65 40 2
2 1782 321 656 354 65 40 2
2 1782 322 656 354 65 40 2
2 1782 323 656 354 65 40 2
2 1782 324 656 354 65 40 2
2 1782 325 656 354 65 40 2
2 1782 326 656 354 65 40 2
2 1782 327 656 354 65 40 2
2 1782 328 656 354 65 40 2
2 1782 329 656 354 65 40 2
2 1782 330 656 354 65 40 2
2 1782 331 656 354 65 40 2
2 1782 332 656 354 65 40 2
2 1782 333 656 354 65 40 2
2 1782 334 656 354 65 40 2
2 1782 335 656 354 65 40 2
2 1782 336 656 354 65 40 2
2 1782 337 656 354 65 40 2
2 1782 338 656 354 65 40 2
2 1782 339 656 354 65 40 2
2 1782 340 656 354 65 40 2
2 1782 341 656 354 65 40 2
2 1782 342 656 354 65 40 2
2 1782 343 656 354 65 40 2
2 1782 344 656 354 65 40 2
2 1782 345 656 354 65 40 2
2 1782 346 656 354 65 40 2
2 1782 347 656 354 65 40 2
2 1782 348 656 354 65 40 2
2 1782 349 656 354 65 40 2
2 1782 350 656 354 65 40 2
2 1782 351 656 354 65 40 2
2 1782 352 656 354 65 40 2
2 1782 353 656 354 65 40 2
2 1782 354 656 354 65 40 2
2 1782 355 656 354 65 40 2
2 1782 356 656 354 65 40 2
2 1782 357 656 354 65 40 2
2 1782 358 656 354 65 40 2
2 1782 359 656 354 65 40 2
2 1782 360 656 354 65 40 2
2 1782 361 656 354 65 40 2
2 1782 362 656 354 65 40 2
2 1782 363 656 354 65 40 2
2 1782 364 656 354 65 40 2
2 1782 365 656 354 65 40 2
2 1782 366 656 354 65 40 2
2 1782 367 656 354 65 40 2
2 1782 368 656 354 65 40 2
2 1782 369 656 354 65 40 2
2 1782 370 656 354 65 40 2
2 1782 371 656 354 65 40 2
2 1782 372 656 354 65 40 2
2 1782 373 656 354 65 40 2
2 1782 374 656 354 65 40 2
2 1782 375 656 354 65 40 2
2 1782 376 656 354 65 40 2
2 1782 377 656 354 65 40 2
2 1782 378 656 354 65 40 2
2 1782 379 656 354 65 40 2
2 1782 380 656 354 65 40 2
2 1782 381 656 354 65 40 2
2 1782 382 656 354 65 40 2
2 1782 383 656 354 65 40 2
2 1782 384 656 354 65 40 2
2 1782 385 656 354 65 40 2
2 1782 386 656 354 65 40 2
2 1782 387 656 354 65 40 2
2 1782 388 656 354 65 40 2
2 1782 389 656 354 65 40 2
2 1782 390 656 354 65 40 2
2 1782 391 656 354 65 40 2
2 1782 392 656 354 65 40 2
2 1782 393 656 354 65 40 2
2 1782 394 656 354 65 40 2
2 1782 395 656 354 65 40 2
2 1782 396 656 354 65 40 2
2 1782 397 656 354 65 40 2
2 1782 398 656 354 65 40 2
2 1782 399 656 354 65 40 2
2 1782 400 656 354 65 40 2
2 1782 401 656 354 65 40 2
2 1782 402 656 354 65 40 2
2 1782 403 656 354 65 40 2
2 1782 404 656 354 65 40 2
2 1782 405 656 354 65 40 2
2 1782 406 656 354 65 40 2
2 1782 407 656 354 65 40 2
2 1782 408 656 354 65 40 2
2 1782 409 656 354 65 40 2
2 1782 410 656 354 65 40 2
2 1782 411 656 354 65 40 2
2 1782 412 656 354 65 40 2
2 1782 413 656 354 65 40 2
2 1782 414 656 354 65 40 2
2 1782 415 656 354 65 40 2
2 1782 416 656 354 65 40 2
2 1782 417 656 354 65 40 2
2 1782 418 656 354 65 40 2
2 1782 419 656 354 65 40 2
2 1782 420 656 354 65 40 2
2 1782 421 656 354 65 40 2
2 1782 422 656 354 65 40 2
2 1782 423 656 354 65 40 2
2 1782 424 656 354 65 40 2
2 1782 425 656 354 65 40 2
2 1782 426 656 354 65 40 2
2 1782 427 656 354 65 40 2
2 1782 428 656 354 65 40 2
2 1782 429 656 354 65 40 2
2 1782 430 656 354 65 40 2
2 1782 431 656 354 65 40 2
2 1782 432 656 354 65 40 2
2 1782 433 656 354 65 40 2
2 1782 434 656 354 65 40 2
2 1782 435 656 354 65 40 2
2 1782 436 656 354 65 40 2
2 1782 437 656 354 65 40 2
2 1782 438 656 354 65 40 2
2 1782 439 656 354 65 40 2
2 1782 440 656 354 65 40 2
2 1782 441 656 354 65 40 2
2 1782 442 656 354 65 40 2
2 1782 443 656 354 65 40 2
2 1782 444 656 354 65 40 2
2 1782 445 656 354 65 40 2
2 1782 446 656 354 65 40 2
2 1782 447 656 354 65 40 2
2 1782 448 656 354 65 40 2
2 1782 449 656 354 65 40 2
2 1782 450 656 354 65 40 2
2 1782 451 656 354 65 40 2
2 1782 452 656 354 65 40 2
2 1782 453 656 354 65 40 2
2 1782 454 656 354 65 40 2
2 1782 455 656 354 65 40 2
2 1782 456 656 354 65 40 2
2 1782 457 656 354 65 40 2
2 1782 458 656 354 65 40 2
2 1782 459 656 354 65 40 2
2 1782 460 656 354 65 40 2
2 1782 461 656 354 65 40 2
2 1782 462 656 354 65 40 2
2 1782 463 656 354 65 40 2
2 1782 464 656 354 65 40 2
2 1782 465 656 354 65 40 2
2 1782 466 656 354 65 40 2
2 1782 467 656 354 65 40 2
2 1782 468 656 354 65 40 2
2 1782 469 656 354 65 40 2
2 1782 470 656 354 65 40 2
2 1782 471 656 354 65 40 2
2 1782 472 656 354 65 40 2
2 1782 473 656 354 65 40 2
2 1782 474 656 354 65 40 2
2 1782 475 656 354 65 40 2
2 1782 476 656 354 65 40 2
2 1782 477 656 354 65 40 2
2 1782 478 656 354 65 40 2
2 1782 479 656 354 65 40 2
2 1782 480 656 354 65 40 2
2 1782 481 656 354 65 40 2
2 1782 482 656 354 65 40 2
2 1782 483 656 354 65 40 2
2 1782 484 656 354 65 40 2
2 1782 485 656 354 65 40 2
2 1782 486 656 354 65 40 2
2 1782 487 656 354 65 40 2
2 1782 488 656 354 65 40 2
2 1782 489 656 354 65 40 2
2 1782 490 656 354 65 40 2
2 1782 491 656 354 65 40 2
2 1782 492 656 354 65 40 2
2 1782 493 656 354 65 40 2
2 1782 494 656 354 65 40 2
2 1782 495 656 354 65 40 2
2 1782 496 656 354 65 40 2
2 1782 497 656 354 65 40 2
2 1782 498 656 354 65 40 2
2 1782 499 656 354 65 40 2
2 1782 500 656 354 65 40 2
2 1782 501 656 354 65 40 2
2 1782 502 656 354 65 40 2
2 1782 503 656 354 65 40 2
2 1782 504 656 354 65 40 2
2 1782 505 656 354 65 40 2
2 1782 506 656 354 65 40 2
2 1782 507 656 354 65 40 2
2 1782 508 656 354 65 40 2
2 1782 509 656 354 65 40 2
2 1782 510 656 354 65 40 2
2 1782 511 656 354 65 40 2
2 1782 512 656 354 65 40 2
2 1782 513 656 354 65 40 2
2 1782 514 656 354 65 40 2
2 1782 515 656 354 65 40 2
2 1782 516 656 354 65 40 2
2 1782 517 656 354 65 40 2
2 1782 518 656 354 65 40 2
2 1782 519 656 354 65 40 2
2 1782 520 656 354 65 40 2
2 1782 521 656 354 65 40 2
2 1782 522 656 354 65 40 2
2 1782 523 656 354 65 40 2
2 1782 524 656 354 65 40 2
2 1782 525 656 354 65 40 2
2 1782 526 656 354 65 40 2
2 1782 527 656 354 65 40 2
2 1782 528 656 354 65 40 2
2 1782 529 656 354 65 40 2
2 1782 530 656 354 65 40 2
2 1782 531 656 354 65 40 2
2 1782 532 656 354 65 40 2
2 1782 533 656 354 65 40 2
2 1782 534 656 354 65 40 2
2 1782 535 656 354 65 40 2
2 1782 536 656 354 65 40 2
2 1782 537 656 354 65 40 2
2 1782 538 656 354 65 40 2
2 1782 539 656 354 65 40 2
2 1782 540 656 354 65 40 2
2 1782 541 656 354 65 40 2
2 1782 542 656 354 65 40 2
2 1782 543 656 354 65 40 2
2 1782 544 656 354 65 40 2
2 1782 545 656 354 65 40 2
2 1782 546 656 354 65 40 2
2 1782 547 656 354 65 40 2
2 1782 548 656 354 65 40 2
2 1782 549 656 354 65 40 2
2 1782 550 656 354 65 40 2
2 1782 551 656 354 65 40 2
2 1782 552 656 354 65 40 2
2 1782 553 656 354 65 40 2
2 1782 554 656 354 65 40 2
2 1782 555 656 354 65 40 2
2 1782 556 656 354 65 40 2
2 1782 557 656 354 65 40 2
2 1782 558 656 354 65 40 2
2 1782 559 656 354 65 40 2
2 1782 560 656 354 65 40 2
2 1782 561 656 354 65 40 2
2 1782 562 656 354 65 40 2
2 1782 563 656 354 65 40 2
2 1782 564 656 354 65 40 2
2 1782 565 656 354 65 40 2
2 1782 566 656 354 65 40 2
2 1782 567 656 354 65 40 2
2 1782 568 656 354 65 40 2
2 1782 569 656 354 65 40 2
2 1782 570 656 354 65 40 2
2 1782 571 656 354 65 40 2
2 1782 572 656 354 65 40 2
2 1782 573 656 354 65 40 2
2 1782 574 656 354 65 40 2
2 1782 575 656 354 65 40 2
2 1782 576 656 354 65 40 2
2 1782 577 656 354 65 40 2
2 1782 578 656 354 65 40 2
2 1782 579 656 354 65 40 2
2 1782 580 656 354 65 40 2
2 1782 581 656 354 65 40 2
2 1782 582 656 354 65 40 2
2 1782 583 656 354 65 40 2
2 1782 584 656 354 65 40 2
2 1782 585 656 354 65 40 2
2 1782 586 656 354 65 40 2
2 1782 587 656 354 65 40 2
2 1782 588 656 354 65 40 2
2 1782 589 656 354 65 40 2
2 1782 590 656 354 65 40 2
2 1782 591 656 354 65 40 2
2 1782 592 656 354 65 40 2
2 1782 593 656 354 65 40 2
2 1782 594 656 354 65 40 2
2 1782 595 656 354 65 40 2
2 1782 596 656 354 65 40 2
2 1782 597 656 354 65 40 2
2 1782 598 656 354 65 40 2
2 1782 599 656 354 65 40 2
2 1782 600 656 354 65 40 2
2 1782 601 656 354 65 40 2
2 1782 602 656 354 65 40 2
2 1782 603 656 354 65 40 2
2 1782 604 656 354 65 40 2
2 1782 605 656 354 65 40 2
2 1782 606 656 354 65 40 2
2 1782 607 656 354 65 40 2
2 1782 608 656 354 65 40 2
2 1782 609 656 354 65 40 2
2 1782 610 656 354 65 40 2
2 1782 611 656 354 65 40 2
2 1782 612 656 354 65 40 2
2 1782 613 656 354 65 40 2
2 1782 614 656 354 65 40 2
2 1782 615 656 354 65 40 2
2 1782 616 656 354 65 40 2
2 1782 617 656 354 65 40 2
2 1782 618 656 354 65 40 2
2 1782 619 656 354 65 40 2
2 1782 620 656 354 65 40 2
2 1782 621 656 354 65 40 2
2 1782 622 656 354 65 40 2
2 1782 623 656 354 65 40 2
2 1782 624 656 354 65 40 2
2 1782 625 656 354 65 40 2
2 1782 626 656 354 65 40 2
2 1782 627 656 354 65 40 2
2 1782 628 656 354 65 40 2
2 1782 629 656 354 65 40 2
2 1782 630 656 354 65 40 2
2 1782 631 656 354 65 40 2
2 1782 632 656 354 65 40 2
2 1782 633 656 354 65 40 2
2 1782 634 656 354 65 40 2
2 1782 635 656 354 65 40 2
2 1782 636 656 354 65 40 2
2 1782 637 656 354 65 40 2
2 1782 638 656 354 65 40 2
2 1782 639 656 354 65 40 2
2 1782 640 656 354 65 40 2
2 1782 641 656 354 65 40 2
2 1782 642 656 354 65 40 2
2 1782 643 656 354 65 40 2
2 1782 644 656 354 65 40 2
2 1782 645 656 354 65 40 2
2 1782 646 656 354 65 40 2
2 1782 647 656 354 65 40 2
2 1782 648 656 354 65 40 2
2 1782 649 656 354 65 40 2
2 1782 650 656 354 65 40 2
2 1782 651 656 354 65 40 2
2 1782 652 656 354 65 40 2
2 1782 653 656 354 65 40 2
2 1782 654 656 354 65 40 2
2 1782 655 656 354 65 40 2
2 1782 656 656 354 65 40 2
2 1782 657 656 354 65 40 2
2 1782 658 656 354 65 40 2
2 1782 659 656 354 65 40 2
2 1782 660 656 354 65 40 2
2 1782 661 656 354 65 40 2
2 1782 662 656 354 65 40 2
2 1782 663 656 354 65 40 2
2 1782 664 656 354 65 40 2
2 1782 665 656 354 65 40 2
2 1782 666 656 354 65 40 2
2 1782 667 656 354 65 40 2
2 1782 668 656 354 65 40 2
2 1782 669 656 354 65 40 2
2 1782 670 656 354 65 40 2
2 1782 671 656 354 65 40 2
2 1782 672 656 354 65 40 2
2 1782 673 656 354 65 40 2
2 1782 674 656 354 65 40 2
2 1782 675 656 354 65 40 2
2 1782 676 656 354 65 40 2
2 1782 677 656 354 65 40 2
2 1782 678 656 354 65 40 2
2 1782 679 656 354 65 40 2
2 1782 680 656 354 65 40 2
2 1782 681 656 354 65 40 2
2 1782 682 656 354 65 40 2
2 1782 683 656 354 65 40 2
2 1782 684 656 354 65 40 2
2 1782 685 656 354 65 40 2
2 1782 686 656 354 65 40 2
2 1782 687 656 354 65 40 2
2 1782 688 656 354 65 40 2
2 1782 689 656 354 65 40 2
2 1782 690 656 354 65 40 2
2 1782 691 656 354 65 40 2
2 1782 692 656 354 65 40 2
2 1782 693 656 354 65 40 2
2 1782 694 656 354 65 40 2
2 1782 695 656 354 65 40 2
2 1782 696 656 354 65 40 2
2 1782 697 656 354 65 40 2
2 1782 698 656 354 65 40 2
2 1782 699 656 354 65 40 2
2 1782 700 656 354 65 40 2
2 1782 701 656 354 65 40 2
2 1782 702 656 354 65 40 2
2 1782 703 656 354 65 40 2
2 1782 704 656 354 65 40 2
2 1782 705 656 354 65 40 2
2 1782 706 656 354 65 40 2
2 1782 707 656 354 65 40 2
2 1782 708 656 354 65 40 2
2 1782 709 656 354 65 40 2
2 1782 710 656 354 65 40 2
2 1782 711 656 354 65 40 2
2 1782 712 656 354 65 40 2
2 1782 713 656 354 65 40 2
2 1782 714 656 354 65 40 2
2 1782 715 656 354 65 40 2
2 1782 716 656 354 65 40 2
2 1782 717 656 354 65 40 2
2 1782 718 656 354 65 40 2
2 1782 719 656 354 65 40 2
2 1782 720 656 354 65 40 2
2 1782 721 656 354 65 40 2
2 1782 722 656 354 65 40 2
2 1782 723 656 354 65 40 2
2 1782 724 656 354 65 40 2
2 1782 725 656 354 65 40 2
2 1782 726 656 354 65 40 2
2 1782 727 656 354 65 40 2
2 1782 728 656 354 65 40 2
2 1782 729 656 354 65 40 2
2 1782 730 656 354 65 40 2
2 1782 731 656 354 65 40 2
2 1782 732 656 354 65 40 2
2 1782 733 656 354 65 40 2
2 1782 734 656 354 65 40 2
2 1782 735 656 354 65 40 2
2 1782 736 656 354 65 40 2
2 1782 737 656 354 65 40 2
2 1782 738 656 354 65 40 2
2 1782 739 656 354 65 40 2
2 1782 740 656 354 65 40 2
2 1782 741 656 354 65 40 2
2 1782 742 656 354 65 40 2
2 1782 743 656 354 65 40 2
2 1782 744 656 354 65 40 2
2 1782 745 656 354 65 40 2
2 1782 746 656 354 65 40 2
2 1782 747 656 354 65 40 2
2 1782 748 656 354 65 40 2
2 1782 749 656 354 65 40 2
2 1782 750 656 354 65 40 2
2 1782 751 656 354 65 40 2
2 1782 752 656 354 65 40 2
2 1782 753 656 354 65 40 2
2 1782 754 656 354 65 40 2
2 1782 755 656 354 65 40 2
2 1782 756 656 354 65 40 2
2 1782 757 656 354 65 40 2
2 1782 758 656 354 65 40 2
2 1782 759 656 354 65 40 2
2 1782 760 656 354 65 40 2
2 1782 761 656 354 65 40 2
2 1782 762 656 354 65 40 2
2 1782 763 656 354 65 40 2
2 1782 764 656 354 65 40 2
2 1782 765 656 354 65 40 2
2 1782 766 656 354 65 40 2
2 1782 767 656 354 65 40 2
2 1782 768 656 354 65 40 2
2 1782 769 656 354 65 40 2
2 1782 770 656 354 65 40 2
2 1782 771 656 354 65 40 2
2 1782 772 656 354 65 40 2
2 1782 773 656 354 65 40 2
2 1782 774 656 354 65 40 2
2 1782 775 656 354 65 40 2
2 1782 776 656 354 65 40 2
2 1782 777 656 354 65 40 2
2 1782 778 656 354 65 40 2
2 1782 779 656 354 65 40 2
2 1782 780 656 354 65 40 2
2 1782 781 656 354 65 40 2
2 1782 782 656 354 65 40 2
2 1782 783 656 354 65 40 2
2 1782 784 656 354 65 40 2
2 1782 785 656 354 65 40 2
2 1782 786 656 354 65 40 2
2 1782 787 656 354 65 40 2
2 1782 788 656 354 65 40 2
2 1782 789 656 354 65 40 2
2 1782 790 656 354 65 40 2
2 1782 791 656 354 65 40 2
2 1782 792 656 354 65 40 2
2 1782 793 656 354 65 40 2
2 1782 794 656 354 65 40 2
2 1782 795 656 354 65 40 2
2 1782 796 656 354 65 40 2
2 1782 797 656 354 65 40 2
2 1782 798 656 354 65 40 2
2 1782 799 656 354 65 40 2
2 1782 800 656 354 65 40 2
2 1782 801 656 354 65 40 2
2 1782 802 656 354 65 40 2
2 1782 803 656 354 65 40 2
2 1782 804 656 354 65 40 2
2 1782 805 656 354 65 40 2
2 1782 806 656 354 65 40 2
2 1782 807 656 354 65 40 2
2 1782 808 656 354 65 40 2
2 1782 809 656 354 65 40 2
2 1782 810 656 354 65 40 2
2 1782 811 656 354 65 40 2
2 1782 812 656 354 65 40 2
2 1782 813 656 354 65 40 2
2 1782 814 656 354 65 40 2
2 1782 815 656 354 65 40 2
2 1782 816 656 354 65 40 2
2 1782 817 656 354 65 40 2
2 1782 818 656 354 65 40 2
2 1782 819 656 354 65 40 2
2 1782 820 656 354 65 40 2
2 1782 821 656 354 65 40 2
2 1782 822 656 354 65 40 2
2 1782 823 656 354 65 40 2
2 1782 824 656 354 65 40 2
2 1782 825 656 354 65 40 2
2 1782 826 656 354 65 40 2
2 1782 827 656 354 65 40 2
2 1782 828 656 354 65 40 2
2 1782 829 656 354 65 40 2
2 1782 830 656 354 65 40 2
2 1782 831 656 354 65 40 2
2 1782 832 656 354 65 40 2
2 1782 833 656 354 65 40 2
2 1782 834 656 354 65 40 2
2 1782 835 656 354 65 40 2
2 1782 836 656 354 65 40 2
2 1782 837 656 354 65 40 2
2 1782 838 656 354 65 40 2
2 1782 839 656 354 65 40 2
2 1782 840 656 354 65 40 2
2 1782 841 656 354 65 40 2
2 1782 842 656 354 65 40 2
2 1782 843 656 354 65 40 2
2 1782 844 656 354 65 40 2
2 1782 845 656 354 65 40 2
2 1782 846 656 354 65 40 2
2 1782 847 656 354 65 40 2
2 1782 848 656 354 65 40 2
2 1782 849 656 354 65 40 2
2 1782 850 656 354 65 40 2
2 1782 851 656 354 65 40 2
2 1782 852 656 354 65 40 2
2 1782 853 656 354 65 40 2
2 1782 854 656 354 65 40 2
2 1782 855 656 354 65 40 2
2 1782 856 656 354 65 40 2
2 1782 857 656 354 65 40 2
2 1782 858 656 354 65 40 2
2 1782 859 656 354 65 40 2
2 1782 860 656 354 65 40 2
2 1782 861 656 354 65 40 2
2 1782 862 656 354 65 40 2
2 1782 863 656 354 65 40 2
2 1782 864 656 354 65 40 2
2 1782 865 656 354 65 40 2
2 1782 866 656 354 65 40 2
2 1782 867 656 354 65 40 2
2 1782 868 656 354 65 40 2
2 1782 869 656 354 65 40 2
2 1782 870 656 354 65 40 2
2 1782 871 656 354 65 40 2
2 1782 872 656 354 65 40 2
2 1782 873 656 354 65 40 2
2 1782 874 656 354 65 40 2
2 1782 875 656 354 65 40 2
2 1782 876 656 354 65 40 2
2 1782 877 656 354 65 40 2
2 1782 878 656 354 65 40 2
2 1782 879 656 354 65 40 2
2 1782 880 656 354 65 40 2
2 1782 881 656 354 65 40 2
2 1782 882 656 354 65 40 2
2 1782 883 656 354 65 40 2
2 1782 884 656 354 65 40 2
2 1782 885 656 354 65 40 2
2 1782 886 656 354 65 40 2
2 1782 887 656 354 65 40 2
2 1782 888 656 354 65 40 2
2 1782 889 656 354 65 40 2
2 1782 890 656 354 65 40 2
2 1782 891 656 354 65 40 2
2 1782 892 656 354 65 40 2
2 1782 893 656 354 65 40 2
2 1782 894 656 354 65 40 2
2 1782 895 656 354 65 40 2
2 1782 896 656 354 65 40 2
2 1782 897 656 354 65 40 2
2 1782 898 656 354 65 40 2
2 1782 899 656 354 65 40 2
2 1782 900 656 354 65 40 2
2 1782 901 656 354 65 40 2
2 1782 902 656 354 65 40 2
2 1782 903 656 354 65 40 2
2 1782 904 656 354 65 40 2
2 1782 905 656 354 65 40 2
2 1782 906 656 354 65 40 2
2 1782 907 656 354 65 40 2
2 1782 908 656 354 65 40 2
2 1782 909 656 354 65 40 2
2 1782 910 656 354 65 40 2
2 1782 911 656 354 65 40 2
2 1782 912 656 354 65 40 2
2 1782 913 656 354 65 40 2
2 1782 914 656 354 65 40 2
2 1782 915 656 354 65 40 2
2 1782 916 656 354 65 40 2
2 1782 917 656 354 65 40 2
2 1782 918 656 354 65 40 2
2 1782 919 656 354 65 40 2
2 1782 920 656 354 65 40 2
2 1782 921 656 354 65 40 2
2 1782 922 656 354 65 40 2
2 1782 923 656 354 65 40 2
2 1782 924 656 354 65 40 2
2 1782 925 656 354 65 40 2
2 1782 926 656 354 65 40 2
2 1782 927 656 354 65 40 2
2 1782 928 656 354 65 40 2
2 1782 929 656 354 65 40 2
2 1782 930 656 354 65 40 2
2 1782 931 656 354 65 40 2
2 1782 932 656 354 65 40 2
2 1782 933 656 354 65 40 2
2 1782 934 656 354 65 40 2
2 1782 935 656 354 65 40 2
2 1782 936 656 354 65 40 2
2 1782 937 656 354 65 40 2
2 1782 938 656 354 65 40 2
2 1782 939 656 354 65 40 2
2 1782 940 656 354 65 40 2
2 1782 941 656 354 65 40 2
2 1782 942 656 354 65 40 2
2 1782 943 656 354 65 40 2
2 1782 944 656 354 65 40 2
2 1782 945 656 354 65 40 2
2 1782 946 656 354 65 40 2
2 1782 947 656 354 65 40 2
2 1782 948 656 354 65 40 2
2 1782 949 656 354 65 40 2
2 1782 950 656 354 65 40 2
2 1782 951 656 354 65 40 2
2 1782 952 656 354 65 40 2
2 1782 953 656 354 65 40 2
2 1782 954 656 354 65 40 2
2 1782 955 656 354 65 40 2
2 1782 956 656 354 65 40 2
2 1782 957 656 354 65 40 2
2 1782 958 656 354 65 40 2
2 1782 959 656 354 65 40 2
2 1782 960 656 354 65 40 2
2 1782 961 656 354 65 40 2
2 1782 962 656 354 65 40 2
2 1782 963 656 354 65 40 2
2 1782 964 656 354 65 40 2
2 1782 965 656 354 65 40 2
2 1782 966 656 354 65 40 2
2 1782 967 656 354 65 40 2
2 1782 968 656 354 65 40 2
2 1782 969 656 354 65 40 2
2 1782 970 656 354 65 40 2
2 1782 971 656 354 65 40 2
2 1782 972 656 354 65 40 2
2 1782 973 656 354 65 40 2
2 1782 974 656 354 65 40 2
2 1782 975 656 354 65 40 2
2 1782 976 656 354 65 40 2
2 1782 977 656 354 65 40 2
2 1782 978 656 354 65 40 2
2 1782 979 656 354 65 40 2
2 1782 980 656 354 65 40 2
2 1782 981 656 354 65 40 2
2 1782 982 656 354 65 40 2
2 1782 983 656 354 65 40 2
2 1782 984 656 354 65 40 2
2 1782 985 656 354 65 40 2
2 1782 986 656 354 65 40 2
2 1782 987 656 354 65 40 2
2 1782 988 656 354 65 40 2
2 1782 989 656 354 65 40 2
2 1782 990 656 354 65 40 2
2 1782 991 656 354 65 40 2
2 1782 992 656 354 65 40 2
2 1782 993 656 354 65 40 2
2 1782 994 656 354 65 40 2
2 1782 995 656 354 65 40 2
2 1782 996 656 354 65 40 2
2 1782 997 656 354 65 40 2
2 1782 998 656 354 65 40 2
2 1782 999 656 354 65 40 2
2 1782 1000 656 354 65 40 2
2 1782 1001 656 354 65 40 2
2 1782 1002 656 354 65 40 2
2 1782 1003 656 354 65 40 2
2 1782 1004 656 354 65 40 2
2 1782 1005 656 354 65 40 2
2 1782 1006 656 354 65 40 2
2 1782 1007 656 354 65 40 2
2 1782 1008 656 354 65 40 2
2 1782 1009 656 354 65 40 2
2 1782 1010 656 354 65 40 2
2 1782 1011 656 354 65 40 2
2 1782 1012 656 354 65 40 2
2 1782 1013 656 354 65 40 2
2 1782 1014 656 354 65 40 2
2 1782 1015 656 354 65 40 2
2 1782 1016 656 354 65 40 2
2 1782 1017 656 354 65 40 2
2 1782 1018 656 354 65 40 2
2 1782 1019 656 354 65 40 2
2 1782 1020 656 354 65 40 2
2 1782 1021 656 354 65 40 2
2 1782 1022 656 354 65 40 2
2 1782 1023 656 354 65 40 2
2 1782 1024 656 354 65 40 2
2 1782 1025 656 354 65 40 2
2 1782 1026 656 354 65 40 2
2 1782 1027 656 354 65 40 2
2 1782 1028 656 354 65 40 2
2 1782 1029 656 354 65 40 2
2 1782 1030 656 354 65 40 2
2 1782 1031 656 354 65 40 2
2 1782 1032 656 354 65 40 2
2 1782 1033 656 354 65 40 2
2 1782 1034 656 354 65 40 2
2 1782 1035 656 354 65 40 2
2 1782 1036 656 354 65 40 2
2 1782 1037 656 354 65 40 2
2 1782 1038 656 354 65 40 2
2 1782 1039 656 354 65 40 2
2 1782 1040 656 354 65 40 2
2 1782 1041 656 354 65 40 2
2 1782 1042 656 354 65 40 2
2 1782 1043 656 354 65 40 2
2 1782 1044 656 354 65 40 2
2 1782 1045 656 354 65 40 2
2 1782 1046 656 354 65 40 2
2 1782 1047 656 354 65 40 2
2 1782 1048 656 354 65 40 2
2 1782 1049 656 354 65 40 2
2 1782 1050 656 354 65 40 2
2 1782 1051 656 354 65 40 2
2 1782 1052 656 354 65 40 2
2 1782 1053 656 354 65 40 2
2 1782 1054 656 354 65 40 2
2 1782 1055 656 354 65 40 2
2 1782 1056 656 354 65 40 2
2 1782 1057 656 354 65 40 2
2 1782 1058 656 354 65 40 2
2 1782 1059 656 354 65 40 2
2 1782 1060 656 354 65 40 2
2 1782 1061 656 354 65 40 2
2 1782 1062 656 354 65 40 2
2 1782 1063 656 354 65 40 2
2 1782 1064 656 354 65 40 2
2 1782 1065 656 354 65 40 2
2 1782 1066 656 354 65 40 2
2 1782 1067 656 354 65 40 2
2 1782 1068 656 354 65 40 2
2 1782 1069 656 354 65 40 2
2 1782 1070 656 354 65 40 2
2 1782 1071 656 354 65 40 2
2 1782 1072 656 354 65 40 2
2 1782 1073 656 354 65 40 2
2 1782 1074 656 354 65 40 2
2 1782 1075 656 354 65 40 2
2 1782 1076 656 354 65 40 2
2 1782 1077 656 354 65 40 2
2 1782 1078 656 354 65 40 2
2 1782 1079 656 354 65 40 2
2 1782 1080 656 354 65 40 2
2 1782 1081 656 354 65 40 2
2 1782 1082 656 354 65 40 2
2 1782 1083 656 354 65 40 2
2 1782 1084 656 354 65 40 2
2 1782 1085 656 354 65 40 2
2 1782 1086 656 354 65 40 2
2 1782 1087 656 354 65 40 2
2 1782 1088 656 354 65 40 2
2 1782 1089 656 354 65 40 2
2 1782 1090 656 354 65 40 2
2 1782 1091 656 354 65 40 2
2 1782 1092 656 354 65 40 2
2 1782 1093 656 354 65 40 2
2 1782 1094 656 354 65 40 2
2 1782 1095 656 354 65 40 2
2 1782 1096 656 354 65 40 2
2 1782 1097 656 354 65 40 2
2 1782 1098 656 354 65 40 2
2 1782 1099 656 354 65 40 2
2 1782 1100 656 354 65 40 2
2 1782 1101 656 354 65 40 2
2 1782 1102 656 354 65 40 2
2 1782 1103 656 354 65 40 2
2 1782 1104 656 354 65 40 2
2 1782 1105 656 354 65 40 2
2 1782 1106 656 354 65 40 2
2 1782 1107 656 354 65 40 2
2 1782 1108 656 354 65 40 2
2 1782 1109 656 354 65 40 2
2 1782 1110 656 354 65 40 2
2 1782 1111 656 354 65 40 2
2 1782 1112 656 354 65 40 2
2 1782 1113 656 354 65 40 2
2 1782 1114 656 354 65 40 2
2 1782 1115 656 354 65 40 2
2 1782 1116 656 354 65 40 2
2 1782 1117 656 354 65 40 2
2 1782 1118 656 354 65 40 2
2 1782 1119 656 354 65 40 2
2 1782 1120 656 354 65 40 2
2 1782 1121 656 354 65 40 2
2 1782 1122 656 354 65 40 2
2 1782 1123 656 354 65 40 2
2 1782 1124 656 354 65 40 2
2 1782 1125 656 354 65 40 2
2 1782 1126 656 354 65 40 2
2 1782 1127 656 354 65 40 2
2 1782 1128 656 354 65 40 2
2 1782 1129 656 354 65 40 2
2 1782 1130 656 354 65 40 2
2 1782 1131 656 354 65 40 2
2 1782 1132 656 354 65 40 2
2 1782 1133 656 354 65 40 2
2 1782 1134 656 354 65 40 2
2 1782 1135 656 354 65 40 2
2 1782 1136 656 354 65 40 2
2 1782 1137 656 354 65 40 2
2 1782 1138 656 354 65 40 2
2 1782 1139 656 354 65 40 2
2 1782 1140 656 354 65 40 2
2 1782 1141 656 354 65 40 2
2 1782 1142 656 354 65 40 2
2 1782 1143 656 354 65 40 2
2 1782 1144 656 354 65 40 2
2 1782 1145 656 354 65 40 2
2 1782 1146 656 354 65 40 2
2 1782 1147 656 354 65 40 2
2 1782 1148 656 354 65 40 2
2 1782 1149 656 354 65 40 2
2 1782 1150 656 354 65 40 2
2 1782 1151 656 354 65 40 2
2 1782 1152 656 354 65 40 2
2 1782 1153 656 354 65 40 2
2 1782 1154 656 354 65 40 2
2 1782 1155 656 354 65 40 2
2 1782 1156 656 354 65 40 2
2 1782 1157 656 354 65 40 2
2 1782 1158 656 354 65 40 2
2 1782 1159 656 354 65 40 2
2 1782 1160 656 354 65 40 2
2 1782 1161 656 354 65 40 2
2 1782 1162 656 354 65 40 2
2 1782 1163 656 354 65 40 2
2 1782 1164 656 354 65 40 2
2 1782 1165 656 354 65 40 2
2 1782 1166 656 354 65 40 2
2 1782 1167 656 354 65 40 2
2 1782 1168 656 354 65 40 2
2 1782 1169 656 354 65 40 2
2 1782 1170 656 354 65 40 2
2 1782 1171 656 354 65 40 2
2 1782 1172 656 354 65 40 2
2 1782 1173 656 354 65 40 2
2 1782 1174 656 354 65 40 2
2 1782 1175 656 354 65 40 2
2 1782 1176 656 354 65 40 2
2 1782 1177 656 354 65 40 2
2 1782 1178 656 354 65 40 2
2 1782 1179 656 354 65 40 2
2 1782 1180 656 354 65 40 2
2 1782 1181 656 354 65 40 2
2 1782 1182 656 354 65 40 2
2 1782 1183 656 354 65 40 2
2 1782 1184 656 354 65 40 2
2 1782 1185 656 354 65 40 2
2 1782 1186 656 354 65 40 2
2 1782 1187 656 354 65 40 2
2 1782 1188 656 354 65 40 2
2 1782 1189 656 354 65 40 2
2 1782 1190 656 354 65 40 2
2 1782 1191 656 354 65 40 2
2 1782 1192 656 354 65 40 2
2 1782 1193 656 354 65 40 2
2 1782 1194 656 354 65 40 2
2 1782 1195 656 354 65 40 2
2 1782 1196 656 354 65 40 2
2 1782 1197 656 354 65 40 2
2 1782 1198 656 354 65 40 2
2 1782 1199 656 354 65 40 2
2 1782 1200 656 354 65 40 2
2 1782 1201 656 354 65 40 2
2 1782 1202 656 354 65 40 2
2 1782 1203 656 354 65 40 2
2 1782 1204 656 354 65 40 2
2 1782 1205 656 354 65 40 2
2 1782 1206 656 354 65 40 2
2 1782 1207 656 354 65 40 2
2 1782 1208 656 354 65 40 2
2 1782 1209 656 354 65 40 2
2 1782 1210 656 354 65 40 2
2 1782 1211 656 354 65 40 2
2 1782 1212 656 354 65 40 2
2 1782 1213 656 354 65 40 2
2 1782 1214 656 354 65 40 2
2 1782 1215 656 354 65 40 2
2 1782 1216 656 354 65 40 2
2 1782 1217 656 354 65 40 2
2 1782 1218 656 354 65 40 2
2 1782 1219 656 354 65 40 2
2 1782 1220 656 354 65 40 2
2 1782 1221 656 354 65 40 2
2 1782 1222 656 354 65 40 2
2 1782 1223 656 354 65 40 2
2 1782 1224 656 354 65 40 2
2 1782 1225 656 354 65 40 2
2 1782 1226 656 354 65 40 2
2 1782 1227 656 354 65 40 2
2 1782 1228 656 354 65 40 2
2 1782 1229 656 354 65 40 2
2 1782 1230 656 354 65 40 2
2 1782 1231 656 354 65 40 2
2 1782 1232 656 354 65 40 2
2 1782 1233 656 354 65 40 2
2 1782 1234 656 354 65 40 2
2 1782 1235 656 354 65 40 2
2 1782 1236 656 354 65 40 2
2 1782 1237 656 354 65 40 2
2 1782 1238 656 354 65 40 2
2 1782 1239 656 354 65 40 2
2 1782 1240 656 354 65 40 2
2 1782 1241 656 354 65 40 2
2 1782 1242 656 354 65 40 2
2 1782 1243 656 354 65 40 2
2 1782 1244 656 354 65 40 2
2 1782 1245 656 354 65 40 2
2 1782 1246 656 354 65 40 2
2 1782 1247 656 354 65 40 2
2 1782 1248 656 354 65 40 2
2 1782 1249 656 354 65 40 2
2 1782 1250 656 354 65 40 2
2 1782 1251 656 354 65 40 2
2 1782 1252 656 354 65 40 2
2 1782 1253 656 354 65 40 2
2 1782 1254 656 354 65 40 2
2 1782 1255 656 354 65 40 2
2 1782 1256 656 354 65 40 2
2 1782 1257 656 354 65 40 2
2 1782 1258 656 354 65 40 2
2 1782 1259 656 354 65 40 2
2 1782 1260 656 354 65 40 2
2 1782 1261 656 354 65 40 2
2 1782 1262 656 354 65 40 2
2 1782 1263 656 354 65 40 2
2 1782 1264 656 354 65 40 2
2 1782 1265 656 354 65 40 2
2 1782 1266 656 354 65 40 2
2 1782 1267 656 354 65 40 2
2 1782 1268 656 354 65 40 2
2 1782 1269 656 354 65 40 2
2 1782 1270 656 354 65 40 2
2 1782 1271 656 354 65 40 2
2 1782 1272 656 354 65 40 2
2 1782 1273 656 354 65 40 2
2 1782 1274 656 354 65 40 2
2 1782 1275 656 354 65 40 2
2 1782 1276 656 354 65 40 2
2 1782 1277 656 354 65 40 2
2 1782 1278 656 354 65 40 2
2 1782 1279 656 354 65 40 2
2 1782 1280 656 354 65 40 2
2 1782 1281 656 354 65 40 2
2 1782 1282 656 354 65 40 2
2 1782 1283 656 354 65 40 2
2 1782 1284 656 354 65 40 2
2 1782 1285 656 354 65 40 2
2 1782 1286 656 354 65 40 2
2 1782 1287 656 354 65 40 2
2 1782 1288 656 354 65 40 2
2 1782 1289 656 354 65 40 2
2 1782 1290 656 354 65 40 2
2 1782 1291 656 354 65 40 2
2 1782 1292 656 354 65 40 2
2 1782 1293 656 354 65 40 2
2 1782 1294 656 354 65 40 2
2 1782 1295 656 354 65 40 2
2 1782 1296 656 354 65 40 2
2 1782 1297 656 354 65 40 2
2 1782 1298 656 354 65 40 2
2 1782 1299 656 354 65 40 2
2 1782 1300 656 354 65 40 2
2 1782 1301 656 354 65 40 2
2 1782 1302 656 354 65 40 2
2 1782 1303 656 354 65 40 2
2 1782 1304 656 354 65 40 2
2 1782 1305 656 354 65 40 2
2 1782 1306 656 354 65 40 2
2 1782 1307 656 354 65 40 2
2 1782 1308 656 354 65 40 2
2 1782 1309 656 354 65 40 2
2 1782 1310 656 354 65 40 2
2 1782 1311 656 354 65 40 2
2 1782 1312 656 354 65 40 2
2 1782 1313 656 354 65 40 2
2 1782 1314 656 354 65 40 2
2 1782 1315 656 354 65 40 2
2 1782 1316 656 354 65 40 2
2 1782 1317 656 354 65 40 2
2 1782 1318 656 354 65 40 2
2 1782 1319 656 354 65 40 2
2 1782 1320 656 354 65 40 2
2 1782 1321 656 354 65 40 2
2 1782 1322 656 354 65 40 2
2 1782 1323 656 354 65 40 2
2 1782 1324 656 354 65 40 2
2 1782 1325 656 354 65 40 2
2 1782 1326 656 354 65 40 2
2 1782 1327 656 354 65 40 2
2 1782 1328 656 354 65 40 2
2 1782 1329 656 354 65 40 2
2 1782 1330 656 354 65 40 2
2 1782 1331 656 354 65 40 2
2 1782 1332 656 354 65 40 2
2 1782 1333 656 354 65 40 2
2 1782 1334 656 354 65 40 2
2 1782 1335 656 354 65 40 2
2 1782 1336 656 354 65 40 2
2 1782 1337 656 354 65 40 2
2 1782 1338 656 354 65 40 2
2 1782 1339 656 354 65 40 2
2 1782 1340 656 354 65 40 2
2 1782 1341 656 354 65 40 2
2 1782 1342 656 354 65 40 2
2 1782 1343 656 354 65 40 2
2 1782 1344 656 354 65 40 2
2 1782 1345 656 354 65 40 2
2 1782 1346 656 354 65 40 2
2 1782 1347 656 354 65 40 2
2 1782 1348 656 354 65 40 2
2 1782 1349 656 354 65 40 2
2 1782 1350 656 354 65 40 2
2 1782 1351 656 354 65 40 2
2 1782 1352 656 354 65 40 2
2 1782 1353 656 354 65 40 2
2 1782 1354 656 354 65 40 2
2 1782 1355 656 354 65 40 2
2 1782 1356 656 354 65 40 2
2 1782 1357 656 354 65 40 2
2 1782 1358 656 354 65 40 2
2 1782 1359 656 354 65 40 2
2 1782 1360 656 354 65 40 2
2 1782 1361 656 354 65 40 2
2 1782 1362 656 354 65 40 2
2 1782 1363 656 354 65 40 2
2 1782 1364 656 354 65 40 2
2 1782 1365 656 354 65 40 2
2 1782 1366 656 354 65 40 2
2 1782 1367 656 354 65 40 2
2 1782 1368 656 354 65 40 2
2 1782 1369 656 354 65 40 2
2 1782 1370 656 354 65 40 2
2 1782 1371 656 354 65 40 2
2 1782 1372 656 354 65 40 2
2 1782 1373 656 354 65 40 2
2 1782 1374 656 354 65 40 2
2 1782 1375 656 354 65 40 2
2 1782 1376 656 354 65 40 2
2 1782 1377 656 354 65 40 2
2 1782 1378 656 354 65 40 2
2 1782 1379 656 354 65 40 2
2 1782 1380 656 354 65 40 2
2 1782 1381 656 354 65 40 2
2 1782 1382 656 354 65 40 2
2 1782 1383 656 354 65 40 2
2 1782 1384 656 354 65 40 2
2 1782 1385 656 354 65 40 2
2 1782 1386 656 354 65 40 2
2 1782 1387 656 354 65 40 2
2 1782 1388 656 354 65 40 2
2 1782 1389 656 354 65 40 2
2 1782 1390 656 354 65 40 2
2 1782 1391 656 354 65 40 2
2 1782 1392 656 354 65 40 2
2 1782 1393 656 354 65 40 2
2 1782 1394 656 354 65 40 2
2 1782 1395 656 354 65 40 2
2 1782 1396 656 354 65 40 2
2 1782 1397 656 354 65 40 2
2 1782 1398 656 354 65 40 2
2 1782 1399 656 354 65 40 2
2 1782 1400 656 354 65 40 2
2 1782 1401 656 354 65 40 2
2 1782 1402 656 354 65 40 2
2 1782 1403 656 354 65 40 2
2 1782 1404 656 354 65 40 2
2 1782 1405 656 354 65 40 2
2 1782 1406 656 354 65 40 2
2 1782 1407 656 354 65 40 2
2 1782 1408 656 354 65 40 2
2 1782 1409 656 354 65 40 2
2 1782 1410 656 354 65 40 2
2 1782 1411 656 354 65 40 2
2 1782 1412 656 354 65 40 2
2 1782 1413 656 354 65 40 2
2 1782 1414 656 354 65 40 2
2 1782 1415 656 354 65 40 2
2 1782 1416 656 354 65 40 2
2 1782 1417 656 354 65 40 2
2 1782 1418 656 354 65 40 2
2 1782 1419 656 354 65 40 2
2 1782 1420 656 354 65 40 2
2 1782 1421 656 354 65 40 2
2 1782 1422 656 354 65 40 2
2 1782 1423 656 354 65 40 2
2 1782 1424 656 354 65 40 2
2 1782 1425 656 354 65 40 2
2 1782 1426 656 354 65 40 2
2 1782 1427 656 354 65 40 2
2 1782 1428 656 354 65 40 2
2 1782 1429 656 354 65 40 2
2 1782 1430 656 354 65 40 2
2 1782 1431 656 354 65 40 2
2 1782 1432 656 354 65 40 2
2 1782 1433 656 354 65 40 2
2 1782 1434 656 354 65 40 2
2 1782 1435 656 354 65 40 2
2 1782 1436 656 354 65 40 2
2 1782 1437 656 354 65 40 2
2 1782 1438 656 354 65 40 2
2 1782 1439 656 354 65 40 2
2 1782 1440 656 354 65 40 2
2 1782 1441 656 354 65 40 2
2 1782 1442 656 354 65 40 2
2 1782 1443 656 354 65 40 2
2 1782 1444 656 354 65 40 2
2 1782 1445 656 354 65 40 2
2 1782 1446 656 354 65 40 2
2 1782 1447 656 354 65 40 2
2 1782 1448 656 354 65 40 2
2 1782 1449 656 354 65 40 2
2 1782 1450 656 354 65 40 2
2 1782 1451 656 354 65 40 2
2 1782 1452 656 354 65 40 2
2 1782 1453 656 354 65 40 2
2 1782 1454 656 354 65 40 2
2 1782 1455 656 354 65 40 2
2 1782 1456 656 354 65 40 2
2 1782 1457 656 354 65 40 2
2 1782 1458 656 354 65 40 2
2 1782 1459 656 354 65 40 2
2 1782 1460 656 354 65 40 2
2 1782 1461 656 354 65 40 2
2 1782 1462 656 354 65 40 2
2 1782 1463 656 354 65 40 2
2 1782 1464 656 354 65 40 2
2 1782 1465 656 354 65 40 2
2 1782 1466 656 354 65 40 2
2 1782 1467 656 354 65 40 2
2 1782 1468 656 354 65 40 2
2 1782 1469 656 354 65 40 2
2 1782 1470 656 354 65 40 2
2 1782 1471 656 354 65 40 2
2 1782 1472 656 354 65 40 2
2 1782 1473 656 354 65 40 2
2 1782 1474 656 354 65 40 2
2 1782 1475 656 354 65 40 2
2 1782 1476 656 354 65 40 2
2 1782 1477 656 354 65 40 2
2 1782 1478 656 354 65 40 2
2 1782 1479 656 354 65 40 2
2 1782 1480 656 354 65 40 2
2 1782 1481 656 354 65 40 2
2 1782 1482 656 354 65 40 2
2 1782 1483 656 354 65 40 2
2 1782 1484 656 354 65 40 2
2 1782 1485 656 354 65 40 2
2 1782 1486 656 354 65 40 2
2 1782 1487 656 354 65 40 2
2 1782 1488 656 354 65 40 2
2 1782 1489 656 354 65 40 2
2 1782 1490 656 354 65 40 2
2 1782 1491 656 354 65 40 2
2 1782 1492 656 354 65 40 2
2 1782 1493 656 354 65 40 2
2 1782 1494 656 354 65 40 2
2 1782 1495 656 354 65 40 2
2 1782 1496 656 354 65 40 2
2 1782 1497 656 354 65 40 2
2 1782 1498 656 354 65 40 2
2 1782 1499 656 354 65 40 2
2 1782 1500 656 354 65 40 2
2 1782 1501 656 354 65 40 2
2 1782 1502 656 354 65 40 2
2 1782 1503 656 354 65 40 2
2 1782 1504 656 354 65 40 2
2 1782 1505 656 354 65 40 2
2 1782 1506 656 354 65 40 2
2 1782 1507 656 354 65 40 2
2 1782 1508 656 354 65 40 2
2 1782 1509 656 354 65 40 2
2 1782 1510 656 354 65 40 2
2 1782 1511 656 354 65 40 2
2 1782 1512 656 354 65 40 2
2 1782 1513 656 354 65 40 2
2 1782 1514 656 354 65 40 2
2 1782 1515 656 354 65 40 2
2 1782 1516 656 354 65 40 2
2 1782 1517 656 354 65 40 2
2 1782 1518 656 354 65 40 2
2 1782 1519 656 354 65 40 2
2 1782 1520 656 354 65 40 2
2 1782 1521 656 354 65 40 2
2 1782 1522 656 354 65 40 2
2 1782 1523 656 354 65 40 2
2 1782 1524 656 354 65 40 2
2 1782 1525 656 354 65 40 2
2 1782 1526 656 354 65 40 2
2 1782 1527 656 354 65 40 2
2 1782 1528 656 354 65 40 2
2 1782 1529 656 354 65 40 2
2 1782 1530 656 354 65 40 2
2 1782 1531 656 354 65 40 2
2 1782 1532 656 354 65 40 2
2 1782 1533 656 354 65 40 2
2 1782 1534 656 354 65 40 2
2 1782 1535 656 354 65 40 2
2 1782 1536 656 354 65 40 2
2 1782 1537 656 354 65 40 2
2 1782 1538 656 354 65 40 2
2 1782 1539 656 354 65 40 2
2 1782 1540 656 354 65 40 2
2 1782 1541 656 354 65 40 2
2 1782 1542 656 354 65 40 2
2 1782 1543 656 354 65 40 2
2 1782 1544 656 354 65 40 2
2 1782 1545 656 354 65 40 2
2 1782 1546 656 354 65 40 2
2 1782 1547 656 354 65 40 2
2 1782 1548 656 354 65 40 2
2 1782 1549 656 354 65 40 2
2 1782 1550 656 354 65 40 2
2 1782 1551 656 354 65 40 2
2 1782 1552 656 354 65 40 2
2 1782 1553 656 354 65 40 2
2 1782 1554 656 354 65 40 2
2 1782 1555 656 354 65 40 2
2 1782 1556 656 354 65 40 2
2 1782 1557 656 354 65 40 2
2 1782 1558 656 354 65 40 2
2 1782 1559 656 354 65 40 2
2 1782 1560 656 354 65 40 2
2 1782 1561 656 354 65 40 2
2 1782 1562 656 354 65 40 2
2 1782 1563 656 354 65 40 2
2 1782 1564 656 354 65 40 2
2 1782 1565 656 354 65 40 2
2 1782 1566 656 354 65 40 2
2 1782 1567 656 354 65 40 2
2 1782 1568 656 354 65 40 2
2 1782 1569 656 354 65 40 2
2 1782 1570 656 354 65 40 2
2 1782 1571 656 354 65 40 2
2 1782 1572 656 354 65 40 2
2 1782 1573 656 354 65 40 2
2 1782 1574 656 354 65 40 2
2 1782 1575 656 354 65 40 2
2 1782 1576 656 354 65 40 2
2 1782 1577 656 354 65 40 2
2 1782 1578 656 354 65 40 2
2 1782 1579 656 354 65 40 2
2 1782 1580 656 354 65 40 2
2 1782 1581 656 354 65 40 2
2 1782 1582 656 354 65 40 2
2 1782 1583 656 354 65 40 2
2 1782 1584 656 354 65 40 2
2 1782 1585 656 354 65 40 2
2 1782 1586 656 354 65 40 2
2 1782 1587 656 354 65 40 2
2 1782 1588 656 354 65 40 2
2 1782 1589 656 354 65 40 2
2 1782 1590 656 354 65 40 2
2 1782 1591 656 354 65 40 2
2 1782 1592 656 354 65 40 2
2 1782 1593 656 354 65 40 2
2 1782 1594 656 354 65 40 2
2 1782 1595 656 354 65 40 2
2 1782 1596 656 354 65 40 2
2 1782 1597 656 354 65 40 2
2 1782 1598 656 354 65 40 2
2 1782 1599 656 354 65 40 2
2 1782 1600 656 354 65 40 2
2 1782 1601 656 354 65 40 2
2 1782 1602 656 354 65 40 2
2 1782 1603 656 354 65 40 2
2 1782 1604 656 354 65 40 2
2 1782 1605 656 354 65 40 2
2 1782 1606 656 354 65 40 2
2 1782 1607 656 354 65 40 2
2 1782 1608 656 354 65 40 2
2 1782 1609 656 354 65 40 2
2 1782 1610 656 354 65 40 2
2 1782 1611 656 354 65 40 2
2 1782 1612 656 354 65 40 2
2 1782 1613 656 354 65 40 2
2 1782 1614 656 354 65 40 2
2 1782 1615 656 354 65 40 2
2 1782 1616 656 354 65 40 2
2 1782 1617 656 354 65 40 2
2 1782 1618 656 354 65 40 2
2 1782 1619 656 354 65 40 2
2 1782 1620 656 354 65 40 2
2 1782 1621 656 354 65 40 2
2 1782 1622 656 354 65 40 2
2 1782 1623 656 354 65 40 2
2 1782 1624 656 354 65 40 2
2 1782 1625 656 354 65 40 2
2 1782 1626 656 354 65 40 2
2 1782 1627 656 354 65 40 2
2 1782 1628 656 354 65 40 2
2 1782 1629 656 354 65 40 2
2 1782 1630 656 354 65 40 2
2 1782 1631 656 354 65 40 2
2 1782 1632 656 354 65 40 2
2 1782 1633 656 354 65 40 2
2 1782 1634 656 354 65 40 2
2 1782 1635 656 354 65 40 2
2 1782 1636 656 354 65 40 2
2 1782 1637 656 354 65 40 2
2 1782 1638 656 354 65 40 2
2 1782 1639 656 354 65 40 2
2 1782 1640 656 354 65 40 2
2 1782 1641 656 354 65 40 2
2 1782 1642 656 354 65 40 2
2 1782 1643 656 354 65 40 2
2 1782 1644 656 354 65 40 2
2 1782 1645 656 354 65 40 2
2 1782 1646 656 354 65 40 2
2 1782 1647 656 354 65 40 2
2 1782 1648 656 354 65 40 2
2 1782 1649 656 354 65 40 2
2 1782 1650 656 354 65 40 2
2 1782 1651 656 354 65 40 2
2 1782 1652 656 354 65 40 2
2 1782 1653 656 354 65 40 2
2 1782 1654 656 354 65 40 2
2 1782 1655 656 354 65 40 2
2 1782 1656 656 354 65 40 2
2 1782 1657 656 354 65 40 2
2 1782 1658 656 354 65 40 2
2 1782 1659 656 354 65 40 2
2 1782 1660 656 354 65 40 2
2 1782 1661 656 354 65 40 2
2 1782 1662 656 354 65 40 2
2 1782 1663 656 354 65 40 2
2 1782 1664 656 354 65 40 2
2 1782 1665 656 354 65 40 2
2 1782 1666 656 354 65 40 2
2 1782 1667 656 354 65 40 2
2 1782 1668 656 354 65 40 2
2 1782 1669 656 354 65 40 2
2 1782 1670 656 354 65 40 2
2 1782 1671 656 354 65 40 2
2 1782 1672 656 354 65 40 2
2 1782 1673 656 354 65 40 2
2 1782 1674 656 354 65 40 2
2 1782 1675 656 354 65 40 2
2 1782 1676 656 354 65 40 2
2 1782 1677 656 354 65 40 2
2 1782 1678 656 354 65 40 2
2 1782 1679 656 354 65 40 2
2 1782 1680 656 354 65 40 2
2 1782 1681 656 354 65 40 2
2 1782 1682 656 354 65 40 2
2 1782 1683 656 354 65 40 2
2 1782 1684 656 354 65 40 2
2 1782 1685 656 354 65 40 2
2 1782 1686 656 354 65 40 2
2 1782 1687 656 354 65 40 2
2 1782 1688 656 354 65 40 2
2 1782 1689 656 354 65 40 2
2 1782 1690 656 354 65 40 2
2 1782 1691 656 354 65 40 2
2 1782 1692 656 354 65 40 2
2 1782 1693 656 354 65 40 2
2 1782 1694 656 354 65 40 2
2 1782 1695 656 354 65 40 2
2 1782 1696 656 354 65 40 2
2 1782 1697 656 354 65 40 2
2 1782 1698 656 354 65 40 2
2 1782 1699 656 354 65 40 2
2 1782 1700 656 354 65 40 2
2 1782 1701 656 354 65 40 2
2 1782 1702 656 354 65 40 2
2 1782 1703 656 354 65 40 2
2 1782 1704 656 354 65 40 2
2 1782 1705 656 354 65 40 2
2 1782 1706 656 354 65 40 2
2 1782 1707 656 354 65 40 2
2 1782 1708 656 354 65 40 2
2 1782 1709 656 354 65 40 2
2 1782 1710 656 354 65 40 2
2 1782 1711 656 354 65 40 2
2 1782 1712 656 354 65 40 2
2 1782 1713 656 354 65 40 2
2 1782 1714 656 354 65 40 2
2 1782 1715 656 354 65 40 2
2 1782 1716 656 354 65 40 2
2 1782 1717 656 354 65 40 2
2 1782 1718 656 354 65 40 2
2 1782 1719 656 354 65 40 2
2 1782 1720 656 354 65 40 2
2 1782 1721 656 354 65 40 2
2 1782 1722 656 354 65 40 2
2 1782 1723 656 354 65 40 2
2 1782 1724 656 354 65 40 2
2 1782 1725 656 354 65 40 2
2 1782 1726 656 354 65 40 2
2 1782 1727 656 354 65 40 2
2 1782 1728 656 354 65 40 2
2 1782 1729 656 354 65 40 2
2 1782 1730 656 354 65 40 2
2 1782 1731 656 354 65 40 2
2 1782 1732 656 354 65 40 2
2 1782 1733 656 354 65 40 2
2 1782 1734 656 354 65 40 2
2 1782 1735 656 354 65 40 2
2 1782 1736 656 354 65 40 2
2 1782 1737 656 354 65 40 2
2 1782 1738 656 354 65 40 2
2 1782 1739 656 354 65 40 2
2 1782 1740 656 354 65 40 2
2 1782 1741 656 354 65 40 2
2 1782 1742 656 354 65 40 2
2 1782 1743 656 354 65 40 2
2 1782 1744 656 354 65 40 2
2 1782 1745 656 354 65 40 2
2 1782 1746 656 354 65 40 2
2 1782 1747 656 354 65 40 2
2 1782 1748 656 354 65 40 2
2 1782 1749 656 354 65 40 2
2 1782 1750 656 354 65 40 2
2 1782 1751 656 354 65 40 2
2 1782 1752 656 354 65 40 2
2 1782 1753 656 354 65 40 2
2 1782 1754 656 354 65 40 2
2 1782 1755 656 354 65 40 2
2 1782 1756 656 354 65 40 2
2 1782 1757 656 354 65 40 2
2 1782 1758 656 354 65 40 2
2 1782 1759 656 354 65 40 2
2 1782 1760 656 354 65 40 2
2 1782 1761 656 354 65 40 2
2 1782 1762 656 354 65 40 2
2 1782 1763 656 354 65 40 2
2 1782 1764 656 354 65 40 2
2 1782 1765 656 354 65 40 2
2 1782 1766 656 354 65 40 2
2 1782 1767 656 354 65 40 2
2 1782 1768 656 354 65 40 2
2 1782 1769 656 354 65 40 2
2 1782 1770 656 354 65 40 2
2 1782 1771 656 354 65 40 2
2 1782 1772 656 354 65 40 2
2 1782 1773 656 354 65 40 2
2 1782 1774 656 354 65 40 2
2 1782 1775 656 354 65 40 2
2 1782 1776 656 354 65 40 2
2 1782 1777 656 354 65 40 2
2 1782 1778 656 354 65 40 2
2 1782 1779 656 354 65 40 2
2 1782 1780 656 354 65 40 2
2 1782 1781 656 354 65 40 2
