26 2 146 797 942 797 1266 235 174 159 
26 2 146 797 942 798 1266 235 174 159 
26 2 146 797 942 799 1266 235 174 159 
26 2 146 797 942 800 1266 235 174 159 
26 2 146 797 942 801 1266 235 174 159 
26 2 146 797 942 802 1266 235 174 159 
26 2 146 797 942 803 1266 235 174 159 
26 2 146 797 942 804 1266 235 174 159 
26 2 146 797 942 805 1266 235 174 159 
26 2 146 797 942 806 1266 235 174 159 
26 2 146 797 942 807 1266 235 174 159 
26 2 146 797 942 808 1266 235 174 159 
26 2 146 797 942 809 1266 235 174 159 
26 2 146 797 942 810 1266 235 174 159 
26 2 146 797 942 811 1266 235 174 159 
26 2 146 797 942 812 1266 235 174 159 
26 2 146 797 942 813 1266 235 174 159 
26 2 146 797 942 814 1266 235 174 159 
26 2 146 797 942 815 1266 235 174 159 
26 2 146 797 942 816 1266 235 174 159 
26 2 146 797 942 817 1266 235 174 159 
26 2 146 797 942 818 1266 235 174 159 
26 2 146 797 942 819 1266 235 174 159 
26 2 146 797 942 820 1266 235 174 159 
26 2 146 797 942 821 1266 235 174 159 
26 2 146 797 942 822 1266 235 174 159 
26 2 146 797 942 823 1266 235 174 159 
26 2 146 797 942 824 1266 235 174 159 
26 2 146 797 942 825 1266 235 174 159 
26 2 146 797 942 826 1266 235 174 159 
26 2 146 797 942 827 1266 235 174 159 
26 2 146 797 942 828 1266 235 174 159 
26 2 146 797 942 829 1266 235 174 159 
26 2 146 797 942 830 1266 235 174 159 
26 2 146 797 942 831 1266 235 174 159 
26 2 146 797 942 832 1266 235 174 159 
26 2 146 797 942 833 1266 235 174 159 
26 2 146 797 942 834 1266 235 174 159 
26 2 146 797 942 835 1266 235 174 159 
26 2 146 797 942 836 1266 235 174 159 
26 2 146 797 942 837 1266 235 174 159 
26 2 146 797 942 838 1266 235 174 159 
26 2 146 797 942 839 1266 235 174 159 
26 2 146 797 942 840 1266 235 174 159 
26 2 146 797 942 841 1266 235 174 159 
26 2 146 797 942 842 1266 235 174 159 
26 2 146 797 942 843 1266 235 174 159 
26 2 146 797 942 844 1266 235 174 159 
26 2 146 797 942 845 1266 235 174 159 
26 2 146 797 942 846 1266 235 174 159 
26 2 146 797 942 847 1266 235 174 159 
26 2 146 797 942 848 1266 235 174 159 
26 2 146 797 942 849 1266 235 174 159 
26 2 146 797 942 850 1266 235 174 159 
26 2 146 797 942 851 1266 235 174 159 
26 2 146 797 942 852 1266 235 174 159 
26 2 146 797 942 853 1266 235 174 159 
26 2 146 797 942 854 1266 235 174 159 
26 2 146 797 942 855 1266 235 174 159 
26 2 146 797 942 856 1266 235 174 159 
26 2 146 797 942 857 1266 235 174 159 
26 2 146 797 942 858 1266 235 174 159 
26 2 146 797 942 859 1266 235 174 159 
26 2 146 797 942 860 1266 235 174 159 
26 2 146 797 942 861 1266 235 174 159 
26 2 146 797 942 862 1266 235 174 159 
26 2 146 797 942 863 1266 235 174 159 
26 2 146 797 942 864 1266 235 174 159 
26 2 146 797 942 865 1266 235 174 159 
26 2 146 797 942 866 1266 235 174 159 
26 2 146 797 942 867 1266 235 174 159 
26 2 146 797 942 868 1266 235 174 159 
26 2 146 797 942 869 1266 235 174 159 
26 2 146 797 942 870 1266 235 174 159 
26 2 146 797 942 871 1266 235 174 159 
26 2 146 797 942 872 1266 235 174 159 
26 2 146 797 942 873 1266 235 174 159 
26 2 146 797 942 874 1266 235 174 159 
26 2 146 797 942 875 1266 235 174 159 
26 2 146 797 942 876 1266 235 174 159 
26 2 146 797 942 877 1266 235 174 159 
26 2 146 797 942 878 1266 235 174 159 
26 2 146 797 942 879 1266 235 174 159 
26 2 146 797 942 880 1266 235 174 159 
26 2 146 797 942 881 1266 235 174 159 
26 2 146 797 942 882 1266 235 174 159 
26 2 146 797 942 883 1266 235 174 159 
26 2 146 797 942 884 1266 235 174 159 
26 2 146 797 942 885 1266 235 174 159 
26 2 146 797 942 886 1266 235 174 159 
26 2 146 797 942 887 1266 235 174 159 
26 2 146 797 942 888 1266 235 174 159 
26 2 146 797 942 889 1266 235 174 159 
26 2 146 797 942 890 1266 235 174 159 
26 2 146 797 942 891 1266 235 174 159 
26 2 146 797 942 892 1266 235 174 159 
26 2 146 797 942 893 1266 235 174 159 
26 2 146 797 942 894 1266 235 174 159 
26 2 146 797 942 895 1266 235 174 159 
26 2 146 797 942 896 1266 235 174 159 
26 2 146 797 942 897 1266 235 174 159 
26 2 146 797 942 898 1266 235 174 159 
26 2 146 797 942 899 1266 235 174 159 
26 2 146 797 942 900 1266 235 174 159 
26 2 146 797 942 901 1266 235 174 159 
26 2 146 797 942 902 1266 235 174 159 
26 2 146 797 942 903 1266 235 174 159 
26 2 146 797 942 904 1266 235 174 159 
26 2 146 797 942 905 1266 235 174 159 
26 2 146 797 942 906 1266 235 174 159 
26 2 146 797 942 907 1266 235 174 159 
26 2 146 797 942 908 1266 235 174 159 
26 2 146 797 942 909 1266 235 174 159 
26 2 146 797 942 910 1266 235 174 159 
26 2 146 797 942 911 1266 235 174 159 
26 2 146 797 942 912 1266 235 174 159 
26 2 146 797 942 913 1266 235 174 159 
26 2 146 797 942 914 1266 235 174 159 
26 2 146 797 942 915 1266 235 174 159 
26 2 146 797 942 916 1266 235 174 159 
26 2 146 797 942 917 1266 235 174 159 
26 2 146 797 942 918 1266 235 174 159 
26 2 146 797 942 919 1266 235 174 159 
26 2 146 797 942 920 1266 235 174 159 
26 2 146 797 942 921 1266 235 174 159 
26 2 146 797 942 922 1266 235 174 159 
26 2 146 797 942 923 1266 235 174 159 
26 2 146 797 942 924 1266 235 174 159 
26 2 146 797 942 925 1266 235 174 159 
26 2 146 797 942 926 1266 235 174 159 
26 2 146 797 942 927 1266 235 174 159 
26 2 146 797 942 928 1266 235 174 159 
26 2 146 797 942 929 1266 235 174 159 
26 2 146 797 942 930 1266 235 174 159 
26 2 146 797 942 931 1266 235 174 159 
26 2 146 797 942 932 1266 235 174 159 
26 2 146 797 942 933 1266 235 174 159 
26 2 146 797 942 934 1266 235 174 159 
26 2 146 797 942 935 1266 235 174 159 
26 2 146 797 942 936 1266 235 174 159 
26 2 146 797 942 937 1266 235 174 159 
26 2 146 797 942 938 1266 235 174 159 
26 2 146 797 942 939 1266 235 174 159 
26 2 146 797 942 940 1266 235 174 159 
26 2 146 797 942 941 1266 235 174 159 
26 2 146 797 942 942 1266 235 174 159 
28 9 224 1009 1232 1009 1351 254 68 136 
28 9 224 1009 1232 1010 1351 254 68 136 
28 9 224 1009 1232 1011 1352 254 70 136 
28 9 224 1009 1232 1012 1355 254 70 136 
28 9 224 1009 1232 1013 1359 254 68 136 
28 9 224 1009 1232 1014 1359 254 68 136 
28 9 224 1009 1232 1015 1360 254 70 136 
28 9 224 1009 1232 1016 1363 254 70 136 
28 9 224 1009 1232 1017 1367 254 68 136 
28 9 224 1009 1232 1018 1368 254 70 136 
28 9 224 1009 1232 1019 1368 254 70 136 
28 9 224 1009 1232 1020 1371 254 70 136 
28 9 224 1009 1232 1021 1375 254 68 136 
28 9 224 1009 1232 1022 1376 254 70 136 
28 9 224 1009 1232 1023 1376 254 70 136 
28 9 224 1009 1232 1024 1379 254 70 136 
28 9 224 1009 1232 1025 1383 254 68 136 
28 9 224 1009 1232 1026 1384 254 70 136 
28 9 224 1009 1232 1027 1387 257 70 135 
28 9 224 1009 1232 1028 1387 257 70 135 
28 9 224 1009 1232 1029 1391 257 68 135 
28 9 224 1009 1232 1030 1392 257 70 135 
28 9 224 1009 1232 1031 1392 257 70 135 
28 9 224 1009 1232 1032 1395 257 70 135 
28 9 224 1009 1232 1033 1399 257 68 135 
28 9 224 1009 1232 1034 1400 259 70 136 
28 9 224 1009 1232 1035 1400 259 70 136 
28 9 224 1009 1232 1036 1403 259 70 136 
28 9 224 1009 1232 1037 1407 259 68 136 
28 9 224 1009 1232 1038 1408 259 70 136 
28 9 224 1009 1232 1039 1408 259 70 136 
28 9 224 1009 1232 1040 1411 262 70 136 
28 9 224 1009 1232 1041 1415 262 68 136 
28 9 224 1009 1232 1042 1415 262 68 136 
28 9 224 1009 1232 1043 1416 262 70 136 
28 9 224 1009 1232 1044 1419 262 70 136 
28 9 224 1009 1232 1045 1423 262 68 136 
28 9 224 1009 1232 1046 1423 262 68 136 
28 9 224 1009 1232 1047 1424 265 70 135 
28 9 224 1009 1232 1048 1427 265 70 135 
28 9 224 1009 1232 1049 1431 265 68 135 
28 9 224 1009 1232 1050 1431 265 68 135 
28 9 224 1009 1232 1051 1432 265 70 135 
28 9 224 1009 1232 1052 1435 265 70 135 
28 9 224 1009 1232 1053 1439 267 68 136 
28 9 224 1009 1232 1054 1439 267 68 136 
28 9 224 1009 1232 1055 1440 267 70 136 
28 9 224 1009 1232 1056 1443 267 70 136 
28 9 224 1009 1232 1057 1447 270 68 136 
28 9 224 1009 1232 1058 1448 270 70 136 
28 9 224 1009 1232 1059 1448 270 70 136 
28 9 224 1009 1232 1060 1451 270 70 136 
28 9 224 1009 1232 1061 1455 273 68 135 
28 9 224 1009 1232 1062 1456 273 70 135 
28 9 224 1009 1232 1063 1459 273 70 135 
28 9 224 1009 1232 1064 1459 273 70 135 
28 9 224 1009 1232 1065 1463 275 68 136 
28 9 224 1009 1232 1066 1464 275 70 136 
28 9 224 1009 1232 1067 1467 275 70 136 
28 9 224 1009 1232 1068 1471 275 68 136 
28 9 224 1009 1232 1069 1471 278 68 136 
28 9 224 1009 1232 1070 1472 278 70 136 
28 9 224 1009 1232 1071 1475 278 70 136 
28 9 224 1009 1232 1072 1479 278 68 136 
28 9 224 1009 1232 1073 1480 281 70 135 
28 9 224 1009 1232 1074 1480 281 70 135 
28 9 224 1009 1232 1075 1483 281 70 135 
28 9 224 1009 1232 1076 1487 281 68 135 
28 9 224 1009 1232 1077 1488 283 70 136 
28 9 224 1009 1232 1078 1491 283 70 136 
28 9 224 1009 1232 1079 1491 283 70 136 
28 9 224 1009 1232 1080 1495 283 68 136 
28 9 224 1009 1232 1081 1496 286 70 136 
28 9 224 1009 1232 1082 1499 286 70 136 
28 9 224 1009 1232 1083 1503 286 68 136 
28 9 224 1009 1232 1084 1503 286 68 136 
28 9 224 1009 1232 1085 1504 289 70 135 
28 9 224 1009 1232 1086 1507 289 70 135 
28 9 224 1009 1232 1087 1511 289 68 135 
28 9 224 1009 1232 1088 1512 289 70 135 
28 9 224 1009 1232 1089 1512 291 70 136 
28 9 224 1009 1232 1090 1515 291 70 136 
28 9 224 1009 1232 1091 1519 291 68 136 
28 9 224 1009 1232 1092 1520 291 70 136 
28 9 224 1009 1232 1093 1523 294 70 136 
28 9 224 1009 1232 1094 1523 294 70 136 
28 9 224 1009 1232 1095 1527 294 68 136 
28 9 224 1009 1232 1096 1528 294 70 136 
28 9 224 1009 1232 1097 1531 297 70 135 
28 9 224 1009 1232 1098 1535 297 68 135 
28 9 224 1009 1232 1099 1536 297 70 135 
28 9 224 1009 1232 1100 1539 299 70 136 
28 9 224 1009 1232 1101 1543 299 68 136 
28 9 224 1009 1232 1102 1544 299 70 136 
28 9 224 1009 1232 1103 1544 302 70 136 
28 9 224 1009 1232 1104 1547 302 70 136 
28 9 224 1009 1232 1105 1551 302 68 136 
28 9 224 1009 1232 1106 1552 305 70 135 
28 9 224 1009 1232 1107 1555 305 70 135 
28 9 224 1009 1232 1108 1559 305 68 135 
28 9 224 1009 1232 1109 1560 307 70 136 
28 9 224 1009 1232 1110 1563 307 70 136 
28 9 224 1009 1232 1111 1567 307 68 136 
28 9 224 1009 1232 1112 1568 310 70 136 
28 9 224 1009 1232 1113 1568 310 70 136 
28 9 224 1009 1232 1114 1571 310 70 136 
28 9 224 1009 1232 1115 1575 313 68 135 
28 9 224 1009 1232 1116 1576 313 70 135 
28 9 224 1009 1232 1117 1579 313 70 135 
28 9 224 1009 1232 1118 1583 315 68 136 
28 9 224 1009 1232 1119 1584 315 70 136 
28 9 224 1009 1232 1120 1587 315 70 136 
28 9 224 1009 1232 1121 1591 318 68 136 
28 9 224 1009 1232 1122 1591 318 68 136 
28 9 224 1009 1232 1123 1592 318 70 136 
28 9 224 1009 1232 1124 1595 321 70 135 
28 9 224 1009 1232 1125 1599 321 68 135 
28 9 224 1009 1232 1126 1600 321 70 135 
28 9 224 1009 1232 1127 1603 323 70 136 
28 9 224 1009 1232 1128 1607 323 68 136 
28 9 224 1009 1232 1129 1608 323 70 136 
28 9 224 1009 1232 1130 1611 326 70 136 
28 9 224 1009 1232 1131 1615 326 68 136 
28 9 224 1009 1232 1132 1615 326 68 136 
28 9 224 1009 1232 1133 1616 329 70 135 
28 9 224 1009 1232 1134 1619 329 70 135 
28 9 224 1009 1232 1135 1623 329 68 135 
28 9 224 1009 1232 1136 1624 331 70 136 
28 9 224 1009 1232 1137 1627 331 70 136 
28 9 224 1009 1232 1138 1631 331 68 136 
28 9 224 1009 1232 1139 1632 334 70 136 
28 9 224 1009 1232 1140 1635 334 70 136 
28 9 224 1009 1232 1141 1635 334 70 136 
28 9 224 1009 1232 1142 1639 337 68 135 
28 9 224 1009 1232 1143 1640 337 70 135 
28 9 224 1009 1232 1144 1643 337 70 135 
28 9 224 1009 1232 1145 1647 339 68 136 
28 9 224 1009 1232 1146 1648 339 70 136 
28 9 224 1009 1232 1147 1651 339 70 136 
28 9 224 1009 1232 1148 1655 342 68 136 
28 9 224 1009 1232 1149 1656 342 70 136 
28 9 224 1009 1232 1150 1659 342 70 136 
28 9 224 1009 1232 1151 1659 345 70 135 
28 9 224 1009 1232 1152 1663 345 68 135 
28 9 224 1009 1232 1153 1664 345 70 135 
28 9 224 1009 1232 1154 1667 347 70 136 
28 9 224 1009 1232 1155 1671 347 68 136 
28 9 224 1009 1232 1156 1672 347 70 136 
28 9 224 1009 1232 1157 1675 350 70 136 
28 9 224 1009 1232 1158 1679 350 68 136 
28 9 224 1009 1232 1159 1680 350 70 136 
28 9 224 1009 1232 1160 1683 353 70 135 
28 9 224 1009 1232 1161 1682 353 74 135 
28 9 224 1009 1232 1162 1685 353 74 135 
28 9 224 1009 1232 1163 1687 352 76 139 
28 9 224 1009 1232 1164 1690 352 74 139 
28 9 224 1009 1232 1165 1693 352 74 139 
28 9 224 1009 1232 1166 1695 354 76 141 
28 9 224 1009 1232 1167 1698 354 74 141 
28 9 224 1009 1232 1168 1701 354 74 141 
28 9 224 1009 1232 1169 1703 354 76 144 
28 9 224 1009 1232 1170 1702 354 80 144 
28 9 224 1009 1232 1171 1705 357 80 144 
28 9 224 1009 1232 1172 1708 357 80 144 
28 9 224 1009 1232 1173 1710 357 80 144 
28 9 224 1009 1232 1174 1711 356 86 148 
28 9 224 1009 1232 1175 1715 356 84 148 
28 9 224 1009 1232 1176 1716 356 86 148 
28 9 224 1009 1232 1177 1719 359 86 147 
28 9 224 1009 1232 1178 1723 359 84 147 
28 9 224 1009 1232 1179 1721 358 90 151 
28 9 224 1009 1232 1180 1723 358 92 151 
28 9 224 1009 1232 1181 1726 358 90 151 
28 9 224 1009 1232 1182 1729 360 90 153 
28 9 224 1009 1232 1183 1731 360 92 153 
28 9 224 1009 1232 1184 1734 360 90 153 
28 9 224 1009 1232 1185 1737 360 90 156 
28 9 224 1009 1232 1186 1739 360 92 156 
28 9 224 1009 1232 1187 1741 363 96 156 
28 9 224 1009 1232 1188 1744 363 96 156 
28 9 224 1009 1232 1189 1746 363 96 156 
28 9 224 1009 1232 1190 1749 363 96 156 
28 9 224 1009 1232 1191 1752 363 96 156 
28 9 224 1009 1232 1192 1757 366 96 156 
28 9 224 1009 1232 1193 1760 366 96 156 
28 9 224 1009 1232 1194 1762 366 96 156 
28 9 224 1009 1232 1195 1765 366 96 156 
28 9 224 1009 1232 1196 1770 368 96 156 
28 9 224 1009 1232 1197 1773 368 96 156 
28 9 224 1009 1232 1198 1776 368 96 156 
28 9 224 1009 1232 1199 1778 368 96 156 
28 9 224 1009 1232 1200 1784 371 96 156 
28 9 224 1009 1232 1201 1786 371 96 156 
28 9 224 1009 1232 1202 1793 371 90 156 
28 9 224 1009 1232 1203 1795 370 92 160 
28 9 224 1009 1232 1204 1803 374 84 156 
28 9 224 1009 1232 1205 1804 373 86 159 
28 9 224 1009 1232 1206 1812 373 80 159 
28 9 224 1009 1232 1207 1814 373 80 159 
28 9 224 1009 1232 1208 1820 375 80 160 
28 9 224 1009 1232 1209 1822 375 80 160 
28 9 224 1009 1232 1210 1829 374 74 165 
28 9 224 1009 1232 1211 1831 374 76 165 
28 9 224 1009 1232 1212 1839 378 68 160 
28 9 224 1009 1232 1213 1840 377 70 163 
28 9 224 1009 1232 1214 1848 377 64 163 
28 9 224 1009 1232 1215 1853 380 64 163 
28 9 224 1009 1232 1216 1853 380 64 163 
28 9 224 1009 1232 1217 1856 380 63 163 
28 9 224 1009 1232 1218 1855 380 64 163 
28 9 224 1009 1232 1219 1856 380 62 163 
28 9 224 1009 1232 1220 1861 380 58 163 
28 9 224 1009 1232 1221 1859 380 59 163 
28 9 224 1009 1232 1222 1863 380 56 163 
28 9 224 1009 1232 1223 1864 382 54 165 
28 9 224 1009 1232 1224 1869 380 50 163 
28 9 224 1009 1232 1225 1873 380 45 163 
28 9 224 1009 1232 1226 1881 377 38 163 
28 9 224 1009 1232 1227 1885 377 33 163 
28 9 224 1009 1232 1228 1893 377 26 163 
28 9 224 1009 1232 1229 1893 377 26 163 
28 9 224 1009 1232 1230 1893 377 26 163 
28 9 224 1009 1232 1231 1893 377 26 163 
28 9 224 1009 1232 1232 1893 377 26 163 
29 9 859 1406 2264 1406 1846 276 58 163 
29 9 859 1406 2264 1407 1843 276 60 163 
29 9 859 1406 2264 1408 1841 276 58 163 
29 9 859 1406 2264 1409 1838 273 58 163 
29 9 859 1406 2264 1410 1835 273 60 163 
29 9 859 1406 2264 1411 1833 270 58 165 
29 9 859 1406 2264 1412 1830 270 58 165 
29 9 859 1406 2264 1413 1827 270 60 165 
29 9 859 1406 2264 1414 1825 271 58 160 
29 9 859 1406 2264 1415 1822 271 58 160 
29 9 859 1406 2264 1416 1819 272 60 156 
29 9 859 1406 2264 1417 1817 272 58 156 
29 9 859 1406 2264 1418 1814 272 58 153 
29 9 859 1406 2264 1419 1811 272 60 153 
29 9 859 1406 2264 1420 1811 276 60 148 
29 9 859 1406 2264 1421 1809 273 58 148 
29 9 859 1406 2264 1422 1806 273 58 148 
29 9 859 1406 2264 1423 1803 273 60 148 
29 9 859 1406 2264 1424 1801 274 58 144 
29 9 859 1406 2264 1425 1798 271 58 147 
29 9 859 1406 2264 1426 1798 271 58 147 
29 9 859 1406 2264 1427 1795 271 60 147 
29 9 859 1406 2264 1428 1793 272 58 144 
29 9 859 1406 2264 1429 1790 268 58 148 
29 9 859 1406 2264 1430 1787 268 60 148 
29 9 859 1406 2264 1431 1785 269 58 144 
29 9 859 1406 2264 1432 1785 269 58 144 
29 9 859 1406 2264 1433 1782 265 58 148 
29 9 859 1406 2264 1434 1779 265 60 148 
29 9 859 1406 2264 1435 1777 266 58 144 
29 9 859 1406 2264 1436 1774 266 58 144 
29 9 859 1406 2264 1437 1774 263 58 147 
29 9 859 1406 2264 1438 1771 264 60 144 
29 9 859 1406 2264 1439 1769 264 58 144 
29 9 859 1406 2264 1440 1766 264 58 144 
29 9 859 1406 2264 1441 1763 260 60 148 
29 9 859 1406 2264 1442 1761 261 58 144 
29 9 859 1406 2264 1443 1761 261 58 144 
29 9 859 1406 2264 1444 1758 261 58 144 
29 9 859 1406 2264 1445 1755 258 60 144 
29 9 859 1406 2264 1446 1753 258 58 144 
29 9 859 1406 2264 1447 1750 258 58 144 
29 9 859 1406 2264 1448 1750 258 58 144 
29 9 859 1406 2264 1449 1747 256 60 144 
29 9 859 1406 2264 1450 1745 256 58 144 
29 9 859 1406 2264 1451 1742 256 58 144 
29 9 859 1406 2264 1452 1739 253 60 144 
29 9 859 1406 2264 1453 1739 253 60 144 
29 9 859 1406 2264 1454 1737 253 58 144 
29 9 859 1406 2264 1455 1734 250 58 144 
29 9 859 1406 2264 1456 1731 250 60 144 
29 9 859 1406 2264 1457 1729 250 58 144 
29 9 859 1406 2264 1458 1729 248 58 144 
29 9 859 1406 2264 1459 1726 248 58 144 
29 9 859 1406 2264 1460 1723 248 60 144 
29 9 859 1406 2264 1461 1721 245 58 144 
29 9 859 1406 2264 1462 1721 245 58 144 
29 9 859 1406 2264 1463 1718 245 58 144 
29 9 859 1406 2264 1464 1715 242 60 144 
29 9 859 1406 2264 1465 1713 242 58 144 
29 9 859 1406 2264 1466 1710 242 58 144 
29 9 859 1406 2264 1467 1710 240 58 144 
29 9 859 1406 2264 1468 1707 240 60 144 
29 9 859 1406 2264 1469 1705 240 58 144 
29 9 859 1406 2264 1470 1702 240 58 144 
29 9 859 1406 2264 1471 1702 237 58 144 
29 9 859 1406 2264 1472 1699 237 60 144 
29 9 859 1406 2264 1473 1697 237 58 144 
29 9 859 1406 2264 1474 1694 234 58 144 
29 9 859 1406 2264 1475 1691 234 60 144 
29 9 859 1406 2264 1476 1691 234 60 144 
29 9 859 1406 2264 1477 1689 232 58 144 
29 9 859 1406 2264 1478 1686 232 58 144 
29 9 859 1406 2264 1479 1683 232 60 144 
29 9 859 1406 2264 1480 1683 229 60 144 
29 9 859 1406 2264 1481 1681 229 58 144 
29 9 859 1406 2264 1482 1678 229 58 144 
29 9 859 1406 2264 1483 1675 226 60 144 
29 9 859 1406 2264 1484 1673 226 58 144 
29 9 859 1406 2264 1485 1673 226 58 144 
29 9 859 1406 2264 1486 1670 224 58 144 
29 9 859 1406 2264 1487 1667 224 60 144 
29 9 859 1406 2264 1488 1665 224 58 144 
29 9 859 1406 2264 1489 1665 224 58 144 
29 9 859 1406 2264 1490 1662 221 58 144 
29 9 859 1406 2264 1491 1659 221 60 144 
29 9 859 1406 2264 1492 1657 221 58 139 
29 9 859 1406 2264 1493 1657 221 58 139 
29 9 859 1406 2264 1494 1654 221 58 139 
29 9 859 1406 2264 1495 1651 218 60 141 
29 9 859 1406 2264 1496 1649 218 58 141 
29 9 859 1406 2264 1497 1649 218 58 141 
29 9 859 1406 2264 1498 1646 219 58 136 
29 9 859 1406 2264 1499 1643 219 60 136 
29 9 859 1406 2264 1500 1643 219 60 136 
29 9 859 1406 2264 1501 1641 217 58 135 
29 9 859 1406 2264 1502 1638 217 58 135 
29 9 859 1406 2264 1503 1634 217 64 135 
29 9 859 1406 2264 1504 1635 217 60 135 
29 9 859 1406 2264 1505 1633 217 58 135 
29 9 859 1406 2264 1506 1629 218 64 132 
29 9 859 1406 2264 1507 1630 214 58 136 
29 9 859 1406 2264 1508 1627 214 60 136 
29 9 859 1406 2264 1509 1624 214 64 136 
29 9 859 1406 2264 1510 1625 214 58 136 
29 9 859 1406 2264 1511 1622 215 58 132 
29 9 859 1406 2264 1512 1618 215 64 132 
29 9 859 1406 2264 1513 1619 211 60 136 
29 9 859 1406 2264 1514 1617 211 58 136 
29 9 859 1406 2264 1515 1613 211 64 136 
29 9 859 1406 2264 1516 1614 211 58 136 
29 9 859 1406 2264 1517 1611 212 60 132 
29 9 859 1406 2264 1518 1608 212 64 132 
29 9 859 1406 2264 1519 1609 212 58 132 
29 9 859 1406 2264 1520 1606 209 58 135 
29 9 859 1406 2264 1521 1602 209 64 135 
29 9 859 1406 2264 1522 1603 210 60 132 
29 9 859 1406 2264 1523 1601 210 58 132 
29 9 859 1406 2264 1524 1597 210 64 132 
29 9 859 1406 2264 1525 1598 210 58 132 
29 9 859 1406 2264 1526 1595 206 60 136 
29 9 859 1406 2264 1527 1592 206 64 136 
29 9 859 1406 2264 1528 1593 207 58 132 
29 9 859 1406 2264 1529 1590 207 58 132 
29 9 859 1406 2264 1530 1586 207 64 132 
29 9 859 1406 2264 1531 1587 207 60 132 
29 9 859 1406 2264 1532 1585 203 58 136 
29 9 859 1406 2264 1533 1581 204 64 132 
29 9 859 1406 2264 1534 1582 204 58 132 
29 9 859 1406 2264 1535 1579 204 60 132 
29 9 859 1406 2264 1536 1576 204 64 132 
29 9 859 1406 2264 1537 1577 204 58 132 
29 9 859 1406 2264 1538 1574 204 58 132 
29 9 859 1406 2264 1539 1570 202 64 132 
29 9 859 1406 2264 1540 1568 202 64 132 
29 9 859 1406 2264 1541 1569 202 58 132 
29 9 859 1406 2264 1542 1565 202 64 132 
29 9 859 1406 2264 1543 1562 202 64 132 
29 9 859 1406 2264 1544 1563 202 60 127 
29 9 859 1406 2264 1545 1560 199 64 132 
29 9 859 1406 2264 1546 1557 199 64 132 
29 9 859 1406 2264 1547 1558 199 58 132 
29 9 859 1406 2264 1548 1554 199 64 132 
29 9 859 1406 2264 1549 1552 199 64 127 
29 9 859 1406 2264 1550 1553 199 58 127 
29 9 859 1406 2264 1551 1549 196 64 132 
29 9 859 1406 2264 1552 1546 196 64 132 
29 9 859 1406 2264 1553 1547 196 60 132 
29 9 859 1406 2264 1554 1544 196 64 132 
29 9 859 1406 2264 1555 1541 196 64 129 
29 9 859 1406 2264 1556 1542 196 58 129 
29 9 859 1406 2264 1557 1538 196 64 129 
29 9 859 1406 2264 1558 1536 194 64 132 
29 9 859 1406 2264 1559 1537 194 58 132 
29 9 859 1406 2264 1560 1533 194 64 127 
29 9 859 1406 2264 1561 1530 194 64 127 
29 9 859 1406 2264 1562 1531 194 60 127 
29 9 859 1406 2264 1563 1528 194 64 127 
29 9 859 1406 2264 1564 1525 191 64 132 
29 9 859 1406 2264 1565 1526 191 58 132 
29 9 859 1406 2264 1566 1522 191 64 127 
29 9 859 1406 2264 1567 1520 191 64 127 
29 9 859 1406 2264 1568 1521 191 58 127 
29 9 859 1406 2264 1569 1517 191 64 127 
29 9 859 1406 2264 1570 1514 188 64 132 
29 9 859 1406 2264 1571 1515 188 60 129 
29 9 859 1406 2264 1572 1512 188 64 129 
29 9 859 1406 2264 1573 1509 188 64 129 
29 9 859 1406 2264 1574 1510 188 58 129 
29 9 859 1406 2264 1575 1506 188 64 129 
29 9 859 1406 2264 1576 1504 188 64 129 
29 9 859 1406 2264 1577 1501 186 64 127 
29 9 859 1406 2264 1578 1501 186 64 127 
29 9 859 1406 2264 1579 1498 186 64 127 
29 9 859 1406 2264 1580 1496 186 64 127 
29 9 859 1406 2264 1581 1496 186 64 127 
29 9 859 1406 2264 1582 1493 187 64 123 
29 9 859 1406 2264 1583 1490 183 64 127 
29 9 859 1406 2264 1584 1490 183 64 127 
29 9 859 1406 2264 1585 1488 183 64 127 
29 9 859 1406 2264 1586 1485 183 64 127 
29 9 859 1406 2264 1587 1485 184 64 124 
29 9 859 1406 2264 1588 1482 184 64 124 
29 9 859 1406 2264 1589 1480 180 64 129 
29 9 859 1406 2264 1590 1480 180 64 129 
29 9 859 1406 2264 1591 1477 180 64 129 
29 9 859 1406 2264 1592 1474 180 64 129 
29 9 859 1406 2264 1593 1474 181 64 124 
29 9 859 1406 2264 1594 1472 181 64 124 
29 9 859 1406 2264 1595 1469 181 64 124 
29 9 859 1406 2264 1596 1469 178 64 127 
29 9 859 1406 2264 1597 1466 178 64 127 
29 9 859 1406 2264 1598 1464 179 64 123 
29 9 859 1406 2264 1599 1464 179 64 123 
29 9 859 1406 2264 1600 1461 179 64 123 
29 9 859 1406 2264 1601 1458 179 64 123 
29 9 859 1406 2264 1602 1458 175 64 127 
29 9 859 1406 2264 1603 1456 175 64 127 
29 9 859 1406 2264 1604 1453 176 64 124 
29 9 859 1406 2264 1605 1453 176 64 124 
29 9 859 1406 2264 1606 1450 176 64 124 
29 9 859 1406 2264 1607 1448 176 64 124 
29 9 859 1406 2264 1608 1448 172 64 129 
29 9 859 1406 2264 1609 1445 173 64 124 
29 9 859 1406 2264 1610 1442 173 64 124 
29 9 859 1406 2264 1611 1442 173 64 124 
29 9 859 1406 2264 1612 1440 173 64 124 
29 9 859 1406 2264 1613 1437 173 64 124 
29 9 859 1406 2264 1614 1437 173 64 124 
29 9 859 1406 2264 1615 1434 171 64 123 
29 9 859 1406 2264 1616 1432 171 64 123 
29 9 859 1406 2264 1617 1432 171 64 123 
29 9 859 1406 2264 1618 1429 171 64 123 
29 9 859 1406 2264 1619 1429 171 64 123 
29 9 859 1406 2264 1620 1426 171 64 123 
29 9 859 1406 2264 1621 1424 172 64 120 
29 9 859 1406 2264 1622 1424 172 64 120 
29 9 859 1406 2264 1623 1421 168 64 124 
29 9 859 1406 2264 1624 1421 168 64 124 
29 9 859 1406 2264 1625 1418 168 64 124 
29 9 859 1406 2264 1626 1416 168 64 124 
29 9 859 1406 2264 1627 1416 168 64 124 
29 9 859 1406 2264 1628 1413 169 64 120 
29 9 859 1406 2264 1629 1413 169 64 120 
29 9 859 1406 2264 1630 1410 169 64 120 
29 9 859 1406 2264 1631 1410 165 64 124 
29 9 859 1406 2264 1632 1408 165 64 124 
29 9 859 1406 2264 1633 1405 165 64 124 
29 9 859 1406 2264 1634 1405 165 64 124 
29 9 859 1406 2264 1635 1402 166 64 120 
29 9 859 1406 2264 1636 1402 166 64 120 
29 9 859 1406 2264 1637 1400 166 64 120 
29 9 859 1406 2264 1638 1397 166 64 120 
29 9 859 1406 2264 1639 1397 163 64 123 
29 9 859 1406 2264 1640 1394 163 64 123 
29 9 859 1406 2264 1641 1394 163 64 123 
29 9 859 1406 2264 1642 1392 164 64 120 
29 9 859 1406 2264 1643 1392 164 64 120 
29 9 859 1406 2264 1644 1389 164 64 120 
29 9 859 1406 2264 1645 1386 164 64 120 
29 9 859 1406 2264 1646 1386 164 64 120 
29 9 859 1406 2264 1647 1384 160 64 124 
29 9 859 1406 2264 1648 1384 160 64 124 
29 9 859 1406 2264 1649 1381 161 64 120 
29 9 859 1406 2264 1650 1378 161 64 120 
29 9 859 1406 2264 1651 1378 161 64 120 
29 9 859 1406 2264 1652 1376 161 64 120 
29 9 859 1406 2264 1653 1376 161 64 120 
29 9 859 1406 2264 1654 1373 161 64 120 
29 9 859 1406 2264 1655 1373 161 64 120 
29 9 859 1406 2264 1656 1370 158 64 120 
29 9 859 1406 2264 1657 1368 158 64 120 
29 9 859 1406 2264 1658 1368 158 64 120 
29 9 859 1406 2264 1659 1365 158 64 120 
29 9 859 1406 2264 1660 1365 158 64 117 
29 9 859 1406 2264 1661 1362 156 64 120 
29 9 859 1406 2264 1662 1363 156 60 120 
29 9 859 1406 2264 1663 1360 156 64 120 
29 9 859 1406 2264 1664 1357 156 64 120 
29 9 859 1406 2264 1665 1357 156 64 115 
29 9 859 1406 2264 1666 1354 153 64 120 
29 9 859 1406 2264 1667 1354 153 64 120 
29 9 859 1406 2264 1668 1352 153 64 120 
29 9 859 1406 2264 1669 1353 153 58 115 
29 9 859 1406 2264 1670 1349 153 64 115 
29 9 859 1406 2264 1671 1350 150 58 120 
29 9 859 1406 2264 1672 1346 150 64 120 
29 9 859 1406 2264 1673 1344 150 64 120 
29 9 859 1406 2264 1674 1345 150 58 117 
29 9 859 1406 2264 1675 1341 150 64 117 
29 9 859 1406 2264 1676 1342 148 58 120 
29 9 859 1406 2264 1677 1338 148 64 120 
29 9 859 1406 2264 1678 1339 148 60 115 
29 9 859 1406 2264 1679 1336 148 64 115 
29 9 859 1406 2264 1680 1337 148 58 115 
29 9 859 1406 2264 1681 1334 145 58 120 
29 9 859 1406 2264 1682 1330 145 64 120 
29 9 859 1406 2264 1683 1331 145 60 115 
29 9 859 1406 2264 1684 1328 145 64 115 
29 9 859 1406 2264 1685 1329 145 58 115 
29 9 859 1406 2264 1686 1325 142 64 120 
29 9 859 1406 2264 1687 1326 142 58 117 
29 9 859 1406 2264 1688 1323 142 60 117 
29 9 859 1406 2264 1689 1320 142 64 117 
29 9 859 1406 2264 1690 1321 142 58 117 
29 9 859 1406 2264 1691 1317 140 64 120 
29 9 859 1406 2264 1692 1318 140 58 115 
29 9 859 1406 2264 1693 1315 140 60 115 
29 9 859 1406 2264 1694 1315 140 60 115 
29 9 859 1406 2264 1695 1313 140 58 115 
29 9 859 1406 2264 1696 1313 137 58 115 
29 9 859 1406 2264 1697 1310 137 58 115 
29 9 859 1406 2264 1698 1306 137 64 115 
29 9 859 1406 2264 1699 1307 137 60 115 
29 9 859 1406 2264 1700 1305 137 58 115 
29 9 859 1406 2264 1701 1305 134 58 117 
29 9 859 1406 2264 1702 1302 134 58 117 
29 9 859 1406 2264 1703 1302 134 58 117 
29 9 859 1406 2264 1704 1299 134 60 117 
29 9 859 1406 2264 1705 1299 134 60 117 
29 9 859 1406 2264 1706 1297 132 58 115 
29 9 859 1406 2264 1707 1294 132 58 115 
29 9 859 1406 2264 1708 1294 132 58 115 
29 9 859 1406 2264 1709 1291 132 60 115 
29 9 859 1406 2264 1710 1291 132 60 115 
29 9 859 1406 2264 1711 1289 132 58 115 
29 9 859 1406 2264 1712 1289 132 58 115 
29 9 859 1406 2264 1713 1286 132 58 115 
29 9 859 1406 2264 1714 1286 132 58 115 
29 9 859 1406 2264 1715 1283 132 60 115 
29 9 859 1406 2264 1716 1283 132 60 115 
29 9 859 1406 2264 1717 1281 132 58 115 
29 9 859 1406 2264 1718 1281 132 58 115 
29 9 859 1406 2264 1719 1278 132 58 115 
29 9 859 1406 2264 1720 1278 132 58 115 
29 9 859 1406 2264 1721 1275 129 60 115 
29 9 859 1406 2264 1722 1273 129 58 115 
29 9 859 1406 2264 1723 1273 129 58 115 
29 9 859 1406 2264 1724 1270 129 58 115 
29 9 859 1406 2264 1725 1270 129 58 115 
29 9 859 1406 2264 1726 1267 129 60 115 
29 9 859 1406 2264 1727 1267 129 60 115 
29 9 859 1406 2264 1728 1265 129 58 115 
29 9 859 1406 2264 1729 1265 129 58 115 
29 9 859 1406 2264 1730 1262 129 58 115 
29 9 859 1406 2264 1731 1262 129 58 115 
29 9 859 1406 2264 1732 1259 129 60 115 
29 9 859 1406 2264 1733 1259 129 60 115 
29 9 859 1406 2264 1734 1257 129 58 115 
29 9 859 1406 2264 1735 1257 129 58 115 
29 9 859 1406 2264 1736 1254 126 58 117 
29 9 859 1406 2264 1737 1254 126 58 117 
29 9 859 1406 2264 1738 1251 126 60 117 
29 9 859 1406 2264 1739 1251 126 60 117 
29 9 859 1406 2264 1740 1249 126 58 117 
29 9 859 1406 2264 1741 1249 126 58 117 
29 9 859 1406 2264 1742 1249 126 58 117 
29 9 859 1406 2264 1743 1246 127 58 112 
29 9 859 1406 2264 1744 1246 124 58 115 
29 9 859 1406 2264 1745 1243 124 60 115 
29 9 859 1406 2264 1746 1243 124 60 115 
29 9 859 1406 2264 1747 1243 124 60 115 
29 9 859 1406 2264 1748 1241 124 58 115 
29 9 859 1406 2264 1749 1241 124 58 115 
29 9 859 1406 2264 1750 1238 125 58 111 
29 9 859 1406 2264 1751 1238 125 58 111 
29 9 859 1406 2264 1752 1235 121 60 115 
29 9 859 1406 2264 1753 1235 121 60 115 
29 9 859 1406 2264 1754 1235 121 60 115 
29 9 859 1406 2264 1755 1233 121 58 115 
29 9 859 1406 2264 1756 1233 121 58 115 
29 9 859 1406 2264 1757 1230 122 58 112 
29 9 859 1406 2264 1758 1230 122 58 112 
29 9 859 1406 2264 1759 1230 122 58 112 
29 9 859 1406 2264 1760 1227 118 60 117 
29 9 859 1406 2264 1761 1227 118 60 117 
29 9 859 1406 2264 1762 1225 118 58 117 
29 9 859 1406 2264 1763 1225 118 58 117 
29 9 859 1406 2264 1764 1222 119 58 112 
29 9 859 1406 2264 1765 1222 119 58 112 
29 9 859 1406 2264 1766 1222 119 58 112 
29 9 859 1406 2264 1767 1219 119 60 112 
29 9 859 1406 2264 1768 1219 116 60 115 
29 9 859 1406 2264 1769 1217 116 58 115 
29 9 859 1406 2264 1770 1217 116 58 115 
29 9 859 1406 2264 1771 1217 116 58 115 
29 9 859 1406 2264 1772 1214 117 58 111 
29 9 859 1406 2264 1773 1214 117 58 111 
29 9 859 1406 2264 1774 1211 117 60 111 
29 9 859 1406 2264 1775 1211 117 60 111 
29 9 859 1406 2264 1776 1209 113 58 115 
29 9 859 1406 2264 1777 1209 113 58 115 
29 9 859 1406 2264 1778 1209 113 58 115 
29 9 859 1406 2264 1779 1206 114 58 112 
29 9 859 1406 2264 1780 1206 114 58 112 
29 9 859 1406 2264 1781 1203 114 60 112 
29 9 859 1406 2264 1782 1203 114 60 112 
29 9 859 1406 2264 1783 1203 114 60 112 
29 9 859 1406 2264 1784 1201 110 58 117 
29 9 859 1406 2264 1785 1201 110 58 117 
29 9 859 1406 2264 1786 1198 111 58 112 
29 9 859 1406 2264 1787 1198 111 58 112 
29 9 859 1406 2264 1788 1195 111 60 112 
29 9 859 1406 2264 1789 1195 111 60 112 
29 9 859 1406 2264 1790 1195 111 60 112 
29 9 859 1406 2264 1791 1193 111 58 112 
29 9 859 1406 2264 1792 1193 108 58 115 
29 9 859 1406 2264 1793 1190 109 58 111 
29 9 859 1406 2264 1794 1190 109 58 111 
29 9 859 1406 2264 1795 1190 109 58 111 
29 9 859 1406 2264 1796 1187 109 60 111 
29 9 859 1406 2264 1797 1187 109 60 111 
29 9 859 1406 2264 1798 1185 109 58 111 
29 9 859 1406 2264 1799 1185 109 58 111 
29 9 859 1406 2264 1800 1185 109 58 111 
29 9 859 1406 2264 1801 1182 105 58 115 
29 9 859 1406 2264 1802 1182 105 58 115 
29 9 859 1406 2264 1803 1179 105 60 115 
29 9 859 1406 2264 1804 1179 105 60 115 
29 9 859 1406 2264 1805 1177 105 58 115 
29 9 859 1406 2264 1806 1177 102 58 120 
29 9 859 1406 2264 1807 1174 102 58 120 
29 9 859 1406 2264 1808 1174 102 58 120 
29 9 859 1406 2264 1809 1171 102 60 120 
29 9 859 1406 2264 1810 1171 102 60 120 
29 9 859 1406 2264 1811 1169 102 58 120 
29 9 859 1406 2264 1812 1169 102 58 120 
29 9 859 1406 2264 1813 1169 102 58 120 
29 9 859 1406 2264 1814 1166 102 58 120 
29 9 859 1406 2264 1815 1166 102 58 120 
29 9 859 1406 2264 1816 1166 102 58 120 
29 9 859 1406 2264 1817 1163 102 60 120 
29 9 859 1406 2264 1818 1163 102 60 120 
29 9 859 1406 2264 1819 1163 102 60 120 
29 9 859 1406 2264 1820 1163 102 60 120 
29 9 859 1406 2264 1821 1161 100 58 120 
29 9 859 1406 2264 1822 1161 100 58 120 
29 9 859 1406 2264 1823 1158 100 58 120 
29 9 859 1406 2264 1824 1158 100 58 120 
29 9 859 1406 2264 1825 1158 100 58 120 
29 9 859 1406 2264 1826 1155 100 60 120 
29 9 859 1406 2264 1827 1155 100 60 120 
29 9 859 1406 2264 1828 1153 100 58 120 
29 9 859 1406 2264 1829 1153 100 58 120 
29 9 859 1406 2264 1830 1153 100 58 120 
29 9 859 1406 2264 1831 1150 100 58 120 
29 9 859 1406 2264 1832 1150 100 58 120 
29 9 859 1406 2264 1833 1147 100 60 120 
29 9 859 1406 2264 1834 1147 100 60 120 
29 9 859 1406 2264 1835 1147 100 60 120 
29 9 859 1406 2264 1836 1145 100 58 120 
29 9 859 1406 2264 1837 1145 100 58 120 
29 9 859 1406 2264 1838 1142 100 58 120 
29 9 859 1406 2264 1839 1142 100 58 120 
29 9 859 1406 2264 1840 1142 100 58 120 
29 9 859 1406 2264 1841 1139 97 60 120 
29 9 859 1406 2264 1842 1139 97 60 120 
29 9 859 1406 2264 1843 1137 97 58 120 
29 9 859 1406 2264 1844 1137 97 58 120 
29 9 859 1406 2264 1845 1137 97 58 120 
29 9 859 1406 2264 1846 1134 97 58 120 
29 9 859 1406 2264 1847 1134 97 58 120 
29 9 859 1406 2264 1848 1131 97 60 120 
29 9 859 1406 2264 1849 1131 97 60 120 
29 9 859 1406 2264 1850 1131 97 60 120 
29 9 859 1406 2264 1851 1129 97 58 120 
29 9 859 1406 2264 1852 1125 97 64 120 
29 9 859 1406 2264 1853 1126 97 58 120 
29 9 859 1406 2264 1854 1122 97 64 120 
29 9 859 1406 2264 1855 1122 97 64 120 
29 9 859 1406 2264 1856 1120 97 64 120 
29 9 859 1406 2264 1857 1115 97 70 120 
29 9 859 1406 2264 1858 1117 97 64 120 
29 9 859 1406 2264 1859 1112 97 70 120 
29 9 859 1406 2264 1860 1112 97 70 120 
29 9 859 1406 2264 1861 1111 97 68 120 
29 9 859 1406 2264 1862 1111 97 68 120 
29 9 859 1406 2264 1863 1111 97 68 120 
29 9 859 1406 2264 1864 1107 97 70 120 
29 9 859 1406 2264 1865 1107 97 70 120 
29 9 859 1406 2264 1866 1107 97 70 120 
29 9 859 1406 2264 1867 1104 97 70 120 
29 9 859 1406 2264 1868 1104 97 70 120 
29 9 859 1406 2264 1869 1104 97 70 120 
29 9 859 1406 2264 1870 1104 100 70 120 
29 9 859 1406 2264 1871 1103 97 68 120 
29 9 859 1406 2264 1872 1103 97 68 120 
29 9 859 1406 2264 1873 1099 97 70 120 
29 9 859 1406 2264 1874 1099 97 70 120 
29 9 859 1406 2264 1875 1096 97 70 120 
29 9 859 1406 2264 1876 1096 97 70 120 
29 9 859 1406 2264 1877 1095 97 68 120 
29 9 859 1406 2264 1878 1095 97 68 120 
29 9 859 1406 2264 1879 1091 97 70 120 
29 9 859 1406 2264 1880 1091 97 70 120 
29 9 859 1406 2264 1881 1088 97 70 120 
29 9 859 1406 2264 1882 1088 97 70 120 
29 9 859 1406 2264 1883 1088 97 70 120 
29 9 859 1406 2264 1884 1087 97 68 120 
29 9 859 1406 2264 1885 1087 97 68 120 
29 9 859 1406 2264 1886 1087 97 68 120 
29 9 859 1406 2264 1887 1083 97 70 120 
29 9 859 1406 2264 1888 1083 97 70 120 
29 9 859 1406 2264 1889 1083 97 70 120 
29 9 859 1406 2264 1890 1083 97 70 120 
29 9 859 1406 2264 1891 1080 97 70 120 
29 9 859 1406 2264 1892 1080 97 70 120 
29 9 859 1406 2264 1893 1079 97 68 120 
29 9 859 1406 2264 1894 1079 97 68 120 
29 9 859 1406 2264 1895 1079 97 68 120 
29 9 859 1406 2264 1896 1075 97 70 120 
29 9 859 1406 2264 1897 1075 97 70 120 
29 9 859 1406 2264 1898 1072 97 70 120 
29 9 859 1406 2264 1899 1072 97 70 120 
29 9 859 1406 2264 1900 1072 97 70 120 
29 9 859 1406 2264 1901 1071 94 68 120 
29 9 859 1406 2264 1902 1071 94 68 120 
29 9 859 1406 2264 1903 1071 94 68 120 
29 9 859 1406 2264 1904 1067 94 70 120 
29 9 859 1406 2264 1905 1067 94 70 120 
29 9 859 1406 2264 1906 1067 94 70 120 
29 9 859 1406 2264 1907 1064 94 70 120 
29 9 859 1406 2264 1908 1064 94 70 120 
29 9 859 1406 2264 1909 1064 94 70 120 
29 9 859 1406 2264 1910 1064 94 70 120 
29 9 859 1406 2264 1911 1063 92 68 120 
29 9 859 1406 2264 1912 1063 92 68 120 
29 9 859 1406 2264 1913 1059 92 70 120 
29 9 859 1406 2264 1914 1059 92 70 120 
29 9 859 1406 2264 1915 1059 92 70 120 
29 9 859 1406 2264 1916 1056 92 70 120 
29 9 859 1406 2264 1917 1056 92 70 120 
29 9 859 1406 2264 1918 1055 92 68 120 
29 9 859 1406 2264 1919 1055 92 68 120 
29 9 859 1406 2264 1920 1055 92 68 120 
29 9 859 1406 2264 1921 1051 89 70 120 
29 9 859 1406 2264 1922 1051 89 70 120 
29 9 859 1406 2264 1923 1051 89 70 120 
29 9 859 1406 2264 1924 1051 89 70 120 
29 9 859 1406 2264 1925 1051 89 70 120 
29 9 859 1406 2264 1926 1048 89 70 120 
29 9 859 1406 2264 1927 1048 89 70 120 
29 9 859 1406 2264 1928 1048 89 70 120 
29 9 859 1406 2264 1929 1048 89 70 120 
29 9 859 1406 2264 1930 1048 89 70 120 
29 9 859 1406 2264 1931 1047 86 68 120 
29 9 859 1406 2264 1932 1047 86 68 120 
29 9 859 1406 2264 1933 1047 86 68 120 
29 9 859 1406 2264 1934 1047 86 68 120 
29 9 859 1406 2264 1935 1047 86 68 120 
29 9 859 1406 2264 1936 1043 86 70 120 
29 9 859 1406 2264 1937 1043 86 70 120 
29 9 859 1406 2264 1938 1043 86 70 120 
29 9 859 1406 2264 1939 1043 86 70 120 
29 9 859 1406 2264 1940 1043 86 70 120 
29 9 859 1406 2264 1941 1040 84 70 120 
29 9 859 1406 2264 1942 1040 84 70 120 
29 9 859 1406 2264 1943 1040 84 70 120 
29 9 859 1406 2264 1944 1039 84 68 120 
29 9 859 1406 2264 1945 1039 84 68 120 
29 9 859 1406 2264 1946 1039 84 68 120 
29 9 859 1406 2264 1947 1035 84 70 120 
29 9 859 1406 2264 1948 1035 84 70 120 
29 9 859 1406 2264 1949 1035 84 70 120 
29 9 859 1406 2264 1950 1035 84 70 120 
29 9 859 1406 2264 1951 1032 81 70 120 
29 9 859 1406 2264 1952 1032 81 70 120 
29 9 859 1406 2264 1953 1032 81 70 120 
29 9 859 1406 2264 1954 1032 81 70 115 
29 9 859 1406 2264 1955 1032 81 70 115 
29 9 859 1406 2264 1956 1031 78 68 120 
29 9 859 1406 2264 1957 1031 78 68 117 
29 9 859 1406 2264 1958 1031 78 68 117 
29 9 859 1406 2264 1959 1031 78 68 117 
29 9 859 1406 2264 1960 1031 78 68 117 
29 9 859 1406 2264 1961 1027 78 70 117 
29 9 859 1406 2264 1962 1027 78 70 117 
29 9 859 1406 2264 1963 1027 78 70 117 
29 9 859 1406 2264 1964 1027 78 70 117 
29 9 859 1406 2264 1965 1027 78 70 117 
29 9 859 1406 2264 1966 1027 78 70 117 
29 9 859 1406 2264 1967 1027 78 70 117 
29 9 859 1406 2264 1968 1027 78 70 117 
29 9 859 1406 2264 1969 1027 78 70 117 
29 9 859 1406 2264 1970 1027 78 70 117 
29 9 859 1406 2264 1971 1024 78 70 117 
29 9 859 1406 2264 1972 1024 78 70 117 
29 9 859 1406 2264 1973 1024 78 70 117 
29 9 859 1406 2264 1974 1024 78 70 117 
29 9 859 1406 2264 1975 1024 78 70 117 
29 9 859 1406 2264 1976 1023 78 68 117 
29 9 859 1406 2264 1977 1023 78 68 117 
29 9 859 1406 2264 1978 1023 78 68 117 
29 9 859 1406 2264 1979 1023 78 68 117 
29 9 859 1406 2264 1980 1023 78 68 117 
29 9 859 1406 2264 1981 1019 76 70 115 
29 9 859 1406 2264 1982 1019 76 70 115 
29 9 859 1406 2264 1983 1019 76 70 115 
29 9 859 1406 2264 1984 1019 77 70 111 
29 9 859 1406 2264 1985 1019 77 70 111 
29 9 859 1406 2264 1986 1019 77 70 111 
29 9 859 1406 2264 1987 1019 78 70 108 
29 9 859 1406 2264 1988 1019 78 70 108 
29 9 859 1406 2264 1989 1019 78 70 108 
29 9 859 1406 2264 1990 1019 78 70 108 
29 9 859 1406 2264 1991 1016 78 70 108 
29 9 859 1406 2264 1992 1016 78 70 108 
29 9 859 1406 2264 1993 1016 78 70 108 
29 9 859 1406 2264 1994 1016 78 70 108 
29 9 859 1406 2264 1995 1016 78 70 108 
29 9 859 1406 2264 1996 1016 78 70 108 
29 9 859 1406 2264 1997 1016 78 70 108 
29 9 859 1406 2264 1998 1016 78 70 108 
29 9 859 1406 2264 1999 1016 78 70 108 
29 9 859 1406 2264 2000 1016 78 70 108 
29 9 859 1406 2264 2001 1015 75 68 108 
29 9 859 1406 2264 2002 1015 75 68 108 
29 9 859 1406 2264 2003 1015 75 68 103 
29 9 859 1406 2264 2004 1011 75 70 103 
29 9 859 1406 2264 2005 1011 75 70 103 
29 9 859 1406 2264 2006 1011 72 70 105 
29 9 859 1406 2264 2007 1008 72 70 105 
29 9 859 1406 2264 2008 1008 73 70 100 
29 9 859 1406 2264 2009 1008 73 70 100 
29 9 859 1406 2264 2010 1008 73 70 100 
29 9 859 1406 2264 2011 1007 71 68 99 
29 9 859 1406 2264 2012 1007 71 68 99 
29 9 859 1406 2264 2013 1007 71 68 99 
29 9 859 1406 2264 2014 1007 71 68 99 
29 9 859 1406 2264 2015 1007 71 68 99 
29 9 859 1406 2264 2016 1007 68 68 100 
29 9 859 1406 2264 2017 1007 68 68 100 
29 9 859 1406 2264 2018 1007 68 68 100 
29 9 859 1406 2264 2019 1007 68 68 100 
29 9 859 1406 2264 2020 1007 68 68 100 
29 9 859 1406 2264 2021 1003 68 70 100 
29 9 859 1406 2264 2022 1003 68 70 100 
29 9 859 1406 2264 2023 1003 68 70 100 
29 9 859 1406 2264 2024 1003 68 70 100 
29 9 859 1406 2264 2025 1003 68 70 100 
29 9 859 1406 2264 2026 1003 68 70 100 
29 9 859 1406 2264 2027 1003 68 70 100 
29 9 859 1406 2264 2028 1003 68 70 100 
29 9 859 1406 2264 2029 1003 68 70 100 
29 9 859 1406 2264 2030 1003 68 70 100 
29 9 859 1406 2264 2031 1000 65 70 100 
29 9 859 1406 2264 2032 1000 65 70 100 
29 9 859 1406 2264 2033 1000 65 70 100 
29 9 859 1406 2264 2034 999 65 68 100 
29 9 859 1406 2264 2035 999 65 68 100 
29 9 859 1406 2264 2036 999 65 68 100 
29 9 859 1406 2264 2037 995 65 70 100 
29 9 859 1406 2264 2038 995 65 70 100 
29 9 859 1406 2264 2039 995 65 70 100 
29 9 859 1406 2264 2040 995 65 70 100 
29 9 859 1406 2264 2041 992 63 70 99 
29 9 859 1406 2264 2042 992 63 70 99 
29 9 859 1406 2264 2043 992 64 70 96 
29 9 859 1406 2264 2044 992 60 70 100 
29 9 859 1406 2264 2045 992 60 70 100 
29 9 859 1406 2264 2046 991 61 68 96 
29 9 859 1406 2264 2047 991 57 68 100 
29 9 859 1406 2264 2048 991 58 68 96 
29 9 859 1406 2264 2049 991 58 68 96 
29 9 859 1406 2264 2050 991 58 68 96 
29 9 859 1406 2264 2051 987 58 70 96 
29 9 859 1406 2264 2052 987 58 70 96 
29 9 859 1406 2264 2053 987 58 70 96 
29 9 859 1406 2264 2054 987 58 70 96 
29 9 859 1406 2264 2055 987 58 70 96 
29 9 859 1406 2264 2056 984 58 70 96 
29 9 859 1406 2264 2057 984 58 70 96 
29 9 859 1406 2264 2058 984 58 70 96 
29 9 859 1406 2264 2059 984 58 70 96 
29 9 859 1406 2264 2060 984 58 70 96 
29 9 859 1406 2264 2061 983 58 68 96 
29 9 859 1406 2264 2062 983 58 68 96 
29 9 859 1406 2264 2063 983 58 68 96 
29 9 859 1406 2264 2064 983 58 68 96 
29 9 859 1406 2264 2065 983 58 68 96 
29 9 859 1406 2264 2066 979 58 70 96 
29 9 859 1406 2264 2067 979 58 70 96 
29 9 859 1406 2264 2068 979 58 70 96 
29 9 859 1406 2264 2069 979 58 70 96 
29 9 859 1406 2264 2070 979 58 70 96 
29 9 859 1406 2264 2071 976 56 70 96 
29 9 859 1406 2264 2072 976 56 70 96 
29 9 859 1406 2264 2073 976 56 70 96 
29 9 859 1406 2264 2074 976 56 70 96 
29 9 859 1406 2264 2075 976 56 70 96 
29 9 859 1406 2264 2076 975 56 68 96 
29 9 859 1406 2264 2077 975 56 68 96 
29 9 859 1406 2264 2078 975 56 68 96 
29 9 859 1406 2264 2079 975 56 68 96 
29 9 859 1406 2264 2080 975 56 68 96 
29 9 859 1406 2264 2081 971 53 70 96 
29 9 859 1406 2264 2082 971 53 70 96 
29 9 859 1406 2264 2083 971 53 70 96 
29 9 859 1406 2264 2084 971 53 70 96 
29 9 859 1406 2264 2085 971 53 70 96 
29 9 859 1406 2264 2086 968 50 70 96 
29 9 859 1406 2264 2087 968 50 70 96 
29 9 859 1406 2264 2088 968 50 70 96 
29 9 859 1406 2264 2089 968 50 70 96 
29 9 859 1406 2264 2090 968 50 70 96 
29 9 859 1406 2264 2091 967 50 68 96 
29 9 859 1406 2264 2092 967 50 68 96 
29 9 859 1406 2264 2093 967 50 68 96 
29 9 859 1406 2264 2094 967 50 68 96 
29 9 859 1406 2264 2095 967 50 68 96 
29 9 859 1406 2264 2096 963 50 70 96 
29 9 859 1406 2264 2097 963 50 70 96 
29 9 859 1406 2264 2098 963 50 70 96 
29 9 859 1406 2264 2099 963 50 70 96 
29 9 859 1406 2264 2100 963 50 70 96 
29 9 859 1406 2264 2101 960 48 70 96 
29 9 859 1406 2264 2102 960 48 70 96 
29 9 859 1406 2264 2103 960 48 70 96 
29 9 859 1406 2264 2104 959 48 68 96 
29 9 859 1406 2264 2105 959 48 68 96 
29 9 859 1406 2264 2106 959 48 68 96 
29 9 859 1406 2264 2107 954 48 74 96 
29 9 859 1406 2264 2108 955 48 70 96 
29 9 859 1406 2264 2109 955 48 70 96 
29 9 859 1406 2264 2110 951 48 76 96 
29 9 859 1406 2264 2111 952 48 70 96 
29 9 859 1406 2264 2112 952 44 70 100 
29 9 859 1406 2264 2113 949 44 74 100 
29 9 859 1406 2264 2114 949 44 74 100 
29 9 859 1406 2264 2115 951 45 68 96 
29 9 859 1406 2264 2116 946 45 74 96 
29 9 859 1406 2264 2117 946 45 74 96 
29 9 859 1406 2264 2118 947 45 70 96 
29 9 859 1406 2264 2119 947 45 70 96 
29 9 859 1406 2264 2120 943 45 76 96 
29 9 859 1406 2264 2121 943 45 76 96 
29 9 859 1406 2264 2122 944 45 70 96 
29 9 859 1406 2264 2123 941 45 74 96 
29 9 859 1406 2264 2124 941 41 74 100 
29 9 859 1406 2264 2125 943 41 68 100 
29 9 859 1406 2264 2126 938 41 74 100 
29 9 859 1406 2264 2127 938 41 74 100 
29 9 859 1406 2264 2128 938 41 74 100 
29 9 859 1406 2264 2129 935 42 76 96 
29 9 859 1406 2264 2130 935 42 76 96 
29 9 859 1406 2264 2131 935 42 76 96 
29 9 859 1406 2264 2132 933 42 74 96 
29 9 859 1406 2264 2133 933 42 74 96 
29 9 859 1406 2264 2134 933 42 74 96 
29 9 859 1406 2264 2135 933 42 74 96 
29 9 859 1406 2264 2136 930 39 74 99 
29 9 859 1406 2264 2137 930 39 74 99 
29 9 859 1406 2264 2138 930 39 74 99 
29 9 859 1406 2264 2139 927 39 76 99 
29 9 859 1406 2264 2140 927 39 76 99 
29 9 859 1406 2264 2141 927 39 76 99 
29 9 859 1406 2264 2142 924 39 80 99 
29 9 859 1406 2264 2143 925 40 74 96 
29 9 859 1406 2264 2144 925 40 74 96 
29 9 859 1406 2264 2145 921 40 80 96 
29 9 859 1406 2264 2146 922 40 74 96 
29 9 859 1406 2264 2147 922 36 74 100 
29 9 859 1406 2264 2148 918 36 80 100 
29 9 859 1406 2264 2149 918 36 80 100 
29 9 859 1406 2264 2150 919 36 76 100 
29 9 859 1406 2264 2151 916 36 80 100 
29 9 859 1406 2264 2152 916 36 80 100 
29 9 859 1406 2264 2153 917 36 74 100 
29 9 859 1406 2264 2154 917 36 74 100 
29 9 859 1406 2264 2155 913 36 80 100 
29 9 859 1406 2264 2156 913 36 80 100 
29 9 859 1406 2264 2157 914 37 74 96 
29 9 859 1406 2264 2158 910 37 80 96 
29 9 859 1406 2264 2159 910 33 80 100 
29 9 859 1406 2264 2160 911 33 76 100 
29 9 859 1406 2264 2161 908 33 80 100 
29 9 859 1406 2264 2162 908 33 80 100 
29 9 859 1406 2264 2163 908 33 80 100 
29 9 859 1406 2264 2164 905 33 80 100 
29 9 859 1406 2264 2165 905 33 80 100 
29 9 859 1406 2264 2166 905 33 80 100 
29 9 859 1406 2264 2167 902 33 80 100 
29 9 859 1406 2264 2168 902 33 80 100 
29 9 859 1406 2264 2169 902 33 80 100 
29 9 859 1406 2264 2170 902 33 80 100 
29 9 859 1406 2264 2171 900 31 80 99 
29 9 859 1406 2264 2172 900 31 80 99 
29 9 859 1406 2264 2173 900 31 80 99 
29 9 859 1406 2264 2174 900 31 80 99 
29 9 859 1406 2264 2175 897 31 80 99 
29 9 859 1406 2264 2176 897 31 80 99 
29 9 859 1406 2264 2177 897 31 80 99 
29 9 859 1406 2264 2178 897 31 80 99 
29 9 859 1406 2264 2179 897 31 80 99 
29 9 859 1406 2264 2180 894 31 80 99 
29 9 859 1406 2264 2181 894 31 80 99 
29 9 859 1406 2264 2182 894 31 80 99 
29 9 859 1406 2264 2183 894 31 80 99 
29 9 859 1406 2264 2184 892 31 80 99 
29 9 859 1406 2264 2185 892 31 80 99 
29 9 859 1406 2264 2186 892 31 80 99 
29 9 859 1406 2264 2187 892 31 80 99 
29 9 859 1406 2264 2188 892 31 80 99 
29 9 859 1406 2264 2189 889 31 80 99 
29 9 859 1406 2264 2190 889 31 80 99 
29 9 859 1406 2264 2191 889 31 80 99 
29 9 859 1406 2264 2192 889 28 80 100 
29 9 859 1406 2264 2193 886 28 80 100 
29 9 859 1406 2264 2194 886 28 80 100 
29 9 859 1406 2264 2195 886 28 80 100 
29 9 859 1406 2264 2196 886 28 80 100 
29 9 859 1406 2264 2197 886 28 80 100 
29 9 859 1406 2264 2198 884 28 80 100 
29 9 859 1406 2264 2199 884 28 80 100 
29 9 859 1406 2264 2200 884 28 80 100 
29 9 859 1406 2264 2201 884 28 80 100 
29 9 859 1406 2264 2202 881 28 80 100 
29 9 859 1406 2264 2203 881 28 80 100 
29 9 859 1406 2264 2204 881 28 80 100 
29 9 859 1406 2264 2205 881 28 80 100 
29 9 859 1406 2264 2206 881 28 80 100 
29 9 859 1406 2264 2207 878 28 80 100 
29 9 859 1406 2264 2208 878 28 80 100 
29 9 859 1406 2264 2209 878 28 80 100 
29 9 859 1406 2264 2210 878 28 80 100 
29 9 859 1406 2264 2211 876 28 80 100 
29 9 859 1406 2264 2212 876 28 80 100 
29 9 859 1406 2264 2213 876 28 80 100 
29 9 859 1406 2264 2214 876 25 80 100 
29 9 859 1406 2264 2215 876 25 80 100 
29 9 859 1406 2264 2216 873 25 80 100 
29 9 859 1406 2264 2217 873 25 80 100 
29 9 859 1406 2264 2218 873 25 80 100 
29 9 859 1406 2264 2219 873 25 80 100 
29 9 859 1406 2264 2220 870 25 80 100 
29 9 859 1406 2264 2221 870 25 80 100 
29 9 859 1406 2264 2222 870 25 80 100 
29 9 859 1406 2264 2223 870 25 80 100 
29 9 859 1406 2264 2224 870 25 80 100 
29 9 859 1406 2264 2225 868 25 80 100 
29 9 859 1406 2264 2226 868 25 80 100 
29 9 859 1406 2264 2227 868 25 80 100 
29 9 859 1406 2264 2228 868 25 80 100 
29 9 859 1406 2264 2229 865 25 80 100 
29 9 859 1406 2264 2230 865 25 80 100 
29 9 859 1406 2264 2231 865 25 80 100 
29 9 859 1406 2264 2232 865 25 80 100 
29 9 859 1406 2264 2233 865 25 80 100 
29 9 859 1406 2264 2234 862 25 80 100 
29 9 859 1406 2264 2235 862 23 80 99 
29 9 859 1406 2264 2236 862 23 80 99 
29 9 859 1406 2264 2237 862 23 80 99 
29 9 859 1406 2264 2238 860 23 80 99 
29 9 859 1406 2264 2239 860 23 80 99 
29 9 859 1406 2264 2240 860 23 80 99 
29 9 859 1406 2264 2241 860 23 80 99 
29 9 859 1406 2264 2242 860 23 80 99 
29 9 859 1406 2264 2243 857 23 80 99 
29 9 859 1406 2264 2244 857 23 80 99 
29 9 859 1406 2264 2245 857 23 80 99 
29 9 859 1406 2264 2246 857 23 80 99 
29 9 859 1406 2264 2247 854 23 80 99 
29 9 859 1406 2264 2248 854 23 80 99 
29 9 859 1406 2264 2249 854 23 80 99 
29 9 859 1406 2264 2250 854 23 80 99 
29 9 859 1406 2264 2251 854 23 80 99 
29 9 859 1406 2264 2252 852 23 80 99 
29 9 859 1406 2264 2253 852 23 80 99 
29 9 859 1406 2264 2254 852 23 80 99 
29 9 859 1406 2264 2255 852 23 80 99 
29 9 859 1406 2264 2256 852 23 80 99 
29 9 859 1406 2264 2257 849 23 80 99 
29 9 859 1406 2264 2258 849 23 80 99 
29 9 859 1406 2264 2259 846 23 80 99 
29 9 859 1406 2264 2260 846 23 80 99 
29 9 859 1406 2264 2261 844 23 80 99 
29 9 859 1406 2264 2262 844 23 80 99 
29 9 859 1406 2264 2263 841 23 80 99 
29 9 859 1406 2264 2264 841 23 80 99 
31 9 299 2931 3229 2931 61 513 96 196 
31 9 299 2931 3229 2932 64 513 96 196 
31 9 299 2931 3229 2933 69 511 96 195 
31 9 299 2931 3229 2934 74 511 96 195 
31 9 299 2931 3229 2935 77 508 96 196 
31 9 299 2931 3229 2936 82 508 96 196 
31 9 299 2931 3229 2937 88 505 96 196 
31 9 299 2931 3229 2938 90 505 96 196 
31 9 299 2931 3229 2939 96 503 96 195 
31 9 299 2931 3229 2940 101 503 96 195 
31 9 299 2931 3229 2941 104 500 96 196 
31 9 299 2931 3229 2942 109 500 96 196 
31 9 299 2931 3229 2943 114 497 96 196 
31 9 299 2931 3229 2944 117 497 96 196 
31 9 299 2931 3229 2945 122 495 96 195 
31 9 299 2931 3229 2946 128 495 96 195 
31 9 299 2931 3229 2947 130 492 96 196 
31 9 299 2931 3229 2948 133 492 96 196 
31 9 299 2931 3229 2949 136 489 96 196 
31 9 299 2931 3229 2950 138 489 96 196 
31 9 299 2931 3229 2951 141 487 96 195 
31 9 299 2931 3229 2952 144 487 96 195 
31 9 299 2931 3229 2953 146 487 96 195 
31 9 299 2931 3229 2954 149 484 96 196 
31 9 299 2931 3229 2955 152 484 96 196 
31 9 299 2931 3229 2956 154 481 96 196 
31 9 299 2931 3229 2957 157 481 96 196 
31 9 299 2931 3229 2958 160 479 96 195 
31 9 299 2931 3229 2959 162 479 96 195 
31 9 299 2931 3229 2960 165 479 96 195 
31 9 299 2931 3229 2961 168 476 96 196 
31 9 299 2931 3229 2962 170 476 96 196 
31 9 299 2931 3229 2963 173 473 96 196 
31 9 299 2931 3229 2964 176 473 96 196 
31 9 299 2931 3229 2965 178 471 96 195 
31 9 299 2931 3229 2966 181 471 96 195 
31 9 299 2931 3229 2967 184 471 96 195 
31 9 299 2931 3229 2968 186 468 96 196 
31 9 299 2931 3229 2969 189 468 96 196 
31 9 299 2931 3229 2970 192 465 96 196 
31 9 299 2931 3229 2971 194 465 96 196 
31 9 299 2931 3229 2972 197 463 96 195 
31 9 299 2931 3229 2973 200 463 96 195 
31 9 299 2931 3229 2974 202 463 96 195 
31 9 299 2931 3229 2975 205 460 96 196 
31 9 299 2931 3229 2976 208 460 96 196 
31 9 299 2931 3229 2977 210 457 96 196 
31 9 299 2931 3229 2978 213 457 96 196 
31 9 299 2931 3229 2979 216 455 96 195 
31 9 299 2931 3229 2980 218 455 96 195 
31 9 299 2931 3229 2981 221 455 96 195 
31 9 299 2931 3229 2982 224 452 96 196 
31 9 299 2931 3229 2983 226 452 96 196 
31 9 299 2931 3229 2984 229 449 96 196 
31 9 299 2931 3229 2985 232 449 96 196 
31 9 299 2931 3229 2986 234 447 96 195 
31 9 299 2931 3229 2987 237 447 96 195 
31 9 299 2931 3229 2988 240 447 96 195 
31 9 299 2931 3229 2989 242 444 96 196 
31 9 299 2931 3229 2990 245 444 96 196 
31 9 299 2931 3229 2991 248 441 96 196 
31 9 299 2931 3229 2992 250 441 96 196 
31 9 299 2931 3229 2993 253 439 96 195 
31 9 299 2931 3229 2994 256 439 96 195 
31 9 299 2931 3229 2995 258 439 96 195 
31 9 299 2931 3229 2996 261 436 96 196 
31 9 299 2931 3229 2997 264 436 96 196 
31 9 299 2931 3229 2998 266 433 96 196 
31 9 299 2931 3229 2999 269 433 96 196 
31 9 299 2931 3229 3000 272 433 96 196 
31 9 299 2931 3229 3001 272 431 96 195 
31 9 299 2931 3229 3002 274 431 96 195 
31 9 299 2931 3229 3003 277 431 96 195 
31 9 299 2931 3229 3004 280 428 96 196 
31 9 299 2931 3229 3005 282 428 96 196 
31 9 299 2931 3229 3006 285 428 96 196 
31 9 299 2931 3229 3007 288 424 96 201 
31 9 299 2931 3229 3008 290 425 96 196 
31 9 299 2931 3229 3009 293 425 96 196 
31 9 299 2931 3229 3010 291 422 102 199 
31 9 299 2931 3229 3011 295 423 100 195 
31 9 299 2931 3229 3012 296 423 102 195 
31 9 299 2931 3229 3013 299 419 102 199 
31 9 299 2931 3229 3014 303 419 100 199 
31 9 299 2931 3229 3015 304 420 102 196 
31 9 299 2931 3229 3016 307 420 102 196 
31 9 299 2931 3229 3017 312 416 96 201 
31 9 299 2931 3229 3018 314 417 96 196 
31 9 299 2931 3229 3019 312 417 102 196 
31 9 299 2931 3229 3020 315 414 102 199 
31 9 299 2931 3229 3021 319 414 100 199 
31 9 299 2931 3229 3022 320 415 102 195 
31 9 299 2931 3229 3023 323 411 102 199 
31 9 299 2931 3229 3024 327 411 100 199 
31 9 299 2931 3229 3025 328 411 102 199 
31 9 299 2931 3229 3026 331 408 102 201 
31 9 299 2931 3229 3027 335 408 100 201 
31 9 299 2931 3229 3028 333 408 106 201 
31 9 299 2931 3229 3029 335 409 108 196 
31 9 299 2931 3229 3030 338 406 106 199 
31 9 299 2931 3229 3031 341 406 106 199 
31 9 299 2931 3229 3032 343 406 108 199 
31 9 299 2931 3229 3033 346 403 106 199 
31 9 299 2931 3229 3034 351 403 100 199 
31 9 299 2931 3229 3035 352 403 102 199 
31 9 299 2931 3229 3036 355 400 102 201 
31 9 299 2931 3229 3037 354 400 106 201 
31 9 299 2931 3229 3038 357 400 106 201 
31 9 299 2931 3229 3039 359 398 108 204 
31 9 299 2931 3229 3040 362 398 106 199 
31 9 299 2931 3229 3041 365 398 106 199 
31 9 299 2931 3229 3042 367 395 108 204 
31 9 299 2931 3229 3043 370 395 106 199 
31 9 299 2931 3229 3044 373 395 106 199 
31 9 299 2931 3229 3045 375 395 108 199 
31 9 299 2931 3229 3046 374 392 112 204 
31 9 299 2931 3229 3047 377 392 112 201 
31 9 299 2931 3229 3048 380 392 112 201 
31 9 299 2931 3229 3049 382 390 112 204 
31 9 299 2931 3229 3050 385 390 112 204 
31 9 299 2931 3229 3051 389 390 106 199 
31 9 299 2931 3229 3052 391 387 108 204 
31 9 299 2931 3229 3053 394 387 106 204 
31 9 299 2931 3229 3054 397 387 106 199 
31 9 299 2931 3229 3055 396 384 112 204 
31 9 299 2931 3229 3056 398 384 112 204 
31 9 299 2931 3229 3057 401 384 112 204 
31 9 299 2931 3229 3058 404 384 112 201 
31 9 299 2931 3229 3059 406 382 112 204 
31 9 299 2931 3229 3060 409 382 112 204 
31 9 299 2931 3229 3061 412 382 112 199 
31 9 299 2931 3229 3062 414 379 112 204 
31 9 299 2931 3229 3063 417 379 112 204 
31 9 299 2931 3229 3064 415 379 118 204 
31 9 299 2931 3229 3065 419 376 116 204 
31 9 299 2931 3229 3066 420 376 118 204 
31 9 299 2931 3229 3067 425 376 112 204 
31 9 299 2931 3229 3068 428 374 112 204 
31 9 299 2931 3229 3069 430 374 112 204 
31 9 299 2931 3229 3070 433 374 112 204 
31 9 299 2931 3229 3071 436 370 112 208 
31 9 299 2931 3229 3072 438 371 112 204 
31 9 299 2931 3229 3073 436 371 118 204 
31 9 299 2931 3229 3074 439 371 118 204 
31 9 299 2931 3229 3075 443 367 116 208 
31 9 299 2931 3229 3076 444 368 118 204 
31 9 299 2931 3229 3077 447 368 118 204 
31 9 299 2931 3229 3078 451 365 116 207 
31 9 299 2931 3229 3079 452 366 118 204 
31 9 299 2931 3229 3080 455 366 118 204 
31 9 299 2931 3229 3081 459 362 116 208 
31 9 299 2931 3229 3082 457 362 122 208 
31 9 299 2931 3229 3083 459 363 124 204 
31 9 299 2931 3229 3084 463 359 118 208 
31 9 299 2931 3229 3085 467 359 116 208 
31 9 299 2931 3229 3086 468 360 118 204 
31 9 299 2931 3229 3087 471 360 118 204 
31 9 299 2931 3229 3088 475 357 116 207 
31 9 299 2931 3229 3089 476 357 118 207 
31 9 299 2931 3229 3090 479 358 118 204 
31 9 299 2931 3229 3091 478 354 122 208 
31 9 299 2931 3229 3092 481 354 122 208 
31 9 299 2931 3229 3093 483 355 124 204 
31 9 299 2931 3229 3094 486 351 122 208 
31 9 299 2931 3229 3095 489 351 122 208 
31 9 299 2931 3229 3096 491 351 124 208 
31 9 299 2931 3229 3097 494 349 122 207 
31 9 299 2931 3229 3098 497 349 122 207 
31 9 299 2931 3229 3099 499 349 124 207 
31 9 299 2931 3229 3100 502 349 122 207 
31 9 299 2931 3229 3101 501 346 128 208 
31 9 299 2931 3229 3102 504 346 128 208 
31 9 299 2931 3229 3103 503 346 132 208 
31 9 299 2931 3229 3104 504 346 134 208 
31 9 299 2931 3229 3105 507 346 134 208 
31 9 299 2931 3229 3106 506 346 138 208 
31 9 299 2931 3229 3107 509 346 138 208 
31 9 299 2931 3229 3108 508 346 144 208 
31 9 299 2931 3229 3109 510 346 144 208 
31 9 299 2931 3229 3110 513 346 144 208 
31 9 299 2931 3229 3111 513 343 144 208 
31 9 299 2931 3229 3112 516 343 144 208 
31 9 299 2931 3229 3113 518 343 144 208 
31 9 299 2931 3229 3114 518 341 144 207 
31 9 299 2931 3229 3115 521 341 144 207 
31 9 299 2931 3229 3116 524 341 144 207 
31 9 299 2931 3229 3117 524 338 144 208 
31 9 299 2931 3229 3118 526 338 144 208 
31 9 299 2931 3229 3119 529 338 144 208 
31 9 299 2931 3229 3120 532 338 144 208 
31 9 299 2931 3229 3121 532 335 144 208 
31 9 299 2931 3229 3122 534 335 144 208 
31 9 299 2931 3229 3123 537 333 144 207 
31 9 299 2931 3229 3124 540 333 144 207 
31 9 299 2931 3229 3125 542 333 144 207 
31 9 299 2931 3229 3126 542 330 144 208 
31 9 299 2931 3229 3127 545 330 144 208 
31 9 299 2931 3229 3128 548 327 144 208 
31 9 299 2931 3229 3129 550 327 144 208 
31 9 299 2931 3229 3130 553 327 144 208 
31 9 299 2931 3229 3131 556 325 144 207 
31 9 299 2931 3229 3132 558 325 144 207 
31 9 299 2931 3229 3133 561 325 144 207 
31 9 299 2931 3229 3134 564 325 144 207 
31 9 299 2931 3229 3135 569 325 144 207 
31 9 299 2931 3229 3136 572 322 144 208 
31 9 299 2931 3229 3137 574 322 144 208 
31 9 299 2931 3229 3138 577 322 144 208 
31 9 299 2931 3229 3139 580 322 144 208 
31 9 299 2931 3229 3140 585 322 144 208 
31 9 299 2931 3229 3141 585 319 144 208 
31 9 299 2931 3229 3142 585 319 144 208 
31 9 299 2931 3229 3143 588 319 144 208 
31 9 299 2931 3229 3144 588 319 144 208 
31 9 299 2931 3229 3145 590 319 144 208 
31 9 299 2931 3229 3146 590 319 144 208 
31 9 299 2931 3229 3147 590 319 144 208 
31 9 299 2931 3229 3148 593 319 144 208 
31 9 299 2931 3229 3149 593 319 144 208 
31 9 299 2931 3229 3150 596 319 144 208 
31 9 299 2931 3229 3151 596 317 144 207 
31 9 299 2931 3229 3152 596 317 144 207 
31 9 299 2931 3229 3153 596 317 144 207 
31 9 299 2931 3229 3154 596 317 144 207 
31 9 299 2931 3229 3155 598 317 144 207 
31 9 299 2931 3229 3156 598 314 144 208 
31 9 299 2931 3229 3157 598 314 144 208 
31 9 299 2931 3229 3158 598 314 144 208 
31 9 299 2931 3229 3159 598 314 144 208 
31 9 299 2931 3229 3160 601 314 144 208 
31 9 299 2931 3229 3161 601 315 144 204 
31 9 299 2931 3229 3162 601 315 144 204 
31 9 299 2931 3229 3163 601 318 144 199 
31 9 299 2931 3229 3164 601 318 144 199 
31 9 299 2931 3229 3165 604 321 144 196 
31 9 299 2931 3229 3166 604 321 144 196 
31 9 299 2931 3229 3167 604 321 144 196 
31 9 299 2931 3229 3168 604 325 144 192 
31 9 299 2931 3229 3169 604 325 144 192 
31 9 299 2931 3229 3170 606 328 144 187 
31 9 299 2931 3229 3171 606 328 144 187 
31 9 299 2931 3229 3172 610 328 138 187 
31 9 299 2931 3229 3173 615 328 132 187 
31 9 299 2931 3229 3174 615 328 132 187 
31 9 299 2931 3229 3175 618 328 128 187 
31 9 299 2931 3229 3176 622 328 122 187 
31 9 299 2931 3229 3177 622 328 122 187 
31 9 299 2931 3229 3178 627 328 116 187 
31 9 299 2931 3229 3179 630 328 112 187 
31 9 299 2931 3229 3180 634 328 106 187 
31 9 299 2931 3229 3181 630 328 112 187 
31 9 299 2931 3229 3182 630 328 112 187 
31 9 299 2931 3229 3183 630 328 112 187 
31 9 299 2931 3229 3184 630 328 112 187 
31 9 299 2931 3229 3185 630 328 112 187 
31 9 299 2931 3229 3186 630 328 112 187 
31 9 299 2931 3229 3187 630 328 112 187 
31 9 299 2931 3229 3188 630 328 112 187 
31 9 299 2931 3229 3189 630 328 112 187 
31 9 299 2931 3229 3190 630 328 112 187 
31 9 299 2931 3229 3191 630 328 112 187 
31 9 299 2931 3229 3192 628 328 118 187 
31 9 299 2931 3229 3193 628 328 118 187 
31 9 299 2931 3229 3194 627 328 124 187 
31 9 299 2931 3229 3195 627 328 124 187 
31 9 299 2931 3229 3196 626 328 128 187 
31 9 299 2931 3229 3197 626 328 128 187 
31 9 299 2931 3229 3198 624 328 134 187 
31 9 299 2931 3229 3199 624 328 134 187 
31 9 299 2931 3229 3200 623 328 140 187 
31 9 299 2931 3229 3201 623 329 140 183 
31 9 299 2931 3229 3202 623 329 140 183 
31 9 299 2931 3229 3203 623 329 140 183 
31 9 299 2931 3229 3204 623 329 140 183 
31 9 299 2931 3229 3205 623 329 140 183 
31 9 299 2931 3229 3206 623 329 140 183 
31 9 299 2931 3229 3207 623 332 140 180 
31 9 299 2931 3229 3208 623 332 140 180 
31 9 299 2931 3229 3209 623 332 140 180 
31 9 299 2931 3229 3210 623 332 140 180 
31 9 299 2931 3229 3211 623 332 140 180 
31 9 299 2931 3229 3212 623 332 140 180 
31 9 299 2931 3229 3213 623 332 140 180 
31 9 299 2931 3229 3214 623 335 140 175 
31 9 299 2931 3229 3215 623 335 140 175 
31 9 299 2931 3229 3216 623 335 140 175 
31 9 299 2931 3229 3217 623 335 140 175 
31 9 299 2931 3229 3218 623 335 140 175 
31 9 299 2931 3229 3219 623 335 140 175 
31 9 299 2931 3229 3220 623 339 140 171 
31 9 299 2931 3229 3221 623 339 140 171 
31 9 299 2931 3229 3222 623 339 140 171 
31 9 299 2931 3229 3223 623 339 140 171 
31 9 299 2931 3229 3224 623 339 140 171 
31 9 299 2931 3229 3225 623 339 140 171 
31 9 299 2931 3229 3226 623 339 140 171 
31 9 299 2931 3229 3227 623 342 140 168 
31 9 299 2931 3229 3228 623 342 140 168 
31 9 299 2931 3229 3229 623 342 140 168 
