1 1574 0 385 325 86 133 2
1 1574 1 384 328 87 133 2
1 1574 2 384 331 87 134 2
1 1574 3 384 335 87 134 2
1 1574 4 384 338 87 135 2
1 1574 5 384 342 87 135 2
1 1574 6 383 345 88 136 2
1 1574 7 383 349 88 136 2
1 1574 8 383 352 88 137 2
1 1574 9 383 356 88 137 2
1 1574 10 383 359 89 138 2
1 1574 11 382 363 90 138 2
1 1574 12 382 366 90 139 2
1 1574 13 382 370 90 139 2
1 1574 14 382 373 90 140 2
1 1574 15 382 376 90 141 2
1 1574 16 382 380 90 141 2
1 1574 17 381 383 91 141 2
1 1574 18 381 387 92 141 2
1 1574 19 381 390 92 142 2
1 1574 20 381 394 92 142 2
1 1574 21 381 397 92 143 2
1 1574 22 380 401 93 143 2
1 1574 23 380 404 93 144 2
1 1574 24 380 408 93 144 2
1 1574 25 380 411 93 145 2
1 1574 26 380 414 93 146 2
1 1574 27 379 418 95 146 2
1 1574 28 379 421 95 147 2
1 1574 29 379 425 95 147 2
1 1574 30 379 428 95 148 2
1 1574 31 379 432 95 148 2
1 1574 32 378 435 96 149 2
1 1574 33 378 439 96 149 2
1 1574 34 378 442 96 150 2
1 1574 35 378 445 97 151 2
1 1574 36 378 449 97 151 2
1 1574 37 377 452 98 152 2
1 1574 38 377 456 98 152 2
1 1574 39 377 459 98 153 2
1 1574 40 377 463 98 152 2
1 1574 41 377 466 98 153 2
1 1574 42 377 470 99 154 2
1 1574 43 376 474 100 154 2
1 1574 44 376 478 100 155 2
1 1574 45 375 482 101 156 2
1 1574 46 375 486 101 157 2
1 1574 47 374 491 102 157 2
1 1574 48 374 495 102 158 2
1 1574 49 374 499 102 159 2
1 1574 50 373 503 103 160 2
1 1574 51 373 507 103 161 2
1 1574 52 372 512 104 161 2
1 1574 53 372 516 104 162 2
1 1574 54 371 520 105 163 2
1 1574 55 371 524 105 164 2
1 1574 56 371 528 105 165 2
1 1574 57 370 533 107 165 2
1 1574 58 370 537 107 166 2
1 1574 59 369 541 108 167 2
1 1574 60 369 545 108 168 2
1 1574 61 368 549 109 169 2
1 1574 62 368 554 109 169 2
1 1574 63 368 558 109 170 2
1 1574 64 367 562 110 171 2
1 1574 65 367 566 110 172 2
1 1574 66 366 570 111 173 2
1 1574 67 366 575 111 173 2
1 1574 68 365 579 112 174 2
1 1574 69 365 583 113 175 2
1 1574 70 365 587 113 176 2
1 1574 71 364 591 114 177 2
1 1574 72 364 595 114 178 2
1 1574 73 363 600 115 178 2
1 1574 74 363 604 115 179 2
1 1574 75 362 608 116 180 2
1 1574 76 362 612 116 181 2
1 1574 77 361 616 117 182 2
1 1574 78 361 620 117 183 2
1 1574 79 361 625 118 184 2
1 1574 80 359 627 119 185 2
1 1574 81 357 630 121 186 2
1 1574 82 355 633 122 186 2
1 1574 83 353 636 124 187 2
1 1574 84 351 639 125 188 2
1 1574 85 349 642 126 189 2
1 1574 86 347 646 128 189 2
1 1574 87 345 649 129 190 2
1 1574 88 343 652 131 191 2
1 1574 89 341 655 132 192 2
1 1574 90 339 659 133 192 2
1 1574 91 337 662 135 193 2
1 1574 92 335 666 136 194 2
1 1574 93 333 669 137 195 2
1 1574 94 331 673 139 195 2
1 1574 95 329 677 140 196 2
1 1574 96 326 680 142 198 2
1 1574 97 324 684 143 198 2
1 1574 98 322 688 144 199 2
1 1574 99 320 692 146 200 2
1 1574 100 317 696 148 201 2
1 1574 101 315 700 149 202 2
1 1574 102 313 704 150 203 2
1 1574 103 310 709 152 203 2
1 1574 104 308 713 153 204 2
1 1574 105 305 718 155 205 2
1 1574 106 303 722 156 206 2
1 1574 107 300 727 158 207 2
1 1574 108 298 732 159 208 2
1 1574 109 295 734 160 208 2
1 1574 110 292 736 162 209 2
1 1574 111 289 738 163 210 2
1 1574 112 287 741 164 210 2
1 1574 113 284 743 165 210 2
1 1574 114 281 745 167 211 2
1 1574 115 278 748 168 211 2
1 1574 116 276 750 169 212 2
1 1574 117 273 752 170 213 2
1 1574 118 270 755 172 212 2
1 1574 119 267 757 173 213 2
1 1574 120 265 759 174 214 2
1 1574 121 262 761 176 215 2
1 1574 122 259 764 177 215 2
1 1574 123 256 766 179 215 2
1 1574 124 254 768 179 216 2
1 1574 125 251 771 181 216 2
1 1574 126 248 773 182 217 2
1 1574 127 245 775 184 218 2
1 1574 128 243 778 185 218 2
1 1574 129 241 779 186 218 2
1 1574 130 240 780 186 219 2
1 1574 131 238 782 187 219 2
1 1574 132 237 783 188 220 2
1 1574 133 235 784 189 220 2
1 1574 134 234 786 189 220 2
1 1574 135 233 787 189 221 2
1 1574 136 231 789 191 221 2
1 1574 137 230 790 191 221 2
1 1574 138 228 791 192 222 2
1 1574 139 227 793 193 222 2
1 1574 140 225 794 194 223 2
1 1574 141 224 795 194 223 2
1 1574 142 223 797 194 223 2
1 1574 143 221 798 196 224 2
1 1574 144 220 800 196 224 2
1 1574 145 218 801 197 224 2
1 1574 146 217 802 198 225 2
1 1574 147 215 804 199 225 2
1 1574 148 214 805 199 226 2
1 1574 149 213 807 200 226 2
1 1574 150 212 808 200 226 2
1 1574 151 211 809 200 226 2
1 1574 152 211 810 200 226 2
1 1574 153 210 811 200 226 2
1 1574 154 209 812 200 226 2
1 1574 155 209 813 200 226 2
1 1574 156 208 814 200 226 2
1 1574 157 207 815 200 226 2
1 1574 158 207 817 200 226 2
1 1574 159 206 818 200 226 2
1 1574 160 205 819 200 226 2
1 1574 161 205 820 200 226 2
1 1574 162 204 821 200 226 2
1 1574 163 203 822 200 226 2
1 1574 164 203 823 200 226 2
1 1574 165 202 824 200 226 2
1 1574 166 201 825 200 226 2
1 1574 167 201 827 200 226 2
1 1574 168 200 827 200 226 2
1 1574 169 199 828 200 226 2
1 1574 170 199 828 200 226 2
1 1574 171 198 829 200 226 2
1 1574 172 198 830 200 226 2
1 1574 173 197 830 200 226 2
1 1574 174 197 831 200 226 2
1 1574 175 196 831 200 226 2
1 1574 176 196 832 200 226 2
1 1574 177 195 833 200 226 2
1 1574 178 195 833 200 226 2
1 1574 179 194 834 200 226 2
1 1574 180 194 834 200 226 2
1 1574 181 193 835 200 226 2
1 1574 182 193 836 200 226 2
1 1574 183 192 836 200 226 2
1 1574 184 192 837 200 226 2
1 1574 185 191 837 200 226 2
1 1574 186 191 838 200 226 2
1 1574 187 190 839 200 226 2
1 1574 188 190 839 200 226 2
1 1574 189 189 840 200 226 2
1 1574 190 189 841 200 226 2
1 1574 191 188 840 201 226 2
1 1574 192 188 840 201 226 2
1 1574 193 188 840 201 226 2
1 1574 194 188 840 201 226 2
1 1574 195 188 840 201 226 2
1 1574 196 188 840 201 226 2
1 1574 197 188 840 201 226 2
1 1574 198 188 840 201 226 2
1 1574 199 188 840 201 226 2
1 1574 200 188 840 201 226 2
1 1574 201 188 840 201 226 2
1 1574 202 188 840 201 226 2
1 1574 203 188 840 201 226 2
1 1574 204 188 840 201 226 2
1 1574 205 188 840 201 226 2
1 1574 206 188 840 201 226 2
1 1574 207 188 840 201 226 2
1 1574 208 188 840 201 226 2
1 1574 209 188 840 201 226 2
1 1574 210 188 840 201 226 2
1 1574 211 188 840 201 226 2
1 1574 212 188 840 201 226 2
1 1574 213 188 840 202 226 2
1 1574 214 188 840 202 226 2
1 1574 215 188 840 202 226 2
1 1574 216 188 840 202 226 2
1 1574 217 188 840 202 226 2
1 1574 218 188 840 202 226 2
1 1574 219 188 840 202 226 2
1 1574 220 188 840 202 225 2
1 1574 221 188 840 202 225 2
1 1574 222 188 840 202 225 2
1 1574 223 188 840 202 225 2
1 1574 224 188 840 202 225 2
1 1574 225 188 840 202 225 2
1 1574 226 188 840 202 225 2
1 1574 227 188 840 202 225 2
1 1574 228 188 840 202 225 2
1 1574 229 188 840 202 225 2
1 1574 230 188 840 202 225 2
1 1574 231 188 840 202 225 2
1 1574 232 188 840 202 225 2
1 1574 233 188 840 202 225 2
1 1574 234 188 840 202 225 2
1 1574 235 188 840 203 225 2
1 1574 236 188 840 203 225 2
1 1574 237 188 840 203 225 2
1 1574 238 188 840 203 225 2
1 1574 239 188 840 203 225 2
1 1574 240 188 840 203 225 2
1 1574 241 188 840 203 225 2
1 1574 242 188 840 203 225 2
1 1574 243 188 840 203 225 2
1 1574 244 188 840 203 225 2
1 1574 245 188 840 203 225 2
1 1574 246 188 840 203 225 2
1 1574 247 188 840 203 225 2
1 1574 248 188 840 203 225 2
1 1574 249 188 840 203 225 2
1 1574 250 188 840 203 224 2
1 1574 251 188 840 203 224 2
1 1574 252 188 840 203 224 2
1 1574 253 188 840 203 224 2
1 1574 254 188 840 203 224 2
1 1574 255 188 840 203 224 2
1 1574 256 188 840 203 224 2
1 1574 257 188 840 204 224 2
1 1574 258 188 840 204 224 2
1 1574 259 188 840 204 224 2
1 1574 260 188 840 204 224 2
1 1574 261 188 840 204 224 2
1 1574 262 188 840 204 224 2
1 1574 263 188 840 204 224 2
1 1574 264 188 840 204 224 2
1 1574 265 188 840 204 224 2
1 1574 266 188 840 204 224 2
1 1574 267 188 840 204 224 2
1 1574 268 188 840 204 224 2
1 1574 269 188 840 204 224 2
1 1574 270 188 840 204 224 2
1 1574 271 188 840 204 224 2
1 1574 272 188 840 204 224 2
1 1574 273 188 840 204 224 2
1 1574 274 188 840 204 224 2
1 1574 275 188 840 204 224 2
1 1574 276 188 840 204 224 2
1 1574 277 188 840 204 224 2
1 1574 278 188 840 204 224 2
1 1574 279 188 840 205 224 2
1 1574 280 188 840 205 224 2
1 1574 281 188 840 205 224 2
1 1574 282 188 840 205 224 2
1 1574 283 188 840 205 224 2
1 1574 284 188 840 205 224 2
1 1574 285 188 840 205 224 2
1 1574 286 188 840 205 224 2
1 1574 287 188 840 205 224 2
1 1574 288 188 840 205 224 2
1 1574 289 188 840 205 224 2
1 1574 290 188 840 205 224 2
1 1574 291 188 840 205 224 2
1 1574 292 188 840 205 224 2
1 1574 293 188 840 205 224 2
1 1574 294 188 840 205 224 2
1 1574 295 188 840 205 224 2
1 1574 296 188 840 205 224 2
1 1574 297 188 840 205 224 2
1 1574 298 188 840 205 224 2
1 1574 299 188 840 205 224 2
1 1574 300 188 840 205 224 2
1 1574 301 188 840 205 224 2
1 1574 302 188 840 205 224 2
1 1574 303 188 840 205 224 2
1 1574 304 188 840 205 224 2
1 1574 305 188 840 205 224 2
1 1574 306 188 840 205 224 2
1 1574 307 188 840 205 224 2
1 1574 308 188 840 205 224 2
1 1574 309 188 840 205 224 2
1 1574 310 188 840 205 224 2
1 1574 311 188 840 205 224 2
1 1574 312 188 840 205 224 2
1 1574 313 188 840 205 224 2
1 1574 314 188 840 205 224 2
1 1574 315 188 840 205 224 2
1 1574 316 188 840 205 224 2
1 1574 317 188 840 205 224 2
1 1574 318 188 840 205 224 2
1 1574 319 188 840 205 224 2
1 1574 320 188 840 205 224 2
1 1574 321 188 840 205 224 2
1 1574 322 188 840 205 224 2
1 1574 323 188 840 205 224 2
1 1574 324 188 840 205 224 2
1 1574 325 188 840 205 224 2
1 1574 326 188 840 205 224 2
1 1574 327 188 840 205 224 2
1 1574 328 188 840 205 224 2
1 1574 329 188 840 205 224 2
1 1574 330 188 840 205 224 2
1 1574 331 188 840 205 224 2
1 1574 332 188 840 205 224 2
1 1574 333 188 840 205 224 2
1 1574 334 188 840 205 224 2
1 1574 335 188 840 205 224 2
1 1574 336 188 840 205 224 2
1 1574 337 188 840 205 224 2
1 1574 338 188 840 205 224 2
1 1574 339 188 840 205 224 2
1 1574 340 188 840 205 224 2
1 1574 341 188 840 205 224 2
1 1574 342 188 840 205 224 2
1 1574 343 188 840 205 224 2
1 1574 344 188 840 205 224 2
1 1574 345 188 840 205 224 2
1 1574 346 188 840 205 224 2
1 1574 347 188 840 205 224 2
1 1574 348 188 840 205 224 2
1 1574 349 188 840 205 224 2
1 1574 350 188 840 205 224 2
1 1574 351 188 840 205 224 2
1 1574 352 188 840 205 224 2
1 1574 353 188 840 205 224 2
1 1574 354 188 840 205 224 2
1 1574 355 188 840 205 224 2
1 1574 356 188 840 205 224 2
1 1574 357 188 840 205 224 2
1 1574 358 188 840 205 224 2
1 1574 359 188 840 205 224 2
1 1574 360 188 840 205 224 2
1 1574 361 188 840 205 224 2
1 1574 362 188 840 205 224 2
1 1574 363 188 840 205 224 2
1 1574 364 188 840 205 224 2
1 1574 365 188 840 205 224 2
1 1574 366 188 840 205 224 2
1 1574 367 188 840 205 224 2
1 1574 368 188 840 205 224 2
1 1574 369 188 840 205 224 2
1 1574 370 188 840 205 224 2
1 1574 371 188 840 205 224 2
1 1574 372 188 840 205 224 2
1 1574 373 188 840 205 224 2
1 1574 374 188 840 205 224 2
1 1574 375 188 840 205 224 2
1 1574 376 188 840 205 224 2
1 1574 377 188 840 205 224 2
1 1574 378 188 840 205 224 2
1 1574 379 188 840 205 224 2
1 1574 380 188 840 205 224 2
1 1574 381 188 840 205 224 2
1 1574 382 188 840 205 224 2
1 1574 383 188 840 205 224 2
1 1574 384 188 840 205 224 2
1 1574 385 188 840 205 224 2
1 1574 386 188 840 205 224 2
1 1574 387 188 840 205 224 2
1 1574 388 188 840 205 224 2
1 1574 389 188 840 205 224 2
1 1574 390 188 840 205 224 2
1 1574 391 188 840 205 224 2
1 1574 392 188 840 205 224 2
1 1574 393 188 840 205 224 2
1 1574 394 188 840 205 224 2
1 1574 395 188 840 205 224 2
1 1574 396 188 840 205 224 2
1 1574 397 188 840 205 224 2
1 1574 398 188 840 205 224 2
1 1574 399 188 840 205 224 2
1 1574 400 188 840 205 224 2
1 1574 401 188 840 205 224 2
1 1574 402 188 840 205 224 2
1 1574 403 188 840 205 224 2
1 1574 404 188 840 205 224 2
1 1574 405 188 840 205 224 2
1 1574 406 188 840 205 224 2
1 1574 407 188 840 205 224 2
1 1574 408 188 840 205 224 2
1 1574 409 188 840 205 224 2
1 1574 410 188 840 205 224 2
1 1574 411 188 840 205 224 2
1 1574 412 188 840 205 224 2
1 1574 413 188 840 205 224 2
1 1574 414 188 840 205 224 2
1 1574 415 188 840 205 224 2
1 1574 416 188 840 205 224 2
1 1574 417 188 840 205 224 2
1 1574 418 188 840 205 224 2
1 1574 419 188 840 205 224 2
1 1574 420 188 840 205 224 2
1 1574 421 188 840 205 224 2
1 1574 422 188 840 205 224 2
1 1574 423 188 840 205 224 2
1 1574 424 188 840 205 224 2
1 1574 425 188 840 205 224 2
1 1574 426 188 840 205 224 2
1 1574 427 188 840 205 224 2
1 1574 428 188 840 205 224 2
1 1574 429 188 840 205 224 2
1 1574 430 188 840 205 224 2
1 1574 431 188 840 205 224 2
1 1574 432 188 840 205 224 2
1 1574 433 188 840 205 224 2
1 1574 434 188 840 205 224 2
1 1574 435 188 840 205 224 2
1 1574 436 188 840 205 224 2
1 1574 437 188 840 205 224 2
1 1574 438 188 840 205 224 2
1 1574 439 188 840 205 224 2
1 1574 440 188 840 205 224 2
1 1574 441 188 840 205 224 2
1 1574 442 188 840 205 224 2
1 1574 443 188 840 205 224 2
1 1574 444 188 840 205 224 2
1 1574 445 188 840 205 224 2
1 1574 446 188 840 205 224 2
1 1574 447 188 840 205 224 2
1 1574 448 188 840 205 224 2
1 1574 449 189 840 205 224 2
1 1574 450 188 840 205 224 2
1 1574 451 188 840 205 224 2
1 1574 452 188 840 205 224 2
1 1574 453 188 840 205 225 2
1 1574 454 188 841 205 224 2
1 1574 455 188 841 204 224 2
1 1574 456 188 841 204 224 2
1 1574 457 188 841 204 225 2
1 1574 458 188 842 204 224 2
1 1574 459 188 842 204 224 2
1 1574 460 188 842 204 224 2
1 1574 461 188 842 203 225 2
1 1574 462 188 843 203 224 2
1 1574 463 188 843 203 224 2
1 1574 464 188 843 203 224 2
1 1574 465 187 843 204 225 2
1 1574 466 187 844 203 224 2
1 1574 467 187 844 203 224 2
1 1574 468 187 844 203 225 2
1 1574 469 187 844 203 225 2
1 1574 470 187 845 203 224 2
1 1574 471 187 845 203 224 2
1 1574 472 187 845 202 225 2
1 1574 473 187 845 202 225 2
1 1574 474 187 846 202 224 2
1 1574 475 187 846 202 224 2
1 1574 476 187 846 202 225 2
1 1574 477 187 846 202 225 2
1 1574 478 187 847 201 224 2
1 1574 479 187 847 201 224 2
1 1574 480 186 847 202 225 2
1 1574 481 186 847 202 225 2
1 1574 482 186 848 202 224 2
1 1574 483 186 848 201 225 2
1 1574 484 186 848 201 225 2
1 1574 485 186 848 201 225 2
1 1574 486 186 849 201 224 2
1 1574 487 186 849 201 225 2
1 1574 488 186 849 201 225 2
1 1574 489 186 849 200 225 2
1 1574 490 186 850 200 224 2
1 1574 491 186 850 200 225 2
1 1574 492 186 850 200 225 2
1 1574 493 186 850 200 225 2
1 1574 494 186 851 200 225 2
1 1574 495 185 851 200 225 2
1 1574 496 185 852 200 224 2
1 1574 497 185 853 199 223 2
1 1574 498 185 853 199 223 2
1 1574 499 185 854 198 222 2
1 1574 500 185 855 198 221 2
1 1574 501 185 855 197 221 2
1 1574 502 184 856 198 220 2
1 1574 503 184 857 197 219 2
1 1574 504 184 858 197 218 2
1 1574 505 184 858 196 218 2
1 1574 506 184 859 196 217 2
1 1574 507 184 860 195 216 2
1 1574 508 184 860 195 216 2
1 1574 509 183 861 195 215 2
1 1574 510 183 862 195 214 2
1 1574 511 183 862 194 214 2
1 1574 512 183 863 194 213 2
1 1574 513 183 864 193 212 2
1 1574 514 183 864 193 212 2
1 1574 515 183 865 192 211 2
1 1574 516 182 866 193 210 2
1 1574 517 182 867 192 209 2
1 1574 518 182 867 192 209 2
1 1574 519 182 868 191 208 2
1 1574 520 182 869 191 207 2
1 1574 521 182 869 190 207 2
1 1574 522 182 870 190 206 2
1 1574 523 181 871 190 205 2
1 1574 524 181 871 190 205 2
1 1574 525 181 872 189 204 2
1 1574 526 181 873 189 203 2
1 1574 527 181 873 189 203 2
1 1574 528 181 874 188 202 2
1 1574 529 181 875 188 201 2
1 1574 530 180 875 188 201 2
1 1574 531 180 876 188 200 2
1 1574 532 180 877 187 199 2
1 1574 533 180 877 187 199 2
1 1574 534 180 878 186 198 2
1 1574 535 180 879 186 197 2
1 1574 536 179 879 186 197 2
1 1574 537 179 880 186 196 2
1 1574 538 179 881 185 195 2
1 1574 539 179 881 185 195 2
1 1574 540 179 882 184 194 2
1 1574 541 179 883 184 193 2
1 1574 542 179 884 184 193 2
1 1574 543 178 884 184 192 2
1 1574 544 178 885 184 191 2
1 1574 545 178 885 184 191 2
1 1574 546 178 886 184 190 2
1 1574 547 178 887 184 189 2
1 1574 548 178 887 184 189 2
1 1574 549 178 888 184 188 2
1 1574 550 178 889 183 187 2
1 1574 551 178 889 183 187 2
1 1574 552 178 890 183 186 2
1 1574 553 178 891 183 185 2
1 1574 554 178 891 183 185 2
1 1574 555 178 892 183 184 2
1 1574 556 178 893 183 183 2
1 1574 557 178 893 182 182 2
1 1574 558 178 894 182 181 2
1 1574 559 178 895 182 180 2
1 1574 560 178 895 182 180 2
1 1574 561 178 896 182 179 2
1 1574 562 178 896 182 179 2
1 1574 563 178 897 182 178 2
1 1574 564 178 898 182 177 2
1 1574 565 178 898 181 177 2
1 1574 566 178 899 181 176 2
1 1574 567 178 900 181 175 2
1 1574 568 178 900 181 175 2
1 1574 569 178 901 181 174 2
1 1574 570 178 902 181 173 2
1 1574 571 178 902 181 173 2
1 1574 572 178 903 181 172 2
1 1574 573 178 904 181 171 2
1 1574 574 177 903 181 171 2
1 1574 575 177 903 181 171 2
1 1574 576 177 903 181 171 2
1 1574 577 177 903 181 171 2
1 1574 578 176 903 182 171 2
1 1574 579 176 903 182 171 2
1 1574 580 176 903 182 171 2
1 1574 581 176 903 182 171 2
1 1574 582 176 903 182 171 2
1 1574 583 175 903 183 171 2
1 1574 584 175 903 183 171 2
1 1574 585 175 903 183 171 2
1 1574 586 175 903 183 171 2
1 1574 587 175 903 183 171 2
1 1574 588 174 903 184 171 2
1 1574 589 174 903 184 171 2
1 1574 590 174 903 184 171 2
1 1574 591 174 903 184 171 2
1 1574 592 173 903 185 171 2
1 1574 593 173 903 185 171 2
1 1574 594 173 903 185 171 2
1 1574 595 173 903 185 171 2
1 1574 596 173 903 185 171 2
1 1574 597 172 903 186 171 2
1 1574 598 172 903 186 171 2
1 1574 599 172 903 186 171 2
1 1574 600 172 903 186 171 2
1 1574 601 172 903 186 171 2
1 1574 602 171 903 187 171 2
1 1574 603 171 903 187 171 2
1 1574 604 171 903 187 171 2
1 1574 605 171 903 187 171 2
1 1574 606 170 903 188 171 2
1 1574 607 170 903 188 171 2
1 1574 608 170 903 188 171 2
1 1574 609 170 903 188 171 2
1 1574 610 170 903 188 171 2
1 1574 611 169 903 189 171 2
1 1574 612 169 903 189 171 2
1 1574 613 169 903 189 171 2
1 1574 614 169 903 189 171 2
1 1574 615 169 903 189 171 2
1 1574 616 168 903 190 171 2
1 1574 617 168 903 190 171 2
1 1574 618 168 903 190 171 2
1 1574 619 168 903 190 171 2
1 1574 620 168 903 190 171 2
1 1574 621 167 903 191 171 2
1 1574 622 167 903 191 171 2
1 1574 623 167 903 191 171 2
1 1574 624 167 903 191 171 2
1 1574 625 166 903 192 171 2
1 1574 626 166 903 192 171 2
1 1574 627 166 903 192 171 2
1 1574 628 166 903 192 171 2
1 1574 629 166 903 192 171 2
1 1574 630 165 903 193 171 2
1 1574 631 165 903 193 171 2
1 1574 632 165 903 193 171 2
1 1574 633 165 903 193 171 2
1 1574 634 165 903 193 171 2
1 1574 635 164 903 194 171 2
1 1574 636 164 903 194 171 2
1 1574 637 164 903 194 171 2
1 1574 638 164 903 194 171 2
1 1574 639 163 903 195 171 2
1 1574 640 163 903 195 171 2
1 1574 641 163 903 195 171 2
1 1574 642 163 903 195 171 2
1 1574 643 163 903 195 171 2
1 1574 644 162 903 196 171 2
1 1574 645 162 903 196 171 2
1 1574 646 162 903 196 171 2
1 1574 647 162 903 196 171 2
1 1574 648 162 903 196 171 2
1 1574 649 161 903 197 171 2
1 1574 650 161 903 197 171 2
1 1574 651 161 903 197 171 2
1 1574 652 161 903 197 171 2
1 1574 653 160 903 198 171 2
1 1574 654 160 903 198 171 2
1 1574 655 160 903 198 171 2
1 1574 656 160 903 198 171 2
1 1574 657 160 903 198 171 2
1 1574 658 159 903 199 171 2
1 1574 659 159 903 199 170 2
1 1574 660 159 903 199 170 2
1 1574 661 159 903 199 170 2
1 1574 662 159 903 199 170 2
1 1574 663 158 903 200 170 2
1 1574 664 158 903 200 170 2
1 1574 665 158 903 200 170 2
1 1574 666 158 903 200 170 2
1 1574 667 157 903 201 170 2
1 1574 668 157 903 201 170 2
1 1574 669 157 903 201 170 2
1 1574 670 157 903 201 170 2
1 1574 671 157 903 201 170 2
1 1574 672 156 903 202 170 2
1 1574 673 156 903 202 170 2
1 1574 674 156 903 202 170 2
1 1574 675 156 903 202 170 2
1 1574 676 156 903 202 170 2
1 1574 677 155 903 203 170 2
1 1574 678 155 903 203 170 2
1 1574 679 155 903 203 170 2
1 1574 680 155 903 203 170 2
1 1574 681 154 903 204 170 2
1 1574 682 154 903 204 170 2
1 1574 683 154 903 204 170 2
1 1574 684 154 903 204 170 2
1 1574 685 154 903 204 170 2
1 1574 686 153 903 205 170 2
1 1574 687 153 903 205 170 2
1 1574 688 153 903 205 170 2
1 1574 689 153 903 205 170 2
1 1574 690 153 903 205 170 2
1 1574 691 152 903 206 170 2
1 1574 692 152 903 206 170 2
1 1574 693 152 903 206 170 2
1 1574 694 152 903 206 170 2
1 1574 695 151 903 207 170 2
1 1574 696 151 903 207 170 2
1 1574 697 151 903 207 170 2
1 1574 698 151 903 207 170 2
1 1574 699 151 903 207 170 2
1 1574 700 150 903 208 170 2
1 1574 701 150 903 208 170 2
1 1574 702 150 903 208 170 2
1 1574 703 150 903 208 170 2
1 1574 704 150 903 208 170 2
1 1574 705 149 903 209 170 2
1 1574 706 149 903 209 170 2
1 1574 707 149 903 209 170 2
1 1574 708 149 903 209 170 2
1 1574 709 148 903 210 170 2
1 1574 710 148 903 210 170 2
1 1574 711 148 903 210 170 2
1 1574 712 148 903 210 170 2
1 1574 713 148 903 210 170 2
1 1574 714 147 903 211 170 2
1 1574 715 147 903 211 170 2
1 1574 716 147 903 211 170 2
1 1574 717 147 903 211 170 2
1 1574 718 147 903 211 170 2
1 1574 719 146 903 212 170 2
1 1574 720 146 903 212 170 2
1 1574 721 146 903 212 170 2
1 1574 722 146 903 212 170 2
1 1574 723 146 903 212 170 2
1 1574 724 145 903 213 170 2
1 1574 725 145 903 213 170 2
1 1574 726 145 903 213 170 2
1 1574 727 145 903 213 170 2
1 1574 728 144 903 214 170 2
1 1574 729 144 903 214 170 2
1 1574 730 144 903 214 170 2
1 1574 731 144 903 214 170 2
1 1574 732 144 903 214 170 2
1 1574 733 143 903 215 170 2
1 1574 734 143 903 215 170 2
1 1574 735 143 903 215 170 2
1 1574 736 143 903 215 170 2
1 1574 737 143 903 215 170 2
1 1574 738 142 903 216 170 2
1 1574 739 142 903 216 170 2
1 1574 740 142 903 216 170 2
1 1574 741 142 903 216 170 2
1 1574 742 141 903 217 170 2
1 1574 743 141 903 217 170 2
1 1574 744 141 903 217 170 2
1 1574 745 141 903 217 170 2
1 1574 746 141 903 217 170 2
1 1574 747 140 903 218 170 2
1 1574 748 140 903 218 170 2
1 1574 749 140 903 218 170 2
1 1574 750 140 903 218 170 2
1 1574 751 140 903 218 170 2
1 1574 752 140 903 218 170 2
1 1574 753 140 903 218 170 2
1 1574 754 140 903 218 170 2
1 1574 755 140 903 218 170 2
1 1574 756 140 903 218 170 2
1 1574 757 140 903 218 170 2
1 1574 758 140 903 218 170 2
1 1574 759 140 903 218 170 2
1 1574 760 140 903 218 170 2
1 1574 761 140 903 218 170 2
1 1574 762 140 903 218 170 2
1 1574 763 140 903 218 170 2
1 1574 764 140 903 218 170 2
1 1574 765 140 903 218 170 2
1 1574 766 140 903 218 170 2
1 1574 767 140 903 218 170 2
1 1574 768 140 903 218 170 2
1 1574 769 140 903 218 170 2
1 1574 770 140 903 218 170 2
1 1574 771 140 903 218 170 2
1 1574 772 140 903 218 170 2
1 1574 773 140 903 218 170 2
1 1574 774 140 903 218 170 2
1 1574 775 141 903 218 170 2
1 1574 776 141 903 218 170 2
1 1574 777 141 903 218 170 2
1 1574 778 141 903 218 170 2
1 1574 779 141 903 218 170 2
1 1574 780 141 903 218 170 2
1 1574 781 141 903 218 170 2
1 1574 782 141 903 218 170 2
1 1574 783 141 903 218 170 2
1 1574 784 141 903 218 170 2
1 1574 785 141 903 218 170 2
1 1574 786 141 903 218 170 2
1 1574 787 141 903 218 170 2
1 1574 788 141 903 218 170 2
1 1574 789 141 903 218 170 2
1 1574 790 141 903 218 170 2
1 1574 791 141 903 218 170 2
1 1574 792 141 903 218 170 2
1 1574 793 141 903 218 170 2
1 1574 794 141 903 218 170 2
1 1574 795 141 903 218 170 2
1 1574 796 141 903 218 170 2
1 1574 797 141 903 218 170 2
1 1574 798 141 903 218 170 2
1 1574 799 142 903 218 170 2
1 1574 800 142 903 218 170 2
1 1574 801 142 903 218 170 2
1 1574 802 142 903 218 170 2
1 1574 803 142 903 218 170 2
1 1574 804 142 903 218 170 2
1 1574 805 142 903 218 170 2
1 1574 806 142 903 218 170 2
1 1574 807 142 903 218 170 2
1 1574 808 142 903 218 170 2
1 1574 809 142 903 218 170 2
1 1574 810 142 903 218 170 2
1 1574 811 142 903 218 170 2
1 1574 812 142 903 218 170 2
1 1574 813 142 903 218 170 2
1 1574 814 142 903 218 170 2
1 1574 815 142 903 218 170 2
1 1574 816 142 903 218 170 2
1 1574 817 142 903 218 170 2
1 1574 818 142 903 218 170 2
1 1574 819 142 903 218 170 2
1 1574 820 142 903 218 170 2
1 1574 821 142 903 218 170 2
1 1574 822 142 903 218 170 2
1 1574 823 143 903 218 170 2
1 1574 824 143 903 218 170 2
1 1574 825 143 903 218 170 2
1 1574 826 143 903 218 170 2
1 1574 827 143 903 218 170 2
1 1574 828 143 903 218 170 2
1 1574 829 143 903 218 170 2
1 1574 830 143 903 218 170 2
1 1574 831 143 903 218 170 2
1 1574 832 143 903 218 170 2
1 1574 833 143 903 218 170 2
1 1574 834 143 903 218 170 2
1 1574 835 143 903 218 170 2
1 1574 836 143 903 218 170 2
1 1574 837 143 903 218 170 2
1 1574 838 143 903 218 170 2
1 1574 839 143 903 218 170 2
1 1574 840 143 903 218 170 2
1 1574 841 143 903 218 170 2
1 1574 842 143 903 218 170 2
1 1574 843 143 903 218 170 2
1 1574 844 143 903 218 170 2
1 1574 845 143 903 218 170 2
1 1574 846 143 903 218 170 2
1 1574 847 144 903 218 170 2
1 1574 848 144 903 218 170 2
1 1574 849 144 903 218 170 2
1 1574 850 144 903 218 170 2
1 1574 851 144 903 218 170 2
1 1574 852 144 903 218 170 2
1 1574 853 144 903 218 170 2
1 1574 854 144 903 218 170 2
1 1574 855 144 903 218 170 2
1 1574 856 144 903 218 170 2
1 1574 857 144 903 218 170 2
1 1574 858 144 903 218 170 2
1 1574 859 144 903 218 170 2
1 1574 860 144 903 218 170 2
1 1574 861 144 903 218 170 2
1 1574 862 144 903 218 170 2
1 1574 863 144 903 218 170 2
1 1574 864 144 903 218 170 2
1 1574 865 144 903 218 170 2
1 1574 866 144 903 218 170 2
1 1574 867 144 903 218 170 2
1 1574 868 144 903 218 170 2
1 1574 869 144 903 218 170 2
1 1574 870 144 903 218 170 2
1 1574 871 145 903 218 170 2
1 1574 872 145 903 218 170 2
1 1574 873 145 903 218 170 2
1 1574 874 145 903 218 170 2
1 1574 875 145 903 218 170 2
1 1574 876 145 903 218 170 2
1 1574 877 145 903 218 170 2
1 1574 878 145 903 218 170 2
1 1574 879 145 903 218 170 2
1 1574 880 145 903 218 170 2
1 1574 881 145 903 218 170 2
1 1574 882 145 903 218 170 2
1 1574 883 145 903 218 170 2
1 1574 884 145 903 218 170 2
1 1574 885 145 903 218 170 2
1 1574 886 145 903 218 170 2
1 1574 887 145 903 218 170 2
1 1574 888 145 903 218 170 2
1 1574 889 145 903 218 170 2
1 1574 890 145 903 218 170 2
1 1574 891 145 903 218 170 2
1 1574 892 145 903 218 170 2
1 1574 893 145 903 218 170 2
1 1574 894 145 903 218 170 2
1 1574 895 146 903 218 170 2
1 1574 896 146 903 218 170 2
1 1574 897 146 903 218 170 2
1 1574 898 146 903 218 170 2
1 1574 899 146 903 218 170 2
1 1574 900 146 903 218 170 2
1 1574 901 146 903 218 170 2
1 1574 902 146 903 218 170 2
1 1574 903 146 903 218 170 2
1 1574 904 146 903 218 170 2
1 1574 905 146 903 218 170 2
1 1574 906 146 903 218 170 2
1 1574 907 146 903 218 170 2
1 1574 908 146 903 218 170 2
1 1574 909 146 903 218 170 2
1 1574 910 146 903 218 170 2
1 1574 911 146 903 218 170 2
1 1574 912 146 903 218 170 2
1 1574 913 146 903 218 170 2
1 1574 914 146 903 218 170 2
1 1574 915 146 903 218 170 2
1 1574 916 146 903 218 170 2
1 1574 917 146 903 218 170 2
1 1574 918 146 903 218 170 2
1 1574 919 147 903 218 170 2
1 1574 920 147 903 218 170 2
1 1574 921 147 903 218 170 2
1 1574 922 147 903 218 170 2
1 1574 923 147 903 218 170 2
1 1574 924 147 903 218 170 2
1 1574 925 147 903 218 170 2
1 1574 926 147 903 218 170 2
1 1574 927 147 903 218 170 2
1 1574 928 147 903 218 170 2
1 1574 929 147 903 218 170 2
1 1574 930 147 903 218 170 2
1 1574 931 147 903 218 170 2
1 1574 932 147 903 218 170 2
1 1574 933 147 903 218 170 2
1 1574 934 147 903 218 170 2
1 1574 935 147 903 218 170 2
1 1574 936 147 903 218 170 2
1 1574 937 147 903 218 170 2
1 1574 938 147 903 218 170 2
1 1574 939 147 903 218 170 2
1 1574 940 147 903 218 170 2
1 1574 941 147 903 218 170 2
1 1574 942 147 903 218 170 2
1 1574 943 148 903 218 170 2
1 1574 944 148 903 218 170 2
1 1574 945 148 903 218 170 2
1 1574 946 148 903 218 170 2
1 1574 947 148 903 218 170 2
1 1574 948 148 903 218 170 2
1 1574 949 148 903 218 170 2
1 1574 950 148 903 218 170 2
1 1574 951 148 903 218 170 2
1 1574 952 148 903 218 170 2
1 1574 953 148 903 218 170 2
1 1574 954 148 903 218 170 2
1 1574 955 148 903 218 170 2
1 1574 956 148 903 218 170 2
1 1574 957 148 903 218 170 2
1 1574 958 148 903 218 170 2
1 1574 959 148 903 218 170 2
1 1574 960 148 903 218 170 2
1 1574 961 148 903 218 170 2
1 1574 962 148 903 218 170 2
1 1574 963 148 903 218 170 2
1 1574 964 148 903 218 170 2
1 1574 965 148 903 218 170 2
1 1574 966 148 903 218 170 2
1 1574 967 149 903 218 170 2
1 1574 968 149 903 218 170 2
1 1574 969 149 903 218 170 2
1 1574 970 149 903 218 170 2
1 1574 971 149 903 218 170 2
1 1574 972 149 903 218 170 2
1 1574 973 149 903 218 170 2
1 1574 974 149 903 218 170 2
1 1574 975 149 903 218 170 2
1 1574 976 149 903 218 170 2
1 1574 977 149 903 218 170 2
1 1574 978 149 903 218 170 2
1 1574 979 149 903 218 170 2
1 1574 980 149 903 218 170 2
1 1574 981 149 903 218 170 2
1 1574 982 149 903 218 170 2
1 1574 983 149 903 218 170 2
1 1574 984 149 903 218 170 2
1 1574 985 149 903 218 170 2
1 1574 986 149 903 218 170 2
1 1574 987 149 903 218 170 2
1 1574 988 149 903 218 170 2
1 1574 989 149 903 218 170 2
1 1574 990 149 903 218 170 2
1 1574 991 150 903 218 170 2
1 1574 992 150 903 218 170 2
1 1574 993 150 903 218 170 2
1 1574 994 150 903 218 170 2
1 1574 995 150 903 218 170 2
1 1574 996 150 903 218 170 2
1 1574 997 150 903 218 170 2
1 1574 998 150 903 218 170 2
1 1574 999 150 903 218 170 2
1 1574 1000 150 903 218 170 2
1 1574 1001 150 903 218 170 2
1 1574 1002 150 903 218 170 2
1 1574 1003 150 903 218 170 2
1 1574 1004 150 903 218 170 2
1 1574 1005 150 903 218 170 2
1 1574 1006 150 903 218 170 2
1 1574 1007 150 903 218 170 2
1 1574 1008 150 903 218 170 2
1 1574 1009 150 903 218 170 2
1 1574 1010 150 903 218 170 2
1 1574 1011 150 903 218 170 2
1 1574 1012 150 903 218 170 2
1 1574 1013 150 903 218 170 2
1 1574 1014 150 903 218 170 2
1 1574 1015 151 903 218 170 2
1 1574 1016 150 903 218 170 2
1 1574 1017 150 903 218 170 2
1 1574 1018 150 903 218 170 2
1 1574 1019 150 903 218 170 2
1 1574 1020 150 903 218 170 2
1 1574 1021 150 903 218 170 2
1 1574 1022 150 903 218 170 2
1 1574 1023 150 903 218 170 2
1 1574 1024 150 903 218 170 2
1 1574 1025 150 903 218 170 2
1 1574 1026 150 903 218 170 2
1 1574 1027 150 903 218 170 2
1 1574 1028 150 903 218 170 2
1 1574 1029 150 903 218 170 2
1 1574 1030 150 903 218 170 2
1 1574 1031 150 903 218 170 2
1 1574 1032 150 903 218 170 2
1 1574 1033 150 903 218 170 2
1 1574 1034 149 903 218 170 2
1 1574 1035 149 903 218 170 2
1 1574 1036 149 903 218 170 2
1 1574 1037 149 903 218 170 2
1 1574 1038 149 903 218 170 2
1 1574 1039 149 903 218 170 2
1 1574 1040 149 903 218 170 2
1 1574 1041 149 903 218 170 2
1 1574 1042 149 903 218 170 2
1 1574 1043 149 903 218 170 2
1 1574 1044 149 903 218 170 2
1 1574 1045 149 903 218 170 2
1 1574 1046 149 903 218 170 2
1 1574 1047 149 903 218 170 2
1 1574 1048 149 903 218 170 2
1 1574 1049 149 903 218 170 2
1 1574 1050 149 903 218 170 2
1 1574 1051 149 903 218 170 2
1 1574 1052 148 903 218 170 2
1 1574 1053 148 903 218 170 2
1 1574 1054 148 903 218 170 2
1 1574 1055 148 903 218 170 2
1 1574 1056 148 903 218 170 2
1 1574 1057 148 903 218 170 2
1 1574 1058 148 903 218 170 2
1 1574 1059 148 903 218 170 2
1 1574 1060 148 903 218 170 2
1 1574 1061 148 903 218 170 2
1 1574 1062 148 903 218 170 2
1 1574 1063 148 903 218 170 2
1 1574 1064 148 903 218 170 2
1 1574 1065 148 903 218 170 2
1 1574 1066 148 903 218 170 2
1 1574 1067 148 903 218 170 2
1 1574 1068 148 903 218 170 2
1 1574 1069 148 903 218 170 2
1 1574 1070 147 903 218 170 2
1 1574 1071 147 903 218 170 2
1 1574 1072 147 903 218 170 2
1 1574 1073 147 903 218 170 2
1 1574 1074 147 903 218 170 2
1 1574 1075 147 903 218 170 2
1 1574 1076 147 903 218 170 2
1 1574 1077 147 903 218 170 2
1 1574 1078 147 903 218 170 2
1 1574 1079 147 903 218 170 2
1 1574 1080 147 903 218 170 2
1 1574 1081 147 903 218 170 2
1 1574 1082 147 903 218 170 2
1 1574 1083 147 903 218 170 2
1 1574 1084 147 903 218 170 2
1 1574 1085 147 903 218 170 2
1 1574 1086 147 903 218 170 2
1 1574 1087 147 903 218 170 2
1 1574 1088 146 903 218 170 2
1 1574 1089 146 903 218 170 2
1 1574 1090 146 903 218 170 2
1 1574 1091 146 903 218 170 2
1 1574 1092 146 903 218 170 2
1 1574 1093 146 903 218 170 2
1 1574 1094 146 903 218 170 2
1 1574 1095 146 903 218 170 2
1 1574 1096 146 903 218 170 2
1 1574 1097 146 903 218 170 2
1 1574 1098 146 903 218 170 2
1 1574 1099 146 903 218 170 2
1 1574 1100 146 903 218 170 2
1 1574 1101 146 903 218 170 2
1 1574 1102 146 903 218 170 2
1 1574 1103 146 903 218 170 2
1 1574 1104 146 903 218 170 2
1 1574 1105 146 903 218 170 2
1 1574 1106 145 903 218 170 2
1 1574 1107 145 903 218 170 2
1 1574 1108 145 903 218 170 2
1 1574 1109 145 903 218 170 2
1 1574 1110 145 903 218 170 2
1 1574 1111 145 903 218 170 2
1 1574 1112 145 903 218 170 2
1 1574 1113 145 903 218 170 2
1 1574 1114 145 903 218 170 2
1 1574 1115 145 903 218 170 2
1 1574 1116 145 903 218 170 2
1 1574 1117 145 903 218 170 2
1 1574 1118 145 903 218 170 2
1 1574 1119 145 903 218 170 2
1 1574 1120 145 903 218 170 2
1 1574 1121 145 903 218 170 2
1 1574 1122 145 903 218 170 2
1 1574 1123 145 903 218 170 2
1 1574 1124 145 903 218 170 2
1 1574 1125 144 903 218 170 2
1 1574 1126 144 903 218 170 2
1 1574 1127 144 903 218 170 2
1 1574 1128 144 903 218 170 2
1 1574 1129 144 903 218 170 2
1 1574 1130 144 903 218 170 2
1 1574 1131 144 903 218 170 2
1 1574 1132 144 903 218 170 2
1 1574 1133 144 903 218 170 2
1 1574 1134 143 903 218 170 2
1 1574 1135 143 903 218 170 2
1 1574 1136 143 903 218 170 2
1 1574 1137 143 903 218 170 2
1 1574 1138 143 903 218 170 2
1 1574 1139 143 903 218 170 2
1 1574 1140 143 903 218 170 2
1 1574 1141 143 903 218 170 2
1 1574 1142 143 903 218 170 2
1 1574 1143 142 903 218 170 2
1 1574 1144 142 903 218 170 2
1 1574 1145 142 903 218 170 2
1 1574 1146 142 903 218 170 2
1 1574 1147 142 903 218 170 2
1 1574 1148 142 903 218 170 2
1 1574 1149 142 903 218 170 2
1 1574 1150 142 903 218 170 2
1 1574 1151 142 903 218 170 2
1 1574 1152 141 903 218 170 2
1 1574 1153 141 903 218 170 2
1 1574 1154 141 903 218 170 2
1 1574 1155 141 903 218 170 2
1 1574 1156 141 903 218 170 2
1 1574 1157 141 903 218 170 2
1 1574 1158 141 903 218 170 2
1 1574 1159 141 903 218 170 2
1 1574 1160 141 903 218 170 2
1 1574 1161 140 903 218 170 2
1 1574 1162 140 903 218 170 2
1 1574 1163 140 903 218 170 2
1 1574 1164 140 903 218 170 2
1 1574 1165 140 903 218 170 2
1 1574 1166 140 903 218 170 2
1 1574 1167 140 903 218 170 2
1 1574 1168 140 903 218 170 2
1 1574 1169 140 903 218 170 2
1 1574 1170 139 903 218 170 2
1 1574 1171 139 903 218 170 2
1 1574 1172 139 903 218 170 2
1 1574 1173 139 903 218 170 2
1 1574 1174 139 903 218 170 2
1 1574 1175 139 903 218 170 2
1 1574 1176 139 903 218 170 2
1 1574 1177 139 903 218 170 2
1 1574 1178 139 903 218 170 2
1 1574 1179 138 903 218 170 2
1 1574 1180 138 903 218 170 2
1 1574 1181 138 903 218 170 2
1 1574 1182 138 903 218 170 2
1 1574 1183 138 903 218 170 2
1 1574 1184 138 903 218 170 2
1 1574 1185 138 903 218 170 2
1 1574 1186 138 903 218 170 2
1 1574 1187 138 903 218 170 2
1 1574 1188 137 903 218 170 2
1 1574 1189 137 903 218 170 2
1 1574 1190 137 903 218 170 2
1 1574 1191 137 903 218 170 2
1 1574 1192 137 903 218 170 2
1 1574 1193 137 903 218 170 2
1 1574 1194 137 903 218 170 2
1 1574 1195 137 903 218 170 2
1 1574 1196 137 903 218 170 2
1 1574 1197 137 903 218 170 2
1 1574 1198 137 902 217 171 2
1 1574 1199 137 902 217 171 2
1 1574 1200 137 902 217 171 2
1 1574 1201 137 902 217 171 2
1 1574 1202 137 902 217 171 2
1 1574 1203 137 902 217 171 2
1 1574 1204 137 902 217 171 2
1 1574 1205 137 902 217 171 2
1 1574 1206 137 902 217 171 2
1 1574 1207 137 902 217 171 2
1 1574 1208 137 902 217 171 2
1 1574 1209 137 902 217 171 2
1 1574 1210 138 902 216 171 2
1 1574 1211 138 902 216 171 2
1 1574 1212 138 902 216 171 2
1 1574 1213 138 902 216 171 2
1 1574 1214 138 902 216 171 2
1 1574 1215 138 902 216 171 2
1 1574 1216 138 902 216 171 2
1 1574 1217 138 902 216 171 2
1 1574 1218 138 902 216 171 2
1 1574 1219 138 902 216 171 2
1 1574 1220 138 902 216 171 2
1 1574 1221 138 902 216 171 2
1 1574 1222 139 902 215 171 2
1 1574 1223 139 902 215 171 2
1 1574 1224 139 902 215 171 2
1 1574 1225 139 902 215 171 2
1 1574 1226 139 902 215 171 2
1 1574 1227 139 902 215 171 2
1 1574 1228 139 902 215 171 2
1 1574 1229 139 902 215 171 2
1 1574 1230 139 902 215 171 2
1 1574 1231 139 902 215 171 2
1 1574 1232 139 902 215 171 2
1 1574 1233 139 902 215 171 2
1 1574 1234 140 902 214 171 2
1 1574 1235 140 902 214 171 2
1 1574 1236 140 902 214 171 2
1 1574 1237 140 902 214 171 2
1 1574 1238 140 902 214 171 2
1 1574 1239 140 902 214 171 2
1 1574 1240 140 902 214 171 2
1 1574 1241 140 902 214 171 2
1 1574 1242 140 902 214 171 2
1 1574 1243 140 902 214 171 2
1 1574 1244 140 902 214 171 2
1 1574 1245 140 902 214 171 2
1 1574 1246 141 902 213 171 2
1 1574 1247 141 902 213 171 2
1 1574 1248 141 902 213 171 2
1 1574 1249 141 902 213 171 2
1 1574 1250 141 902 213 171 2
1 1574 1251 141 902 213 171 2
1 1574 1252 141 902 213 171 2
1 1574 1253 141 902 213 171 2
1 1574 1254 141 902 213 171 2
1 1574 1255 141 902 213 171 2
1 1574 1256 141 902 213 171 2
1 1574 1257 141 902 213 171 2
1 1574 1258 142 902 212 171 2
1 1574 1259 142 902 212 171 2
1 1574 1260 142 902 212 171 2
1 1574 1261 142 902 212 171 2
1 1574 1262 142 902 212 171 2
1 1574 1263 142 902 212 171 2
1 1574 1264 142 902 212 171 2
1 1574 1265 142 902 212 171 2
1 1574 1266 142 902 212 171 2
1 1574 1267 142 902 212 171 2
1 1574 1268 142 902 212 171 2
1 1574 1269 142 902 212 171 2
1 1574 1270 143 902 211 171 2
1 1574 1271 143 902 211 171 2
1 1574 1272 143 902 211 171 2
1 1574 1273 143 902 211 171 2
1 1574 1274 143 902 211 171 2
1 1574 1275 143 902 211 171 2
1 1574 1276 143 902 211 171 2
1 1574 1277 143 902 211 171 2
1 1574 1278 143 902 211 171 2
1 1574 1279 143 902 211 171 2
1 1574 1280 143 902 211 171 2
1 1574 1281 143 902 211 171 2
1 1574 1282 143 902 211 171 2
1 1574 1283 144 902 210 171 2
1 1574 1284 144 902 210 171 2
1 1574 1285 144 902 210 171 2
1 1574 1286 144 902 210 171 2
1 1574 1287 144 902 210 171 2
1 1574 1288 144 902 210 171 2
1 1574 1289 144 902 210 171 2
1 1574 1290 144 902 210 171 2
1 1574 1291 144 902 210 171 2
1 1574 1292 144 902 210 171 2
1 1574 1293 144 902 210 171 2
1 1574 1294 144 902 210 171 2
1 1574 1295 145 902 209 171 2
1 1574 1296 145 902 209 171 2
1 1574 1297 145 902 209 171 2
1 1574 1298 145 902 209 171 2
1 1574 1299 145 902 209 171 2
1 1574 1300 145 902 209 171 2
1 1574 1301 145 902 209 171 2
1 1574 1302 145 902 209 171 2
1 1574 1303 145 902 209 171 2
1 1574 1304 145 902 209 171 2
1 1574 1305 145 902 209 171 2
1 1574 1306 145 902 209 171 2
1 1574 1307 146 902 208 171 2
1 1574 1308 146 902 208 171 2
1 1574 1309 146 902 208 171 2
1 1574 1310 146 902 208 171 2
1 1574 1311 146 902 208 171 2
1 1574 1312 146 902 208 171 2
1 1574 1313 146 902 208 171 2
1 1574 1314 146 902 208 171 2
1 1574 1315 146 902 208 171 2
1 1574 1316 146 902 208 171 2
1 1574 1317 146 902 208 171 2
1 1574 1318 146 902 208 171 2
1 1574 1319 147 902 207 171 2
1 1574 1320 147 902 207 171 2
1 1574 1321 147 902 207 171 2
1 1574 1322 147 902 207 171 2
1 1574 1323 147 902 207 171 2
1 1574 1324 147 902 207 171 2
1 1574 1325 147 902 207 171 2
1 1574 1326 147 902 207 171 2
1 1574 1327 147 902 207 171 2
1 1574 1328 147 902 207 171 2
1 1574 1329 147 902 207 171 2
1 1574 1330 147 902 207 171 2
1 1574 1331 148 902 206 171 2
1 1574 1332 148 902 206 171 2
1 1574 1333 148 902 206 171 2
1 1574 1334 148 902 206 171 2
1 1574 1335 148 902 206 171 2
1 1574 1336 148 902 206 171 2
1 1574 1337 148 902 206 171 2
1 1574 1338 148 902 206 171 2
1 1574 1339 148 902 206 171 2
1 1574 1340 148 902 206 171 2
1 1574 1341 148 902 206 171 2
1 1574 1342 148 902 206 171 2
1 1574 1343 148 902 206 171 2
1 1574 1344 149 902 205 171 2
1 1574 1345 149 902 205 171 2
1 1574 1346 149 902 205 171 2
1 1574 1347 149 902 205 171 2
1 1574 1348 149 902 205 171 2
1 1574 1349 149 902 205 171 2
1 1574 1350 149 902 205 171 2
1 1574 1351 149 902 205 171 2
1 1574 1352 149 902 205 171 2
1 1574 1353 149 902 205 171 2
1 1574 1354 149 902 205 171 2
1 1574 1355 149 902 205 171 2
1 1574 1356 150 902 204 171 2
1 1574 1357 150 902 204 171 2
1 1574 1358 150 902 204 171 2
1 1574 1359 150 902 204 171 2
1 1574 1360 150 902 204 171 2
1 1574 1361 150 902 204 171 2
1 1574 1362 150 902 204 171 2
1 1574 1363 150 902 204 171 2
1 1574 1364 150 902 204 171 2
1 1574 1365 150 902 204 171 2
1 1574 1366 150 902 204 171 2
1 1574 1367 150 902 204 171 2
1 1574 1368 151 902 203 171 2
1 1574 1369 151 902 203 171 2
1 1574 1370 151 902 203 171 2
1 1574 1371 151 902 203 171 2
1 1574 1372 151 902 203 171 2
1 1574 1373 151 902 203 171 2
1 1574 1374 151 902 203 171 2
1 1574 1375 151 902 203 171 2
1 1574 1376 151 902 203 171 2
1 1574 1377 151 902 203 171 2
1 1574 1378 151 902 203 171 2
1 1574 1379 151 902 203 171 2
1 1574 1380 152 902 202 171 2
1 1574 1381 152 902 202 171 2
1 1574 1382 152 902 202 171 2
1 1574 1383 152 902 202 171 2
1 1574 1384 152 902 202 171 2
1 1574 1385 152 902 202 171 2
1 1574 1386 152 902 202 171 2
1 1574 1387 152 902 202 171 2
1 1574 1388 152 902 202 171 2
1 1574 1389 152 902 202 171 2
1 1574 1390 152 902 202 171 2
1 1574 1391 152 902 202 171 2
1 1574 1392 153 902 201 171 2
1 1574 1393 153 902 201 171 2
1 1574 1394 153 902 201 171 2
1 1574 1395 153 902 201 171 2
1 1574 1396 153 902 201 171 2
1 1574 1397 153 902 201 171 2
1 1574 1398 153 902 201 171 2
1 1574 1399 153 902 201 171 2
1 1574 1400 153 902 201 171 2
1 1574 1401 153 902 201 171 2
1 1574 1402 153 902 201 171 2
1 1574 1403 153 902 201 171 2
1 1574 1404 153 902 201 171 2
1 1574 1405 154 902 200 171 2
1 1574 1406 154 902 200 171 2
1 1574 1407 154 902 200 171 2
1 1574 1408 154 902 200 171 2
1 1574 1409 154 902 200 171 2
1 1574 1410 154 902 200 171 2
1 1574 1411 154 902 200 171 2
1 1574 1412 154 902 200 171 2
1 1574 1413 154 902 200 171 2
1 1574 1414 154 902 200 171 2
1 1574 1415 154 902 200 171 2
1 1574 1416 154 902 200 171 2
1 1574 1417 155 902 199 171 2
1 1574 1418 155 902 199 171 2
1 1574 1419 155 902 199 171 2
1 1574 1420 155 902 199 171 2
1 1574 1421 155 902 199 171 2
1 1574 1422 155 902 199 171 2
1 1574 1423 155 902 199 171 2
1 1574 1424 155 902 199 171 2
1 1574 1425 155 902 199 171 2
1 1574 1426 155 902 199 171 2
1 1574 1427 155 902 199 171 2
1 1574 1428 155 902 199 171 2
1 1574 1429 156 902 198 171 2
1 1574 1430 156 902 198 171 2
1 1574 1431 156 902 198 171 2
1 1574 1432 156 902 198 171 2
1 1574 1433 156 902 198 171 2
1 1574 1434 156 902 198 171 2
1 1574 1435 156 902 198 171 2
1 1574 1436 156 902 198 171 2
1 1574 1437 156 902 198 171 2
1 1574 1438 156 902 198 171 2
1 1574 1439 156 902 198 171 2
1 1574 1440 156 902 198 171 2
1 1574 1441 157 902 197 171 2
1 1574 1442 157 902 197 171 2
1 1574 1443 157 902 197 171 2
1 1574 1444 157 902 197 171 2
1 1574 1445 157 902 197 171 2
1 1574 1446 157 902 197 171 2
1 1574 1447 157 902 197 171 2
1 1574 1448 157 902 197 171 2
1 1574 1449 157 902 197 171 2
1 1574 1450 157 902 197 171 2
1 1574 1451 157 902 197 171 2
1 1574 1452 157 902 197 171 2
1 1574 1453 158 902 196 171 2
1 1574 1454 158 902 196 171 2
1 1574 1455 158 902 196 171 2
1 1574 1456 158 902 196 171 2
1 1574 1457 158 902 196 171 2
1 1574 1458 158 902 196 171 2
1 1574 1459 158 902 196 171 2
1 1574 1460 158 902 196 171 2
1 1574 1461 158 902 196 171 2
1 1574 1462 158 902 196 171 2
1 1574 1463 158 902 196 171 2
1 1574 1464 158 902 196 171 2
1 1574 1465 159 902 195 172 2
1 1574 1466 160 901 193 172 2
1 1574 1467 161 901 192 172 2
1 1574 1468 163 901 190 172 2
1 1574 1469 164 901 189 172 2
1 1574 1470 166 901 187 172 2
1 1574 1471 167 901 186 172 2
1 1574 1472 168 901 185 172 2
1 1574 1473 170 901 183 172 2
1 1574 1474 171 901 181 172 2
1 1574 1475 173 901 179 172 2
1 1574 1476 174 901 178 172 2
1 1574 1477 175 901 177 172 2
1 1574 1478 177 901 175 172 2
1 1574 1479 178 901 174 172 2
1 1574 1480 180 901 172 172 2
1 1574 1481 181 901 171 172 2
1 1574 1482 183 901 169 172 2
1 1574 1483 182 901 170 171 2
1 1574 1484 182 901 170 171 2
1 1574 1485 182 901 170 171 2
1 1574 1486 182 901 170 171 2
1 1574 1487 182 902 170 170 2
1 1574 1488 182 902 170 170 2
1 1574 1489 182 902 170 170 2
1 1574 1490 182 902 170 170 2
1 1574 1491 182 902 170 170 2
1 1574 1492 182 903 170 169 2
1 1574 1493 182 903 170 169 2
1 1574 1494 182 903 170 169 2
1 1574 1495 182 903 170 169 2
1 1574 1496 182 903 170 169 2
1 1574 1497 182 904 170 168 2
1 1574 1498 182 904 170 168 2
1 1574 1499 182 904 170 168 2
1 1574 1500 182 904 170 168 2
1 1574 1501 182 904 170 168 2
1 1574 1502 182 905 170 167 2
1 1574 1503 182 905 170 167 2
1 1574 1504 182 905 170 167 2
1 1574 1505 182 905 170 167 2
1 1574 1506 182 905 170 167 2
1 1574 1507 182 906 170 166 2
1 1574 1508 182 906 170 166 2
1 1574 1509 182 906 170 166 2
1 1574 1510 182 906 170 166 2
1 1574 1511 182 906 170 166 2
1 1574 1512 182 907 170 165 2
1 1574 1513 182 907 170 165 2
1 1574 1514 182 907 170 165 2
1 1574 1515 182 907 170 165 2
1 1574 1516 182 907 170 165 2
1 1574 1517 182 908 170 164 2
1 1574 1518 182 908 170 164 2
1 1574 1519 182 908 170 164 2
1 1574 1520 182 908 170 164 2
1 1574 1521 182 908 170 164 2
1 1574 1522 182 909 170 163 2
1 1574 1523 182 909 170 163 2
1 1574 1524 182 909 170 163 2
1 1574 1525 182 909 170 163 2
1 1574 1526 182 909 170 163 2
1 1574 1527 182 910 170 162 2
1 1574 1528 182 910 170 162 2
1 1574 1529 182 910 170 162 2
1 1574 1530 182 910 170 162 2
1 1574 1531 182 910 170 162 2
1 1574 1532 182 911 170 161 2
1 1574 1533 182 911 170 161 2
1 1574 1534 182 911 170 161 2
1 1574 1535 182 911 170 161 2
1 1574 1536 182 912 171 160 2
1 1574 1537 182 913 170 159 2
1 1574 1538 183 914 168 158 2
1 1574 1539 184 916 167 156 2
1 1574 1540 185 917 165 155 2
1 1574 1541 186 919 164 153 2
1 1574 1542 186 920 163 152 2
1 1574 1543 187 922 161 150 2
1 1574 1544 188 923 160 150 2
1 1574 1545 189 924 158 149 2
1 1574 1546 190 926 157 147 2
1 1574 1547 190 927 156 146 2
1 1574 1548 191 929 155 144 2
1 1574 1549 192 930 153 144 2
1 1574 1550 193 932 152 142 2
1 1574 1551 193 933 151 141 2
1 1574 1552 194 934 150 140 2
1 1574 1553 195 936 148 138 2
1 1574 1554 196 937 146 138 2
1 1574 1555 196 938 146 137 2
1 1574 1556 197 940 144 135 2
1 1574 1557 198 941 143 134 2
1 1574 1558 199 943 142 133 2
1 1574 1559 199 944 141 131 2
1 1574 1560 200 946 140 129 2
1 1574 1561 200 948 140 127 2
1 1574 1562 201 950 139 125 2
1 1574 1563 201 952 139 123 2
1 1574 1564 202 954 137 121 2
1 1574 1565 202 956 137 119 2
1 1574 1566 203 958 136 117 2
1 1574 1567 203 960 136 115 2
1 1574 1568 204 962 135 113 2
1 1574 1569 204 964 135 111 2
1 1574 1570 205 965 134 110 2
1 1574 1571 205 967 134 107 2
1 1574 1572 206 969 133 105 2
1 1574 1573 206 971 133 103 2
2 686 595 20 903 57 85 1
2 686 596 24 903 57 86 1
2 686 597 29 904 56 86 1
2 686 598 33 905 56 86 1
2 686 599 38 906 55 86 1
2 686 600 42 907 55 86 1
2 686 601 47 908 54 86 1
2 686 602 52 908 53 87 1
2 686 603 56 909 53 87 1
2 686 604 61 910 52 87 1
2 686 605 65 911 52 87 1
2 686 606 70 912 51 87 1
2 686 607 75 913 51 88 1
2 686 608 77 913 52 88 1
2 686 609 80 914 52 88 1
2 686 610 83 915 53 88 1
2 686 611 86 916 53 88 1
2 686 612 89 917 54 88 1
2 686 613 92 918 54 88 1
2 686 614 95 919 55 88 1
2 686 615 98 920 55 88 1
2 686 616 101 920 56 89 1
2 686 617 104 921 56 89 1
2 686 618 107 922 57 89 1
2 686 619 110 923 57 89 1
2 686 620 113 924 58 89 1
2 686 621 116 925 58 89 1
2 686 622 119 926 59 89 1
2 686 623 122 927 59 89 1
2 686 624 125 928 60 90 1
2 686 625 126 929 60 90 1
2 686 626 128 930 60 91 1
2 686 627 130 931 60 91 1
2 686 628 132 932 60 92 1
2 686 629 133 933 61 93 1
2 686 630 135 934 61 93 1
2 686 631 137 935 61 94 1
2 686 632 139 937 61 93 1
2 686 633 140 938 62 94 1
2 686 634 142 939 62 95 1
2 686 635 144 940 62 95 1
2 686 636 146 941 62 96 1
2 686 637 147 942 63 97 1
2 686 638 149 943 63 97 1
2 686 639 151 944 63 98 1
2 686 640 153 946 63 98 1
2 686 641 153 946 63 98 1
2 686 642 153 946 63 98 1
2 686 643 153 946 63 98 1
2 686 644 153 947 63 98 1
2 686 645 153 947 63 98 1
2 686 646 153 947 63 98 1
2 686 647 153 947 63 98 1
2 686 648 153 948 63 98 1
2 686 649 153 948 63 98 1
2 686 650 153 948 63 98 1
2 686 651 153 948 63 98 1
2 686 652 153 949 63 98 1
2 686 653 153 949 63 98 1
2 686 654 153 949 63 98 1
2 686 655 153 949 63 98 1
2 686 656 153 950 63 98 1
2 686 657 153 950 63 98 1
2 686 658 153 950 63 98 1
2 686 659 154 951 63 98 1
2 686 660 153 950 63 98 1
2 686 661 152 949 63 98 1
2 686 662 152 949 62 98 1
2 686 663 151 948 62 98 1
2 686 664 150 948 62 98 1
2 686 665 150 947 61 98 1
2 686 666 149 946 61 98 1
2 686 667 148 946 61 98 1
2 686 668 148 945 60 98 1
2 686 669 147 945 60 98 1
2 686 670 147 944 59 98 1
2 686 671 146 944 59 98 1
2 686 672 145 943 59 98 1
2 686 673 145 942 58 98 1
2 686 674 144 942 58 98 1
2 686 675 143 941 58 98 1
2 686 676 143 941 57 98 1
2 686 677 142 940 57 98 1
2 686 678 142 940 57 98 1
2 686 679 152 945 63 98 1
2 686 680 151 944 62 98 1
2 686 681 150 943 61 98 1
2 686 682 149 943 61 98 1
2 686 683 149 942 59 98 1
2 686 684 148 941 58 98 1
2 686 685 147 941 58 98 1
2 686 686 146 940 57 98 1
2 686 687 146 940 56 98 1
2 686 688 145 939 55 98 1
2 686 689 144 938 54 98 1
2 686 690 144 938 53 98 1
2 686 691 143 937 52 98 1
2 686 692 142 937 52 98 1
2 686 693 141 936 51 98 1
2 686 694 141 935 49 98 1
2 686 695 140 935 49 98 1
2 686 696 139 934 48 98 1
2 686 697 139 934 47 98 1
2 686 698 138 934 47 98 1
2 686 699 138 934 47 98 1
2 686 700 138 934 47 98 1
2 686 701 137 934 47 98 1
2 686 702 137 934 47 98 1
2 686 703 137 934 47 98 1
2 686 704 136 934 47 98 1
2 686 705 136 934 47 98 1
2 686 706 136 934 47 98 1
2 686 707 136 934 47 98 1
2 686 708 135 934 47 98 1
2 686 709 135 934 47 98 1
2 686 710 135 934 47 98 1
2 686 711 134 934 47 98 1
2 686 712 134 934 47 98 1
2 686 713 134 934 47 98 1
2 686 714 133 934 47 98 1
2 686 715 133 934 47 98 1
2 686 716 133 934 47 98 1
2 686 717 133 934 47 98 1
2 686 718 133 933 47 98 1
2 686 719 134 933 47 97 1
2 686 720 134 933 48 97 1
2 686 721 135 933 47 96 1
2 686 722 136 933 47 96 1
2 686 723 136 933 48 95 1
2 686 724 137 933 48 95 1
2 686 725 138 932 47 95 1
2 686 726 138 932 48 95 1
2 686 727 139 932 48 94 1
2 686 728 139 932 49 94 1
2 686 729 140 932 48 93 1
2 686 730 141 932 48 93 1
2 686 731 141 932 49 92 1
2 686 732 142 932 48 92 1
2 686 733 143 931 48 92 1
2 686 734 143 931 49 92 1
2 686 735 144 931 49 91 1
2 686 736 145 931 48 91 1
2 686 737 145 931 49 90 1
2 686 738 146 931 49 90 1
2 686 739 146 931 50 89 1
2 686 740 147 930 49 90 1
2 686 741 148 930 49 89 1
2 686 742 148 930 50 89 1
2 686 743 149 930 50 88 1
2 686 744 150 930 49 88 1
2 686 745 150 930 50 87 1
2 686 746 151 930 50 87 1
2 686 747 152 930 50 87 1
2 686 748 152 929 50 87 1
2 686 749 152 928 50 88 1
2 686 750 153 928 49 88 1
2 686 751 153 927 49 89 1
2 686 752 153 926 50 90 1
2 686 753 154 926 49 90 1
2 686 754 154 925 49 91 1
2 686 755 154 924 49 91 1
2 686 756 155 924 49 91 1
2 686 757 155 923 49 92 1
2 686 758 156 923 48 92 1
2 686 759 156 922 48 93 1
2 686 760 156 921 48 94 1
2 686 761 157 921 48 94 1
2 686 762 157 920 48 94 1
2 686 763 157 919 48 95 1
2 686 764 158 919 47 95 1
2 686 765 158 918 48 96 1
2 686 766 158 917 48 97 1
2 686 767 159 917 47 97 1
2 686 768 159 916 47 98 1
2 686 769 160 916 47 98 1
2 686 770 159 916 48 98 1
2 686 771 159 916 48 98 1
2 686 772 159 916 48 98 1
2 686 773 159 916 48 98 1
2 686 774 159 916 48 98 1
2 686 775 159 916 48 98 1
2 686 776 159 916 48 98 1
2 686 777 159 917 48 97 1
2 686 778 159 917 48 97 1
2 686 779 159 917 49 98 1
2 686 780 159 917 49 98 1
2 686 781 159 917 49 98 1
2 686 782 159 917 49 98 1
2 686 783 159 917 49 98 1
2 686 784 159 918 49 97 1
2 686 785 159 918 49 97 1
2 686 786 159 918 49 97 1
2 686 787 159 918 49 97 1
2 686 788 159 918 50 98 1
2 686 789 159 918 50 98 1
2 686 790 159 918 50 98 1
2 686 791 159 918 50 98 1
2 686 792 159 919 50 97 1
2 686 793 159 919 50 97 1
2 686 794 159 919 50 97 1
2 686 795 159 919 50 97 1
2 686 796 159 919 50 97 1
2 686 797 159 919 51 98 1
2 686 798 159 919 51 98 1
2 686 799 159 920 51 97 1
2 686 800 159 920 51 97 1
2 686 801 159 920 51 97 1
2 686 802 159 920 51 97 1
2 686 803 159 920 51 97 1
2 686 804 159 920 51 97 1
2 686 805 159 920 51 97 1
2 686 806 159 921 52 97 1
2 686 807 159 922 52 95 1
2 686 808 159 923 52 94 1
2 686 809 159 924 53 93 1
2 686 810 159 925 53 92 1
2 686 811 159 926 54 91 1
2 686 812 160 927 53 90 1
2 686 813 160 928 53 88 1
2 686 814 160 929 54 87 1
2 686 815 160 930 54 86 1
2 686 816 160 931 55 85 1
2 686 817 160 932 55 84 1
2 686 818 161 933 54 83 1
2 686 819 161 934 55 82 1
2 686 820 161 935 55 81 1
2 686 821 161 936 56 79 1
2 686 822 161 937 56 78 1
2 686 823 161 938 57 77 1
2 686 824 162 939 56 76 1
2 686 825 162 940 56 75 1
2 686 826 162 941 57 74 1
2 686 827 162 942 57 73 1
2 686 828 162 943 58 72 1
2 686 829 162 944 58 71 1
2 686 830 163 946 58 69 1
2 686 831 163 946 58 68 1
2 686 832 163 947 58 67 1
2 686 833 163 948 58 66 1
2 686 834 163 949 58 65 1
2 686 835 163 950 58 64 1
2 686 836 163 950 58 64 1
2 686 837 163 951 58 63 1
2 686 838 163 952 59 62 1
2 686 839 163 953 59 61 1
2 686 840 163 954 59 59 1
2 686 841 163 954 59 59 1
2 686 842 163 955 59 58 1
2 686 843 163 956 59 57 1
2 686 844 163 957 60 56 1
2 686 845 163 958 60 55 1
2 686 846 163 958 60 55 1
2 686 847 163 959 60 54 1
2 686 848 163 960 60 53 1
2 686 849 163 961 60 52 1
2 686 850 163 962 61 51 1
2 686 851 162 961 61 52 1
2 686 852 162 961 61 52 1
2 686 853 162 961 61 52 1
2 686 854 162 961 61 52 1
2 686 855 162 961 61 52 1
2 686 856 162 961 61 52 1
2 686 857 162 961 61 52 1
2 686 858 162 961 61 52 1
2 686 859 162 960 61 53 1
2 686 860 162 960 61 53 1
2 686 861 162 960 61 54 1
2 686 862 162 960 61 54 1
2 686 863 162 960 61 54 1
2 686 864 162 960 61 54 1
2 686 865 162 960 61 54 1
2 686 866 162 960 61 54 1
2 686 867 162 959 61 55 1
2 686 868 162 959 61 55 1
2 686 869 162 959 61 55 1
2 686 870 162 959 61 55 1
2 686 871 162 959 61 55 1
2 686 872 162 959 61 56 1
2 686 873 162 959 61 56 1
2 686 874 162 959 61 56 1
2 686 875 162 958 61 57 1
2 686 876 162 958 61 57 1
2 686 877 162 958 61 57 1
2 686 878 162 958 61 57 1
2 686 879 162 958 61 57 1
2 686 880 162 958 61 57 1
2 686 881 162 958 61 57 1
2 686 882 162 958 61 58 1
2 686 883 162 957 60 58 1
2 686 884 162 956 60 59 1
2 686 885 162 956 60 59 1
2 686 886 162 955 60 60 1
2 686 887 163 955 59 60 1
2 686 888 163 954 59 61 1
2 686 889 163 954 59 61 1
2 686 890 163 953 59 62 1
2 686 891 163 953 59 62 1
2 686 892 164 952 58 63 1
2 686 893 164 952 58 63 1
2 686 894 164 951 58 64 1
2 686 895 164 951 58 64 1
2 686 896 164 950 58 65 1
2 686 897 165 950 57 65 1
2 686 898 165 949 57 66 1
2 686 899 165 949 57 66 1
2 686 900 165 948 57 67 1
2 686 901 165 948 57 67 1
2 686 902 166 947 56 68 1
2 686 903 166 947 56 68 1
2 686 904 166 946 56 69 1
2 686 905 166 946 56 69 1
2 686 906 166 945 56 70 1
2 686 907 167 945 55 70 1
2 686 908 167 944 55 71 1
2 686 909 167 944 55 71 1
2 686 910 167 943 55 72 1
2 686 911 168 943 54 73 1
2 686 912 168 942 54 73 1
2 686 913 168 942 54 73 1
2 686 914 168 942 54 73 1
2 686 915 168 942 54 73 1
2 686 916 168 942 54 73 1
2 686 917 169 942 53 73 1
2 686 918 169 942 53 73 1
2 686 919 169 942 53 73 1
2 686 920 169 942 53 73 1
2 686 921 169 942 53 73 1
2 686 922 169 942 53 73 1
2 686 923 170 942 52 73 1
2 686 924 170 942 52 73 1
2 686 925 170 942 52 73 1
2 686 926 170 941 53 74 1
2 686 927 170 941 53 74 1
2 686 928 170 941 53 74 1
2 686 929 171 941 52 74 1
2 686 930 171 941 52 74 1
2 686 931 171 941 52 74 1
2 686 932 171 941 52 74 1
2 686 933 171 941 52 74 1
2 686 934 171 941 52 74 1
2 686 935 172 941 51 74 1
2 686 936 172 941 51 74 1
2 686 937 172 941 51 74 1
2 686 938 172 941 51 74 1
2 686 939 172 941 51 74 1
2 686 940 173 941 51 74 1
2 686 941 172 941 51 74 1
2 686 942 172 941 51 74 1
2 686 943 172 941 51 74 1
2 686 944 172 941 51 74 1
2 686 945 172 941 51 74 1
2 686 946 172 941 51 74 1
2 686 947 172 941 51 74 1
2 686 948 172 941 51 74 1
2 686 949 171 941 51 74 1
2 686 950 171 941 51 74 1
2 686 951 171 941 51 74 1
2 686 952 171 941 51 74 1
2 686 953 171 941 51 74 1
2 686 954 171 941 51 74 1
2 686 955 171 941 51 74 1
2 686 956 171 941 51 74 1
2 686 957 170 941 51 74 1
2 686 958 170 941 51 74 1
2 686 959 170 941 51 74 1
2 686 960 170 941 51 74 1
2 686 961 170 941 51 74 1
2 686 962 170 941 51 74 1
2 686 963 170 941 51 74 1
2 686 964 170 941 51 74 1
2 686 965 170 941 51 74 1
2 686 966 169 941 51 74 1
2 686 967 169 941 51 74 1
2 686 968 169 941 51 74 1
2 686 969 169 941 51 74 1
2 686 970 169 941 51 74 1
2 686 971 169 941 51 74 1
2 686 972 169 941 51 74 1
2 686 973 169 941 51 74 1
2 686 974 168 941 51 74 1
2 686 975 168 941 51 74 1
2 686 976 168 941 51 74 1
2 686 977 168 941 51 74 1
2 686 978 168 941 51 74 1
2 686 979 168 941 51 74 1
2 686 980 168 941 51 74 1
2 686 981 168 941 51 74 1
2 686 982 167 941 51 74 1
2 686 983 167 941 51 74 1
2 686 984 167 941 51 74 1
2 686 985 167 941 51 74 1
2 686 986 167 941 51 74 1
2 686 987 167 941 51 74 1
2 686 988 167 941 51 74 1
2 686 989 167 941 51 74 1
2 686 990 167 942 51 74 1
2 686 991 167 941 51 74 1
2 686 992 167 941 51 74 1
2 686 993 168 941 51 74 1
2 686 994 168 941 51 74 1
2 686 995 169 941 51 74 1
2 686 996 169 941 51 74 1
2 686 997 170 941 51 74 1
2 686 998 170 941 51 74 1
2 686 999 171 940 51 74 1
2 686 1000 171 940 51 74 1
2 686 1001 172 940 51 74 1
2 686 1002 172 940 51 74 1
2 686 1003 173 940 51 74 1
2 686 1004 173 940 51 74 1
2 686 1005 174 940 51 74 1
2 686 1006 174 940 51 74 1
2 686 1007 175 939 51 74 1
2 686 1008 175 939 51 74 1
2 686 1009 176 939 51 74 1
2 686 1010 176 939 51 74 1
2 686 1011 177 939 51 74 1
2 686 1012 177 939 51 74 1
2 686 1013 178 939 51 74 1
2 686 1014 178 939 51 74 1
2 686 1015 179 938 51 74 1
2 686 1016 179 938 51 74 1
2 686 1017 180 938 51 74 1
2 686 1018 180 938 51 74 1
2 686 1019 181 938 51 74 1
2 686 1020 181 938 51 74 1
2 686 1021 182 938 51 74 1
2 686 1022 182 938 51 74 1
2 686 1023 183 938 51 74 1
2 686 1024 183 938 51 74 1
2 686 1025 183 938 51 74 1
2 686 1026 183 938 51 74 1
2 686 1027 183 938 51 74 1
2 686 1028 183 938 51 74 1
2 686 1029 183 938 51 74 1
2 686 1030 183 938 51 74 1
2 686 1031 183 938 51 74 1
2 686 1032 183 938 51 74 1
2 686 1033 183 938 51 74 1
2 686 1034 183 938 51 74 1
2 686 1035 183 938 51 74 1
2 686 1036 183 938 51 74 1
2 686 1037 183 938 51 74 1
2 686 1038 183 938 51 74 1
2 686 1039 183 938 51 74 1
2 686 1040 183 938 51 74 1
2 686 1041 183 938 51 74 1
2 686 1042 183 938 51 74 1
2 686 1043 183 938 51 74 1
2 686 1044 183 938 51 74 1
2 686 1045 183 938 51 74 1
2 686 1046 183 938 51 74 1
2 686 1047 183 938 51 74 1
2 686 1048 183 938 51 74 1
2 686 1049 183 938 51 74 1
2 686 1050 183 938 51 74 1
2 686 1051 183 938 51 74 1
2 686 1052 183 938 51 74 1
2 686 1053 183 938 51 74 1
2 686 1054 183 938 51 74 1
2 686 1055 183 938 51 74 1
2 686 1056 183 938 51 74 1
2 686 1057 183 938 51 74 1
2 686 1058 183 938 51 74 1
2 686 1059 183 938 51 74 1
2 686 1060 183 938 51 74 1
2 686 1061 183 938 51 74 1
2 686 1062 183 938 51 74 1
2 686 1063 183 938 51 74 1
2 686 1064 183 938 51 74 1
2 686 1065 183 938 51 74 1
2 686 1066 183 938 51 74 1
2 686 1067 183 938 51 74 1
2 686 1068 183 938 51 74 1
2 686 1069 183 938 51 74 1
2 686 1070 183 938 51 74 1
2 686 1071 183 938 51 74 1
2 686 1072 184 939 51 74 1
2 686 1073 183 939 51 74 1
2 686 1074 183 939 51 74 1
2 686 1075 183 939 51 74 1
2 686 1076 183 939 51 74 1
2 686 1077 183 940 51 74 1
2 686 1078 183 940 51 74 1
2 686 1079 183 940 51 74 1
2 686 1080 183 940 51 74 1
2 686 1081 183 940 51 74 1
2 686 1082 183 941 51 74 1
2 686 1083 182 941 51 74 1
2 686 1084 182 941 51 74 1
2 686 1085 182 941 51 74 1
2 686 1086 182 941 51 74 1
2 686 1087 182 942 51 74 1
2 686 1088 182 942 51 74 1
2 686 1089 182 942 51 74 1
2 686 1090 182 942 51 74 1
2 686 1091 182 942 51 74 1
2 686 1092 182 943 51 74 1
2 686 1093 182 943 51 74 1
2 686 1094 181 943 51 74 1
2 686 1095 181 943 51 74 1
2 686 1096 181 943 51 74 1
2 686 1097 181 944 51 74 1
2 686 1098 181 944 51 74 1
2 686 1099 181 944 51 74 1
2 686 1100 181 944 51 74 1
2 686 1101 181 944 51 74 1
2 686 1102 181 945 51 74 1
2 686 1103 181 945 51 74 1
2 686 1104 181 945 51 74 1
2 686 1105 180 945 51 74 1
2 686 1106 180 945 51 74 1
2 686 1107 180 946 51 74 1
2 686 1108 180 946 51 74 1
2 686 1109 180 946 51 74 1
2 686 1110 180 946 51 74 1
2 686 1111 180 946 51 74 1
2 686 1112 180 947 51 74 1
2 686 1113 180 947 51 74 1
2 686 1114 180 947 51 74 1
2 686 1115 179 947 51 74 1
2 686 1116 179 947 51 74 1
2 686 1117 179 948 51 74 1
2 686 1118 179 948 51 74 1
2 686 1119 179 948 51 74 1
2 686 1120 179 948 51 74 1
2 686 1121 179 948 51 74 1
2 686 1122 179 949 51 74 1
2 686 1123 179 949 51 74 1
2 686 1124 179 949 51 74 1
2 686 1125 179 949 51 74 1
2 686 1126 178 949 51 74 1
2 686 1127 178 950 51 74 1
2 686 1128 178 950 51 74 1
2 686 1129 178 950 51 74 1
2 686 1130 178 950 51 74 1
2 686 1131 178 950 51 74 1
2 686 1132 178 951 51 74 1
2 686 1133 178 951 51 74 1
2 686 1134 178 951 51 74 1
2 686 1135 178 951 51 74 1
2 686 1136 178 952 51 74 1
2 686 1137 178 951 51 74 1
2 686 1138 178 951 51 74 1
2 686 1139 178 951 51 74 1
2 686 1140 178 951 51 74 1
2 686 1141 178 951 51 74 1
2 686 1142 178 951 51 74 1
2 686 1143 178 951 52 74 1
2 686 1144 178 951 52 74 1
2 686 1145 178 951 52 74 1
2 686 1146 178 951 52 74 1
2 686 1147 178 951 52 74 1
2 686 1148 178 951 52 74 1
2 686 1149 179 951 52 74 1
2 686 1150 179 951 52 74 1
2 686 1151 179 951 52 74 1
2 686 1152 179 951 52 74 1
2 686 1153 179 951 52 74 1
2 686 1154 179 951 52 74 1
2 686 1155 179 951 53 74 1
2 686 1156 179 951 53 74 1
2 686 1157 179 951 53 74 1
2 686 1158 179 951 53 74 1
2 686 1159 179 951 53 74 1
2 686 1160 179 951 53 74 1
2 686 1161 180 951 53 74 1
2 686 1162 180 951 53 74 1
2 686 1163 180 951 53 74 1
2 686 1164 180 951 53 74 1
2 686 1165 180 951 53 74 1
2 686 1166 180 951 53 74 1
2 686 1167 180 951 54 74 1
2 686 1168 180 951 54 74 1
2 686 1169 180 951 54 74 1
2 686 1170 180 951 54 74 1
2 686 1171 180 951 54 74 1
2 686 1172 180 951 54 74 1
2 686 1173 181 951 54 74 1
2 686 1174 181 951 53 73 1
2 686 1175 181 951 53 73 1
2 686 1176 181 951 53 73 1
2 686 1177 181 951 53 73 1
2 686 1178 181 951 53 73 1
2 686 1179 181 951 53 73 1
2 686 1180 181 951 53 73 1
2 686 1181 181 951 53 73 1
2 686 1182 181 951 53 73 1
2 686 1183 181 951 53 73 1
2 686 1184 181 952 52 72 1
2 686 1185 181 952 52 72 1
2 686 1186 181 952 52 72 1
2 686 1187 181 952 52 72 1
2 686 1188 181 952 52 72 1
2 686 1189 181 952 52 72 1
2 686 1190 181 952 52 72 1
2 686 1191 181 952 52 72 1
2 686 1192 181 952 52 72 1
2 686 1193 181 952 52 72 1
2 686 1194 181 952 52 72 1
2 686 1195 181 953 51 71 1
2 686 1196 181 953 51 71 1
2 686 1197 181 953 51 71 1
2 686 1198 181 953 51 71 1
2 686 1199 181 953 51 71 1
2 686 1200 181 953 51 71 1
2 686 1201 181 953 51 71 1
2 686 1202 181 953 51 71 1
2 686 1203 181 953 51 71 1
2 686 1204 181 953 51 71 1
2 686 1205 181 953 51 71 1
2 686 1206 181 954 51 70 1
2 686 1207 180 954 51 69 1
2 686 1208 180 954 51 69 1
2 686 1209 180 954 51 69 1
2 686 1210 180 954 51 69 1
2 686 1211 180 954 51 69 1
2 686 1212 180 954 51 69 1
2 686 1213 180 954 51 69 1
2 686 1214 180 954 51 69 1
2 686 1215 180 955 51 68 1
2 686 1216 180 955 51 68 1
2 686 1217 180 955 51 68 1
2 686 1218 180 955 51 68 1
2 686 1219 180 955 50 68 1
2 686 1220 180 955 50 68 1
2 686 1221 180 955 50 68 1
2 686 1222 180 955 50 68 1
2 686 1223 180 956 50 67 1
2 686 1224 180 956 50 67 1
2 686 1225 180 956 50 67 1
2 686 1226 180 956 50 67 1
2 686 1227 180 956 50 67 1
2 686 1228 180 956 50 67 1
2 686 1229 180 956 50 67 1
2 686 1230 180 956 50 67 1
2 686 1231 180 956 50 67 1
2 686 1232 180 957 49 66 1
2 686 1233 180 957 49 66 1
2 686 1234 180 957 49 66 1
2 686 1235 180 957 49 66 1
2 686 1236 180 957 49 66 1
2 686 1237 180 957 49 66 1
2 686 1238 180 957 49 66 1
2 686 1239 180 957 49 66 1
2 686 1240 180 958 49 65 1
2 686 1241 180 958 49 65 1
2 686 1242 180 958 49 65 1
2 686 1243 180 958 49 65 1
2 686 1244 180 958 49 65 1
2 686 1245 180 958 48 65 1
2 686 1246 180 958 48 65 1
2 686 1247 180 958 48 65 1
2 686 1248 180 958 48 65 1
2 686 1249 180 959 48 64 1
2 686 1250 180 959 48 64 1
2 686 1251 180 959 48 64 1
2 686 1252 180 959 48 64 1
2 686 1253 180 959 48 64 1
2 686 1254 180 959 48 64 1
2 686 1255 180 959 48 64 1
2 686 1256 180 959 48 64 1
2 686 1257 180 960 48 63 1
2 686 1258 180 960 47 62 1
2 686 1259 180 960 47 62 1
2 686 1260 180 961 47 61 1
2 686 1261 180 961 47 61 1
2 686 1262 180 962 47 60 1
2 686 1263 180 962 47 60 1
2 686 1264 180 963 47 59 1
2 686 1265 181 963 46 59 1
2 686 1266 181 964 46 58 1
2 686 1267 181 964 46 58 1
2 686 1268 181 965 45 57 1
2 686 1269 181 965 45 57 1
2 686 1270 181 966 45 56 1
2 686 1271 181 966 45 56 1
2 686 1272 182 967 44 55 1
2 686 1273 182 967 44 55 1
2 686 1274 182 968 44 54 1
2 686 1275 182 968 44 54 1
2 686 1276 182 969 44 53 1
2 686 1277 182 969 44 53 1
2 686 1278 182 970 44 52 1
2 686 1279 182 970 44 52 1
2 686 1280 183 971 43 52 1
3 711 598 54 946 44 36 4
3 711 599 56 945 43 37 4
3 711 600 58 944 43 38 4
3 711 601 60 943 43 39 4
3 711 602 62 942 43 40 4
3 711 603 65 941 42 41 4
3 711 604 67 940 42 43 4
3 711 605 69 939 41 44 4
3 711 606 71 938 41 45 4
3 711 607 73 937 41 46 4
3 711 608 75 936 41 47 4
3 711 609 78 935 40 49 4
3 711 610 80 934 40 50 4
3 711 611 82 933 40 51 4
3 711 612 84 932 40 52 4
3 711 613 86 931 40 54 4
3 711 614 88 930 40 55 4
3 711 615 90 929 40 56 4
3 711 616 93 928 39 58 4
3 711 617 94 929 38 57 4
3 711 618 95 930 38 56 4
3 711 619 96 931 38 55 4
3 711 620 97 932 38 54 4
3 711 621 98 933 38 54 4
3 711 622 99 934 38 53 4
3 711 623 100 935 38 52 4
3 711 624 101 936 38 51 4
3 711 625 102 937 38 50 4
3 711 626 103 938 38 50 4
3 711 627 104 939 38 49 4
3 711 628 105 940 38 48 4
3 711 629 106 941 38 47 4
3 711 630 108 942 38 47 4
3 711 631 109 942 38 47 4
3 711 632 110 942 38 47 4
3 711 633 111 943 38 47 4
3 711 634 113 943 37 47 4
3 711 635 114 944 37 47 4
3 711 636 115 944 37 47 4
3 711 637 117 944 36 47 4
3 711 638 118 945 36 47 4
3 711 639 119 945 36 47 4
3 711 640 120 946 36 47 4
3 711 641 122 946 35 47 4
3 711 642 123 946 35 47 4
3 711 643 124 947 35 47 4
3 711 644 126 947 34 47 4
3 711 645 127 948 34 47 4
3 711 646 128 948 34 47 4
3 711 647 130 949 34 47 4
3 711 648 129 948 34 47 4
3 711 649 129 948 34 47 4
3 711 650 128 947 34 47 4
3 711 651 128 947 34 47 4
3 711 652 127 947 34 47 4
3 711 653 127 946 34 47 4
3 711 654 126 946 34 47 4
3 711 655 126 945 34 47 4
3 711 656 126 945 34 47 4
3 711 657 125 945 34 47 4
3 711 658 125 944 34 47 4
3 711 659 124 944 34 47 4
3 711 660 124 943 34 47 4
3 711 661 123 943 34 47 4
3 711 662 123 943 34 47 4
3 711 663 122 942 34 47 4
3 711 664 122 942 34 47 4
3 711 665 122 942 34 47 4
3 711 666 121 941 34 47 4
3 711 667 121 941 34 47 4
3 711 668 120 940 34 47 4
3 711 669 120 940 34 47 4
3 711 670 119 940 34 47 4
3 711 671 119 939 34 47 4
3 711 672 118 939 34 47 4
3 711 673 118 938 34 47 4
3 711 674 118 938 34 47 4
3 711 675 117 938 34 47 4
3 711 676 117 937 34 47 4
3 711 677 116 937 34 47 4
3 711 678 116 936 34 47 4
3 711 679 115 936 34 47 4
3 711 680 115 936 34 47 4
3 711 681 114 935 34 47 4
3 711 682 114 935 34 47 4
3 711 683 114 935 34 47 4
3 711 684 113 934 34 47 4
3 711 685 113 934 34 46 4
3 711 686 112 933 35 46 4
3 711 687 112 933 35 45 4
3 711 688 111 932 36 45 4
3 711 689 111 932 36 44 4
3 711 690 110 931 37 44 4
3 711 691 110 931 37 43 4
3 711 692 110 930 37 43 4
3 711 693 109 930 38 42 4
3 711 694 109 929 38 42 4
3 711 695 108 929 38 42 4
3 711 696 108 928 38 42 4
3 711 697 107 928 39 41 4
3 711 698 107 927 39 41 4
3 711 699 107 927 39 40 4
3 711 700 106 926 40 40 4
3 711 701 106 926 40 39 4
3 711 702 105 925 41 39 4
3 711 703 105 925 41 38 4
3 711 704 104 924 42 38 4
3 711 705 104 924 42 37 4
3 711 706 104 924 42 37 4
3 711 707 103 923 42 37 4
3 711 708 103 923 42 37 4
3 711 709 103 923 42 37 4
3 711 710 103 923 42 37 4
3 711 711 103 923 42 37 4
3 711 712 103 923 42 37 4
3 711 713 103 923 41 37 4
3 711 714 103 923 41 37 4
3 711 715 103 923 41 37 4
3 711 716 103 923 41 37 4
3 711 717 103 923 41 37 4
3 711 718 103 923 41 37 4
3 711 719 103 923 40 36 4
3 711 720 103 923 40 36 4
3 711 721 103 923 40 36 4
3 711 722 103 923 40 36 4
3 711 723 103 923 40 36 4
3 711 724 103 923 40 36 4
3 711 725 103 923 39 36 4
3 711 726 103 923 39 36 4
3 711 727 103 923 39 36 4
3 711 728 103 923 39 36 4
3 711 729 103 923 39 36 4
3 711 730 103 923 39 36 4
3 711 731 103 923 39 36 4
3 711 732 104 922 40 36 4
3 711 733 106 922 40 36 4
3 711 734 108 922 40 36 4
3 711 735 109 922 41 36 4
3 711 736 111 921 41 37 4
3 711 737 113 921 41 37 4
3 711 738 115 921 42 37 4
3 711 739 116 921 43 37 4
3 711 740 118 921 43 36 4
3 711 741 120 920 43 37 4
3 711 742 121 920 44 37 4
3 711 743 123 920 44 37 4
3 711 744 125 920 45 37 4
3 711 745 127 919 45 38 4
3 711 746 128 919 46 38 4
3 711 747 130 919 46 38 4
3 711 748 132 919 46 38 4
3 711 749 134 919 47 38 4
3 711 750 136 919 47 38 4
3 711 751 138 919 47 39 4
3 711 752 141 919 46 40 4
3 711 753 143 919 46 40 4
3 711 754 146 919 45 41 4
3 711 755 148 919 45 42 4
3 711 756 151 919 44 42 4
3 711 757 153 919 44 43 4
3 711 758 156 920 43 43 4
3 711 759 158 920 43 44 4
3 711 760 161 920 42 44 4
3 711 761 163 920 42 45 4
3 711 762 166 920 41 46 4
3 711 763 168 920 41 46 4
3 711 764 171 920 40 47 4
3 711 765 173 920 40 48 4
3 711 766 176 921 40 48 4
3 711 767 174 920 40 48 4
3 711 768 173 920 40 48 4
3 711 769 172 920 40 48 4
3 711 770 171 920 40 47 4
3 711 771 170 920 40 47 4
3 711 772 169 920 40 47 4
3 711 773 167 919 41 48 4
3 711 774 166 919 41 47 4
3 711 775 165 919 41 47 4
3 711 776 164 919 40 47 4
3 711 777 163 919 40 47 4
3 711 778 162 919 40 46 4
3 711 779 161 919 40 46 4
3 711 780 159 918 41 47 4
3 711 781 158 918 41 47 4
3 711 782 157 918 41 46 4
3 711 783 156 918 41 46 4
3 711 784 155 918 41 46 4
3 711 785 154 918 41 46 4
3 711 786 153 917 41 46 4
3 711 787 151 918 41 45 4
3 711 788 150 918 41 45 4
3 711 789 149 918 41 45 4
3 711 790 147 918 41 45 4
3 711 791 146 918 41 44 4
3 711 792 145 918 41 44 4
3 711 793 144 918 41 44 4
3 711 794 142 918 42 44 4
3 711 795 141 918 42 43 4
3 711 796 140 918 42 43 4
3 711 797 139 918 41 43 4
3 711 798 138 918 41 43 4
3 711 799 137 918 41 42 4
3 711 800 136 918 41 42 4
3 711 801 135 918 41 42 4
3 711 802 134 918 41 42 4
3 711 803 132 918 42 42 4
3 711 804 131 918 42 41 4
3 711 805 130 918 42 41 4
3 711 806 129 918 42 41 4
3 711 807 128 918 42 41 4
3 711 808 128 919 42 40 4
3 711 809 128 919 42 40 4
3 711 810 129 919 42 40 4
3 711 811 129 919 42 40 4
3 711 812 130 920 42 40 4
3 711 813 130 920 42 40 4
3 711 814 131 920 42 40 4
3 711 815 131 920 42 40 4
3 711 816 132 921 42 40 4
3 711 817 133 921 42 40 4
3 711 818 133 921 42 40 4
3 711 819 134 922 42 40 4
3 711 820 134 922 42 40 4
3 711 821 135 922 42 40 4
3 711 822 135 922 42 40 4
3 711 823 136 923 42 40 4
3 711 824 136 923 42 40 4
3 711 825 137 923 42 40 4
3 711 826 138 924 42 40 4
3 711 827 138 924 42 40 4
3 711 828 139 924 42 40 4
3 711 829 139 924 42 40 4
3 711 830 140 925 42 40 4
3 711 831 140 925 42 40 4
3 711 832 141 925 42 40 4
3 711 833 142 926 42 40 4
3 711 834 142 926 42 40 4
3 711 835 143 927 42 40 4
3 711 836 143 928 42 40 4
3 711 837 144 929 42 40 4
3 711 838 145 930 42 40 4
3 711 839 145 931 42 40 4
3 711 840 146 932 42 40 4
3 711 841 146 933 42 40 4
3 711 842 147 934 42 40 4
3 711 843 148 935 42 40 4
3 711 844 148 936 42 40 4
3 711 845 149 937 42 40 4
3 711 846 150 938 42 40 4
3 711 847 150 939 42 40 4
3 711 848 151 940 42 40 4
3 711 849 151 941 42 40 4
3 711 850 152 942 42 40 4
3 711 851 153 943 42 40 4
3 711 852 153 944 42 40 4
3 711 853 154 945 42 40 4
3 711 854 155 946 42 40 4
3 711 855 156 945 41 40 4
3 711 856 157 944 41 40 4
3 711 857 158 943 40 40 4
3 711 858 159 942 40 40 4
3 711 859 160 942 39 39 4
3 711 860 161 941 39 40 4
3 711 861 162 940 39 40 4
3 711 862 163 939 38 40 4
3 711 863 164 938 38 40 4
3 711 864 165 938 38 40 4
3 711 865 164 937 38 40 4
3 711 866 164 937 38 40 4
3 711 867 164 937 38 40 4
3 711 868 163 937 38 40 4
3 711 869 163 937 38 40 4
3 711 870 163 937 38 40 4
3 711 871 162 936 38 40 4
3 711 872 162 936 38 40 4
3 711 873 162 936 38 40 4
3 711 874 162 936 38 40 4
3 711 875 161 936 38 40 4
3 711 876 161 936 38 40 4
3 711 877 161 936 38 40 4
3 711 878 160 935 38 40 4
3 711 879 160 935 38 40 4
3 711 880 160 935 38 40 4
3 711 881 160 935 38 40 4
3 711 882 159 935 38 40 4
3 711 883 159 935 38 40 4
3 711 884 159 935 38 40 4
3 711 885 158 934 38 40 4
3 711 886 158 934 38 40 4
3 711 887 158 934 38 40 4
3 711 888 157 934 38 40 4
3 711 889 157 934 38 40 4
3 711 890 157 934 38 40 4
3 711 891 157 934 38 40 4
3 711 892 156 933 38 40 4
3 711 893 156 933 38 40 4
3 711 894 156 933 38 40 4
3 711 895 155 933 38 40 4
3 711 896 155 933 38 40 4
3 711 897 155 933 38 40 4
3 711 898 155 933 38 40 4
3 711 899 154 932 38 40 4
3 711 900 154 932 38 40 4
3 711 901 154 932 38 40 4
3 711 902 153 932 38 40 4
3 711 903 153 932 38 40 4
3 711 904 153 932 38 40 4
3 711 905 153 932 38 40 4
3 711 906 152 931 38 40 4
3 711 907 152 931 38 40 4
3 711 908 152 931 38 40 4
3 711 909 152 931 38 39 4
3 711 910 152 931 37 39 4
3 711 911 151 930 38 40 4
3 711 912 151 930 38 39 4
3 711 913 151 930 38 39 4
3 711 914 151 930 38 39 4
3 711 915 151 930 37 38 4
3 711 916 150 929 38 39 4
3 711 917 150 929 38 39 4
3 711 918 150 929 38 38 4
3 711 919 150 929 38 38 4
3 711 920 150 929 37 38 4
3 711 921 149 928 38 38 4
3 711 922 149 928 38 38 4
3 711 923 149 928 38 38 4
3 711 924 149 928 38 37 4
3 711 925 149 928 37 37 4
3 711 926 148 927 38 38 4
3 711 927 148 927 38 37 4
3 711 928 148 927 38 37 4
3 711 929 148 927 38 37 4
3 711 930 148 927 38 37 4
3 711 931 147 927 39 37 4
3 711 932 147 927 39 38 4
3 711 933 147 928 39 37 4
3 711 934 147 928 39 38 4
3 711 935 147 929 39 37 4
3 711 936 147 929 39 38 4
3 711 937 147 930 39 38 4
3 711 938 147 930 39 38 4
3 711 939 147 931 39 38 4
3 711 940 147 931 39 38 4
3 711 941 147 931 39 39 4
3 711 942 147 932 39 39 4
3 711 943 147 932 39 39 4
3 711 944 147 933 39 39 4
3 711 945 147 933 39 39 4
3 711 946 147 934 39 39 4
3 711 947 147 934 39 40 4
3 711 948 147 935 39 39 4
3 711 949 147 935 39 40 4
3 711 950 147 935 39 40 4
3 711 951 147 936 39 40 4
3 711 952 147 936 39 41 4
3 711 953 147 937 39 40 4
3 711 954 147 937 39 41 4
3 711 955 147 938 39 40 4
3 711 956 147 938 39 41 4
3 711 957 147 939 40 41 4
3 711 958 147 939 40 41 4
3 711 959 147 939 40 41 4
3 711 960 147 939 40 41 4
3 711 961 147 939 40 41 4
3 711 962 147 939 40 41 4
3 711 963 147 940 40 41 4
3 711 964 147 940 40 41 4
3 711 965 147 940 40 41 4
3 711 966 147 940 40 41 4
3 711 967 147 940 40 41 4
3 711 968 147 941 40 41 4
3 711 969 147 941 40 41 4
3 711 970 147 941 40 41 4
3 711 971 147 941 40 41 4
3 711 972 147 941 40 41 4
3 711 973 147 942 40 41 4
3 711 974 147 942 40 41 4
3 711 975 147 942 40 41 4
3 711 976 147 942 40 41 4
3 711 977 147 942 40 41 4
3 711 978 147 943 40 41 4
3 711 979 147 943 40 41 4
3 711 980 147 943 40 41 4
3 711 981 147 943 40 41 4
3 711 982 147 943 40 41 4
3 711 983 147 944 40 41 4
3 711 984 147 944 40 41 4
3 711 985 147 944 40 41 4
3 711 986 147 944 40 41 4
3 711 987 147 944 40 41 4
3 711 988 147 945 40 41 4
3 711 989 147 945 40 41 4
3 711 990 147 945 40 41 4
3 711 991 147 945 40 41 4
3 711 992 147 945 40 41 4
3 711 993 148 946 40 41 4
3 711 994 148 946 40 41 4
3 711 995 149 946 40 41 4
3 711 996 149 946 40 41 4
3 711 997 150 946 40 41 4
3 711 998 150 946 40 41 4
3 711 999 151 946 40 41 4
3 711 1000 152 946 40 41 4
3 711 1001 152 946 40 41 4
3 711 1002 153 946 40 41 4
3 711 1003 153 946 40 41 4
3 711 1004 154 946 40 41 4
3 711 1005 155 946 40 41 4
3 711 1006 155 946 40 41 4
3 711 1007 156 946 40 41 4
3 711 1008 156 946 40 41 4
3 711 1009 157 946 40 41 4
3 711 1010 158 946 40 41 4
3 711 1011 158 946 40 41 4
3 711 1012 159 946 40 41 4
3 711 1013 159 946 40 41 4
3 711 1014 160 946 40 41 4
3 711 1015 161 946 40 41 4
3 711 1016 161 946 40 41 4
3 711 1017 161 946 40 41 4
3 711 1018 161 946 40 41 4
3 711 1019 161 946 40 41 4
3 711 1020 161 946 40 41 4
3 711 1021 161 946 40 41 4
3 711 1022 161 946 40 41 4
3 711 1023 161 947 40 41 4
3 711 1024 161 947 40 41 4
3 711 1025 161 947 40 41 4
3 711 1026 161 947 40 41 4
3 711 1027 161 947 40 41 4
3 711 1028 161 947 40 41 4
3 711 1029 161 947 40 41 4
3 711 1030 161 947 40 41 4
3 711 1031 161 948 40 41 4
3 711 1032 161 948 40 41 4
3 711 1033 161 948 40 41 4
3 711 1034 161 948 40 41 4
3 711 1035 161 948 40 41 4
3 711 1036 161 948 40 41 4
3 711 1037 161 948 40 41 4
3 711 1038 161 948 40 41 4
3 711 1039 162 949 40 41 4
3 711 1040 161 949 40 41 4
3 711 1041 161 949 40 41 4
3 711 1042 161 949 40 41 4
3 711 1043 161 949 40 41 4
3 711 1044 161 949 40 41 4
3 711 1045 161 949 40 42 4
3 711 1046 161 949 40 42 4
3 711 1047 161 949 40 42 4
3 711 1048 161 949 40 42 4
3 711 1049 161 949 40 42 4
3 711 1050 161 950 39 42 4
3 711 1051 161 950 39 42 4
3 711 1052 161 950 39 42 4
3 711 1053 161 950 39 42 4
3 711 1054 161 950 39 42 4
3 711 1055 161 950 39 42 4
3 711 1056 161 950 39 43 4
3 711 1057 161 950 39 43 4
3 711 1058 161 950 39 43 4
3 711 1059 161 950 39 43 4
3 711 1060 161 950 39 43 4
3 711 1061 161 951 38 43 4
3 711 1062 161 951 38 43 4
3 711 1063 161 951 38 43 4
3 711 1064 161 951 38 43 4
3 711 1065 161 951 38 43 4
3 711 1066 161 951 38 44 4
3 711 1067 161 951 38 44 4
3 711 1068 161 951 38 44 4
3 711 1069 161 951 38 44 4
3 711 1070 161 951 38 44 4
3 711 1071 161 952 38 44 4
3 711 1072 161 952 37 44 4
3 711 1073 161 952 37 44 4
3 711 1074 161 952 37 44 4
3 711 1075 161 953 37 44 4
3 711 1076 161 953 37 44 4
3 711 1077 161 953 37 44 4
3 711 1078 161 953 37 45 4
3 711 1079 161 954 37 44 4
3 711 1080 161 954 37 44 4
3 711 1081 161 954 37 45 4
3 711 1082 161 955 36 44 4
3 711 1083 161 955 36 44 4
3 711 1084 161 955 36 44 4
3 711 1085 161 955 36 45 4
3 711 1086 161 956 36 44 4
3 711 1087 161 956 36 44 4
3 711 1088 161 956 36 45 4
3 711 1089 161 956 36 45 4
3 711 1090 161 957 36 44 4
3 711 1091 161 957 36 45 4
3 711 1092 161 957 36 45 4
3 711 1093 161 958 35 44 4
3 711 1094 161 958 35 44 4
3 711 1095 161 958 35 45 4
3 711 1096 161 958 35 45 4
3 711 1097 161 959 35 44 4
3 711 1098 161 959 35 45 4
3 711 1099 161 959 35 45 4
3 711 1100 161 959 35 45 4
3 711 1101 161 960 35 45 4
3 711 1102 161 960 35 45 4
3 711 1103 161 960 35 45 4
3 711 1104 161 961 35 45 4
3 711 1105 161 961 35 45 4
3 711 1106 161 961 35 45 4
3 711 1107 161 961 35 45 4
3 711 1108 161 961 35 45 4
3 711 1109 161 961 35 45 4
3 711 1110 161 961 35 46 4
3 711 1111 161 962 35 45 4
3 711 1112 161 962 35 45 4
3 711 1113 161 962 35 45 4
3 711 1114 161 962 35 45 4
3 711 1115 161 962 35 45 4
3 711 1116 161 962 35 46 4
3 711 1117 161 963 35 45 4
3 711 1118 162 963 34 45 4
3 711 1119 162 963 34 45 4
3 711 1120 162 963 34 45 4
3 711 1121 162 963 34 45 4
3 711 1122 162 963 34 46 4
3 711 1123 162 964 34 45 4
3 711 1124 162 964 34 45 4
3 711 1125 162 964 34 45 4
3 711 1126 162 964 34 45 4
3 711 1127 162 964 34 46 4
3 711 1128 162 964 34 46 4
3 711 1129 162 965 34 45 4
3 711 1130 162 965 34 45 4
3 711 1131 162 965 34 45 4
3 711 1132 163 965 33 45 4
3 711 1133 163 965 33 46 4
3 711 1134 163 965 33 46 4
3 711 1135 163 966 33 45 4
3 711 1136 163 966 33 45 4
3 711 1137 163 966 33 45 4
3 711 1138 163 966 33 45 4
3 711 1139 163 966 33 46 4
3 711 1140 163 966 33 46 4
3 711 1141 163 966 33 46 4
3 711 1142 163 967 33 45 4
3 711 1143 163 967 33 45 4
3 711 1144 163 967 33 46 4
3 711 1145 164 967 32 46 4
3 711 1146 164 967 32 46 4
3 711 1147 164 967 32 46 4
3 711 1148 164 968 32 45 4
3 711 1149 164 968 32 45 4
3 711 1150 164 968 32 46 4
3 711 1151 164 968 32 46 4
3 711 1152 164 968 32 46 4
3 711 1153 164 968 32 46 4
3 711 1154 164 969 32 45 4
3 711 1155 164 969 32 45 4
3 711 1156 164 969 32 46 4
3 711 1157 164 969 32 46 4
3 711 1158 164 969 32 46 4
3 711 1159 165 969 31 46 4
3 711 1160 165 970 31 45 4
3 711 1161 165 970 31 46 4
3 711 1162 165 970 31 46 4
3 711 1163 165 970 31 46 4
3 711 1164 165 970 31 46 4
3 711 1165 165 970 31 46 4
3 711 1166 165 971 31 45 4
3 711 1167 165 971 31 46 4
3 711 1168 165 971 31 46 4
3 711 1169 165 971 31 46 4
3 711 1170 165 971 31 46 4
3 711 1171 165 971 31 46 4
3 711 1172 166 972 31 46 4
3 711 1173 167 973 31 46 4
3 711 1174 168 974 31 46 4
3 711 1175 169 975 31 46 4
3 711 1176 170 976 31 46 4
3 711 1177 171 977 31 46 4
3 711 1178 172 978 31 46 4
3 711 1179 173 979 31 46 4
3 711 1180 174 980 31 46 4
3 711 1181 175 981 31 46 4
3 711 1182 177 983 31 46 4
3 711 1183 176 982 32 46 4
3 711 1184 176 982 32 46 4
3 711 1185 176 982 32 46 4
3 711 1186 176 982 33 45 4
3 711 1187 176 982 33 45 4
3 711 1188 176 982 33 45 4
3 711 1189 176 982 34 44 4
3 711 1190 176 982 34 44 4
3 711 1191 176 982 34 44 4
3 711 1192 176 982 35 44 4
3 711 1193 176 982 35 43 4
3 711 1194 176 982 35 43 4
3 711 1195 176 982 36 43 4
3 711 1196 176 982 36 42 4
3 711 1197 176 982 36 42 4
3 711 1198 176 982 37 42 4
3 711 1199 176 982 37 42 4
3 711 1200 176 982 37 41 4
3 711 1201 176 982 38 41 4
3 711 1202 176 982 38 41 4
3 711 1203 176 982 39 41 4
3 711 1204 175 981 39 41 4
3 711 1205 175 981 39 41 4
3 711 1206 175 981 39 41 4
3 711 1207 175 981 39 41 4
3 711 1208 174 981 40 41 4
3 711 1209 174 981 40 41 4
3 711 1210 174 981 40 41 4
3 711 1211 174 981 40 41 4
3 711 1212 174 981 40 41 4
3 711 1213 173 981 40 41 4
3 711 1214 173 981 40 41 4
3 711 1215 173 981 40 41 4
3 711 1216 173 981 40 40 4
3 711 1217 173 981 40 40 4
3 711 1218 172 981 41 40 4
3 711 1219 172 981 41 40 4
3 711 1220 172 981 41 40 4
3 711 1221 172 981 41 40 4
3 711 1222 172 981 41 40 4
3 711 1223 171 981 41 40 4
3 711 1224 171 981 41 40 4
3 711 1225 171 981 41 40 4
3 711 1226 171 981 41 40 4
3 711 1227 171 981 41 40 4
3 711 1228 170 981 42 40 4
3 711 1229 170 981 42 39 4
3 711 1230 170 981 42 39 4
3 711 1231 170 981 42 39 4
3 711 1232 170 981 42 39 4
3 711 1233 169 981 42 39 4
3 711 1234 169 981 42 39 4
3 711 1235 169 981 42 39 4
3 711 1236 169 981 42 39 4
3 711 1237 169 981 42 39 4
3 711 1238 168 981 43 39 4
3 711 1239 168 981 43 39 4
3 711 1240 168 981 43 39 4
3 711 1241 168 981 43 39 4
3 711 1242 168 981 43 39 4
3 711 1243 168 980 43 39 4
3 711 1244 168 980 43 39 4
3 711 1245 168 980 43 39 4
3 711 1246 168 980 43 39 4
3 711 1247 168 980 43 39 4
3 711 1248 168 980 43 39 4
3 711 1249 168 980 43 39 4
3 711 1250 169 980 42 39 4
3 711 1251 169 980 42 39 4
3 711 1252 169 980 42 39 4
3 711 1253 169 980 42 39 4
3 711 1254 169 980 42 39 4
3 711 1255 169 980 42 39 4
3 711 1256 169 980 42 39 4
3 711 1257 170 980 42 39 4
3 711 1258 170 980 42 39 4
3 711 1259 170 980 42 39 4
3 711 1260 170 980 42 39 4
3 711 1261 170 980 42 39 4
3 711 1262 170 980 42 39 4
3 711 1263 170 980 42 39 4
3 711 1264 171 980 41 38 4
3 711 1265 171 980 41 38 4
3 711 1266 171 980 41 38 4
3 711 1267 171 980 41 38 4
3 711 1268 171 980 41 38 4
3 711 1269 171 980 41 38 4
3 711 1270 171 980 41 38 4
3 711 1271 172 980 41 38 4
3 711 1272 172 980 41 38 4
3 711 1273 172 980 41 38 4
3 711 1274 172 980 41 38 4
3 711 1275 172 980 41 38 4
3 711 1276 172 980 41 38 4
3 711 1277 172 980 41 38 4
3 711 1278 173 980 40 38 4
3 711 1279 173 980 40 38 4
3 711 1280 173 980 40 38 4
3 711 1281 173 980 40 38 4
3 711 1282 173 980 40 38 4
3 711 1283 173 980 40 38 4
3 711 1284 173 980 40 38 4
3 711 1285 174 980 40 38 4
3 711 1286 174 980 40 38 4
3 711 1287 175 980 39 38 4
3 711 1288 176 981 38 37 4
3 711 1289 176 981 39 37 4
3 711 1290 177 981 38 37 4
3 711 1291 178 982 37 36 4
3 711 1292 178 982 38 36 4
3 711 1293 179 983 37 35 4
3 711 1294 179 983 38 35 4
3 711 1295 180 983 37 35 4
3 711 1296 181 984 36 34 4
3 711 1297 181 984 37 34 4
3 711 1298 182 985 36 33 4
3 711 1299 183 985 35 33 4
3 711 1300 183 985 36 34 4
3 711 1301 184 986 35 33 4
3 711 1302 185 986 34 33 4
3 711 1303 185 987 35 32 4
3 711 1304 186 987 34 32 4
3 711 1305 187 987 33 32 4
3 711 1306 187 988 34 31 4
3 711 1307 188 988 33 31 4
3 711 1308 189 988 32 31 4
