1 836 449 159 380 20 19 1
1 836 450 159 380 20 19 1
1 836 451 159 380 20 19 1
1 836 452 159 380 20 19 1
1 836 453 159 380 20 19 1
1 836 454 159 380 20 20 1
1 836 455 159 380 20 20 1
1 836 456 159 380 21 20 1
1 836 457 159 380 21 20 1
1 836 458 159 380 21 21 1
1 836 459 159 380 21 21 1
1 836 460 159 380 21 21 1
1 836 461 159 380 21 21 1
1 836 462 159 380 21 22 1
1 836 463 159 380 22 22 1
1 836 464 159 380 22 22 1
1 836 465 159 380 22 22 1
1 836 466 159 380 22 22 1
1 836 467 159 380 22 23 1
1 836 468 159 380 22 23 1
1 836 469 159 380 23 23 1
1 836 470 159 380 23 23 1
1 836 471 159 380 23 24 1
1 836 472 159 380 23 24 1
1 836 473 159 380 23 24 1
1 836 474 158 380 24 24 1
1 836 475 158 379 25 26 1
1 836 476 158 379 25 26 1
1 836 477 158 379 25 26 1
1 836 478 158 379 25 26 1
1 836 479 158 379 25 27 1
1 836 480 158 379 25 27 1
1 836 481 158 379 26 27 1
1 836 482 158 379 26 28 1
1 836 483 158 379 26 28 1
1 836 484 158 379 26 28 1
1 836 485 159 380 26 28 1
1 836 486 159 379 25 29 1
1 836 487 159 379 25 29 1
1 836 488 159 379 25 29 1
1 836 489 159 379 25 29 1
1 836 490 159 379 25 29 1
1 836 491 159 379 25 29 1
1 836 492 159 379 25 29 1
1 836 493 159 379 25 29 1
1 836 494 159 379 25 29 1
1 836 495 159 379 25 29 1
1 836 496 159 379 25 29 1
1 836 497 159 379 25 29 1
1 836 498 159 379 25 29 1
1 836 499 159 379 25 30 1
1 836 500 159 379 25 30 1
1 836 501 159 378 25 31 1
1 836 502 159 378 25 31 1
1 836 503 159 378 25 31 1
1 836 504 159 378 25 31 1
1 836 505 159 378 25 31 1
1 836 506 159 378 25 31 1
1 836 507 159 378 25 31 1
1 836 508 159 378 25 31 1
1 836 509 159 378 25 31 1
1 836 510 159 378 25 31 1
1 836 511 159 378 25 31 1
1 836 512 159 378 25 32 1
1 836 513 159 378 25 32 1
1 836 514 159 378 25 32 1
1 836 515 159 378 25 32 1
1 836 516 159 378 25 32 1
1 836 517 159 377 25 33 1
1 836 518 159 377 25 33 1
1 836 519 159 377 25 33 1
1 836 520 159 377 25 33 1
1 836 521 159 377 25 33 1
1 836 522 159 377 25 33 1
1 836 523 159 377 25 33 1
1 836 524 159 377 25 34 1
1 836 525 159 377 25 34 1
1 836 526 159 377 25 34 1
1 836 527 159 377 25 34 1
1 836 528 159 377 25 34 1
1 836 529 159 377 25 34 1
1 836 530 159 377 25 34 1
1 836 531 159 377 25 34 1
1 836 532 159 376 25 35 1
1 836 533 159 376 25 35 1
1 836 534 159 376 25 35 1
1 836 535 159 376 25 35 1
1 836 536 159 376 25 35 1
1 836 537 159 376 25 36 1
1 836 538 159 376 25 36 1
1 836 539 159 376 25 36 1
1 836 540 159 376 25 36 1
1 836 541 159 376 25 36 1
1 836 542 159 376 25 36 1
1 836 543 159 376 25 36 1
1 836 544 159 376 25 36 1
1 836 545 159 376 25 36 1
1 836 546 159 375 25 37 1
1 836 547 159 375 25 37 1
1 836 548 159 375 25 37 1
1 836 549 159 375 25 38 1
1 836 550 159 375 25 38 1
1 836 551 159 375 25 38 1
1 836 552 159 375 25 38 1
1 836 553 159 375 25 38 1
1 836 554 159 375 25 38 1
1 836 555 159 375 25 38 1
1 836 556 159 375 25 38 1
1 836 557 159 375 25 38 1
1 836 558 159 375 25 38 1
1 836 559 159 375 25 38 1
1 836 560 159 374 25 39 1
1 836 561 159 374 25 40 1
1 836 562 159 374 25 40 1
1 836 563 158 374 26 40 1
1 836 564 158 374 26 40 1
1 836 565 158 374 26 40 1
1 836 566 158 374 26 40 1
1 836 567 158 374 26 40 1
1 836 568 158 374 26 40 1
1 836 569 158 374 25 40 1
1 836 570 158 374 25 40 1
1 836 571 158 374 25 40 1
1 836 572 158 374 25 40 1
1 836 573 158 374 25 41 1
1 836 574 158 373 25 42 1
1 836 575 158 373 25 42 1
1 836 576 158 373 25 42 1
1 836 577 158 373 25 42 1
1 836 578 158 373 25 42 1
1 836 579 158 373 25 42 1
1 836 580 158 373 25 42 1
1 836 581 158 373 25 42 1
1 836 582 158 373 25 42 1
1 836 583 158 373 25 42 1
1 836 584 158 373 25 43 1
1 836 585 158 373 25 43 1
1 836 586 158 373 25 43 1
1 836 587 158 372 25 44 1
1 836 588 158 372 25 44 1
1 836 589 158 372 25 44 1
1 836 590 158 372 25 44 1
1 836 591 158 372 25 44 1
1 836 592 158 372 25 44 1
1 836 593 158 372 25 44 1
1 836 594 158 372 25 44 1
1 836 595 158 372 25 45 1
1 836 596 158 372 25 45 1
1 836 597 158 372 25 45 1
1 836 598 158 372 25 45 1
1 836 599 158 372 25 45 1
1 836 600 158 371 25 46 1
1 836 601 158 371 25 46 1
1 836 602 158 371 25 46 1
1 836 603 158 371 25 46 1
1 836 604 158 371 25 46 1
1 836 605 158 371 25 46 1
1 836 606 158 371 25 47 1
1 836 607 158 371 25 47 1
1 836 608 158 371 25 47 1
1 836 609 158 371 25 47 1
1 836 610 158 371 25 47 1
1 836 611 158 371 25 47 1
1 836 612 158 370 25 48 1
1 836 613 158 370 25 48 1
1 836 614 158 370 25 48 1
1 836 615 158 370 25 48 1
1 836 616 158 370 25 48 1
1 836 617 158 370 25 49 1
1 836 618 158 370 25 49 1
1 836 619 158 370 25 49 1
1 836 620 158 370 25 49 1
1 836 621 158 370 25 49 1
1 836 622 158 370 25 49 1
1 836 623 158 370 25 49 1
1 836 624 158 369 25 50 1
1 836 625 158 369 25 50 1
1 836 626 158 369 25 50 1
1 836 627 158 369 25 51 1
1 836 628 158 369 25 51 1
1 836 629 158 369 25 51 1
1 836 630 158 369 25 51 1
1 836 631 158 369 25 51 1
1 836 632 158 369 25 51 1
1 836 633 158 369 25 51 1
1 836 634 158 369 25 51 1
1 836 635 158 369 25 51 1
1 836 636 158 368 25 52 1
1 836 637 158 368 25 53 1
1 836 638 158 368 25 53 1
1 836 639 158 368 25 53 1
1 836 640 158 368 25 53 1
1 836 641 158 368 25 53 1
1 836 642 158 368 25 53 1
1 836 643 158 368 25 53 1
1 836 644 158 368 25 53 1
1 836 645 158 368 25 53 1
1 836 646 158 368 25 53 1
1 836 647 158 368 26 54 1
1 836 648 158 367 26 54 1
1 836 649 158 367 26 54 1
1 836 650 158 367 26 54 1
1 836 651 158 367 26 54 1
1 836 652 158 367 26 54 1
1 836 653 158 367 26 54 1
1 836 654 158 367 26 54 1
1 836 655 158 367 26 54 1
1 836 656 158 367 26 54 1
1 836 657 158 367 26 54 1
1 836 658 158 367 26 54 1
1 836 659 158 367 26 54 1
1 836 660 158 367 26 54 1
1 836 661 158 367 26 54 1
1 836 662 158 367 26 54 1
1 836 663 159 367 26 54 1
1 836 664 159 367 26 54 1
1 836 665 159 367 26 54 1
1 836 666 159 367 26 54 1
1 836 667 159 367 26 54 1
1 836 668 159 367 26 54 1
1 836 669 159 367 26 54 1
1 836 670 159 367 26 54 1
1 836 671 159 367 26 54 1
1 836 672 159 367 26 54 1
1 836 673 159 367 26 54 1
1 836 674 159 367 26 54 1
1 836 675 159 367 26 54 1
1 836 676 159 367 26 54 1
1 836 677 159 367 26 54 1
1 836 678 159 367 26 54 1
1 836 679 160 366 26 54 1
1 836 680 160 366 26 54 1
1 836 681 160 366 26 54 1
1 836 682 160 366 26 54 1
1 836 683 160 366 26 54 1
1 836 684 160 366 26 54 1
1 836 685 160 366 26 54 1
1 836 686 160 366 26 54 1
1 836 687 160 366 26 54 1
1 836 688 160 366 26 54 1
1 836 689 160 366 26 54 1
1 836 690 160 366 26 54 1
1 836 691 160 366 26 54 1
1 836 692 160 366 26 54 1
1 836 693 160 366 26 54 1
1 836 694 160 366 26 54 1
1 836 695 161 366 26 54 1
1 836 696 161 366 26 54 1
1 836 697 161 366 26 54 1
1 836 698 161 366 26 54 1
1 836 699 161 366 26 54 1
1 836 700 161 366 26 54 1
1 836 701 161 366 26 54 1
1 836 702 161 366 26 54 1
1 836 703 161 366 26 54 1
1 836 704 161 366 26 54 1
1 836 705 161 366 26 54 1
1 836 706 161 366 26 54 1
1 836 707 161 366 26 54 1
1 836 708 161 366 26 54 1
1 836 709 161 366 26 54 1
1 836 710 162 366 26 54 1
1 836 711 162 365 26 55 1
1 836 712 162 365 26 55 1
1 836 713 163 365 26 55 1
1 836 714 163 365 26 55 1
1 836 715 164 365 26 55 1
1 836 716 164 365 26 55 1
1 836 717 164 365 26 55 1
1 836 718 165 365 26 55 1
1 836 719 165 365 26 55 1
1 836 720 166 365 26 56 1
1 836 721 166 365 26 56 1
1 836 722 167 365 25 56 1
1 836 723 167 365 26 56 1
1 836 724 167 365 26 56 1
1 836 725 168 365 26 56 1
1 836 726 168 365 26 56 1
1 836 727 169 365 26 56 1
1 836 728 169 365 26 56 1
1 836 729 169 365 26 57 1
1 836 730 170 365 26 57 1
1 836 731 170 365 26 57 1
1 836 732 171 365 26 57 1
1 836 733 171 365 26 57 1
1 836 734 172 365 25 57 1
1 836 735 172 365 26 57 1
1 836 736 172 365 26 57 1
1 836 737 173 365 26 57 1
1 836 738 173 365 26 58 1
1 836 739 174 365 26 58 1
1 836 740 174 365 26 58 1
1 836 741 174 365 26 58 1
1 836 742 175 365 26 58 1
1 836 743 175 365 26 58 1
1 836 744 176 365 26 58 1
1 836 745 176 365 26 58 1
1 836 746 177 365 26 59 1
1 836 747 177 365 26 59 1
1 836 748 177 365 26 59 1
1 836 749 177 365 26 59 1
1 836 750 178 365 26 59 1
1 836 751 178 365 26 59 1
1 836 752 178 365 26 59 1
1 836 753 178 366 26 59 1
1 836 754 179 366 26 59 1
1 836 755 179 366 26 59 1
1 836 756 179 366 26 59 1
1 836 757 179 366 26 59 1
1 836 758 180 366 26 59 1
1 836 759 180 366 26 59 1
1 836 760 180 367 26 59 1
1 836 761 180 367 26 59 1
1 836 762 181 367 26 59 1
1 836 763 181 367 26 59 1
1 836 764 181 367 26 59 1
1 836 765 181 367 26 59 1
1 836 766 182 367 26 59 1
1 836 767 182 368 26 59 1
1 836 768 182 368 26 59 1
1 836 769 182 368 26 59 1
1 836 770 183 368 26 59 1
1 836 771 183 368 26 59 1
1 836 772 183 368 26 59 1
1 836 773 184 369 26 59 1
1 836 774 183 368 26 59 1
1 836 775 183 368 26 59 1
1 836 776 183 368 26 59 1
1 836 777 183 368 26 59 1
1 836 778 183 368 26 59 1
1 836 779 183 368 26 59 1
1 836 780 183 368 26 59 1
1 836 781 183 368 26 59 1
1 836 782 183 368 26 59 1
1 836 783 183 368 26 59 1
1 836 784 183 368 26 59 1
1 836 785 183 368 26 59 1
1 836 786 183 368 26 59 1
1 836 787 183 368 26 59 1
1 836 788 183 368 26 59 1
1 836 789 182 368 27 59 1
1 836 790 182 368 27 59 1
1 836 791 182 368 27 59 1
1 836 792 182 368 27 59 1
1 836 793 182 368 27 59 1
1 836 794 182 368 27 59 1
1 836 795 182 368 27 59 1
1 836 796 182 368 27 59 1
1 836 797 182 368 27 59 1
1 836 798 182 368 27 59 1
1 836 799 182 368 27 59 1
1 836 800 182 368 27 59 1
1 836 801 182 368 27 59 1
1 836 802 182 368 27 59 1
1 836 803 182 368 27 59 1
1 836 804 182 368 27 59 1
1 836 805 181 368 28 59 1
1 836 806 181 368 28 59 1
1 836 807 181 368 28 59 1
1 836 808 181 368 28 59 1
1 836 809 181 368 28 59 1
1 836 810 181 368 28 59 1
1 836 811 181 368 28 59 1
1 836 812 181 368 28 59 1
1 836 813 181 368 28 59 1
1 836 814 181 368 28 59 1
1 836 815 181 368 28 59 1
1 836 816 181 368 28 59 1
1 836 817 181 368 28 59 1
1 836 818 181 368 28 59 1
1 836 819 181 368 28 59 1
1 836 820 181 368 28 59 1
1 836 821 180 368 29 59 1
1 836 822 180 368 29 59 1
1 836 823 180 368 29 59 1
1 836 824 180 368 29 59 1
1 836 825 180 368 29 59 1
1 836 826 180 368 29 59 1
1 836 827 180 368 29 59 1
1 836 828 180 368 29 59 1
1 836 829 180 368 29 59 1
1 836 830 180 368 29 59 1
1 836 831 180 368 29 59 1
1 836 832 180 368 29 59 1
1 836 833 180 368 29 59 1
1 836 834 180 368 29 59 1
1 836 835 180 368 29 59 1
1 836 836 180 368 30 60 1
1 836 837 180 368 30 60 1
1 836 838 180 368 30 60 1
1 836 839 180 368 30 60 1
1 836 840 180 368 30 60 1
1 836 841 181 368 30 60 1
1 836 842 181 368 30 60 1
1 836 843 181 368 30 60 1
1 836 844 181 368 30 60 1
1 836 845 182 368 30 60 1
1 836 846 182 368 30 60 1
1 836 847 182 368 30 60 1
1 836 848 182 368 30 60 1
1 836 849 182 368 30 60 1
1 836 850 183 368 30 60 1
1 836 851 183 368 30 60 1
1 836 852 183 368 30 60 1
1 836 853 183 368 30 60 1
1 836 854 184 368 30 60 1
1 836 855 184 368 30 60 1
1 836 856 184 368 30 60 1
1 836 857 184 368 30 60 1
1 836 858 184 368 30 60 1
1 836 859 185 368 30 60 1
1 836 860 185 368 30 60 1
1 836 861 185 368 30 60 1
1 836 862 185 368 30 60 1
1 836 863 186 368 30 60 1
1 836 864 186 368 30 60 1
1 836 865 186 368 30 60 1
1 836 866 186 368 30 60 1
1 836 867 186 368 30 60 1
1 836 868 187 368 30 60 1
1 836 869 187 368 30 60 1
1 836 870 187 368 30 60 1
1 836 871 187 368 30 60 1
1 836 872 188 368 30 60 1
1 836 873 187 367 31 60 1
1 836 874 187 367 31 60 1
1 836 875 187 367 31 60 1
1 836 876 187 367 31 60 1
1 836 877 187 367 31 60 1
1 836 878 187 367 31 60 1
1 836 879 187 367 31 60 1
1 836 880 187 367 31 60 1
1 836 881 187 367 31 60 1
1 836 882 187 367 31 60 1
1 836 883 187 367 31 60 1
1 836 884 187 367 31 60 1
1 836 885 187 367 31 60 1
1 836 886 187 367 31 60 1
1 836 887 187 367 31 60 1
1 836 888 187 367 31 60 1
1 836 889 187 367 31 60 1
1 836 890 187 367 31 60 1
1 836 891 187 367 31 60 1
1 836 892 187 367 31 60 1
1 836 893 187 367 31 60 1
1 836 894 187 367 31 60 1
1 836 895 187 367 31 60 1
1 836 896 187 367 31 60 1
1 836 897 187 367 31 60 1
1 836 898 187 367 31 60 1
1 836 899 187 367 31 60 1
1 836 900 187 367 31 60 1
1 836 901 187 367 31 60 1
1 836 902 187 367 31 60 1
1 836 903 187 367 31 60 1
1 836 904 187 367 31 60 1
1 836 905 187 367 31 60 1
1 836 906 187 367 31 60 1
1 836 907 187 367 31 60 1
1 836 908 187 367 31 60 1
1 836 909 187 367 32 60 1
1 836 910 187 367 32 60 1
1 836 911 187 367 32 60 1
1 836 912 187 367 32 60 1
1 836 913 187 367 32 60 1
1 836 914 187 367 32 60 1
1 836 915 187 367 32 60 1
1 836 916 187 367 32 60 1
1 836 917 187 367 32 60 1
1 836 918 187 367 32 60 1
1 836 919 187 367 32 60 1
1 836 920 187 367 32 60 1
1 836 921 187 367 32 60 1
1 836 922 187 367 32 60 1
1 836 923 187 367 32 60 1
1 836 924 187 367 32 60 1
1 836 925 187 367 32 60 1
1 836 926 187 367 32 60 1
1 836 927 187 367 32 60 1
1 836 928 187 367 32 60 1
1 836 929 187 367 32 60 1
1 836 930 187 367 32 60 1
1 836 931 187 367 32 60 1
1 836 932 187 367 32 60 1
1 836 933 187 367 32 60 1
1 836 934 187 367 32 60 1
1 836 935 187 367 32 60 1
1 836 936 187 367 32 60 1
1 836 937 187 367 32 60 1
1 836 938 187 367 32 60 1
1 836 939 187 367 32 60 1
1 836 940 187 367 32 60 1
1 836 941 187 367 32 60 1
1 836 942 187 367 32 60 1
1 836 943 187 367 32 60 1
1 836 944 187 367 33 60 1
1 836 945 187 367 33 60 1
1 836 946 187 367 33 60 1
1 836 947 187 367 33 60 1
1 836 948 187 367 33 60 1
1 836 949 187 367 33 60 1
1 836 950 187 367 33 60 1
1 836 951 187 367 33 60 1
1 836 952 187 367 33 60 1
1 836 953 187 367 33 60 1
1 836 954 187 367 33 60 1
1 836 955 187 367 33 60 1
1 836 956 187 367 33 60 1
1 836 957 187 367 33 60 1
1 836 958 187 367 33 60 1
1 836 959 187 367 33 60 1
1 836 960 187 367 33 60 1
1 836 961 187 367 33 60 1
1 836 962 187 367 33 60 1
1 836 963 187 367 33 60 1
1 836 964 187 367 33 60 1
1 836 965 187 367 33 60 1
1 836 966 187 367 33 60 1
1 836 967 187 367 33 60 1
1 836 968 187 367 33 60 1
1 836 969 187 367 33 60 1
1 836 970 187 367 33 60 1
1 836 971 187 367 33 60 1
1 836 972 187 367 33 60 1
1 836 973 187 367 33 60 1
1 836 974 187 367 33 60 1
1 836 975 187 367 33 60 1
1 836 976 187 367 33 60 1
1 836 977 187 367 33 60 1
1 836 978 187 367 33 60 1
1 836 979 187 367 33 60 1
1 836 980 187 367 33 60 1
1 836 981 187 367 33 60 1
1 836 982 187 367 33 60 1
1 836 983 187 367 33 60 1
1 836 984 187 367 33 60 1
1 836 985 187 367 33 60 1
1 836 986 187 367 33 60 1
1 836 987 187 367 33 60 1
1 836 988 187 367 33 60 1
1 836 989 187 367 33 60 1
1 836 990 187 367 33 60 1
1 836 991 187 367 33 60 1
1 836 992 187 367 33 60 1
1 836 993 187 367 33 60 1
1 836 994 187 367 33 60 1
1 836 995 187 367 33 60 1
1 836 996 187 367 33 60 1
1 836 997 187 367 33 60 1
1 836 998 187 367 33 60 1
1 836 999 187 367 33 60 1
1 836 1000 187 367 33 60 1
1 836 1001 187 367 33 60 1
1 836 1002 187 367 33 60 1
1 836 1003 187 367 33 60 1
1 836 1004 187 367 33 60 1
1 836 1005 187 367 33 60 1
1 836 1006 187 367 33 60 1
1 836 1007 187 367 33 60 1
1 836 1008 187 367 33 60 1
1 836 1009 187 367 33 60 1
1 836 1010 187 367 33 60 1
1 836 1011 187 367 33 60 1
1 836 1012 187 367 33 60 1
1 836 1013 187 367 33 60 1
1 836 1014 187 367 33 60 1
1 836 1015 187 367 33 60 1
1 836 1016 187 367 33 60 1
1 836 1017 187 367 33 60 1
1 836 1018 187 367 33 60 1
1 836 1019 187 367 33 60 1
1 836 1020 187 367 33 60 1
1 836 1021 187 367 33 60 1
1 836 1022 187 367 33 60 1
1 836 1023 187 367 33 60 1
1 836 1024 187 367 33 60 1
1 836 1025 187 367 33 60 1
1 836 1026 187 367 33 60 1
1 836 1027 187 367 33 60 1
1 836 1028 187 367 33 60 1
1 836 1029 187 367 33 60 1
1 836 1030 187 367 33 60 1
1 836 1031 187 367 33 60 1
1 836 1032 187 367 33 60 1
1 836 1033 187 367 33 60 1
1 836 1034 187 367 33 60 1
1 836 1035 187 367 33 60 1
1 836 1036 187 367 33 60 1
1 836 1037 187 367 33 60 1
1 836 1038 187 367 33 60 1
1 836 1039 187 367 33 60 1
1 836 1040 187 367 33 60 1
1 836 1041 187 367 33 60 1
1 836 1042 187 367 33 60 1
1 836 1043 187 367 33 60 1
1 836 1044 187 367 33 60 1
1 836 1045 187 367 33 60 1
1 836 1046 187 367 33 60 1
1 836 1047 187 367 33 60 1
1 836 1048 187 367 33 60 1
1 836 1049 187 367 33 60 1
1 836 1050 187 367 33 60 1
1 836 1051 187 367 33 60 1
1 836 1052 187 367 33 60 1
1 836 1053 187 367 33 60 1
1 836 1054 187 367 33 60 1
1 836 1055 187 367 33 60 1
1 836 1056 187 367 33 60 1
1 836 1057 187 367 33 60 1
1 836 1058 187 367 33 60 1
1 836 1059 187 367 33 60 1
1 836 1060 187 367 33 60 1
1 836 1061 187 367 33 60 1
1 836 1062 187 367 33 60 1
1 836 1063 187 367 33 60 1
1 836 1064 187 367 33 60 1
1 836 1065 187 367 33 60 1
1 836 1066 187 367 33 60 1
1 836 1067 187 367 33 60 1
1 836 1068 187 367 33 60 1
1 836 1069 187 367 33 60 1
1 836 1070 187 367 33 60 1
1 836 1071 187 367 33 60 1
1 836 1072 187 367 33 60 1
1 836 1073 187 367 33 60 1
1 836 1074 187 367 33 60 1
1 836 1075 187 367 33 60 1
1 836 1076 187 367 33 60 1
1 836 1077 187 367 33 60 1
1 836 1078 187 367 33 60 1
1 836 1079 187 367 33 60 1
1 836 1080 187 367 33 60 1
1 836 1081 187 367 33 60 1
1 836 1082 187 367 33 60 1
1 836 1083 187 367 33 60 1
1 836 1084 187 367 33 60 1
1 836 1085 187 367 33 60 1
1 836 1086 187 367 33 60 1
1 836 1087 187 367 33 60 1
1 836 1088 187 367 33 60 1
1 836 1089 187 367 33 60 1
1 836 1090 187 367 33 60 1
1 836 1091 187 367 33 60 1
1 836 1092 187 367 33 60 1
1 836 1093 187 367 33 60 1
1 836 1094 187 367 33 60 1
1 836 1095 187 367 33 60 1
1 836 1096 187 367 33 60 1
1 836 1097 187 367 33 60 1
1 836 1098 187 367 33 60 1
1 836 1099 187 367 33 60 1
1 836 1100 187 367 33 60 1
1 836 1101 187 367 33 60 1
1 836 1102 187 367 33 60 1
1 836 1103 187 367 33 60 1
1 836 1104 187 367 33 60 1
1 836 1105 187 367 33 60 1
1 836 1106 187 367 33 60 1
1 836 1107 187 367 33 60 1
1 836 1108 187 367 33 60 1
1 836 1109 187 367 33 60 1
1 836 1110 187 367 33 60 1
1 836 1111 187 367 33 60 1
1 836 1112 187 367 33 60 1
1 836 1113 187 367 33 60 1
1 836 1114 187 367 33 60 1
1 836 1115 187 367 33 60 1
1 836 1116 187 367 33 60 1
1 836 1117 187 367 33 60 1
1 836 1118 187 367 33 60 1
1 836 1119 187 367 33 60 1
1 836 1120 187 367 33 60 1
1 836 1121 187 367 33 60 1
1 836 1122 187 367 33 60 1
1 836 1123 187 367 33 60 1
1 836 1124 187 367 33 60 1
1 836 1125 187 367 33 60 1
1 836 1126 187 367 33 60 1
1 836 1127 187 367 33 60 1
1 836 1128 187 367 33 60 1
1 836 1129 187 367 33 60 1
1 836 1130 187 367 33 60 1
1 836 1131 187 367 33 60 1
1 836 1132 187 367 33 60 1
1 836 1133 187 367 33 60 1
1 836 1134 187 367 33 60 1
1 836 1135 187 367 33 60 1
1 836 1136 187 367 33 60 1
1 836 1137 187 367 33 60 1
1 836 1138 187 367 33 60 1
1 836 1139 187 367 33 60 1
1 836 1140 187 367 33 60 1
1 836 1141 187 367 33 60 1
1 836 1142 187 367 33 60 1
1 836 1143 187 367 33 60 1
1 836 1144 187 367 33 60 1
1 836 1145 187 367 33 60 1
1 836 1146 187 367 33 60 1
1 836 1147 187 367 33 60 1
1 836 1148 187 367 33 60 1
1 836 1149 187 367 33 60 1
1 836 1150 187 367 33 60 1
1 836 1151 187 367 33 60 1
1 836 1152 187 367 33 60 1
1 836 1153 187 367 33 60 1
1 836 1154 187 367 33 60 1
1 836 1155 187 367 33 60 1
1 836 1156 187 367 33 60 1
1 836 1157 187 367 33 60 1
1 836 1158 187 367 33 60 1
1 836 1159 187 367 33 60 1
1 836 1160 187 367 33 60 1
1 836 1161 187 367 33 60 1
1 836 1162 187 367 33 60 1
1 836 1163 187 367 33 60 1
1 836 1164 187 367 33 60 1
1 836 1165 187 367 33 60 1
1 836 1166 187 367 33 60 1
1 836 1167 187 367 33 60 1
1 836 1168 187 367 33 60 1
1 836 1169 187 367 33 60 1
1 836 1170 187 367 33 60 1
1 836 1171 187 367 33 60 1
1 836 1172 187 367 33 60 1
1 836 1173 187 367 33 60 1
1 836 1174 187 367 33 60 1
1 836 1175 187 367 33 60 1
1 836 1176 187 367 33 60 1
1 836 1177 187 367 33 60 1
1 836 1178 187 367 33 60 1
1 836 1179 187 367 33 60 1
1 836 1180 187 367 33 60 1
1 836 1181 187 367 33 60 1
1 836 1182 187 367 33 60 1
1 836 1183 187 367 33 60 1
1 836 1184 187 367 33 60 1
1 836 1185 187 367 33 60 1
1 836 1186 187 367 33 60 1
1 836 1187 187 367 33 60 1
1 836 1188 187 367 33 60 1
1 836 1189 187 367 33 60 1
1 836 1190 187 367 33 60 1
1 836 1191 187 367 33 60 1
1 836 1192 187 367 33 60 1
1 836 1193 187 367 33 60 1
1 836 1194 187 367 33 60 1
1 836 1195 187 367 33 60 1
1 836 1196 187 367 33 60 1
1 836 1197 187 367 33 60 1
1 836 1198 187 367 33 60 1
1 836 1199 187 367 33 60 1
1 836 1200 187 367 33 60 1
1 836 1201 187 367 33 60 1
1 836 1202 187 367 33 60 1
1 836 1203 187 367 33 60 1
1 836 1204 187 367 33 60 1
1 836 1205 187 367 33 60 1
1 836 1206 187 367 33 60 1
1 836 1207 187 367 33 60 1
1 836 1208 187 367 33 60 1
1 836 1209 187 367 33 60 1
1 836 1210 187 367 33 60 1
1 836 1211 187 367 33 60 1
1 836 1212 187 367 33 60 1
1 836 1213 187 367 33 60 1
1 836 1214 187 367 33 60 1
1 836 1215 187 367 33 60 1
1 836 1216 187 367 33 60 1
1 836 1217 187 367 33 60 1
1 836 1218 187 367 33 60 1
1 836 1219 187 367 33 60 1
1 836 1220 187 367 33 60 1
1 836 1221 187 367 33 60 1
1 836 1222 187 367 33 60 1
1 836 1223 187 367 33 60 1
1 836 1224 187 367 33 60 1
1 836 1225 187 367 33 60 1
1 836 1226 187 367 33 60 1
1 836 1227 187 367 33 60 1
1 836 1228 187 367 33 60 1
1 836 1229 187 367 33 60 1
1 836 1230 187 367 33 60 1
1 836 1231 187 367 33 60 1
1 836 1232 187 367 33 60 1
1 836 1233 187 367 33 60 1
1 836 1234 187 367 33 60 1
1 836 1235 187 367 33 60 1
1 836 1236 187 367 33 60 1
1 836 1237 187 367 33 60 1
1 836 1238 187 367 33 60 1
1 836 1239 187 367 33 60 1
1 836 1240 187 367 33 60 1
1 836 1241 187 367 33 60 1
1 836 1242 187 367 33 60 1
1 836 1243 187 367 33 60 1
1 836 1244 187 367 33 60 1
1 836 1245 187 367 33 60 1
1 836 1246 187 367 33 60 1
1 836 1247 187 367 33 60 1
1 836 1248 187 367 33 60 1
1 836 1249 187 367 33 60 1
1 836 1250 187 367 33 60 1
1 836 1251 187 367 33 60 1
1 836 1252 187 367 33 60 1
1 836 1253 187 367 33 60 1
1 836 1254 187 367 33 60 1
1 836 1255 187 367 33 60 1
1 836 1256 187 367 33 60 1
1 836 1257 187 367 33 60 1
1 836 1258 187 367 33 60 1
1 836 1259 187 367 33 60 1
1 836 1260 187 367 33 60 1
1 836 1261 187 367 33 60 1
1 836 1262 187 367 33 60 1
1 836 1263 187 367 33 60 1
1 836 1264 187 367 33 60 1
1 836 1265 187 367 33 60 1
1 836 1266 187 367 33 60 1
1 836 1267 187 367 33 60 1
1 836 1268 187 367 33 60 1
1 836 1269 187 367 33 60 1
1 836 1270 187 367 33 60 1
1 836 1271 187 367 33 60 1
1 836 1272 187 367 33 60 1
1 836 1273 187 367 33 60 1
1 836 1274 187 367 33 60 1
1 836 1275 187 367 33 60 1
1 836 1276 187 367 33 60 1
1 836 1277 187 367 33 60 1
1 836 1278 187 367 33 60 1
1 836 1279 187 367 33 60 1
1 836 1280 187 367 33 60 1
1 836 1281 187 367 33 60 1
1 836 1282 187 367 33 60 1
1 836 1283 187 367 33 60 1
1 836 1284 187 367 33 60 1
2 1285 0 117 372 120 52 2
2 1285 1 117 372 120 52 2
2 1285 2 117 372 120 52 2
2 1285 3 117 372 120 52 2
2 1285 4 117 372 120 52 2
2 1285 5 117 372 120 52 2
2 1285 6 117 372 120 52 2
2 1285 7 117 372 120 52 2
2 1285 8 117 372 120 52 2
2 1285 9 117 372 120 52 2
2 1285 10 117 372 120 52 2
2 1285 11 117 372 120 52 2
2 1285 12 117 372 120 52 2
2 1285 13 117 372 120 52 2
2 1285 14 117 372 120 52 2
2 1285 15 117 372 120 52 2
2 1285 16 117 372 120 52 2
2 1285 17 117 372 120 52 2
2 1285 18 117 372 120 52 2
2 1285 19 117 372 120 52 2
2 1285 20 117 372 120 52 2
2 1285 21 117 372 120 52 2
2 1285 22 117 372 120 52 2
2 1285 23 117 372 120 52 2
2 1285 24 117 372 120 52 2
2 1285 25 117 372 120 52 2
2 1285 26 117 372 120 52 2
2 1285 27 117 372 120 52 2
2 1285 28 117 372 120 52 2
2 1285 29 117 372 120 52 2
2 1285 30 117 372 120 52 2
2 1285 31 117 372 120 52 2
2 1285 32 117 372 120 52 2
2 1285 33 117 372 120 52 2
2 1285 34 117 372 120 52 2
2 1285 35 117 372 120 52 2
2 1285 36 117 372 120 52 2
2 1285 37 117 372 120 52 2
2 1285 38 117 372 120 52 2
2 1285 39 117 372 120 52 2
2 1285 40 117 372 120 52 2
2 1285 41 117 372 120 52 2
2 1285 42 117 372 120 52 2
2 1285 43 117 372 120 52 2
2 1285 44 117 372 120 52 2
2 1285 45 117 372 120 52 2
2 1285 46 117 372 120 52 2
2 1285 47 117 372 120 52 2
2 1285 48 117 372 120 52 2
2 1285 49 117 372 120 52 2
2 1285 50 117 372 120 52 2
2 1285 51 117 372 120 52 2
2 1285 52 117 372 120 52 2
2 1285 53 117 372 120 52 2
2 1285 54 117 372 120 52 2
2 1285 55 117 372 120 52 2
2 1285 56 117 372 120 52 2
2 1285 57 117 372 120 52 2
2 1285 58 117 372 120 52 2
2 1285 59 117 372 120 52 2
2 1285 60 117 372 120 52 2
2 1285 61 117 372 120 52 2
2 1285 62 117 372 120 52 2
2 1285 63 117 372 120 52 2
2 1285 64 117 372 120 52 2
2 1285 65 117 372 120 52 2
2 1285 66 117 372 120 52 2
2 1285 67 117 372 120 52 2
2 1285 68 117 372 120 52 2
2 1285 69 117 372 120 52 2
2 1285 70 117 372 120 52 2
2 1285 71 117 372 120 52 2
2 1285 72 117 372 120 52 2
2 1285 73 117 372 120 52 2
2 1285 74 117 372 120 52 2
2 1285 75 117 372 120 52 2
2 1285 76 117 372 120 52 2
2 1285 77 117 372 120 52 2
2 1285 78 117 372 120 52 2
2 1285 79 117 372 120 52 2
2 1285 80 117 372 120 52 2
2 1285 81 117 372 120 52 2
2 1285 82 117 372 120 52 2
2 1285 83 117 372 120 52 2
2 1285 84 117 372 120 52 2
2 1285 85 117 372 120 52 2
2 1285 86 117 372 120 52 2
2 1285 87 117 372 120 52 2
2 1285 88 117 372 120 52 2
2 1285 89 117 372 120 52 2
2 1285 90 117 372 120 52 2
2 1285 91 117 372 120 52 2
2 1285 92 117 372 120 52 2
2 1285 93 117 372 120 52 2
2 1285 94 117 372 120 52 2
2 1285 95 117 372 120 52 2
2 1285 96 117 372 120 52 2
2 1285 97 117 372 120 52 2
2 1285 98 117 372 120 52 2
2 1285 99 117 372 120 52 2
2 1285 100 117 372 120 52 2
2 1285 101 117 372 120 52 2
2 1285 102 117 372 120 52 2
2 1285 103 117 372 120 52 2
2 1285 104 117 372 120 52 2
2 1285 105 117 372 120 52 2
2 1285 106 117 372 120 52 2
2 1285 107 117 372 120 52 2
2 1285 108 117 372 120 52 2
2 1285 109 117 372 120 52 2
2 1285 110 117 372 120 52 2
2 1285 111 117 372 120 52 2
2 1285 112 117 372 120 52 2
2 1285 113 117 372 120 52 2
2 1285 114 117 372 120 52 2
2 1285 115 117 372 120 52 2
2 1285 116 117 372 120 52 2
2 1285 117 117 372 120 52 2
2 1285 118 117 372 120 52 2
2 1285 119 117 372 120 52 2
2 1285 120 117 372 120 52 2
2 1285 121 117 372 120 52 2
2 1285 122 117 372 120 52 2
2 1285 123 117 372 120 52 2
2 1285 124 117 372 120 52 2
2 1285 125 117 372 120 52 2
2 1285 126 117 372 120 52 2
2 1285 127 117 372 120 52 2
2 1285 128 117 372 120 52 2
2 1285 129 117 372 120 52 2
2 1285 130 117 372 120 52 2
2 1285 131 117 372 120 52 2
2 1285 132 117 372 120 52 2
2 1285 133 117 372 120 52 2
2 1285 134 117 372 120 52 2
2 1285 135 117 372 120 52 2
2 1285 136 117 372 120 52 2
2 1285 137 117 372 120 52 2
2 1285 138 117 372 120 52 2
2 1285 139 117 372 120 52 2
2 1285 140 117 372 120 52 2
2 1285 141 117 372 120 52 2
2 1285 142 117 372 120 52 2
2 1285 143 117 372 120 52 2
2 1285 144 117 372 120 52 2
2 1285 145 117 372 120 52 2
2 1285 146 117 372 120 52 2
2 1285 147 117 372 120 52 2
2 1285 148 117 372 120 52 2
2 1285 149 117 372 120 52 2
2 1285 150 117 372 120 52 2
2 1285 151 117 372 120 52 2
2 1285 152 117 372 120 52 2
2 1285 153 117 372 120 52 2
2 1285 154 117 372 120 52 2
2 1285 155 117 372 120 52 2
2 1285 156 117 372 120 52 2
2 1285 157 117 372 120 52 2
2 1285 158 117 372 120 52 2
2 1285 159 117 372 120 52 2
2 1285 160 117 372 120 52 2
2 1285 161 117 372 120 52 2
2 1285 162 117 372 120 52 2
2 1285 163 117 372 120 52 2
2 1285 164 117 372 120 52 2
2 1285 165 117 372 120 52 2
2 1285 166 117 372 120 52 2
2 1285 167 117 372 120 52 2
2 1285 168 117 372 120 52 2
2 1285 169 117 372 120 52 2
2 1285 170 117 372 120 52 2
2 1285 171 117 372 120 52 2
2 1285 172 117 372 120 52 2
2 1285 173 117 372 120 52 2
2 1285 174 117 372 120 52 2
2 1285 175 117 372 120 52 2
2 1285 176 117 372 120 52 2
2 1285 177 117 372 120 52 2
2 1285 178 117 372 120 52 2
2 1285 179 117 372 120 52 2
2 1285 180 117 372 120 52 2
2 1285 181 117 372 120 52 2
2 1285 182 117 372 120 52 2
2 1285 183 117 372 120 52 2
2 1285 184 117 372 120 52 2
2 1285 185 117 372 120 52 2
2 1285 186 117 372 120 52 2
2 1285 187 117 372 120 52 2
2 1285 188 117 372 120 52 2
2 1285 189 117 372 120 52 2
2 1285 190 117 372 120 52 2
2 1285 191 117 372 120 52 2
2 1285 192 117 372 120 52 2
2 1285 193 117 372 120 52 2
2 1285 194 117 372 120 52 2
2 1285 195 117 372 120 52 2
2 1285 196 117 372 120 52 2
2 1285 197 117 372 120 52 2
2 1285 198 117 372 120 52 2
2 1285 199 117 372 120 52 2
2 1285 200 117 372 120 52 2
2 1285 201 117 372 120 52 2
2 1285 202 117 372 120 52 2
2 1285 203 117 372 120 52 2
2 1285 204 117 372 120 52 2
2 1285 205 117 372 120 52 2
2 1285 206 117 372 120 52 2
2 1285 207 117 372 120 52 2
2 1285 208 117 372 120 52 2
2 1285 209 117 372 120 52 2
2 1285 210 117 372 120 52 2
2 1285 211 117 372 120 52 2
2 1285 212 117 372 120 52 2
2 1285 213 117 372 120 52 2
2 1285 214 117 372 120 52 2
2 1285 215 117 372 120 52 2
2 1285 216 117 372 120 52 2
2 1285 217 117 372 120 52 2
2 1285 218 117 372 120 52 2
2 1285 219 117 372 120 52 2
2 1285 220 117 372 120 52 2
2 1285 221 117 372 120 52 2
2 1285 222 117 372 120 52 2
2 1285 223 117 372 120 52 2
2 1285 224 117 372 120 52 2
2 1285 225 117 372 120 52 2
2 1285 226 117 372 120 52 2
2 1285 227 117 372 120 52 2
2 1285 228 117 372 120 52 2
2 1285 229 117 372 120 52 2
2 1285 230 117 372 120 52 2
2 1285 231 117 372 120 52 2
2 1285 232 117 372 120 52 2
2 1285 233 117 372 120 52 2
2 1285 234 117 372 120 52 2
2 1285 235 117 372 120 52 2
2 1285 236 117 372 120 52 2
2 1285 237 117 372 120 52 2
2 1285 238 117 372 120 52 2
2 1285 239 117 372 120 52 2
2 1285 240 117 372 120 52 2
2 1285 241 117 372 120 52 2
2 1285 242 117 372 120 52 2
2 1285 243 117 372 120 52 2
2 1285 244 117 372 120 52 2
2 1285 245 117 372 120 52 2
2 1285 246 117 372 120 52 2
2 1285 247 117 372 120 52 2
2 1285 248 117 372 120 52 2
2 1285 249 117 372 120 52 2
2 1285 250 117 372 120 52 2
2 1285 251 117 372 120 52 2
2 1285 252 117 372 120 52 2
2 1285 253 117 372 120 52 2
2 1285 254 117 372 120 52 2
2 1285 255 117 372 120 52 2
2 1285 256 117 372 120 52 2
2 1285 257 117 372 120 52 2
2 1285 258 117 372 120 52 2
2 1285 259 117 372 120 52 2
2 1285 260 117 372 120 52 2
2 1285 261 117 372 120 52 2
2 1285 262 117 372 120 52 2
2 1285 263 117 372 120 52 2
2 1285 264 117 372 120 52 2
2 1285 265 117 372 120 52 2
2 1285 266 117 372 120 52 2
2 1285 267 117 372 120 52 2
2 1285 268 117 372 120 52 2
2 1285 269 117 372 120 52 2
2 1285 270 117 372 120 52 2
2 1285 271 117 372 120 52 2
2 1285 272 117 372 120 52 2
2 1285 273 117 372 120 52 2
2 1285 274 117 372 120 52 2
2 1285 275 117 372 120 52 2
2 1285 276 117 372 120 52 2
2 1285 277 117 372 120 52 2
2 1285 278 117 372 120 52 2
2 1285 279 117 372 120 52 2
2 1285 280 117 372 120 52 2
2 1285 281 117 372 120 52 2
2 1285 282 117 372 120 52 2
2 1285 283 117 372 120 52 2
2 1285 284 117 372 120 52 2
2 1285 285 117 372 120 52 2
2 1285 286 117 372 120 52 2
2 1285 287 117 372 120 52 2
2 1285 288 117 372 120 52 2
2 1285 289 117 372 120 52 2
2 1285 290 117 372 120 52 2
2 1285 291 117 372 120 52 2
2 1285 292 117 372 120 52 2
2 1285 293 117 372 120 52 2
2 1285 294 117 372 120 52 2
2 1285 295 117 372 120 52 2
2 1285 296 117 372 120 52 2
2 1285 297 117 372 120 52 2
2 1285 298 117 372 120 52 2
2 1285 299 117 372 120 52 2
2 1285 300 117 372 120 52 2
2 1285 301 117 372 120 52 2
2 1285 302 117 372 120 52 2
2 1285 303 117 372 120 52 2
2 1285 304 117 372 120 52 2
2 1285 305 117 372 120 52 2
2 1285 306 117 372 120 52 2
2 1285 307 117 372 120 52 2
2 1285 308 117 372 120 52 2
2 1285 309 117 372 120 52 2
2 1285 310 117 372 120 52 2
2 1285 311 117 372 120 52 2
2 1285 312 117 372 120 52 2
2 1285 313 117 372 120 52 2
2 1285 314 117 372 120 52 2
2 1285 315 117 372 120 52 2
2 1285 316 117 372 120 52 2
2 1285 317 117 372 120 52 2
2 1285 318 117 372 120 52 2
2 1285 319 117 372 120 52 2
2 1285 320 117 372 120 52 2
2 1285 321 117 372 120 52 2
2 1285 322 117 372 120 52 2
2 1285 323 117 372 120 52 2
2 1285 324 117 372 120 52 2
2 1285 325 117 372 120 52 2
2 1285 326 117 372 120 52 2
2 1285 327 117 372 120 52 2
2 1285 328 117 372 120 52 2
2 1285 329 117 372 120 52 2
2 1285 330 117 372 120 52 2
2 1285 331 117 372 120 52 2
2 1285 332 117 372 120 52 2
2 1285 333 117 372 120 52 2
2 1285 334 117 372 120 52 2
2 1285 335 117 372 120 52 2
2 1285 336 117 372 120 52 2
2 1285 337 117 372 120 52 2
2 1285 338 117 372 120 52 2
2 1285 339 117 372 120 52 2
2 1285 340 117 372 120 52 2
2 1285 341 117 372 120 52 2
2 1285 342 117 372 120 52 2
2 1285 343 117 372 120 52 2
2 1285 344 117 372 120 52 2
2 1285 345 117 372 120 52 2
2 1285 346 117 372 120 52 2
2 1285 347 117 372 120 52 2
2 1285 348 117 372 120 52 2
2 1285 349 117 372 120 52 2
2 1285 350 117 372 120 52 2
2 1285 351 117 372 120 52 2
2 1285 352 117 372 120 52 2
2 1285 353 117 372 120 52 2
2 1285 354 117 372 120 52 2
2 1285 355 117 372 120 52 2
2 1285 356 117 372 120 52 2
2 1285 357 117 372 120 52 2
2 1285 358 117 372 120 52 2
2 1285 359 117 372 120 52 2
2 1285 360 117 372 120 52 2
2 1285 361 117 372 120 52 2
2 1285 362 117 372 120 52 2
2 1285 363 117 372 120 52 2
2 1285 364 117 372 120 52 2
2 1285 365 117 372 120 52 2
2 1285 366 117 372 120 52 2
2 1285 367 117 372 120 52 2
2 1285 368 117 372 120 52 2
2 1285 369 117 372 120 52 2
2 1285 370 117 372 120 52 2
2 1285 371 117 372 120 52 2
2 1285 372 117 372 120 52 2
2 1285 373 117 372 120 52 2
2 1285 374 117 372 120 52 2
2 1285 375 117 372 120 52 2
2 1285 376 117 372 120 52 2
2 1285 377 117 372 120 52 2
2 1285 378 117 372 120 52 2
2 1285 379 117 372 120 52 2
2 1285 380 117 372 120 52 2
2 1285 381 117 372 120 52 2
2 1285 382 117 372 120 52 2
2 1285 383 117 372 120 52 2
2 1285 384 117 372 120 52 2
2 1285 385 117 372 120 52 2
2 1285 386 117 372 120 52 2
2 1285 387 117 372 120 52 2
2 1285 388 117 372 120 52 2
2 1285 389 117 372 120 52 2
2 1285 390 117 372 120 52 2
2 1285 391 117 372 120 52 2
2 1285 392 117 372 120 52 2
2 1285 393 117 372 120 52 2
2 1285 394 117 372 120 52 2
2 1285 395 117 372 120 52 2
2 1285 396 117 372 120 52 2
2 1285 397 117 372 120 52 2
2 1285 398 117 372 120 52 2
2 1285 399 117 372 120 52 2
2 1285 400 117 372 120 52 2
2 1285 401 117 372 120 52 2
2 1285 402 117 372 120 52 2
2 1285 403 117 372 120 52 2
2 1285 404 117 372 120 52 2
2 1285 405 117 372 120 52 2
2 1285 406 117 372 120 52 2
2 1285 407 117 372 120 52 2
2 1285 408 117 372 120 52 2
2 1285 409 117 372 120 52 2
2 1285 410 117 372 120 52 2
2 1285 411 117 372 120 52 2
2 1285 412 117 372 120 52 2
2 1285 413 117 372 120 52 2
2 1285 414 117 372 120 52 2
2 1285 415 117 372 120 52 2
2 1285 416 117 372 120 52 2
2 1285 417 117 372 120 52 2
2 1285 418 117 372 120 52 2
2 1285 419 117 372 120 52 2
2 1285 420 117 372 120 52 2
2 1285 421 117 372 120 52 2
2 1285 422 117 372 120 52 2
2 1285 423 117 372 120 52 2
2 1285 424 117 372 120 52 2
2 1285 425 117 372 120 52 2
2 1285 426 117 372 120 52 2
2 1285 427 117 372 120 52 2
2 1285 428 117 372 120 52 2
2 1285 429 117 372 120 52 2
2 1285 430 117 372 120 52 2
2 1285 431 117 372 120 52 2
2 1285 432 117 372 120 52 2
2 1285 433 117 372 120 52 2
2 1285 434 117 372 120 52 2
2 1285 435 117 372 120 52 2
2 1285 436 117 372 120 52 2
2 1285 437 117 372 120 52 2
2 1285 438 117 372 120 52 2
2 1285 439 117 372 120 52 2
2 1285 440 117 372 120 52 2
2 1285 441 117 372 120 52 2
2 1285 442 117 372 120 52 2
2 1285 443 117 372 120 52 2
2 1285 444 117 372 120 52 2
2 1285 445 117 372 120 52 2
2 1285 446 117 372 120 52 2
2 1285 447 117 372 120 52 2
2 1285 448 117 372 120 52 2
2 1285 449 117 372 120 52 2
2 1285 450 117 372 120 52 2
2 1285 451 117 372 120 52 2
2 1285 452 117 372 120 52 2
2 1285 453 117 372 120 52 2
2 1285 454 117 372 120 52 2
2 1285 455 117 372 120 52 2
2 1285 456 117 372 120 52 2
2 1285 457 117 372 120 52 2
2 1285 458 117 372 120 52 2
2 1285 459 117 372 120 52 2
2 1285 460 117 372 120 52 2
2 1285 461 117 372 120 52 2
2 1285 462 117 372 120 52 2
2 1285 463 117 372 120 52 2
2 1285 464 117 372 120 52 2
2 1285 465 117 372 120 52 2
2 1285 466 117 372 120 52 2
2 1285 467 117 372 120 52 2
2 1285 468 117 372 120 52 2
2 1285 469 117 372 120 52 2
2 1285 470 117 372 120 52 2
2 1285 471 117 372 120 52 2
2 1285 472 117 372 120 52 2
2 1285 473 117 372 120 52 2
2 1285 474 117 372 120 52 2
2 1285 475 117 372 120 52 2
2 1285 476 117 372 120 52 2
2 1285 477 117 372 120 52 2
2 1285 478 117 372 120 52 2
2 1285 479 117 372 120 52 2
2 1285 480 117 372 120 52 2
2 1285 481 117 372 120 52 2
2 1285 482 117 372 120 52 2
2 1285 483 117 372 120 52 2
2 1285 484 117 372 120 52 2
2 1285 485 117 372 120 52 2
2 1285 486 117 372 120 52 2
2 1285 487 117 372 120 52 2
2 1285 488 117 372 120 52 2
2 1285 489 117 372 120 52 2
2 1285 490 117 372 120 52 2
2 1285 491 117 372 120 52 2
2 1285 492 117 372 120 52 2
2 1285 493 117 372 120 52 2
2 1285 494 117 372 120 52 2
2 1285 495 117 372 120 52 2
2 1285 496 117 372 120 52 2
2 1285 497 117 372 120 52 2
2 1285 498 117 372 120 52 2
2 1285 499 117 372 120 52 2
2 1285 500 117 372 120 52 2
2 1285 501 117 372 120 52 2
2 1285 502 117 372 120 52 2
2 1285 503 117 372 120 52 2
2 1285 504 117 372 120 52 2
2 1285 505 117 372 120 52 2
2 1285 506 117 372 120 52 2
2 1285 507 117 372 120 52 2
2 1285 508 117 372 120 52 2
2 1285 509 117 372 120 52 2
2 1285 510 117 372 120 52 2
2 1285 511 117 372 120 52 2
2 1285 512 117 372 120 52 2
2 1285 513 117 372 120 52 2
2 1285 514 117 372 120 52 2
2 1285 515 117 372 120 52 2
2 1285 516 117 372 120 52 2
2 1285 517 117 372 120 52 2
2 1285 518 117 372 120 52 2
2 1285 519 117 372 120 52 2
2 1285 520 117 372 120 52 2
2 1285 521 117 372 120 52 2
2 1285 522 117 372 120 52 2
2 1285 523 117 372 120 52 2
2 1285 524 117 372 120 52 2
2 1285 525 117 372 120 52 2
2 1285 526 117 372 120 52 2
2 1285 527 117 372 120 52 2
2 1285 528 117 372 120 52 2
2 1285 529 117 372 120 52 2
2 1285 530 117 372 120 52 2
2 1285 531 117 372 120 52 2
2 1285 532 117 372 120 52 2
2 1285 533 117 372 120 52 2
2 1285 534 117 372 120 52 2
2 1285 535 117 372 120 52 2
2 1285 536 117 372 120 52 2
2 1285 537 117 372 120 52 2
2 1285 538 117 372 120 52 2
2 1285 539 117 372 120 52 2
2 1285 540 117 372 120 52 2
2 1285 541 117 372 120 52 2
2 1285 542 117 372 120 52 2
2 1285 543 117 372 120 52 2
2 1285 544 117 372 120 52 2
2 1285 545 117 372 120 52 2
2 1285 546 117 372 120 52 2
2 1285 547 117 372 120 52 2
2 1285 548 117 372 120 52 2
2 1285 549 117 372 120 52 2
2 1285 550 117 372 120 52 2
2 1285 551 117 372 120 52 2
2 1285 552 117 372 120 52 2
2 1285 553 117 372 120 52 2
2 1285 554 117 372 120 52 2
2 1285 555 117 372 120 52 2
2 1285 556 117 372 120 52 2
2 1285 557 117 372 120 52 2
2 1285 558 117 372 120 52 2
2 1285 559 117 372 120 52 2
2 1285 560 117 372 120 52 2
2 1285 561 117 372 120 52 2
2 1285 562 117 372 120 52 2
2 1285 563 117 372 120 52 2
2 1285 564 117 372 120 52 2
2 1285 565 117 372 120 52 2
2 1285 566 117 372 120 52 2
2 1285 567 117 372 120 52 2
2 1285 568 117 372 120 52 2
2 1285 569 117 372 120 52 2
2 1285 570 117 372 120 52 2
2 1285 571 117 372 120 52 2
2 1285 572 117 372 120 52 2
2 1285 573 117 372 120 52 2
2 1285 574 117 372 120 52 2
2 1285 575 117 372 120 52 2
2 1285 576 117 372 120 52 2
2 1285 577 117 372 120 52 2
2 1285 578 117 372 120 52 2
2 1285 579 117 372 120 52 2
2 1285 580 117 372 120 52 2
2 1285 581 117 372 120 52 2
2 1285 582 117 372 120 52 2
2 1285 583 117 372 120 52 2
2 1285 584 117 372 120 52 2
2 1285 585 117 372 120 52 2
2 1285 586 117 372 120 52 2
2 1285 587 117 372 120 52 2
2 1285 588 117 372 120 52 2
2 1285 589 117 372 120 52 2
2 1285 590 117 372 120 52 2
2 1285 591 117 372 120 52 2
2 1285 592 117 372 120 52 2
2 1285 593 117 372 120 52 2
2 1285 594 117 372 120 52 2
2 1285 595 117 372 120 52 2
2 1285 596 117 372 120 52 2
2 1285 597 117 372 120 52 2
2 1285 598 117 372 120 52 2
2 1285 599 117 372 120 52 2
2 1285 600 117 372 120 52 2
2 1285 601 117 372 120 52 2
2 1285 602 117 372 120 52 2
2 1285 603 117 372 120 52 2
2 1285 604 117 372 120 52 2
2 1285 605 117 372 120 52 2
2 1285 606 117 372 120 52 2
2 1285 607 117 372 120 52 2
2 1285 608 117 372 120 52 2
2 1285 609 117 372 120 52 2
2 1285 610 117 372 120 52 2
2 1285 611 117 372 120 52 2
2 1285 612 117 372 120 52 2
2 1285 613 117 372 120 52 2
2 1285 614 117 372 120 52 2
2 1285 615 117 372 120 52 2
2 1285 616 117 372 120 52 2
2 1285 617 117 372 120 52 2
2 1285 618 117 372 120 52 2
2 1285 619 117 372 120 52 2
2 1285 620 117 372 120 52 2
2 1285 621 117 372 120 52 2
2 1285 622 117 372 120 52 2
2 1285 623 117 372 120 52 2
2 1285 624 117 372 120 52 2
2 1285 625 117 372 120 52 2
2 1285 626 117 372 120 52 2
2 1285 627 117 372 120 52 2
2 1285 628 117 372 120 52 2
2 1285 629 117 372 120 52 2
2 1285 630 117 372 120 52 2
2 1285 631 117 372 120 52 2
2 1285 632 117 372 120 52 2
2 1285 633 117 372 120 52 2
2 1285 634 117 372 120 52 2
2 1285 635 117 372 120 52 2
2 1285 636 117 372 120 52 2
2 1285 637 117 372 120 52 2
2 1285 638 117 372 120 52 2
2 1285 639 117 372 120 52 2
2 1285 640 117 372 120 52 2
2 1285 641 117 372 120 52 2
2 1285 642 117 372 120 52 2
2 1285 643 117 372 120 52 2
2 1285 644 117 372 120 52 2
2 1285 645 117 372 120 52 2
2 1285 646 117 372 120 52 2
2 1285 647 117 372 120 52 2
2 1285 648 117 372 120 52 2
2 1285 649 117 372 120 52 2
2 1285 650 117 372 120 52 2
2 1285 651 117 372 120 52 2
2 1285 652 117 372 120 52 2
2 1285 653 117 372 120 52 2
2 1285 654 117 372 120 52 2
2 1285 655 117 372 120 52 2
2 1285 656 117 372 120 52 2
2 1285 657 117 372 120 52 2
2 1285 658 117 372 120 52 2
2 1285 659 117 372 120 52 2
2 1285 660 117 372 120 52 2
2 1285 661 117 372 120 52 2
2 1285 662 117 372 120 52 2
2 1285 663 117 372 120 52 2
2 1285 664 117 372 120 52 2
2 1285 665 117 372 120 52 2
2 1285 666 117 372 120 52 2
2 1285 667 117 372 120 52 2
2 1285 668 117 372 120 52 2
2 1285 669 117 372 120 52 2
2 1285 670 117 372 120 52 2
2 1285 671 117 372 120 52 2
2 1285 672 117 372 120 52 2
2 1285 673 117 372 120 52 2
2 1285 674 117 372 120 52 2
2 1285 675 117 372 120 52 2
2 1285 676 117 372 120 52 2
2 1285 677 117 372 120 52 2
2 1285 678 117 372 120 52 2
2 1285 679 117 372 120 52 2
2 1285 680 117 372 120 52 2
2 1285 681 117 372 120 52 2
2 1285 682 117 372 120 52 2
2 1285 683 117 372 120 52 2
2 1285 684 117 372 120 52 2
2 1285 685 117 372 120 52 2
2 1285 686 117 372 120 52 2
2 1285 687 117 372 120 52 2
2 1285 688 117 372 120 52 2
2 1285 689 117 372 120 52 2
2 1285 690 117 372 120 52 2
2 1285 691 117 372 120 52 2
2 1285 692 117 372 120 52 2
2 1285 693 117 372 120 52 2
2 1285 694 117 372 120 52 2
2 1285 695 117 372 120 52 2
2 1285 696 117 372 120 52 2
2 1285 697 117 372 120 52 2
2 1285 698 117 372 120 52 2
2 1285 699 117 372 120 52 2
2 1285 700 117 372 120 52 2
2 1285 701 117 372 120 52 2
2 1285 702 117 372 120 52 2
2 1285 703 117 372 120 52 2
2 1285 704 117 372 120 52 2
2 1285 705 117 372 120 52 2
2 1285 706 117 372 120 52 2
2 1285 707 117 372 120 52 2
2 1285 708 117 372 120 52 2
2 1285 709 117 372 120 52 2
2 1285 710 117 372 120 52 2
2 1285 711 117 372 120 52 2
2 1285 712 117 372 120 52 2
2 1285 713 117 372 120 52 2
2 1285 714 117 372 120 52 2
2 1285 715 117 372 120 52 2
2 1285 716 117 372 120 52 2
2 1285 717 117 372 120 52 2
2 1285 718 117 372 120 52 2
2 1285 719 117 372 120 52 2
2 1285 720 117 372 120 52 2
2 1285 721 117 372 120 52 2
2 1285 722 117 372 120 52 2
2 1285 723 117 372 120 52 2
2 1285 724 117 372 120 52 2
2 1285 725 117 372 120 52 2
2 1285 726 117 372 120 52 2
2 1285 727 117 372 120 52 2
2 1285 728 117 372 120 52 2
2 1285 729 117 372 120 52 2
2 1285 730 117 372 120 52 2
2 1285 731 117 372 120 52 2
2 1285 732 117 372 120 52 2
2 1285 733 117 372 120 52 2
2 1285 734 117 372 120 52 2
2 1285 735 117 372 120 52 2
2 1285 736 117 372 120 52 2
2 1285 737 117 372 120 52 2
2 1285 738 117 372 120 52 2
2 1285 739 117 372 120 52 2
2 1285 740 117 372 120 52 2
2 1285 741 117 372 120 52 2
2 1285 742 117 372 120 52 2
2 1285 743 117 372 120 52 2
2 1285 744 117 372 120 52 2
2 1285 745 117 372 120 52 2
2 1285 746 117 372 120 52 2
2 1285 747 117 372 120 52 2
2 1285 748 117 372 120 52 2
2 1285 749 117 372 120 52 2
2 1285 750 117 372 120 52 2
2 1285 751 117 372 120 52 2
2 1285 752 117 372 120 52 2
2 1285 753 117 372 120 52 2
2 1285 754 117 372 120 52 2
2 1285 755 117 372 120 52 2
2 1285 756 117 372 120 52 2
2 1285 757 117 372 120 52 2
2 1285 758 117 372 120 52 2
2 1285 759 117 372 120 52 2
2 1285 760 117 372 120 52 2
2 1285 761 117 372 120 52 2
2 1285 762 117 372 120 52 2
2 1285 763 117 372 120 52 2
2 1285 764 117 372 120 52 2
2 1285 765 117 372 120 52 2
2 1285 766 117 372 120 52 2
2 1285 767 117 372 120 52 2
2 1285 768 117 372 120 52 2
2 1285 769 117 372 120 52 2
2 1285 770 117 372 120 52 2
2 1285 771 117 372 120 52 2
2 1285 772 117 372 120 52 2
2 1285 773 117 372 120 52 2
2 1285 774 117 372 120 52 2
2 1285 775 117 372 120 52 2
2 1285 776 117 372 120 52 2
2 1285 777 117 372 120 52 2
2 1285 778 117 372 120 52 2
2 1285 779 117 372 120 52 2
2 1285 780 117 372 120 52 2
2 1285 781 117 372 120 52 2
2 1285 782 117 372 120 52 2
2 1285 783 117 372 120 52 2
2 1285 784 117 372 120 52 2
2 1285 785 117 372 120 52 2
2 1285 786 117 372 120 52 2
2 1285 787 117 372 120 52 2
2 1285 788 117 372 120 52 2
2 1285 789 117 372 120 52 2
2 1285 790 117 372 120 52 2
2 1285 791 117 372 120 52 2
2 1285 792 117 372 120 52 2
2 1285 793 117 372 120 52 2
2 1285 794 117 372 120 52 2
2 1285 795 117 372 120 52 2
2 1285 796 117 372 120 52 2
2 1285 797 117 372 120 52 2
2 1285 798 117 372 120 52 2
2 1285 799 117 372 120 52 2
2 1285 800 117 372 120 52 2
2 1285 801 117 372 120 52 2
2 1285 802 117 372 120 52 2
2 1285 803 117 372 120 52 2
2 1285 804 117 372 120 52 2
2 1285 805 117 372 120 52 2
2 1285 806 117 372 120 52 2
2 1285 807 117 372 120 52 2
2 1285 808 117 372 120 52 2
2 1285 809 117 372 120 52 2
2 1285 810 117 372 120 52 2
2 1285 811 117 372 120 52 2
2 1285 812 117 372 120 52 2
2 1285 813 117 372 120 52 2
2 1285 814 117 372 120 52 2
2 1285 815 117 372 120 52 2
2 1285 816 117 372 120 52 2
2 1285 817 117 372 120 52 2
2 1285 818 117 372 120 52 2
2 1285 819 117 372 120 52 2
2 1285 820 117 372 120 52 2
2 1285 821 117 372 120 52 2
2 1285 822 117 372 120 52 2
2 1285 823 117 372 120 52 2
2 1285 824 117 372 120 52 2
2 1285 825 117 372 120 52 2
2 1285 826 117 372 120 52 2
2 1285 827 117 372 120 52 2
2 1285 828 117 372 120 52 2
2 1285 829 117 372 120 52 2
2 1285 830 117 372 120 52 2
2 1285 831 117 372 120 52 2
2 1285 832 117 372 120 52 2
2 1285 833 117 372 120 52 2
2 1285 834 117 372 120 52 2
2 1285 835 117 372 120 52 2
2 1285 836 117 372 120 52 2
2 1285 837 117 372 120 52 2
2 1285 838 117 372 120 52 2
2 1285 839 117 372 120 52 2
2 1285 840 117 372 120 52 2
2 1285 841 117 372 120 52 2
2 1285 842 117 372 120 52 2
2 1285 843 117 372 120 52 2
2 1285 844 117 372 120 52 2
2 1285 845 117 372 120 52 2
2 1285 846 117 372 120 52 2
2 1285 847 117 372 120 52 2
2 1285 848 117 372 120 52 2
2 1285 849 117 372 120 52 2
2 1285 850 117 372 120 52 2
2 1285 851 117 372 120 52 2
2 1285 852 117 372 120 52 2
2 1285 853 117 372 120 52 2
2 1285 854 117 372 120 52 2
2 1285 855 117 372 120 52 2
2 1285 856 117 372 120 52 2
2 1285 857 117 372 120 52 2
2 1285 858 117 372 120 52 2
2 1285 859 117 372 120 52 2
2 1285 860 117 372 120 52 2
2 1285 861 117 372 120 52 2
2 1285 862 117 372 120 52 2
2 1285 863 117 372 120 52 2
2 1285 864 117 372 120 52 2
2 1285 865 117 372 120 52 2
2 1285 866 117 372 120 52 2
2 1285 867 117 372 120 52 2
2 1285 868 117 372 120 52 2
2 1285 869 117 372 120 52 2
2 1285 870 117 372 120 52 2
2 1285 871 117 372 120 52 2
2 1285 872 117 372 120 52 2
2 1285 873 117 372 120 52 2
2 1285 874 117 372 120 52 2
2 1285 875 117 372 120 52 2
2 1285 876 117 372 120 52 2
2 1285 877 117 372 120 52 2
2 1285 878 117 372 120 52 2
2 1285 879 117 372 120 52 2
2 1285 880 117 372 120 52 2
2 1285 881 117 372 120 52 2
2 1285 882 117 372 120 52 2
2 1285 883 117 372 120 52 2
2 1285 884 117 372 120 52 2
2 1285 885 117 372 120 52 2
2 1285 886 117 372 120 52 2
2 1285 887 117 372 120 52 2
2 1285 888 117 372 120 52 2
2 1285 889 117 372 120 52 2
2 1285 890 117 372 120 52 2
2 1285 891 117 372 120 52 2
2 1285 892 117 372 120 52 2
2 1285 893 117 372 120 52 2
2 1285 894 117 372 120 52 2
2 1285 895 117 372 120 52 2
2 1285 896 117 372 120 52 2
2 1285 897 117 372 120 52 2
2 1285 898 117 372 120 52 2
2 1285 899 117 372 120 52 2
2 1285 900 117 372 120 52 2
2 1285 901 117 372 120 52 2
2 1285 902 117 372 120 52 2
2 1285 903 117 372 120 52 2
2 1285 904 117 372 120 52 2
2 1285 905 117 372 120 52 2
2 1285 906 117 372 120 52 2
2 1285 907 117 372 120 52 2
2 1285 908 117 372 120 52 2
2 1285 909 117 372 120 52 2
2 1285 910 117 372 120 52 2
2 1285 911 117 372 120 52 2
2 1285 912 117 372 120 52 2
2 1285 913 117 372 120 52 2
2 1285 914 117 372 120 52 2
2 1285 915 117 372 120 52 2
2 1285 916 117 372 120 52 2
2 1285 917 117 372 120 52 2
2 1285 918 117 372 120 52 2
2 1285 919 117 372 120 52 2
2 1285 920 117 372 120 52 2
2 1285 921 117 372 120 52 2
2 1285 922 117 372 120 52 2
2 1285 923 117 372 120 52 2
2 1285 924 117 372 120 52 2
2 1285 925 117 372 120 52 2
2 1285 926 117 372 120 52 2
2 1285 927 117 372 120 52 2
2 1285 928 117 372 120 52 2
2 1285 929 117 372 120 52 2
2 1285 930 117 372 120 52 2
2 1285 931 117 372 120 52 2
2 1285 932 117 372 120 52 2
2 1285 933 117 372 120 52 2
2 1285 934 117 372 120 52 2
2 1285 935 117 372 120 52 2
2 1285 936 117 372 120 52 2
2 1285 937 117 372 120 52 2
2 1285 938 117 372 120 52 2
2 1285 939 117 372 120 52 2
2 1285 940 117 372 120 52 2
2 1285 941 117 372 120 52 2
2 1285 942 117 372 120 52 2
2 1285 943 117 372 120 52 2
2 1285 944 117 372 120 52 2
2 1285 945 117 372 120 52 2
2 1285 946 117 372 120 52 2
2 1285 947 117 372 120 52 2
2 1285 948 117 372 120 52 2
2 1285 949 117 372 120 52 2
2 1285 950 117 372 120 52 2
2 1285 951 117 372 120 52 2
2 1285 952 117 372 120 52 2
2 1285 953 117 372 120 52 2
2 1285 954 117 372 120 52 2
2 1285 955 117 372 120 52 2
2 1285 956 117 372 120 52 2
2 1285 957 117 372 120 52 2
2 1285 958 117 372 120 52 2
2 1285 959 117 372 120 52 2
2 1285 960 117 372 120 52 2
2 1285 961 117 372 120 52 2
2 1285 962 117 372 120 52 2
2 1285 963 117 372 120 52 2
2 1285 964 117 372 120 52 2
2 1285 965 117 372 120 52 2
2 1285 966 117 372 120 52 2
2 1285 967 117 372 120 52 2
2 1285 968 117 372 120 52 2
2 1285 969 117 372 120 52 2
2 1285 970 117 372 120 52 2
2 1285 971 117 372 120 52 2
2 1285 972 117 372 120 52 2
2 1285 973 117 372 120 52 2
2 1285 974 117 372 120 52 2
2 1285 975 117 372 120 52 2
2 1285 976 117 372 120 52 2
2 1285 977 117 372 120 52 2
2 1285 978 117 372 120 52 2
2 1285 979 117 372 120 52 2
2 1285 980 117 372 120 52 2
2 1285 981 117 372 120 52 2
2 1285 982 117 372 120 52 2
2 1285 983 117 372 120 52 2
2 1285 984 117 372 120 52 2
2 1285 985 117 372 120 52 2
2 1285 986 117 372 120 52 2
2 1285 987 117 372 120 52 2
2 1285 988 117 372 120 52 2
2 1285 989 117 372 120 52 2
2 1285 990 117 372 120 52 2
2 1285 991 117 372 120 52 2
2 1285 992 117 372 120 52 2
2 1285 993 117 372 120 52 2
2 1285 994 117 372 120 52 2
2 1285 995 117 372 120 52 2
2 1285 996 117 372 120 52 2
2 1285 997 117 372 120 52 2
2 1285 998 117 372 120 52 2
2 1285 999 117 372 120 52 2
2 1285 1000 117 372 120 52 2
2 1285 1001 117 372 120 52 2
2 1285 1002 117 372 120 52 2
2 1285 1003 117 372 120 52 2
2 1285 1004 117 372 120 52 2
2 1285 1005 117 372 120 52 2
2 1285 1006 117 372 120 52 2
2 1285 1007 117 372 120 52 2
2 1285 1008 117 372 120 52 2
2 1285 1009 117 372 120 52 2
2 1285 1010 117 372 120 52 2
2 1285 1011 117 372 120 52 2
2 1285 1012 117 372 120 52 2
2 1285 1013 117 372 120 52 2
2 1285 1014 117 372 120 52 2
2 1285 1015 117 372 120 52 2
2 1285 1016 117 372 120 52 2
2 1285 1017 117 372 120 52 2
2 1285 1018 117 372 120 52 2
2 1285 1019 117 372 120 52 2
2 1285 1020 117 372 120 52 2
2 1285 1021 117 372 120 52 2
2 1285 1022 117 372 120 52 2
2 1285 1023 117 372 120 52 2
2 1285 1024 117 372 120 52 2
2 1285 1025 117 372 120 52 2
2 1285 1026 117 372 120 52 2
2 1285 1027 117 372 120 52 2
2 1285 1028 117 372 120 52 2
2 1285 1029 117 372 120 52 2
2 1285 1030 117 372 120 52 2
2 1285 1031 117 372 120 52 2
2 1285 1032 117 372 120 52 2
2 1285 1033 117 372 120 52 2
2 1285 1034 117 372 120 52 2
2 1285 1035 117 372 120 52 2
2 1285 1036 117 372 120 52 2
2 1285 1037 117 372 120 52 2
2 1285 1038 117 372 120 52 2
2 1285 1039 117 372 120 52 2
2 1285 1040 117 372 120 52 2
2 1285 1041 117 372 120 52 2
2 1285 1042 117 372 120 52 2
2 1285 1043 117 372 120 52 2
2 1285 1044 117 372 120 52 2
2 1285 1045 117 372 120 52 2
2 1285 1046 117 372 120 52 2
2 1285 1047 117 372 120 52 2
2 1285 1048 117 372 120 52 2
2 1285 1049 117 372 120 52 2
2 1285 1050 117 372 120 52 2
2 1285 1051 117 372 120 52 2
2 1285 1052 117 372 120 52 2
2 1285 1053 117 372 120 52 2
2 1285 1054 117 372 120 52 2
2 1285 1055 117 372 120 52 2
2 1285 1056 117 372 120 52 2
2 1285 1057 117 372 120 52 2
2 1285 1058 117 372 120 52 2
2 1285 1059 117 372 120 52 2
2 1285 1060 117 372 120 52 2
2 1285 1061 117 372 120 52 2
2 1285 1062 117 372 120 52 2
2 1285 1063 117 372 120 52 2
2 1285 1064 117 372 120 52 2
2 1285 1065 117 372 120 52 2
2 1285 1066 117 372 120 52 2
2 1285 1067 117 372 120 52 2
2 1285 1068 117 372 120 52 2
2 1285 1069 117 372 120 52 2
2 1285 1070 117 372 120 52 2
2 1285 1071 117 372 120 52 2
2 1285 1072 117 372 120 52 2
2 1285 1073 117 372 120 52 2
2 1285 1074 117 372 120 52 2
2 1285 1075 117 372 120 52 2
2 1285 1076 117 372 120 52 2
2 1285 1077 117 372 120 52 2
2 1285 1078 117 372 120 52 2
2 1285 1079 117 372 120 52 2
2 1285 1080 117 372 120 52 2
2 1285 1081 117 372 120 52 2
2 1285 1082 117 372 120 52 2
2 1285 1083 117 372 120 52 2
2 1285 1084 117 372 120 52 2
2 1285 1085 117 372 120 52 2
2 1285 1086 117 372 120 52 2
2 1285 1087 117 372 120 52 2
2 1285 1088 117 372 120 52 2
2 1285 1089 117 372 120 52 2
2 1285 1090 117 372 120 52 2
2 1285 1091 117 372 120 52 2
2 1285 1092 117 372 120 52 2
2 1285 1093 117 372 120 52 2
2 1285 1094 117 372 120 52 2
2 1285 1095 117 372 120 52 2
2 1285 1096 117 372 120 52 2
2 1285 1097 117 372 120 52 2
2 1285 1098 117 372 120 52 2
2 1285 1099 117 372 120 52 2
2 1285 1100 117 372 120 52 2
2 1285 1101 117 372 120 52 2
2 1285 1102 117 372 120 52 2
2 1285 1103 117 372 120 52 2
2 1285 1104 117 372 120 52 2
2 1285 1105 117 372 120 52 2
2 1285 1106 117 372 120 52 2
2 1285 1107 117 372 120 52 2
2 1285 1108 117 372 120 52 2
2 1285 1109 117 372 120 52 2
2 1285 1110 117 372 120 52 2
2 1285 1111 117 372 120 52 2
2 1285 1112 117 372 120 52 2
2 1285 1113 117 372 120 52 2
2 1285 1114 117 372 120 52 2
2 1285 1115 117 372 120 52 2
2 1285 1116 117 372 120 52 2
2 1285 1117 117 372 120 52 2
2 1285 1118 117 372 120 52 2
2 1285 1119 117 372 120 52 2
2 1285 1120 117 372 120 52 2
2 1285 1121 117 372 120 52 2
2 1285 1122 117 372 120 52 2
2 1285 1123 117 372 120 52 2
2 1285 1124 117 372 120 52 2
2 1285 1125 117 372 120 52 2
2 1285 1126 117 372 120 52 2
2 1285 1127 117 372 120 52 2
2 1285 1128 117 372 120 52 2
2 1285 1129 117 372 120 52 2
2 1285 1130 117 372 120 52 2
2 1285 1131 117 372 120 52 2
2 1285 1132 117 372 120 52 2
2 1285 1133 117 372 120 52 2
2 1285 1134 117 372 120 52 2
2 1285 1135 117 372 120 52 2
2 1285 1136 117 372 120 52 2
2 1285 1137 117 372 120 52 2
2 1285 1138 117 372 120 52 2
2 1285 1139 117 372 120 52 2
2 1285 1140 117 372 120 52 2
2 1285 1141 117 372 120 52 2
2 1285 1142 117 372 120 52 2
2 1285 1143 117 372 120 52 2
2 1285 1144 117 372 120 52 2
2 1285 1145 117 372 120 52 2
2 1285 1146 117 372 120 52 2
2 1285 1147 117 372 120 52 2
2 1285 1148 117 372 120 52 2
2 1285 1149 117 372 120 52 2
2 1285 1150 117 372 120 52 2
2 1285 1151 117 372 120 52 2
2 1285 1152 117 372 120 52 2
2 1285 1153 117 372 120 52 2
2 1285 1154 117 372 120 52 2
2 1285 1155 117 372 120 52 2
2 1285 1156 117 372 120 52 2
2 1285 1157 117 372 120 52 2
2 1285 1158 117 372 120 52 2
2 1285 1159 117 372 120 52 2
2 1285 1160 117 372 120 52 2
2 1285 1161 117 372 120 52 2
2 1285 1162 117 372 120 52 2
2 1285 1163 117 372 120 52 2
2 1285 1164 117 372 120 52 2
2 1285 1165 117 372 120 52 2
2 1285 1166 117 372 120 52 2
2 1285 1167 117 372 120 52 2
2 1285 1168 117 372 120 52 2
2 1285 1169 117 372 120 52 2
2 1285 1170 117 372 120 52 2
2 1285 1171 117 372 120 52 2
2 1285 1172 117 372 120 52 2
2 1285 1173 117 372 120 52 2
2 1285 1174 117 372 120 52 2
2 1285 1175 117 372 120 52 2
2 1285 1176 117 372 120 52 2
2 1285 1177 117 372 120 52 2
2 1285 1178 117 372 120 52 2
2 1285 1179 117 372 120 52 2
2 1285 1180 117 372 120 52 2
2 1285 1181 117 372 120 52 2
2 1285 1182 117 372 120 52 2
2 1285 1183 117 372 120 52 2
2 1285 1184 117 372 120 52 2
2 1285 1185 117 372 120 52 2
2 1285 1186 117 372 120 52 2
2 1285 1187 117 372 120 52 2
2 1285 1188 117 372 120 52 2
2 1285 1189 117 372 120 52 2
2 1285 1190 117 372 120 52 2
2 1285 1191 117 372 120 52 2
2 1285 1192 117 372 120 52 2
2 1285 1193 117 372 120 52 2
2 1285 1194 117 372 120 52 2
2 1285 1195 117 372 120 52 2
2 1285 1196 117 372 120 52 2
2 1285 1197 117 372 120 52 2
2 1285 1198 117 372 120 52 2
2 1285 1199 117 372 120 52 2
2 1285 1200 117 372 120 52 2
2 1285 1201 117 372 120 52 2
2 1285 1202 117 372 120 52 2
2 1285 1203 117 372 120 52 2
2 1285 1204 117 372 120 52 2
2 1285 1205 117 372 120 52 2
2 1285 1206 117 372 120 52 2
2 1285 1207 117 372 120 52 2
2 1285 1208 117 372 120 52 2
2 1285 1209 117 372 120 52 2
2 1285 1210 117 372 120 52 2
2 1285 1211 117 372 120 52 2
2 1285 1212 117 372 120 52 2
2 1285 1213 117 372 120 52 2
2 1285 1214 117 372 120 52 2
2 1285 1215 117 372 120 52 2
2 1285 1216 117 372 120 52 2
2 1285 1217 117 372 120 52 2
2 1285 1218 117 372 120 52 2
2 1285 1219 117 372 120 52 2
2 1285 1220 117 372 120 52 2
2 1285 1221 117 372 120 52 2
2 1285 1222 117 372 120 52 2
2 1285 1223 117 372 120 52 2
2 1285 1224 117 372 120 52 2
2 1285 1225 117 372 120 52 2
2 1285 1226 117 372 120 52 2
2 1285 1227 117 372 120 52 2
2 1285 1228 117 372 120 52 2
2 1285 1229 117 372 120 52 2
2 1285 1230 117 372 120 52 2
2 1285 1231 117 372 120 52 2
2 1285 1232 117 372 120 52 2
2 1285 1233 117 372 120 52 2
2 1285 1234 117 372 120 52 2
2 1285 1235 117 372 120 52 2
2 1285 1236 117 372 120 52 2
2 1285 1237 117 372 120 52 2
2 1285 1238 117 372 120 52 2
2 1285 1239 117 372 120 52 2
2 1285 1240 117 372 120 52 2
2 1285 1241 117 372 120 52 2
2 1285 1242 117 372 120 52 2
2 1285 1243 117 372 120 52 2
2 1285 1244 117 372 120 52 2
2 1285 1245 117 372 120 52 2
2 1285 1246 117 372 120 52 2
2 1285 1247 117 372 120 52 2
2 1285 1248 117 372 120 52 2
2 1285 1249 117 372 120 52 2
2 1285 1250 117 372 120 52 2
2 1285 1251 117 372 120 52 2
2 1285 1252 117 372 120 52 2
2 1285 1253 117 372 120 52 2
2 1285 1254 117 372 120 52 2
2 1285 1255 117 372 120 52 2
2 1285 1256 117 372 120 52 2
2 1285 1257 117 372 120 52 2
2 1285 1258 117 372 120 52 2
2 1285 1259 117 372 120 52 2
2 1285 1260 117 372 120 52 2
2 1285 1261 117 372 120 52 2
2 1285 1262 117 372 120 52 2
2 1285 1263 117 372 120 52 2
2 1285 1264 117 372 120 52 2
2 1285 1265 117 372 120 52 2
2 1285 1266 117 372 120 52 2
2 1285 1267 117 372 120 52 2
2 1285 1268 117 372 120 52 2
2 1285 1269 117 372 120 52 2
2 1285 1270 117 372 120 52 2
2 1285 1271 117 372 120 52 2
2 1285 1272 117 372 120 52 2
2 1285 1273 117 372 120 52 2
2 1285 1274 117 372 120 52 2
2 1285 1275 117 372 120 52 2
2 1285 1276 117 372 120 52 2
2 1285 1277 117 372 120 52 2
2 1285 1278 117 372 120 52 2
2 1285 1279 117 372 120 52 2
2 1285 1280 117 372 120 52 2
2 1285 1281 117 372 120 52 2
2 1285 1282 117 372 120 52 2
2 1285 1283 117 372 120 52 2
2 1285 1284 117 372 120 52 2
