1 849 620 988 358 11 13 1
1 849 621 987 358 11 13 1
1 849 622 987 358 11 13 1
1 849 623 987 358 11 13 1
1 849 624 986 358 12 13 1
1 849 625 986 358 12 13 1
1 849 626 986 358 12 13 1
1 849 627 985 358 13 13 1
1 849 628 985 358 13 14 1
1 849 629 985 358 12 14 1
1 849 630 984 358 13 14 1
1 849 631 984 358 13 14 1
1 849 632 984 358 13 14 1
1 849 633 984 358 13 14 1
1 849 634 983 358 14 14 1
1 849 635 983 358 14 14 1
1 849 636 983 358 14 15 1
1 849 637 982 358 14 15 1
1 849 638 982 358 14 15 1
1 849 639 982 358 14 15 1
1 849 640 981 358 15 15 1
1 849 641 981 358 15 15 1
1 849 642 981 358 15 15 1
1 849 643 980 358 16 15 1
1 849 644 980 358 16 16 1
1 849 645 980 358 15 16 1
1 849 646 979 358 16 16 1
1 849 647 979 358 16 16 1
1 849 648 979 358 16 16 1
1 849 649 978 358 17 16 1
1 849 650 978 358 17 16 1
1 849 651 978 358 17 17 1
1 849 652 978 358 17 17 1
1 849 653 977 358 18 17 1
1 849 654 977 358 17 17 1
1 849 655 977 358 17 17 1
1 849 656 977 359 18 17 1
1 849 657 976 359 18 17 1
1 849 658 976 359 18 18 1
1 849 659 976 359 17 19 1
1 849 660 976 359 17 20 1
1 849 661 976 359 17 21 1
1 849 662 975 359 17 22 1
1 849 663 975 359 17 23 1
1 849 664 975 359 17 24 1
1 849 665 975 358 16 26 1
1 849 666 974 358 17 27 1
1 849 667 974 358 17 28 1
1 849 668 974 358 17 29 1
1 849 669 973 358 17 31 1
1 849 670 973 358 17 32 1
1 849 671 973 358 17 33 1
1 849 672 972 358 18 34 1
1 849 673 972 358 18 35 1
1 849 674 972 358 18 37 1
1 849 675 971 358 18 37 1
1 849 676 971 358 18 37 1
1 849 677 971 358 18 37 1
1 849 678 971 358 18 37 1
1 849 679 971 358 18 37 1
1 849 680 971 358 18 37 1
1 849 681 971 358 18 38 1
1 849 682 971 358 18 38 1
1 849 683 971 359 18 37 1
1 849 684 971 359 18 37 1
1 849 685 971 359 18 37 1
1 849 686 971 359 18 37 1
1 849 687 971 359 18 38 1
1 849 688 971 359 18 38 1
1 849 689 971 359 18 38 1
1 849 690 971 359 18 38 1
1 849 691 971 359 18 38 1
1 849 692 971 360 18 37 1
1 849 693 971 360 18 37 1
1 849 694 971 360 18 38 1
1 849 695 971 360 18 38 1
1 849 696 971 360 18 38 1
1 849 697 971 360 18 38 1
1 849 698 971 360 18 38 1
1 849 699 971 360 18 38 1
1 849 700 971 360 18 39 1
1 849 701 971 361 18 38 1
1 849 702 971 361 18 38 1
1 849 703 971 361 18 38 1
1 849 704 971 361 18 38 1
1 849 705 971 361 18 38 1
1 849 706 971 361 18 38 1
1 849 707 971 361 18 39 1
1 849 708 971 361 18 39 1
1 849 709 971 361 18 39 1
1 849 710 971 362 18 38 1
1 849 711 971 362 18 38 1
1 849 712 971 362 18 38 1
1 849 713 971 362 18 39 1
1 849 714 971 362 18 39 1
1 849 715 971 362 18 39 1
1 849 716 971 362 18 39 1
1 849 717 971 362 18 39 1
1 849 718 971 362 18 39 1
1 849 719 971 363 18 39 1
1 849 720 971 363 18 39 1
1 849 721 972 363 18 39 1
1 849 722 972 363 19 39 1
1 849 723 973 363 18 39 1
1 849 724 974 363 18 39 1
1 849 725 974 364 19 39 1
1 849 726 975 364 19 39 1
1 849 727 976 364 18 39 1
1 849 728 976 364 19 39 1
1 849 729 977 364 19 39 1
1 849 730 978 365 19 39 1
1 849 731 978 365 19 39 1
1 849 732 979 365 19 39 1
1 849 733 980 365 19 39 1
1 849 734 980 365 20 39 1
1 849 735 981 365 19 39 1
1 849 736 982 366 19 39 1
1 849 737 982 366 20 39 1
1 849 738 983 366 20 39 1
1 849 739 984 366 19 39 1
1 849 740 984 366 20 39 1
1 849 741 985 367 20 39 1
1 849 742 986 367 20 39 1
1 849 743 986 367 20 39 1
1 849 744 987 367 20 39 1
1 849 745 988 367 20 39 1
1 849 746 989 368 20 39 1
1 849 747 990 368 19 38 1
1 849 748 991 368 19 37 1
1 849 749 992 368 19 36 1
1 849 750 993 368 19 36 1
1 849 751 994 368 19 35 1
1 849 752 995 368 18 34 1
1 849 753 996 368 18 34 1
1 849 754 997 368 18 33 1
1 849 755 998 368 18 32 1
1 849 756 999 368 18 32 1
1 849 757 1000 368 18 31 1
1 849 758 1001 368 17 30 1
1 849 759 1002 368 17 30 1
1 849 760 1003 368 17 29 1
1 849 761 1004 368 17 28 1
1 849 762 1005 368 17 28 1
1 849 763 1006 368 17 27 1
1 849 764 1007 369 17 26 1
1 849 765 1007 368 17 27 1
1 849 766 1007 368 18 27 1
1 849 767 1008 368 17 27 1
1 849 768 1008 368 18 27 1
1 849 769 1009 368 17 27 1
1 849 770 1009 368 18 27 1
1 849 771 1009 368 19 27 1
1 849 772 1010 368 18 27 1
1 849 773 1010 368 19 27 1
1 849 774 1011 368 18 28 1
1 849 775 1011 368 19 28 1
1 849 776 1012 368 18 28 1
1 849 777 1012 368 19 28 1
1 849 778 1012 367 20 29 1
1 849 779 1013 367 19 29 1
1 849 780 1013 367 20 29 1
1 849 781 1014 367 19 29 1
1 849 782 1014 367 20 29 1
1 849 783 1014 367 20 29 1
1 849 784 1015 367 20 30 1
1 849 785 1015 367 21 30 1
1 849 786 1016 367 20 30 1
1 849 787 1016 367 21 30 1
1 849 788 1017 367 20 30 1
1 849 789 1017 367 21 30 1
1 849 790 1017 366 22 31 1
1 849 791 1018 366 21 31 1
1 849 792 1018 366 22 32 1
1 849 793 1019 366 21 32 1
1 849 794 1019 366 22 32 1
1 849 795 1019 366 23 32 1
1 849 796 1020 366 22 32 1
1 849 797 1020 366 23 32 1
1 849 798 1021 366 22 32 1
1 849 799 1021 366 23 32 1
1 849 800 1022 366 23 33 1
1 849 801 1022 366 23 33 1
1 849 802 1022 366 23 33 1
1 849 803 1022 366 23 33 1
1 849 804 1022 366 23 33 1
1 849 805 1022 366 23 33 1
1 849 806 1022 366 23 33 1
1 849 807 1022 366 23 33 1
1 849 808 1022 366 23 33 1
1 849 809 1022 366 23 33 1
1 849 810 1022 366 23 33 1
1 849 811 1022 366 23 33 1
1 849 812 1022 366 23 33 1
1 849 813 1022 366 23 33 1
1 849 814 1023 366 23 33 1
1 849 815 1023 366 23 33 1
1 849 816 1023 366 23 33 1
1 849 817 1023 366 23 33 1
1 849 818 1023 366 23 33 1
1 849 819 1023 366 23 33 1
1 849 820 1023 366 23 33 1
1 849 821 1023 366 23 33 1
1 849 822 1023 366 23 33 1
1 849 823 1023 366 23 33 1
1 849 824 1023 366 23 33 1
1 849 825 1023 366 23 33 1
1 849 826 1023 366 23 33 1
1 849 827 1024 366 23 33 1
1 849 828 1024 366 23 33 1
1 849 829 1024 366 23 33 1
1 849 830 1024 366 23 33 1
1 849 831 1024 366 23 33 1
1 849 832 1024 366 23 33 1
1 849 833 1024 366 23 33 1
1 849 834 1024 366 23 33 1
1 849 835 1024 366 23 33 1
1 849 836 1024 366 23 33 1
1 849 837 1024 366 23 33 1
1 849 838 1024 366 23 33 1
1 849 839 1024 366 23 33 1
1 849 840 1024 366 23 33 1
1 849 841 1024 366 23 33 1
1 849 842 1024 366 23 33 1
1 849 843 1024 366 23 33 1
1 849 844 1024 366 23 33 1
1 849 845 1024 366 23 33 1
1 849 846 1024 366 23 33 1
1 849 847 1024 366 23 33 1
1 849 848 1024 366 23 33 1
1 849 849 1024 366 23 33 1
1 849 850 1024 366 23 33 1
1 849 851 1024 366 23 33 1
1 849 852 1024 366 23 33 1
1 849 853 1024 366 23 33 1
1 849 854 1024 366 23 33 1
1 849 855 1024 366 23 33 1
1 849 856 1024 366 23 33 1
1 849 857 1024 366 23 33 1
1 849 858 1024 366 23 33 1
1 849 859 1024 366 23 33 1
1 849 860 1024 366 23 33 1
1 849 861 1024 366 23 33 1
1 849 862 1024 366 23 33 1
1 849 863 1024 366 23 33 1
1 849 864 1024 366 23 33 1
1 849 865 1024 366 23 33 1
1 849 866 1024 366 23 33 1
1 849 867 1024 366 23 33 1
1 849 868 1024 366 23 33 1
1 849 869 1024 366 23 33 1
1 849 870 1024 366 23 33 1
1 849 871 1024 366 23 33 1
1 849 872 1024 366 23 33 1
1 849 873 1024 366 23 33 1
1 849 874 1024 366 23 33 1
1 849 875 1024 366 23 33 1
1 849 876 1024 366 23 33 1
1 849 877 1024 366 23 33 1
1 849 878 1024 366 23 33 1
1 849 879 1024 366 23 33 1
1 849 880 1024 366 23 33 1
1 849 881 1024 366 23 33 1
1 849 882 1024 366 23 33 1
1 849 883 1024 366 23 33 1
1 849 884 1024 366 23 33 1
1 849 885 1024 366 23 33 1
1 849 886 1024 366 23 33 1
1 849 887 1024 366 23 33 1
1 849 888 1024 366 23 33 1
1 849 889 1024 366 23 33 1
1 849 890 1024 366 23 33 1
1 849 891 1024 366 23 33 1
1 849 892 1024 366 23 33 1
1 849 893 1024 366 23 33 1
1 849 894 1024 366 23 33 1
1 849 895 1024 366 23 33 1
1 849 896 1024 366 23 33 1
1 849 897 1024 366 23 33 1
1 849 898 1024 366 23 33 1
1 849 899 1024 366 23 33 1
1 849 900 1024 366 23 33 1
1 849 901 1024 366 23 33 1
1 849 902 1024 366 23 33 1
1 849 903 1024 366 23 33 1
1 849 904 1024 366 23 33 1
1 849 905 1024 366 23 33 1
1 849 906 1024 366 23 33 1
1 849 907 1024 366 23 33 1
1 849 908 1024 366 23 33 1
1 849 909 1024 366 23 33 1
1 849 910 1024 366 23 33 1
1 849 911 1024 366 23 33 1
1 849 912 1024 366 23 33 1
1 849 913 1024 366 23 33 1
1 849 914 1024 366 23 33 1
1 849 915 1024 366 23 33 1
1 849 916 1024 366 23 33 1
1 849 917 1024 366 23 33 1
1 849 918 1024 366 23 33 1
1 849 919 1024 366 23 33 1
1 849 920 1024 366 23 33 1
1 849 921 1024 366 23 33 1
1 849 922 1024 366 23 33 1
1 849 923 1024 366 23 33 1
1 849 924 1024 366 23 33 1
1 849 925 1024 366 23 33 1
1 849 926 1024 366 23 33 1
1 849 927 1024 366 23 33 1
1 849 928 1024 366 23 33 1
1 849 929 1024 366 23 33 1
1 849 930 1024 366 23 33 1
1 849 931 1024 366 23 33 1
1 849 932 1024 366 23 33 1
1 849 933 1024 366 23 33 1
1 849 934 1024 366 23 33 1
1 849 935 1024 366 23 33 1
1 849 936 1024 366 23 33 1
1 849 937 1024 366 23 33 1
1 849 938 1024 366 23 33 1
1 849 939 1024 366 23 33 1
1 849 940 1024 366 23 33 1
1 849 941 1024 366 23 33 1
1 849 942 1024 366 23 33 1
1 849 943 1024 366 23 33 1
1 849 944 1024 366 23 33 1
1 849 945 1024 366 23 33 1
1 849 946 1024 366 23 33 1
1 849 947 1024 366 23 33 1
1 849 948 1024 366 23 33 1
1 849 949 1024 366 23 33 1
1 849 950 1024 366 23 33 1
1 849 951 1024 366 23 33 1
1 849 952 1024 366 23 33 1
1 849 953 1024 366 23 33 1
1 849 954 1024 366 23 33 1
1 849 955 1024 366 23 33 1
1 849 956 1024 366 23 33 1
1 849 957 1024 366 23 33 1
1 849 958 1024 366 23 33 1
1 849 959 1024 366 23 33 1
1 849 960 1024 366 23 33 1
1 849 961 1024 366 23 33 1
1 849 962 1024 366 23 33 1
1 849 963 1024 366 23 33 1
1 849 964 1024 366 23 33 1
1 849 965 1024 366 23 33 1
1 849 966 1024 366 23 33 1
1 849 967 1024 366 23 33 1
1 849 968 1024 366 23 33 1
1 849 969 1024 366 23 33 1
1 849 970 1024 366 23 33 1
1 849 971 1024 366 23 33 1
1 849 972 1024 366 23 33 1
1 849 973 1024 366 23 33 1
1 849 974 1024 366 23 33 1
1 849 975 1024 366 23 33 1
1 849 976 1024 366 23 33 1
1 849 977 1024 366 23 33 1
1 849 978 1024 366 23 33 1
1 849 979 1024 366 23 33 1
1 849 980 1024 366 23 33 1
1 849 981 1024 366 23 33 1
1 849 982 1024 366 23 33 1
1 849 983 1024 366 23 33 1
1 849 984 1024 366 23 33 1
1 849 985 1024 366 23 33 1
1 849 986 1024 366 23 33 1
1 849 987 1024 366 23 33 1
1 849 988 1024 366 23 33 1
1 849 989 1024 366 23 33 1
1 849 990 1024 366 23 33 1
1 849 991 1024 366 23 33 1
1 849 992 1024 366 23 33 1
1 849 993 1024 366 23 33 1
1 849 994 1024 366 23 33 1
1 849 995 1024 366 23 33 1
1 849 996 1024 366 23 33 1
1 849 997 1024 366 23 33 1
1 849 998 1024 366 23 33 1
1 849 999 1024 366 23 33 1
1 849 1000 1024 366 23 33 1
1 849 1001 1024 366 23 33 1
1 849 1002 1024 366 23 33 1
1 849 1003 1024 366 23 33 1
1 849 1004 1024 366 23 33 1
1 849 1005 1024 366 23 33 1
1 849 1006 1024 366 23 33 1
1 849 1007 1024 366 23 33 1
1 849 1008 1024 366 23 33 1
1 849 1009 1024 366 23 33 1
1 849 1010 1024 366 23 33 1
1 849 1011 1024 366 23 33 1
1 849 1012 1024 366 23 33 1
1 849 1013 1024 366 23 33 1
1 849 1014 1024 366 23 33 1
1 849 1015 1024 366 23 33 1
1 849 1016 1024 366 23 33 1
1 849 1017 1024 366 23 33 1
1 849 1018 1024 366 23 33 1
1 849 1019 1024 366 23 33 1
1 849 1020 1024 366 23 33 1
1 849 1021 1024 366 23 33 1
1 849 1022 1024 366 23 33 1
1 849 1023 1024 366 23 33 1
1 849 1024 1024 366 23 33 1
1 849 1025 1024 366 23 33 1
1 849 1026 1024 366 23 33 1
1 849 1027 1024 366 23 33 1
1 849 1028 1024 366 23 33 1
1 849 1029 1024 366 23 33 1
1 849 1030 1024 366 23 33 1
1 849 1031 1024 366 23 33 1
1 849 1032 1024 366 23 33 1
1 849 1033 1024 366 23 33 1
1 849 1034 1024 366 23 33 1
1 849 1035 1024 366 23 33 1
1 849 1036 1024 366 23 33 1
1 849 1037 1024 366 23 33 1
1 849 1038 1024 366 23 33 1
1 849 1039 1024 366 23 33 1
1 849 1040 1024 366 23 33 1
1 849 1041 1024 366 23 33 1
1 849 1042 1024 366 23 33 1
1 849 1043 1024 366 23 33 1
1 849 1044 1024 366 23 33 1
1 849 1045 1024 366 23 33 1
1 849 1046 1024 366 23 33 1
1 849 1047 1024 366 23 33 1
1 849 1048 1024 366 23 33 1
1 849 1049 1024 366 23 33 1
1 849 1050 1024 366 23 33 1
1 849 1051 1024 366 23 33 1
1 849 1052 1024 366 23 33 1
1 849 1053 1024 366 23 33 1
1 849 1054 1024 366 23 33 1
1 849 1055 1024 366 23 33 1
1 849 1056 1024 366 23 33 1
1 849 1057 1024 366 23 33 1
1 849 1058 1024 366 23 33 1
1 849 1059 1024 366 23 33 1
1 849 1060 1024 366 23 33 1
1 849 1061 1024 366 23 33 1
1 849 1062 1024 366 23 33 1
1 849 1063 1024 366 23 33 1
1 849 1064 1024 366 23 33 1
1 849 1065 1024 366 23 33 1
1 849 1066 1024 366 23 33 1
1 849 1067 1024 366 23 33 1
1 849 1068 1024 366 23 33 1
1 849 1069 1024 366 23 33 1
1 849 1070 1024 366 23 33 1
1 849 1071 1024 366 23 33 1
1 849 1072 1024 366 23 33 1
1 849 1073 1024 366 23 33 1
1 849 1074 1024 366 23 33 1
1 849 1075 1024 366 23 33 1
1 849 1076 1024 366 23 33 1
1 849 1077 1024 366 23 33 1
1 849 1078 1024 366 23 33 1
1 849 1079 1024 366 23 33 1
1 849 1080 1024 366 23 33 1
1 849 1081 1024 366 23 33 1
1 849 1082 1024 366 23 33 1
1 849 1083 1024 366 23 33 1
1 849 1084 1024 366 23 33 1
1 849 1085 1024 366 23 33 1
1 849 1086 1024 366 23 33 1
1 849 1087 1024 366 23 33 1
1 849 1088 1024 366 23 33 1
1 849 1089 1024 366 23 33 1
1 849 1090 1024 366 23 33 1
1 849 1091 1024 366 23 33 1
1 849 1092 1024 366 23 33 1
1 849 1093 1024 366 23 33 1
1 849 1094 1024 366 23 33 1
1 849 1095 1024 366 23 33 1
1 849 1096 1024 366 23 33 1
1 849 1097 1024 366 23 33 1
1 849 1098 1024 366 23 33 1
1 849 1099 1024 366 23 33 1
1 849 1100 1024 366 23 33 1
1 849 1101 1024 366 23 33 1
1 849 1102 1024 366 23 33 1
1 849 1103 1024 366 23 33 1
1 849 1104 1024 366 23 33 1
1 849 1105 1024 366 23 33 1
1 849 1106 1024 366 23 33 1
1 849 1107 1024 366 23 33 1
1 849 1108 1024 366 23 33 1
1 849 1109 1024 366 23 33 1
1 849 1110 1024 366 23 33 1
1 849 1111 1024 366 23 33 1
1 849 1112 1024 366 23 33 1
1 849 1113 1024 366 23 33 1
1 849 1114 1024 366 23 33 1
1 849 1115 1024 366 23 33 1
1 849 1116 1024 366 23 33 1
1 849 1117 1024 366 23 33 1
1 849 1118 1024 366 23 33 1
1 849 1119 1024 366 23 33 1
1 849 1120 1024 366 23 33 1
1 849 1121 1024 366 23 33 1
1 849 1122 1024 366 23 33 1
1 849 1123 1024 366 23 33 1
1 849 1124 1024 366 23 33 1
1 849 1125 1024 366 23 33 1
1 849 1126 1024 366 23 33 1
1 849 1127 1024 366 23 33 1
1 849 1128 1024 366 23 33 1
1 849 1129 1024 366 23 33 1
1 849 1130 1024 366 23 33 1
1 849 1131 1024 366 23 33 1
1 849 1132 1024 366 23 33 1
1 849 1133 1024 366 23 33 1
1 849 1134 1024 366 23 33 1
1 849 1135 1024 366 23 33 1
1 849 1136 1024 366 23 33 1
1 849 1137 1024 366 23 33 1
1 849 1138 1024 366 23 33 1
1 849 1139 1024 366 23 33 1
1 849 1140 1024 366 23 33 1
1 849 1141 1024 366 23 33 1
1 849 1142 1024 366 23 33 1
1 849 1143 1024 366 23 33 1
1 849 1144 1024 366 23 33 1
1 849 1145 1024 366 23 33 1
1 849 1146 1024 366 23 33 1
1 849 1147 1024 366 23 33 1
1 849 1148 1024 366 23 33 1
1 849 1149 1024 366 23 33 1
1 849 1150 1024 366 23 33 1
1 849 1151 1024 366 23 33 1
1 849 1152 1024 366 23 33 1
1 849 1153 1024 366 23 33 1
1 849 1154 1024 366 23 33 1
1 849 1155 1024 366 23 33 1
1 849 1156 1024 366 23 33 1
1 849 1157 1024 366 23 33 1
1 849 1158 1024 366 23 33 1
1 849 1159 1024 366 23 33 1
1 849 1160 1024 366 23 33 1
1 849 1161 1024 366 23 33 1
1 849 1162 1024 366 23 33 1
1 849 1163 1024 366 23 33 1
1 849 1164 1024 366 23 33 1
1 849 1165 1024 366 23 33 1
1 849 1166 1024 366 23 33 1
1 849 1167 1024 366 23 33 1
1 849 1168 1024 366 23 33 1
1 849 1169 1024 366 23 33 1
1 849 1170 1024 366 23 33 1
1 849 1171 1024 366 23 33 1
1 849 1172 1024 366 23 33 1
1 849 1173 1024 366 23 33 1
1 849 1174 1024 366 23 33 1
1 849 1175 1024 366 23 33 1
1 849 1176 1024 366 23 33 1
1 849 1177 1024 366 23 33 1
1 849 1178 1024 366 23 33 1
1 849 1179 1024 366 23 33 1
1 849 1180 1024 366 23 33 1
1 849 1181 1024 366 23 33 1
1 849 1182 1024 366 23 33 1
1 849 1183 1024 366 23 33 1
1 849 1184 1024 366 23 33 1
1 849 1185 1024 366 23 33 1
1 849 1186 1024 366 23 33 1
1 849 1187 1024 366 23 33 1
1 849 1188 1024 366 23 33 1
1 849 1189 1024 366 23 33 1
1 849 1190 1024 366 23 33 1
1 849 1191 1024 366 23 33 1
1 849 1192 1024 366 23 33 1
1 849 1193 1024 366 23 33 1
1 849 1194 1024 366 23 33 1
1 849 1195 1024 366 23 33 1
1 849 1196 1024 366 23 33 1
1 849 1197 1024 366 23 33 1
1 849 1198 1024 366 23 33 1
1 849 1199 1024 366 23 33 1
1 849 1200 1024 366 23 33 1
1 849 1201 1024 366 23 33 1
1 849 1202 1024 366 23 33 1
1 849 1203 1024 366 23 33 1
1 849 1204 1024 366 23 33 1
1 849 1205 1024 366 23 33 1
1 849 1206 1024 366 23 33 1
1 849 1207 1024 366 23 33 1
1 849 1208 1024 366 23 33 1
1 849 1209 1024 366 23 33 1
1 849 1210 1024 366 23 33 1
1 849 1211 1024 366 23 33 1
1 849 1212 1024 366 23 33 1
1 849 1213 1024 366 23 33 1
1 849 1214 1024 366 23 33 1
1 849 1215 1024 366 23 33 1
1 849 1216 1024 366 23 33 1
1 849 1217 1024 366 23 33 1
1 849 1218 1024 366 23 33 1
1 849 1219 1024 366 23 33 1
1 849 1220 1024 366 23 33 1
1 849 1221 1024 366 23 33 1
1 849 1222 1024 366 23 33 1
1 849 1223 1024 366 23 33 1
1 849 1224 1024 366 23 33 1
1 849 1225 1024 366 23 33 1
1 849 1226 1024 366 23 33 1
1 849 1227 1024 366 23 33 1
1 849 1228 1024 366 23 33 1
1 849 1229 1024 366 23 33 1
1 849 1230 1024 366 23 33 1
1 849 1231 1024 366 23 33 1
1 849 1232 1024 366 23 33 1
1 849 1233 1024 366 23 33 1
1 849 1234 1024 366 23 33 1
1 849 1235 1024 366 23 33 1
1 849 1236 1024 366 23 33 1
1 849 1237 1024 366 23 33 1
1 849 1238 1024 366 23 33 1
1 849 1239 1024 366 23 33 1
1 849 1240 1024 366 23 33 1
1 849 1241 1024 366 23 33 1
1 849 1242 1024 366 23 33 1
1 849 1243 1024 366 23 33 1
1 849 1244 1024 366 23 33 1
1 849 1245 1024 366 23 33 1
1 849 1246 1024 366 23 33 1
1 849 1247 1024 366 23 33 1
1 849 1248 1024 366 23 33 1
1 849 1249 1024 366 23 33 1
1 849 1250 1024 366 23 33 1
1 849 1251 1024 366 23 33 1
1 849 1252 1024 366 23 33 1
1 849 1253 1024 366 23 33 1
1 849 1254 1024 366 23 33 1
1 849 1255 1024 366 23 33 1
1 849 1256 1024 366 23 33 1
1 849 1257 1024 366 23 33 1
1 849 1258 1024 366 23 33 1
1 849 1259 1024 366 23 33 1
1 849 1260 1024 366 23 33 1
1 849 1261 1024 366 23 33 1
1 849 1262 1024 366 23 33 1
1 849 1263 1024 366 23 33 1
1 849 1264 1024 366 23 33 1
1 849 1265 1024 366 23 33 1
1 849 1266 1024 366 23 33 1
1 849 1267 1024 366 23 33 1
1 849 1268 1024 366 23 33 1
1 849 1269 1024 366 23 33 1
1 849 1270 1024 366 23 33 1
1 849 1271 1024 366 23 33 1
1 849 1272 1024 366 23 33 1
1 849 1273 1024 366 23 33 1
1 849 1274 1024 366 23 33 1
1 849 1275 1024 366 23 33 1
1 849 1276 1024 366 23 33 1
1 849 1277 1024 366 23 33 1
1 849 1278 1024 366 23 33 1
1 849 1279 1024 366 23 33 1
1 849 1280 1024 366 23 33 1
1 849 1281 1024 366 23 33 1
1 849 1282 1024 366 23 33 1
1 849 1283 1024 366 23 33 1
1 849 1284 1024 366 23 33 1
1 849 1285 1024 366 23 33 1
1 849 1286 1024 366 23 33 1
1 849 1287 1024 366 23 33 1
1 849 1288 1024 366 23 33 1
1 849 1289 1024 366 23 33 1
1 849 1290 1024 366 23 33 1
1 849 1291 1024 366 23 33 1
1 849 1292 1024 366 23 33 1
1 849 1293 1024 366 23 33 1
1 849 1294 1024 366 23 33 1
1 849 1295 1024 366 23 33 1
1 849 1296 1024 366 23 33 1
1 849 1297 1024 366 23 33 1
1 849 1298 1024 366 23 33 1
1 849 1299 1024 366 23 33 1
1 849 1300 1024 366 23 33 1
1 849 1301 1024 366 23 33 1
1 849 1302 1024 366 23 33 1
1 849 1303 1024 366 23 33 1
1 849 1304 1024 366 23 33 1
1 849 1305 1024 366 23 33 1
1 849 1306 1024 366 23 33 1
1 849 1307 1024 366 23 33 1
1 849 1308 1024 366 23 33 1
1 849 1309 1024 366 23 33 1
1 849 1310 1024 366 23 33 1
1 849 1311 1024 366 23 33 1
1 849 1312 1024 366 23 33 1
1 849 1313 1024 366 23 33 1
1 849 1314 1024 366 23 33 1
1 849 1315 1024 366 23 33 1
1 849 1316 1024 366 23 33 1
1 849 1317 1024 366 23 33 1
1 849 1318 1024 366 23 33 1
1 849 1319 1024 366 23 33 1
1 849 1320 1024 366 23 33 1
1 849 1321 1024 366 23 33 1
1 849 1322 1024 366 23 33 1
1 849 1323 1024 366 23 33 1
1 849 1324 1024 366 23 33 1
1 849 1325 1024 366 23 33 1
1 849 1326 1024 366 23 33 1
1 849 1327 1024 366 23 33 1
1 849 1328 1024 366 23 33 1
1 849 1329 1024 366 23 33 1
1 849 1330 1024 366 23 33 1
1 849 1331 1024 366 23 33 1
1 849 1332 1024 366 23 33 1
1 849 1333 1024 366 23 33 1
1 849 1334 1024 366 23 33 1
1 849 1335 1024 366 23 33 1
1 849 1336 1024 366 23 33 1
1 849 1337 1024 366 23 33 1
1 849 1338 1024 366 23 33 1
1 849 1339 1024 366 23 33 1
1 849 1340 1024 366 23 33 1
1 849 1341 1024 366 23 33 1
1 849 1342 1024 366 23 33 1
1 849 1343 1024 366 23 33 1
1 849 1344 1024 366 23 33 1
1 849 1345 1024 366 23 33 1
1 849 1346 1024 366 23 33 1
1 849 1347 1024 366 23 33 1
1 849 1348 1024 366 23 33 1
1 849 1349 1024 366 23 33 1
1 849 1350 1024 366 23 33 1
1 849 1351 1024 366 23 33 1
1 849 1352 1024 366 23 33 1
1 849 1353 1024 366 23 33 1
1 849 1354 1024 366 23 33 1
1 849 1355 1024 366 23 33 1
1 849 1356 1024 366 23 33 1
1 849 1357 1024 366 23 33 1
1 849 1358 1024 366 23 33 1
1 849 1359 1024 366 23 33 1
1 849 1360 1024 366 23 33 1
1 849 1361 1024 366 23 33 1
1 849 1362 1024 366 23 33 1
1 849 1363 1024 366 23 33 1
1 849 1364 1024 366 23 33 1
1 849 1365 1024 366 23 33 1
1 849 1366 1024 366 23 33 1
1 849 1367 1024 366 23 33 1
1 849 1368 1024 366 23 33 1
1 849 1369 1024 366 23 33 1
1 849 1370 1024 366 23 33 1
1 849 1371 1024 366 23 33 1
1 849 1372 1024 366 23 33 1
1 849 1373 1024 366 23 33 1
1 849 1374 1024 366 23 33 1
1 849 1375 1024 366 23 33 1
1 849 1376 1024 366 23 33 1
1 849 1377 1024 366 23 33 1
1 849 1378 1024 366 23 33 1
1 849 1379 1024 366 23 33 1
1 849 1380 1024 366 23 33 1
1 849 1381 1024 366 23 33 1
1 849 1382 1024 366 23 33 1
1 849 1383 1024 366 23 33 1
1 849 1384 1024 366 23 33 1
1 849 1385 1024 366 23 33 1
1 849 1386 1024 366 23 33 1
1 849 1387 1024 366 23 33 1
1 849 1388 1024 366 23 33 1
1 849 1389 1024 366 23 33 1
1 849 1390 1024 366 23 33 1
1 849 1391 1024 366 23 33 1
1 849 1392 1024 366 23 33 1
1 849 1393 1024 366 23 33 1
1 849 1394 1024 366 23 33 1
1 849 1395 1024 366 23 33 1
1 849 1396 1024 366 23 33 1
1 849 1397 1024 366 23 33 1
1 849 1398 1024 366 23 33 1
1 849 1399 1024 366 23 33 1
1 849 1400 1024 366 23 33 1
1 849 1401 1024 366 23 33 1
1 849 1402 1024 366 23 33 1
1 849 1403 1024 366 23 33 1
1 849 1404 1024 366 23 33 1
1 849 1405 1024 366 23 33 1
1 849 1406 1024 366 23 33 1
1 849 1407 1024 366 23 33 1
1 849 1408 1024 366 23 33 1
1 849 1409 1024 366 23 33 1
1 849 1410 1024 366 23 33 1
1 849 1411 1024 366 23 33 1
1 849 1412 1024 366 23 33 1
1 849 1413 1024 366 23 33 1
1 849 1414 1024 366 23 33 1
1 849 1415 1024 366 23 33 1
1 849 1416 1024 366 23 33 1
1 849 1417 1024 366 23 33 1
1 849 1418 1024 366 23 33 1
1 849 1419 1024 366 23 33 1
1 849 1420 1024 366 23 33 1
1 849 1421 1024 366 23 33 1
1 849 1422 1024 366 23 33 1
1 849 1423 1024 366 23 33 1
1 849 1424 1024 366 23 33 1
1 849 1425 1024 366 23 33 1
1 849 1426 1024 366 23 33 1
1 849 1427 1024 366 23 33 1
1 849 1428 1024 366 23 33 1
1 849 1429 1024 366 23 33 1
1 849 1430 1024 366 23 33 1
1 849 1431 1024 366 23 33 1
1 849 1432 1024 366 23 33 1
1 849 1433 1024 366 23 33 1
1 849 1434 1024 366 23 33 1
1 849 1435 1024 366 23 33 1
1 849 1436 1024 366 23 33 1
1 849 1437 1024 366 23 33 1
1 849 1438 1024 366 23 33 1
1 849 1439 1024 366 23 33 1
1 849 1440 1024 366 23 33 1
1 849 1441 1024 366 23 33 1
1 849 1442 1024 366 23 33 1
1 849 1443 1024 366 23 33 1
1 849 1444 1024 366 23 33 1
1 849 1445 1024 366 23 33 1
1 849 1446 1024 366 23 33 1
1 849 1447 1024 366 23 33 1
1 849 1448 1024 366 23 33 1
1 849 1449 1024 366 23 33 1
1 849 1450 1024 366 23 33 1
1 849 1451 1024 366 23 33 1
1 849 1452 1024 366 23 33 1
1 849 1453 1024 366 23 33 1
1 849 1454 1024 366 23 33 1
1 849 1455 1024 366 23 33 1
1 849 1456 1024 366 23 33 1
1 849 1457 1024 366 23 33 1
1 849 1458 1024 366 23 33 1
1 849 1459 1024 366 23 33 1
1 849 1460 1024 366 23 33 1
1 849 1461 1024 366 23 33 1
1 849 1462 1024 366 23 33 1
1 849 1463 1024 366 23 33 1
1 849 1464 1024 366 23 33 1
1 849 1465 1024 366 23 33 1
1 849 1466 1024 366 23 33 1
1 849 1467 1024 366 23 33 1
1 849 1468 1024 366 23 33 1
2 744 725 1024 359 20 37 1
2 744 726 1024 359 20 37 1
2 744 727 1024 359 20 37 1
2 744 728 1024 359 20 37 1
2 744 729 1024 359 20 37 1
2 744 730 1024 359 20 37 1
2 744 731 1025 359 20 37 1
2 744 732 1025 359 20 37 1
2 744 733 1025 359 20 37 1
2 744 734 1025 359 20 37 1
2 744 735 1025 359 20 37 1
2 744 736 1025 359 20 37 1
2 744 737 1026 359 20 37 1
2 744 738 1026 359 20 37 1
2 744 739 1026 360 20 37 1
2 744 740 1026 360 20 37 1
2 744 741 1026 360 20 37 1
2 744 742 1026 360 20 37 1
2 744 743 1027 360 20 37 1
2 744 744 1027 360 20 37 1
2 744 745 1027 360 20 37 1
2 744 746 1027 360 20 37 1
2 744 747 1027 360 20 37 1
2 744 748 1028 360 20 37 1
2 744 749 1028 360 20 37 1
2 744 750 1028 360 20 37 1
2 744 751 1028 360 20 37 1
2 744 752 1028 360 20 37 1
2 744 753 1028 361 20 37 1
2 744 754 1029 361 20 37 1
2 744 755 1029 361 20 37 1
2 744 756 1029 361 20 37 1
2 744 757 1029 361 20 37 1
2 744 758 1029 361 20 37 1
2 744 759 1029 361 20 37 1
2 744 760 1030 361 20 37 1
2 744 761 1030 361 20 37 1
2 744 762 1030 361 20 37 1
2 744 763 1030 361 20 37 1
2 744 764 1030 361 20 37 1
2 744 765 1030 361 20 37 1
2 744 766 1031 361 20 37 1
2 744 767 1031 362 20 37 1
2 744 768 1031 362 20 37 1
2 744 769 1031 362 20 37 1
2 744 770 1031 362 20 37 1
2 744 771 1032 362 20 37 1
2 744 772 1032 362 20 37 1
2 744 773 1032 362 20 37 1
2 744 774 1032 362 20 37 1
2 744 775 1032 362 20 37 1
2 744 776 1032 362 20 37 1
2 744 777 1033 362 20 37 1
2 744 778 1033 362 20 37 1
2 744 779 1033 362 20 37 1
2 744 780 1033 362 20 37 1
2 744 781 1033 363 20 37 1
2 744 782 1033 363 20 37 1
2 744 783 1034 363 20 37 1
2 744 784 1034 363 20 37 1
2 744 785 1034 363 20 37 1
2 744 786 1034 363 20 37 1
2 744 787 1034 363 20 37 1
2 744 788 1034 363 20 37 1
2 744 789 1035 363 20 37 1
2 744 790 1035 363 20 37 1
2 744 791 1035 363 20 37 1
2 744 792 1035 363 20 37 1
2 744 793 1035 363 20 37 1
2 744 794 1036 364 20 37 1
2 744 795 1036 364 20 37 1
2 744 796 1036 364 20 37 1
2 744 797 1037 364 20 37 1
2 744 798 1037 364 20 37 1
2 744 799 1037 364 20 37 1
2 744 800 1038 364 20 37 1
2 744 801 1038 364 20 37 1
2 744 802 1038 364 20 37 1
2 744 803 1039 364 20 37 1
2 744 804 1039 364 20 37 1
2 744 805 1039 364 20 37 1
2 744 806 1040 364 20 37 1
2 744 807 1040 364 20 37 1
2 744 808 1041 364 20 37 1
2 744 809 1041 364 20 37 1
2 744 810 1041 364 20 37 1
2 744 811 1042 364 20 37 1
2 744 812 1042 364 20 37 1
2 744 813 1042 364 20 37 1
2 744 814 1043 364 20 37 1
2 744 815 1043 364 20 37 1
2 744 816 1043 364 20 37 1
2 744 817 1044 364 20 37 1
2 744 818 1044 364 20 37 1
2 744 819 1045 364 20 37 1
2 744 820 1045 364 20 37 1
2 744 821 1045 364 20 37 1
2 744 822 1046 364 20 37 1
2 744 823 1046 364 20 37 1
2 744 824 1046 364 20 37 1
2 744 825 1047 364 20 37 1
2 744 826 1047 364 20 37 1
2 744 827 1047 364 20 37 1
2 744 828 1048 364 20 37 1
2 744 829 1048 364 20 37 1
2 744 830 1049 365 20 37 1
2 744 831 1049 365 20 37 1
2 744 832 1049 365 20 37 1
2 744 833 1049 365 20 37 1
2 744 834 1049 365 20 37 1
2 744 835 1049 365 20 37 1
2 744 836 1049 365 20 37 1
2 744 837 1049 365 20 37 1
2 744 838 1049 365 20 37 1
2 744 839 1049 365 20 37 1
2 744 840 1049 365 20 37 1
2 744 841 1049 365 20 37 1
2 744 842 1049 365 21 38 1
2 744 843 1049 365 21 38 1
2 744 844 1049 365 21 38 1
2 744 845 1049 365 21 38 1
2 744 846 1049 365 21 38 1
2 744 847 1049 365 21 38 1
2 744 848 1049 365 21 38 1
2 744 849 1049 365 21 38 1
2 744 850 1049 365 21 38 1
2 744 851 1049 365 21 38 1
2 744 852 1049 365 21 38 1
2 744 853 1049 365 22 39 1
2 744 854 1049 365 22 39 1
2 744 855 1049 365 22 39 1
2 744 856 1049 365 22 39 1
2 744 857 1049 365 22 39 1
2 744 858 1049 365 22 39 1
2 744 859 1049 365 22 39 1
2 744 860 1049 365 22 39 1
2 744 861 1049 365 22 39 1
2 744 862 1049 365 22 39 1
2 744 863 1049 365 22 39 1
2 744 864 1049 365 23 40 1
2 744 865 1048 364 23 41 1
2 744 866 1048 364 23 41 1
2 744 867 1048 364 23 41 1
2 744 868 1048 364 23 41 1
2 744 869 1048 364 23 41 1
2 744 870 1048 364 23 41 1
2 744 871 1048 364 23 41 1
2 744 872 1048 364 23 41 1
2 744 873 1048 364 23 41 1
2 744 874 1048 364 23 41 1
2 744 875 1048 364 23 41 1
2 744 876 1048 364 23 41 1
2 744 877 1048 364 23 41 1
2 744 878 1048 364 23 41 1
2 744 879 1048 364 23 41 1
2 744 880 1048 364 23 41 1
2 744 881 1048 364 23 41 1
2 744 882 1048 364 23 41 1
2 744 883 1048 364 23 41 1
2 744 884 1048 364 23 41 1
2 744 885 1048 364 23 41 1
2 744 886 1048 364 23 41 1
2 744 887 1048 364 23 41 1
2 744 888 1048 364 23 41 1
2 744 889 1048 364 23 41 1
2 744 890 1048 364 23 41 1
2 744 891 1048 364 23 41 1
2 744 892 1048 364 23 41 1
2 744 893 1048 364 23 41 1
2 744 894 1048 364 23 41 1
2 744 895 1048 364 23 41 1
2 744 896 1048 364 23 41 1
2 744 897 1048 364 23 41 1
2 744 898 1048 364 23 41 1
2 744 899 1048 364 23 41 1
2 744 900 1048 364 23 41 1
2 744 901 1048 364 23 41 1
2 744 902 1048 364 23 41 1
2 744 903 1048 364 23 41 1
2 744 904 1048 364 23 41 1
2 744 905 1048 364 23 41 1
2 744 906 1048 364 23 41 1
2 744 907 1048 364 23 41 1
2 744 908 1048 364 23 41 1
2 744 909 1048 364 23 41 1
2 744 910 1048 364 23 41 1
2 744 911 1048 364 23 41 1
2 744 912 1048 364 23 41 1
2 744 913 1048 364 23 41 1
2 744 914 1047 364 23 41 1
2 744 915 1047 364 23 41 1
2 744 916 1047 364 23 41 1
2 744 917 1047 364 23 41 1
2 744 918 1047 364 23 41 1
2 744 919 1047 364 23 41 1
2 744 920 1047 364 23 41 1
2 744 921 1047 364 23 41 1
2 744 922 1047 364 23 41 1
2 744 923 1047 364 23 41 1
2 744 924 1047 364 23 41 1
2 744 925 1047 364 23 41 1
2 744 926 1047 364 23 41 1
2 744 927 1047 364 23 41 1
2 744 928 1047 364 23 41 1
2 744 929 1047 364 23 41 1
2 744 930 1047 364 23 41 1
2 744 931 1047 364 23 41 1
2 744 932 1047 364 23 41 1
2 744 933 1047 364 23 41 1
2 744 934 1047 364 23 41 1
2 744 935 1047 364 23 41 1
2 744 936 1047 364 23 41 1
2 744 937 1047 364 23 41 1
2 744 938 1047 364 23 41 1
2 744 939 1047 364 23 41 1
2 744 940 1047 364 23 41 1
2 744 941 1047 364 23 41 1
2 744 942 1047 364 23 41 1
2 744 943 1047 364 23 41 1
2 744 944 1047 364 23 41 1
2 744 945 1047 364 23 41 1
2 744 946 1047 364 23 41 1
2 744 947 1047 364 23 41 1
2 744 948 1047 364 23 41 1
2 744 949 1047 364 23 41 1
2 744 950 1047 364 23 41 1
2 744 951 1047 364 23 41 1
2 744 952 1047 364 23 41 1
2 744 953 1047 364 23 41 1
2 744 954 1047 364 23 41 1
2 744 955 1047 364 23 41 1
2 744 956 1047 364 23 41 1
2 744 957 1047 364 23 41 1
2 744 958 1047 364 23 41 1
2 744 959 1047 364 23 41 1
2 744 960 1047 364 23 41 1
2 744 961 1047 364 23 41 1
2 744 962 1047 364 23 41 1
2 744 963 1046 364 24 42 1
2 744 964 1046 364 23 42 1
2 744 965 1046 364 23 42 1
2 744 966 1046 364 23 42 1
2 744 967 1046 364 23 42 1
2 744 968 1046 364 23 42 1
2 744 969 1046 364 23 42 1
2 744 970 1046 364 23 42 1
2 744 971 1046 364 23 42 1
2 744 972 1046 364 23 42 1
2 744 973 1046 364 23 42 1
2 744 974 1046 364 23 42 1
2 744 975 1046 364 23 42 1
2 744 976 1046 364 23 42 1
2 744 977 1046 364 23 42 1
2 744 978 1046 364 23 42 1
2 744 979 1046 364 23 42 1
2 744 980 1046 364 23 42 1
2 744 981 1046 364 23 42 1
2 744 982 1046 364 23 42 1
2 744 983 1046 364 23 42 1
2 744 984 1046 364 23 42 1
2 744 985 1046 364 23 42 1
2 744 986 1046 364 23 42 1
2 744 987 1046 364 23 42 1
2 744 988 1046 364 23 42 1
2 744 989 1046 364 23 42 1
2 744 990 1046 364 23 42 1
2 744 991 1046 364 23 42 1
2 744 992 1046 364 23 42 1
2 744 993 1046 364 23 42 1
2 744 994 1046 364 23 42 1
2 744 995 1046 364 23 42 1
2 744 996 1046 364 23 42 1
2 744 997 1046 364 23 42 1
2 744 998 1046 364 23 42 1
2 744 999 1046 364 23 42 1
2 744 1000 1046 364 23 42 1
2 744 1001 1046 364 23 42 1
2 744 1002 1046 364 23 42 1
2 744 1003 1046 364 23 42 1
2 744 1004 1046 364 23 42 1
2 744 1005 1046 364 23 42 1
2 744 1006 1046 364 23 42 1
2 744 1007 1046 364 23 42 1
2 744 1008 1046 364 23 42 1
2 744 1009 1046 364 23 42 1
2 744 1010 1046 364 23 42 1
2 744 1011 1046 364 23 42 1
2 744 1012 1046 364 23 42 1
2 744 1013 1045 364 23 42 1
2 744 1014 1045 364 23 42 1
2 744 1015 1045 364 23 42 1
2 744 1016 1045 364 23 42 1
2 744 1017 1045 364 23 42 1
2 744 1018 1045 364 23 42 1
2 744 1019 1045 364 23 42 1
2 744 1020 1045 364 23 42 1
2 744 1021 1045 364 23 42 1
2 744 1022 1045 364 23 42 1
2 744 1023 1045 364 23 42 1
2 744 1024 1045 364 23 42 1
2 744 1025 1045 364 23 42 1
2 744 1026 1045 364 23 42 1
2 744 1027 1045 364 23 42 1
2 744 1028 1045 364 23 42 1
2 744 1029 1045 364 23 42 1
2 744 1030 1045 364 23 42 1
2 744 1031 1045 364 23 42 1
2 744 1032 1045 364 23 42 1
2 744 1033 1045 364 23 42 1
2 744 1034 1045 364 23 42 1
2 744 1035 1045 364 23 42 1
2 744 1036 1045 364 23 42 1
2 744 1037 1045 364 23 42 1
2 744 1038 1045 364 23 42 1
2 744 1039 1045 364 23 42 1
2 744 1040 1045 364 23 42 1
2 744 1041 1045 364 23 42 1
2 744 1042 1045 364 23 42 1
2 744 1043 1045 364 23 42 1
2 744 1044 1045 364 23 42 1
2 744 1045 1045 364 23 42 1
2 744 1046 1045 364 23 42 1
2 744 1047 1045 364 23 42 1
2 744 1048 1045 364 23 42 1
2 744 1049 1045 364 23 42 1
2 744 1050 1045 364 23 42 1
2 744 1051 1045 364 23 42 1
2 744 1052 1045 364 23 42 1
2 744 1053 1045 364 23 42 1
2 744 1054 1045 364 23 42 1
2 744 1055 1045 364 23 42 1
2 744 1056 1045 364 23 42 1
2 744 1057 1045 364 23 42 1
2 744 1058 1045 364 23 42 1
2 744 1059 1045 364 23 42 1
2 744 1060 1045 364 23 42 1
2 744 1061 1045 364 23 42 1
2 744 1062 1045 365 23 42 1
2 744 1063 1045 364 23 42 1
2 744 1064 1045 364 23 42 1
2 744 1065 1045 364 23 42 1
2 744 1066 1045 364 23 42 1
2 744 1067 1045 364 23 42 1
2 744 1068 1045 364 23 42 1
2 744 1069 1045 364 23 42 1
2 744 1070 1045 364 23 42 1
2 744 1071 1045 364 23 42 1
2 744 1072 1045 364 23 42 1
2 744 1073 1045 364 23 42 1
2 744 1074 1045 364 23 42 1
2 744 1075 1045 364 23 42 1
2 744 1076 1045 364 23 42 1
2 744 1077 1045 364 23 42 1
2 744 1078 1045 364 23 42 1
2 744 1079 1045 364 23 42 1
2 744 1080 1045 364 23 42 1
2 744 1081 1045 364 23 42 1
2 744 1082 1045 364 23 42 1
2 744 1083 1045 364 23 42 1
2 744 1084 1045 364 23 42 1
2 744 1085 1045 364 23 42 1
2 744 1086 1045 364 23 42 1
2 744 1087 1045 364 23 42 1
2 744 1088 1045 364 23 42 1
2 744 1089 1045 364 23 42 1
2 744 1090 1045 364 23 42 1
2 744 1091 1045 364 23 42 1
2 744 1092 1045 364 23 42 1
2 744 1093 1045 364 23 42 1
2 744 1094 1045 364 23 42 1
2 744 1095 1045 364 23 42 1
2 744 1096 1045 364 23 42 1
2 744 1097 1045 364 23 42 1
2 744 1098 1045 364 23 42 1
2 744 1099 1045 364 23 42 1
2 744 1100 1045 364 23 42 1
2 744 1101 1045 364 23 42 1
2 744 1102 1045 364 23 42 1
2 744 1103 1045 364 23 42 1
2 744 1104 1045 364 23 42 1
2 744 1105 1045 364 23 42 1
2 744 1106 1045 364 23 42 1
2 744 1107 1045 364 23 42 1
2 744 1108 1045 364 23 42 1
2 744 1109 1045 364 23 42 1
2 744 1110 1045 364 23 42 1
2 744 1111 1045 364 23 42 1
2 744 1112 1045 364 23 42 1
2 744 1113 1045 364 23 42 1
2 744 1114 1045 364 23 42 1
2 744 1115 1045 364 23 42 1
2 744 1116 1045 364 23 42 1
2 744 1117 1045 364 23 42 1
2 744 1118 1045 364 23 42 1
2 744 1119 1045 364 23 42 1
2 744 1120 1045 364 23 42 1
2 744 1121 1045 364 23 42 1
2 744 1122 1045 364 23 42 1
2 744 1123 1045 364 23 42 1
2 744 1124 1045 364 23 42 1
2 744 1125 1045 364 23 42 1
2 744 1126 1045 364 23 42 1
2 744 1127 1045 364 23 42 1
2 744 1128 1045 364 23 42 1
2 744 1129 1045 364 23 42 1
2 744 1130 1045 364 23 42 1
2 744 1131 1045 364 23 42 1
2 744 1132 1045 364 23 42 1
2 744 1133 1045 364 23 42 1
2 744 1134 1045 364 23 42 1
2 744 1135 1045 364 23 42 1
2 744 1136 1045 364 23 42 1
2 744 1137 1045 364 23 42 1
2 744 1138 1045 364 23 42 1
2 744 1139 1045 364 23 42 1
2 744 1140 1045 364 23 42 1
2 744 1141 1045 364 23 42 1
2 744 1142 1045 364 23 42 1
2 744 1143 1045 364 23 42 1
2 744 1144 1045 364 23 42 1
2 744 1145 1045 364 23 42 1
2 744 1146 1045 364 23 42 1
2 744 1147 1045 364 23 42 1
2 744 1148 1045 364 23 42 1
2 744 1149 1045 364 23 42 1
2 744 1150 1045 364 23 42 1
2 744 1151 1045 364 23 42 1
2 744 1152 1045 364 23 42 1
2 744 1153 1045 364 23 42 1
2 744 1154 1045 364 23 42 1
2 744 1155 1045 364 23 42 1
2 744 1156 1045 364 23 42 1
2 744 1157 1045 364 23 42 1
2 744 1158 1045 364 23 42 1
2 744 1159 1045 364 23 42 1
2 744 1160 1045 364 23 42 1
2 744 1161 1045 364 23 42 1
2 744 1162 1045 364 23 42 1
2 744 1163 1045 364 23 42 1
2 744 1164 1045 364 23 42 1
2 744 1165 1045 364 23 42 1
2 744 1166 1045 364 23 42 1
2 744 1167 1045 364 23 42 1
2 744 1168 1045 363 23 42 1
2 744 1169 1045 363 23 42 1
2 744 1170 1045 363 23 42 1
2 744 1171 1045 363 23 42 1
2 744 1172 1045 363 23 42 1
2 744 1173 1045 363 23 42 1
2 744 1174 1045 363 23 42 1
2 744 1175 1045 363 23 42 1
2 744 1176 1045 363 23 42 1
2 744 1177 1045 363 23 42 1
2 744 1178 1045 363 23 42 1
2 744 1179 1045 363 23 42 1
2 744 1180 1045 363 23 42 1
2 744 1181 1045 363 23 42 1
2 744 1182 1045 363 23 42 1
2 744 1183 1045 363 23 42 1
2 744 1184 1045 363 23 42 1
2 744 1185 1045 363 23 42 1
2 744 1186 1045 363 23 42 1
2 744 1187 1045 363 23 42 1
2 744 1188 1045 363 23 42 1
2 744 1189 1045 363 23 42 1
2 744 1190 1045 363 23 42 1
2 744 1191 1045 363 23 42 1
2 744 1192 1045 363 23 42 1
2 744 1193 1045 363 23 42 1
2 744 1194 1045 363 23 42 1
2 744 1195 1045 363 23 42 1
2 744 1196 1045 363 23 42 1
2 744 1197 1045 363 23 42 1
2 744 1198 1045 363 23 42 1
2 744 1199 1045 363 23 42 1
2 744 1200 1045 363 23 42 1
2 744 1201 1045 363 23 42 1
2 744 1202 1045 363 23 42 1
2 744 1203 1045 363 23 42 1
2 744 1204 1045 363 23 42 1
2 744 1205 1045 363 23 42 1
2 744 1206 1045 363 23 42 1
2 744 1207 1045 363 23 42 1
2 744 1208 1045 363 23 42 1
2 744 1209 1045 363 23 42 1
2 744 1210 1045 363 23 42 1
2 744 1211 1045 363 23 42 1
2 744 1212 1045 363 23 42 1
2 744 1213 1045 363 23 42 1
2 744 1214 1045 363 23 42 1
2 744 1215 1045 363 23 42 1
2 744 1216 1045 363 23 42 1
2 744 1217 1045 363 23 42 1
2 744 1218 1045 363 23 42 1
2 744 1219 1045 363 23 42 1
2 744 1220 1045 363 23 42 1
2 744 1221 1045 363 23 42 1
2 744 1222 1045 363 23 42 1
2 744 1223 1045 363 23 42 1
2 744 1224 1045 363 23 42 1
2 744 1225 1045 363 23 42 1
2 744 1226 1045 363 23 42 1
2 744 1227 1045 363 23 42 1
2 744 1228 1045 363 23 42 1
2 744 1229 1045 363 23 42 1
2 744 1230 1045 363 23 42 1
2 744 1231 1045 363 23 42 1
2 744 1232 1045 363 23 42 1
2 744 1233 1045 363 23 42 1
2 744 1234 1045 363 23 42 1
2 744 1235 1045 363 23 42 1
2 744 1236 1045 363 23 42 1
2 744 1237 1045 363 23 42 1
2 744 1238 1045 363 23 42 1
2 744 1239 1045 363 23 42 1
2 744 1240 1045 363 23 42 1
2 744 1241 1045 363 23 42 1
2 744 1242 1045 363 23 42 1
2 744 1243 1045 363 23 42 1
2 744 1244 1045 363 23 42 1
2 744 1245 1045 363 23 42 1
2 744 1246 1045 363 23 42 1
2 744 1247 1045 363 23 42 1
2 744 1248 1045 363 23 42 1
2 744 1249 1045 363 23 42 1
2 744 1250 1045 363 23 42 1
2 744 1251 1045 363 23 42 1
2 744 1252 1045 363 23 42 1
2 744 1253 1045 363 23 42 1
2 744 1254 1045 363 23 42 1
2 744 1255 1045 363 23 42 1
2 744 1256 1045 363 23 42 1
2 744 1257 1045 363 23 42 1
2 744 1258 1045 363 23 42 1
2 744 1259 1045 363 23 42 1
2 744 1260 1045 363 23 42 1
2 744 1261 1045 363 23 42 1
2 744 1262 1045 363 23 42 1
2 744 1263 1045 363 23 42 1
2 744 1264 1045 363 23 42 1
2 744 1265 1045 363 23 42 1
2 744 1266 1045 363 23 42 1
2 744 1267 1045 363 23 42 1
2 744 1268 1045 363 23 42 1
2 744 1269 1045 363 23 42 1
2 744 1270 1045 363 23 42 1
2 744 1271 1045 363 23 42 1
2 744 1272 1045 363 23 42 1
2 744 1273 1045 362 23 42 1
2 744 1274 1045 362 23 42 1
2 744 1275 1045 362 23 42 1
2 744 1276 1045 362 23 42 1
2 744 1277 1045 362 23 42 1
2 744 1278 1045 362 23 42 1
2 744 1279 1045 362 23 42 1
2 744 1280 1045 362 23 42 1
2 744 1281 1045 362 23 42 1
2 744 1282 1045 362 23 42 1
2 744 1283 1045 362 23 42 1
2 744 1284 1045 362 23 42 1
2 744 1285 1045 362 23 42 1
2 744 1286 1045 362 23 42 1
2 744 1287 1045 362 23 42 1
2 744 1288 1045 362 23 42 1
2 744 1289 1045 362 23 42 1
2 744 1290 1045 362 23 42 1
2 744 1291 1045 362 23 42 1
2 744 1292 1045 362 23 42 1
2 744 1293 1045 362 23 42 1
2 744 1294 1045 362 23 42 1
2 744 1295 1045 362 23 42 1
2 744 1296 1045 362 23 42 1
2 744 1297 1045 362 23 42 1
2 744 1298 1045 362 23 42 1
2 744 1299 1045 362 23 42 1
2 744 1300 1045 362 23 42 1
2 744 1301 1045 362 23 42 1
2 744 1302 1045 362 23 42 1
2 744 1303 1045 362 23 42 1
2 744 1304 1045 362 23 42 1
2 744 1305 1045 362 23 42 1
2 744 1306 1045 362 23 42 1
2 744 1307 1045 362 23 42 1
2 744 1308 1045 362 23 42 1
2 744 1309 1045 362 23 42 1
2 744 1310 1045 362 23 42 1
2 744 1311 1045 362 23 42 1
2 744 1312 1045 362 23 42 1
2 744 1313 1045 362 23 42 1
2 744 1314 1045 362 23 42 1
2 744 1315 1045 362 23 42 1
2 744 1316 1045 362 23 42 1
2 744 1317 1045 362 23 42 1
2 744 1318 1045 362 23 42 1
2 744 1319 1045 362 23 42 1
2 744 1320 1045 362 23 42 1
2 744 1321 1045 362 23 42 1
2 744 1322 1045 362 23 42 1
2 744 1323 1045 362 23 42 1
2 744 1324 1045 362 23 42 1
2 744 1325 1045 362 23 42 1
2 744 1326 1045 362 23 42 1
2 744 1327 1045 362 23 42 1
2 744 1328 1045 362 23 42 1
2 744 1329 1045 362 23 42 1
2 744 1330 1045 362 23 42 1
2 744 1331 1045 362 23 42 1
2 744 1332 1045 362 23 42 1
2 744 1333 1045 362 23 42 1
2 744 1334 1045 362 23 42 1
2 744 1335 1045 362 23 42 1
2 744 1336 1045 362 23 42 1
2 744 1337 1045 362 23 42 1
2 744 1338 1045 362 23 42 1
2 744 1339 1045 362 23 42 1
2 744 1340 1045 362 23 42 1
2 744 1341 1045 362 23 42 1
2 744 1342 1045 362 23 42 1
2 744 1343 1045 362 23 42 1
2 744 1344 1045 362 23 42 1
2 744 1345 1045 362 23 42 1
2 744 1346 1045 362 23 42 1
2 744 1347 1045 362 23 42 1
2 744 1348 1045 362 23 42 1
2 744 1349 1045 362 23 42 1
2 744 1350 1045 362 23 42 1
2 744 1351 1045 362 23 42 1
2 744 1352 1045 362 23 42 1
2 744 1353 1045 362 23 42 1
2 744 1354 1045 362 23 42 1
2 744 1355 1045 362 23 42 1
2 744 1356 1045 362 23 42 1
2 744 1357 1045 362 23 42 1
2 744 1358 1045 362 23 42 1
2 744 1359 1045 362 23 42 1
2 744 1360 1045 362 23 42 1
2 744 1361 1045 362 23 42 1
2 744 1362 1045 362 23 42 1
2 744 1363 1045 362 23 42 1
2 744 1364 1045 362 23 42 1
2 744 1365 1045 362 23 42 1
2 744 1366 1045 362 23 42 1
2 744 1367 1045 362 23 42 1
2 744 1368 1045 362 23 42 1
2 744 1369 1045 362 23 42 1
2 744 1370 1045 362 23 42 1
2 744 1371 1045 362 23 42 1
2 744 1372 1045 362 23 42 1
2 744 1373 1045 362 23 42 1
2 744 1374 1045 362 23 42 1
2 744 1375 1045 362 23 42 1
2 744 1376 1045 362 23 42 1
2 744 1377 1046 362 23 42 1
2 744 1378 1046 362 23 42 1
2 744 1379 1047 362 23 42 1
2 744 1380 1048 362 23 42 1
2 744 1381 1048 362 23 42 1
2 744 1382 1049 362 23 42 1
2 744 1383 1050 362 23 42 1
2 744 1384 1051 362 23 42 1
2 744 1385 1051 362 23 42 1
2 744 1386 1052 362 23 42 1
2 744 1387 1053 362 23 42 1
2 744 1388 1054 362 23 42 1
2 744 1389 1054 362 23 42 1
2 744 1390 1055 362 23 42 1
2 744 1391 1056 362 23 42 1
2 744 1392 1057 362 23 42 1
2 744 1393 1057 362 23 42 1
2 744 1394 1058 362 23 42 1
2 744 1395 1059 362 23 42 1
2 744 1396 1060 363 23 42 1
2 744 1397 1060 363 23 42 1
2 744 1398 1061 363 23 42 1
2 744 1399 1062 363 23 42 1
2 744 1400 1062 363 23 42 1
2 744 1401 1063 363 23 42 1
2 744 1402 1064 363 23 42 1
2 744 1403 1065 363 23 42 1
2 744 1404 1065 363 23 42 1
2 744 1405 1066 363 23 42 1
2 744 1406 1067 363 23 42 1
2 744 1407 1068 363 23 42 1
2 744 1408 1068 363 23 42 1
2 744 1409 1069 363 23 42 1
2 744 1410 1070 363 23 42 1
2 744 1411 1071 363 23 42 1
2 744 1412 1071 363 23 42 1
2 744 1413 1072 363 23 42 1
2 744 1414 1073 363 23 42 1
2 744 1415 1074 364 23 42 1
2 744 1416 1074 364 23 42 1
2 744 1417 1075 364 23 42 1
2 744 1418 1076 364 23 42 1
2 744 1419 1076 364 24 42 1
2 744 1420 1077 364 24 42 1
2 744 1421 1078 365 23 41 1
2 744 1422 1078 365 24 41 1
2 744 1423 1079 365 24 41 1
2 744 1424 1080 365 24 41 1
2 744 1425 1080 365 25 41 1
2 744 1426 1081 365 25 41 1
2 744 1427 1082 366 24 40 1
2 744 1428 1082 366 25 41 1
2 744 1429 1083 366 25 41 1
2 744 1430 1084 366 25 41 1
2 744 1431 1084 366 26 41 1
2 744 1432 1085 366 26 41 1
2 744 1433 1086 367 25 40 1
2 744 1434 1086 367 26 40 1
2 744 1435 1087 367 26 40 1
2 744 1436 1088 367 26 40 1
2 744 1437 1088 367 27 40 1
2 744 1438 1089 367 27 40 1
2 744 1439 1090 368 26 39 1
2 744 1440 1090 368 27 40 1
2 744 1441 1091 368 27 40 1
2 744 1442 1092 368 27 40 1
2 744 1443 1092 368 28 40 1
2 744 1444 1093 368 28 40 1
2 744 1445 1094 369 27 39 1
2 744 1446 1094 369 28 39 1
2 744 1447 1095 369 28 39 1
2 744 1448 1096 369 28 39 1
2 744 1449 1096 369 29 39 1
2 744 1450 1097 369 29 39 1
2 744 1451 1098 370 29 39 1
2 744 1452 1098 370 29 39 1
2 744 1453 1098 370 29 39 1
2 744 1454 1098 370 29 39 1
2 744 1455 1098 370 29 39 1
2 744 1456 1098 370 29 39 1
2 744 1457 1098 370 29 39 1
2 744 1458 1098 370 29 39 1
2 744 1459 1098 370 29 39 1
2 744 1460 1098 370 29 39 1
2 744 1461 1098 370 29 39 1
2 744 1462 1098 370 29 39 1
2 744 1463 1098 370 29 39 1
2 744 1464 1098 370 29 39 1
2 744 1465 1098 370 29 39 1
2 744 1466 1098 370 29 39 1
2 744 1467 1098 370 29 39 1
2 744 1468 1098 370 29 39 1
3 1469 0 981 352 71 49 2
3 1469 1 981 352 71 49 2
3 1469 2 981 352 71 49 2
3 1469 3 981 352 71 49 2
3 1469 4 981 352 71 49 2
3 1469 5 981 352 71 49 2
3 1469 6 981 352 71 49 2
3 1469 7 981 352 71 49 2
3 1469 8 981 352 71 49 2
3 1469 9 981 352 71 49 2
3 1469 10 981 352 71 49 2
3 1469 11 981 352 71 49 2
3 1469 12 981 352 71 49 2
3 1469 13 981 352 71 49 2
3 1469 14 981 352 71 49 2
3 1469 15 981 352 71 49 2
3 1469 16 981 352 71 49 2
3 1469 17 981 352 71 49 2
3 1469 18 981 352 71 49 2
3 1469 19 981 352 71 49 2
3 1469 20 981 352 71 49 2
3 1469 21 981 352 71 49 2
3 1469 22 981 352 71 49 2
3 1469 23 981 352 71 49 2
3 1469 24 981 352 71 49 2
3 1469 25 981 352 71 49 2
3 1469 26 981 352 71 49 2
3 1469 27 981 352 71 49 2
3 1469 28 981 352 71 49 2
3 1469 29 981 352 71 49 2
3 1469 30 981 352 71 49 2
3 1469 31 981 352 71 49 2
3 1469 32 981 352 71 49 2
3 1469 33 981 352 71 49 2
3 1469 34 981 352 71 49 2
3 1469 35 981 352 71 49 2
3 1469 36 981 352 71 49 2
3 1469 37 981 352 71 49 2
3 1469 38 981 352 71 49 2
3 1469 39 981 352 71 49 2
3 1469 40 981 352 71 49 2
3 1469 41 981 352 71 49 2
3 1469 42 981 352 71 49 2
3 1469 43 981 352 71 49 2
3 1469 44 981 352 71 49 2
3 1469 45 981 352 71 49 2
3 1469 46 981 352 71 49 2
3 1469 47 981 352 71 49 2
3 1469 48 981 352 71 49 2
3 1469 49 981 352 71 49 2
3 1469 50 981 352 71 49 2
3 1469 51 981 352 71 49 2
3 1469 52 981 352 71 49 2
3 1469 53 981 352 71 49 2
3 1469 54 981 352 71 49 2
3 1469 55 981 352 71 49 2
3 1469 56 981 352 71 49 2
3 1469 57 981 352 71 49 2
3 1469 58 981 352 71 49 2
3 1469 59 981 352 71 49 2
3 1469 60 981 352 71 49 2
3 1469 61 981 352 71 49 2
3 1469 62 981 352 71 49 2
3 1469 63 981 352 71 49 2
3 1469 64 981 352 71 49 2
3 1469 65 981 352 71 49 2
3 1469 66 981 352 71 49 2
3 1469 67 981 352 71 49 2
3 1469 68 981 352 71 49 2
3 1469 69 981 352 71 49 2
3 1469 70 981 352 71 49 2
3 1469 71 981 352 71 49 2
3 1469 72 981 352 71 49 2
3 1469 73 981 352 71 49 2
3 1469 74 981 352 71 49 2
3 1469 75 981 352 71 49 2
3 1469 76 981 352 71 49 2
3 1469 77 981 352 71 49 2
3 1469 78 981 352 71 49 2
3 1469 79 981 352 71 49 2
3 1469 80 981 352 71 49 2
3 1469 81 981 352 71 49 2
3 1469 82 981 352 71 49 2
3 1469 83 981 352 71 49 2
3 1469 84 981 352 71 49 2
3 1469 85 981 352 71 49 2
3 1469 86 981 352 71 49 2
3 1469 87 981 352 71 49 2
3 1469 88 981 352 71 49 2
3 1469 89 981 352 71 49 2
3 1469 90 981 352 71 49 2
3 1469 91 981 352 71 49 2
3 1469 92 981 352 71 49 2
3 1469 93 981 352 71 49 2
3 1469 94 981 352 71 49 2
3 1469 95 981 352 71 49 2
3 1469 96 981 352 71 49 2
3 1469 97 981 352 71 49 2
3 1469 98 981 352 71 49 2
3 1469 99 981 352 71 49 2
3 1469 100 981 352 71 49 2
3 1469 101 981 352 71 49 2
3 1469 102 981 352 71 49 2
3 1469 103 981 352 71 49 2
3 1469 104 981 352 71 49 2
3 1469 105 981 352 71 49 2
3 1469 106 981 352 71 49 2
3 1469 107 981 352 71 49 2
3 1469 108 981 352 71 49 2
3 1469 109 981 352 71 49 2
3 1469 110 981 352 71 49 2
3 1469 111 981 352 71 49 2
3 1469 112 981 352 71 49 2
3 1469 113 981 352 71 49 2
3 1469 114 981 352 71 49 2
3 1469 115 981 352 71 49 2
3 1469 116 981 352 71 49 2
3 1469 117 981 352 71 49 2
3 1469 118 981 352 71 49 2
3 1469 119 981 352 71 49 2
3 1469 120 981 352 71 49 2
3 1469 121 981 352 71 49 2
3 1469 122 981 352 71 49 2
3 1469 123 981 352 71 49 2
3 1469 124 981 352 71 49 2
3 1469 125 981 352 71 49 2
3 1469 126 981 352 71 49 2
3 1469 127 981 352 71 49 2
3 1469 128 981 352 71 49 2
3 1469 129 981 352 71 49 2
3 1469 130 981 352 71 49 2
3 1469 131 981 352 71 49 2
3 1469 132 981 352 71 49 2
3 1469 133 981 352 71 49 2
3 1469 134 981 352 71 49 2
3 1469 135 981 352 71 49 2
3 1469 136 981 352 71 49 2
3 1469 137 981 352 71 49 2
3 1469 138 981 352 71 49 2
3 1469 139 981 352 71 49 2
3 1469 140 981 352 71 49 2
3 1469 141 981 352 71 49 2
3 1469 142 981 352 71 49 2
3 1469 143 981 352 71 49 2
3 1469 144 981 352 71 49 2
3 1469 145 981 352 71 49 2
3 1469 146 981 352 71 49 2
3 1469 147 981 352 71 49 2
3 1469 148 981 352 71 49 2
3 1469 149 981 352 71 49 2
3 1469 150 981 352 71 49 2
3 1469 151 981 352 71 49 2
3 1469 152 981 352 71 49 2
3 1469 153 981 352 71 49 2
3 1469 154 981 352 71 49 2
3 1469 155 981 352 71 49 2
3 1469 156 981 352 71 49 2
3 1469 157 981 352 71 49 2
3 1469 158 981 352 71 49 2
3 1469 159 981 352 71 49 2
3 1469 160 981 352 71 49 2
3 1469 161 981 352 71 49 2
3 1469 162 981 352 71 49 2
3 1469 163 981 352 71 49 2
3 1469 164 981 352 71 49 2
3 1469 165 981 352 71 49 2
3 1469 166 981 352 71 49 2
3 1469 167 981 352 71 49 2
3 1469 168 981 352 71 49 2
3 1469 169 981 352 71 49 2
3 1469 170 981 352 71 49 2
3 1469 171 981 352 71 49 2
3 1469 172 981 352 71 49 2
3 1469 173 981 352 71 49 2
3 1469 174 981 352 71 49 2
3 1469 175 981 352 71 49 2
3 1469 176 981 352 71 49 2
3 1469 177 981 352 71 49 2
3 1469 178 981 352 71 49 2
3 1469 179 981 352 71 49 2
3 1469 180 981 352 71 49 2
3 1469 181 981 352 71 49 2
3 1469 182 981 352 71 49 2
3 1469 183 981 352 71 49 2
3 1469 184 981 352 71 49 2
3 1469 185 981 352 71 49 2
3 1469 186 981 352 71 49 2
3 1469 187 981 352 71 49 2
3 1469 188 981 352 71 49 2
3 1469 189 981 352 71 49 2
3 1469 190 981 352 71 49 2
3 1469 191 981 352 71 49 2
3 1469 192 981 352 71 49 2
3 1469 193 981 352 71 49 2
3 1469 194 981 352 71 49 2
3 1469 195 981 352 71 49 2
3 1469 196 981 352 71 49 2
3 1469 197 981 352 71 49 2
3 1469 198 981 352 71 49 2
3 1469 199 981 352 71 49 2
3 1469 200 981 352 71 49 2
3 1469 201 981 352 71 49 2
3 1469 202 981 352 71 49 2
3 1469 203 981 352 71 49 2
3 1469 204 981 352 71 49 2
3 1469 205 981 352 71 49 2
3 1469 206 981 352 71 49 2
3 1469 207 981 352 71 49 2
3 1469 208 981 352 71 49 2
3 1469 209 981 352 71 49 2
3 1469 210 981 352 71 49 2
3 1469 211 981 352 71 49 2
3 1469 212 981 352 71 49 2
3 1469 213 981 352 71 49 2
3 1469 214 981 352 71 49 2
3 1469 215 981 352 71 49 2
3 1469 216 981 352 71 49 2
3 1469 217 981 352 71 49 2
3 1469 218 981 352 71 49 2
3 1469 219 981 352 71 49 2
3 1469 220 981 352 71 49 2
3 1469 221 981 352 71 49 2
3 1469 222 981 352 71 49 2
3 1469 223 981 352 71 49 2
3 1469 224 981 352 71 49 2
3 1469 225 981 352 71 49 2
3 1469 226 981 352 71 49 2
3 1469 227 981 352 71 49 2
3 1469 228 981 352 71 49 2
3 1469 229 981 352 71 49 2
3 1469 230 981 352 71 49 2
3 1469 231 981 352 71 49 2
3 1469 232 981 352 71 49 2
3 1469 233 981 352 71 49 2
3 1469 234 981 352 71 49 2
3 1469 235 981 352 71 49 2
3 1469 236 981 352 71 49 2
3 1469 237 981 352 71 49 2
3 1469 238 981 352 71 49 2
3 1469 239 981 352 71 49 2
3 1469 240 981 352 71 49 2
3 1469 241 981 352 71 49 2
3 1469 242 981 352 71 49 2
3 1469 243 981 352 71 49 2
3 1469 244 981 352 71 49 2
3 1469 245 981 352 71 49 2
3 1469 246 981 352 71 49 2
3 1469 247 981 352 71 49 2
3 1469 248 981 352 71 49 2
3 1469 249 981 352 71 49 2
3 1469 250 981 352 71 49 2
3 1469 251 981 352 71 49 2
3 1469 252 981 352 71 49 2
3 1469 253 981 352 71 49 2
3 1469 254 981 352 71 49 2
3 1469 255 981 352 71 49 2
3 1469 256 981 352 71 49 2
3 1469 257 981 352 71 49 2
3 1469 258 981 352 71 49 2
3 1469 259 981 352 71 49 2
3 1469 260 981 352 71 49 2
3 1469 261 981 352 71 49 2
3 1469 262 981 352 71 49 2
3 1469 263 981 352 71 49 2
3 1469 264 981 352 71 49 2
3 1469 265 981 352 71 49 2
3 1469 266 981 352 71 49 2
3 1469 267 981 352 71 49 2
3 1469 268 981 352 71 49 2
3 1469 269 981 352 71 49 2
3 1469 270 981 352 71 49 2
3 1469 271 981 352 71 49 2
3 1469 272 981 352 71 49 2
3 1469 273 981 352 71 49 2
3 1469 274 981 352 71 49 2
3 1469 275 981 352 71 49 2
3 1469 276 981 352 71 49 2
3 1469 277 981 352 71 49 2
3 1469 278 981 352 71 49 2
3 1469 279 981 352 71 49 2
3 1469 280 981 352 71 49 2
3 1469 281 981 352 71 49 2
3 1469 282 981 352 71 49 2
3 1469 283 981 352 71 49 2
3 1469 284 981 352 71 49 2
3 1469 285 981 352 71 49 2
3 1469 286 981 352 71 49 2
3 1469 287 981 352 71 49 2
3 1469 288 981 352 71 49 2
3 1469 289 981 352 71 49 2
3 1469 290 981 352 71 49 2
3 1469 291 981 352 71 49 2
3 1469 292 981 352 71 49 2
3 1469 293 981 352 71 49 2
3 1469 294 981 352 71 49 2
3 1469 295 981 352 71 49 2
3 1469 296 981 352 71 49 2
3 1469 297 981 352 71 49 2
3 1469 298 981 352 71 49 2
3 1469 299 981 352 71 49 2
3 1469 300 981 352 71 49 2
3 1469 301 981 352 71 49 2
3 1469 302 981 352 71 49 2
3 1469 303 981 352 71 49 2
3 1469 304 981 352 71 49 2
3 1469 305 981 352 71 49 2
3 1469 306 981 352 71 49 2
3 1469 307 981 352 71 49 2
3 1469 308 981 352 71 49 2
3 1469 309 981 352 71 49 2
3 1469 310 981 352 71 49 2
3 1469 311 981 352 71 49 2
3 1469 312 981 352 71 49 2
3 1469 313 981 352 71 49 2
3 1469 314 981 352 71 49 2
3 1469 315 981 352 71 49 2
3 1469 316 981 352 71 49 2
3 1469 317 981 352 71 49 2
3 1469 318 981 352 71 49 2
3 1469 319 981 352 71 49 2
3 1469 320 981 352 71 49 2
3 1469 321 981 352 71 49 2
3 1469 322 981 352 71 49 2
3 1469 323 981 352 71 49 2
3 1469 324 981 352 71 49 2
3 1469 325 981 352 71 49 2
3 1469 326 981 352 71 49 2
3 1469 327 981 352 71 49 2
3 1469 328 981 352 71 49 2
3 1469 329 981 352 71 49 2
3 1469 330 981 352 71 49 2
3 1469 331 981 352 71 49 2
3 1469 332 981 352 71 49 2
3 1469 333 981 352 71 49 2
3 1469 334 981 352 71 49 2
3 1469 335 981 352 71 49 2
3 1469 336 981 352 71 49 2
3 1469 337 981 352 71 49 2
3 1469 338 981 352 71 49 2
3 1469 339 981 352 71 49 2
3 1469 340 981 352 71 49 2
3 1469 341 981 352 71 49 2
3 1469 342 981 352 71 49 2
3 1469 343 981 352 71 49 2
3 1469 344 981 352 71 49 2
3 1469 345 981 352 71 49 2
3 1469 346 981 352 71 49 2
3 1469 347 981 352 71 49 2
3 1469 348 981 352 71 49 2
3 1469 349 981 352 71 49 2
3 1469 350 981 352 71 49 2
3 1469 351 981 352 71 49 2
3 1469 352 981 352 71 49 2
3 1469 353 981 352 71 49 2
3 1469 354 981 352 71 49 2
3 1469 355 981 352 71 49 2
3 1469 356 981 352 71 49 2
3 1469 357 981 352 71 49 2
3 1469 358 981 352 71 49 2
3 1469 359 981 352 71 49 2
3 1469 360 981 352 71 49 2
3 1469 361 981 352 71 49 2
3 1469 362 981 352 71 49 2
3 1469 363 981 352 71 49 2
3 1469 364 981 352 71 49 2
3 1469 365 981 352 71 49 2
3 1469 366 981 352 71 49 2
3 1469 367 981 352 71 49 2
3 1469 368 981 352 71 49 2
3 1469 369 981 352 71 49 2
3 1469 370 981 352 71 49 2
3 1469 371 981 352 71 49 2
3 1469 372 981 352 71 49 2
3 1469 373 981 352 71 49 2
3 1469 374 981 352 71 49 2
3 1469 375 981 352 71 49 2
3 1469 376 981 352 71 49 2
3 1469 377 981 352 71 49 2
3 1469 378 981 352 71 49 2
3 1469 379 981 352 71 49 2
3 1469 380 981 352 71 49 2
3 1469 381 981 352 71 49 2
3 1469 382 981 352 71 49 2
3 1469 383 981 352 71 49 2
3 1469 384 981 352 71 49 2
3 1469 385 981 352 71 49 2
3 1469 386 981 352 71 49 2
3 1469 387 981 352 71 49 2
3 1469 388 981 352 71 49 2
3 1469 389 981 352 71 49 2
3 1469 390 981 352 71 49 2
3 1469 391 981 352 71 49 2
3 1469 392 981 352 71 49 2
3 1469 393 981 352 71 49 2
3 1469 394 981 352 71 49 2
3 1469 395 981 352 71 49 2
3 1469 396 981 352 71 49 2
3 1469 397 981 352 71 49 2
3 1469 398 981 352 71 49 2
3 1469 399 981 352 71 49 2
3 1469 400 981 352 71 49 2
3 1469 401 981 352 71 49 2
3 1469 402 981 352 71 49 2
3 1469 403 981 352 71 49 2
3 1469 404 981 352 71 49 2
3 1469 405 981 352 71 49 2
3 1469 406 981 352 71 49 2
3 1469 407 981 352 71 49 2
3 1469 408 981 352 71 49 2
3 1469 409 981 352 71 49 2
3 1469 410 981 352 71 49 2
3 1469 411 981 352 71 49 2
3 1469 412 981 352 71 49 2
3 1469 413 981 352 71 49 2
3 1469 414 981 352 71 49 2
3 1469 415 981 352 71 49 2
3 1469 416 981 352 71 49 2
3 1469 417 981 352 71 49 2
3 1469 418 981 352 71 49 2
3 1469 419 981 352 71 49 2
3 1469 420 981 352 71 49 2
3 1469 421 981 352 71 49 2
3 1469 422 981 352 71 49 2
3 1469 423 981 352 71 49 2
3 1469 424 981 352 71 49 2
3 1469 425 981 352 71 49 2
3 1469 426 981 352 71 49 2
3 1469 427 981 352 71 49 2
3 1469 428 981 352 71 49 2
3 1469 429 981 352 71 49 2
3 1469 430 981 352 71 49 2
3 1469 431 981 352 71 49 2
3 1469 432 981 352 71 49 2
3 1469 433 981 352 71 49 2
3 1469 434 981 352 71 49 2
3 1469 435 981 352 71 49 2
3 1469 436 981 352 71 49 2
3 1469 437 981 352 71 49 2
3 1469 438 981 352 71 49 2
3 1469 439 981 352 71 49 2
3 1469 440 981 352 71 49 2
3 1469 441 981 352 71 49 2
3 1469 442 981 352 71 49 2
3 1469 443 981 352 71 49 2
3 1469 444 981 352 71 49 2
3 1469 445 981 352 71 49 2
3 1469 446 981 352 71 49 2
3 1469 447 981 352 71 49 2
3 1469 448 981 352 71 49 2
3 1469 449 981 352 71 49 2
3 1469 450 981 352 71 49 2
3 1469 451 981 352 71 49 2
3 1469 452 981 352 71 49 2
3 1469 453 981 352 71 49 2
3 1469 454 981 352 71 49 2
3 1469 455 981 352 71 49 2
3 1469 456 981 352 71 49 2
3 1469 457 981 352 71 49 2
3 1469 458 981 352 71 49 2
3 1469 459 981 352 71 49 2
3 1469 460 981 352 71 49 2
3 1469 461 981 352 71 49 2
3 1469 462 981 352 71 49 2
3 1469 463 981 352 71 49 2
3 1469 464 981 352 71 49 2
3 1469 465 981 352 71 49 2
3 1469 466 981 352 71 49 2
3 1469 467 981 352 71 49 2
3 1469 468 981 352 71 49 2
3 1469 469 981 352 71 49 2
3 1469 470 981 352 71 49 2
3 1469 471 981 352 71 49 2
3 1469 472 981 352 71 49 2
3 1469 473 981 352 71 49 2
3 1469 474 981 352 71 49 2
3 1469 475 981 352 71 49 2
3 1469 476 981 352 71 49 2
3 1469 477 981 352 71 49 2
3 1469 478 981 352 71 49 2
3 1469 479 981 352 71 49 2
3 1469 480 981 352 71 49 2
3 1469 481 981 352 71 49 2
3 1469 482 981 352 71 49 2
3 1469 483 981 352 71 49 2
3 1469 484 981 352 71 49 2
3 1469 485 981 352 71 49 2
3 1469 486 981 352 71 49 2
3 1469 487 981 352 71 49 2
3 1469 488 981 352 71 49 2
3 1469 489 981 352 71 49 2
3 1469 490 981 352 71 49 2
3 1469 491 981 352 71 49 2
3 1469 492 981 352 71 49 2
3 1469 493 981 352 71 49 2
3 1469 494 981 352 71 49 2
3 1469 495 981 352 71 49 2
3 1469 496 981 352 71 49 2
3 1469 497 981 352 71 49 2
3 1469 498 981 352 71 49 2
3 1469 499 981 352 71 49 2
3 1469 500 981 352 71 49 2
3 1469 501 981 352 71 49 2
3 1469 502 981 352 71 49 2
3 1469 503 981 352 71 49 2
3 1469 504 981 352 71 49 2
3 1469 505 981 352 71 49 2
3 1469 506 981 352 71 49 2
3 1469 507 981 352 71 49 2
3 1469 508 981 352 71 49 2
3 1469 509 981 352 71 49 2
3 1469 510 981 352 71 49 2
3 1469 511 981 352 71 49 2
3 1469 512 981 352 71 49 2
3 1469 513 981 352 71 49 2
3 1469 514 981 352 71 49 2
3 1469 515 981 352 71 49 2
3 1469 516 981 352 71 49 2
3 1469 517 981 352 71 49 2
3 1469 518 981 352 71 49 2
3 1469 519 981 352 71 49 2
3 1469 520 981 352 71 49 2
3 1469 521 981 352 71 49 2
3 1469 522 981 352 71 49 2
3 1469 523 981 352 71 49 2
3 1469 524 981 352 71 49 2
3 1469 525 981 352 71 49 2
3 1469 526 981 352 71 49 2
3 1469 527 981 352 71 49 2
3 1469 528 981 352 71 49 2
3 1469 529 981 352 71 49 2
3 1469 530 981 352 71 49 2
3 1469 531 981 352 71 49 2
3 1469 532 981 352 71 49 2
3 1469 533 981 352 71 49 2
3 1469 534 981 352 71 49 2
3 1469 535 981 352 71 49 2
3 1469 536 981 352 71 49 2
3 1469 537 981 352 71 49 2
3 1469 538 981 352 71 49 2
3 1469 539 981 352 71 49 2
3 1469 540 981 352 71 49 2
3 1469 541 981 352 71 49 2
3 1469 542 981 352 71 49 2
3 1469 543 981 352 71 49 2
3 1469 544 981 352 71 49 2
3 1469 545 981 352 71 49 2
3 1469 546 981 352 71 49 2
3 1469 547 981 352 71 49 2
3 1469 548 981 352 71 49 2
3 1469 549 981 352 71 49 2
3 1469 550 981 352 71 49 2
3 1469 551 981 352 71 49 2
3 1469 552 981 352 71 49 2
3 1469 553 981 352 71 49 2
3 1469 554 981 352 71 49 2
3 1469 555 981 352 71 49 2
3 1469 556 981 352 71 49 2
3 1469 557 981 352 71 49 2
3 1469 558 981 352 71 49 2
3 1469 559 981 352 71 49 2
3 1469 560 981 352 71 49 2
3 1469 561 981 352 71 49 2
3 1469 562 981 352 71 49 2
3 1469 563 981 352 71 49 2
3 1469 564 981 352 71 49 2
3 1469 565 981 352 71 49 2
3 1469 566 981 352 71 49 2
3 1469 567 981 352 71 49 2
3 1469 568 981 352 71 49 2
3 1469 569 981 352 71 49 2
3 1469 570 981 352 71 49 2
3 1469 571 981 352 71 49 2
3 1469 572 981 352 71 49 2
3 1469 573 981 352 71 49 2
3 1469 574 981 352 71 49 2
3 1469 575 981 352 71 49 2
3 1469 576 981 352 71 49 2
3 1469 577 981 352 71 49 2
3 1469 578 981 352 71 49 2
3 1469 579 981 352 71 49 2
3 1469 580 981 352 71 49 2
3 1469 581 981 352 71 49 2
3 1469 582 981 352 71 49 2
3 1469 583 981 352 71 49 2
3 1469 584 981 352 71 49 2
3 1469 585 981 352 71 49 2
3 1469 586 981 352 71 49 2
3 1469 587 981 352 71 49 2
3 1469 588 981 352 71 49 2
3 1469 589 981 352 71 49 2
3 1469 590 981 352 71 49 2
3 1469 591 981 352 71 49 2
3 1469 592 981 352 71 49 2
3 1469 593 981 352 71 49 2
3 1469 594 981 352 71 49 2
3 1469 595 981 352 71 49 2
3 1469 596 981 352 71 49 2
3 1469 597 981 352 71 49 2
3 1469 598 981 352 71 49 2
3 1469 599 981 352 71 49 2
3 1469 600 981 352 71 49 2
3 1469 601 981 352 71 49 2
3 1469 602 981 352 71 49 2
3 1469 603 981 352 71 49 2
3 1469 604 981 352 71 49 2
3 1469 605 981 352 71 49 2
3 1469 606 981 352 71 49 2
3 1469 607 981 352 71 49 2
3 1469 608 981 352 71 49 2
3 1469 609 981 352 71 49 2
3 1469 610 981 352 71 49 2
3 1469 611 981 352 71 49 2
3 1469 612 981 352 71 49 2
3 1469 613 981 352 71 49 2
3 1469 614 981 352 71 49 2
3 1469 615 981 352 71 49 2
3 1469 616 981 352 71 49 2
3 1469 617 981 352 71 49 2
3 1469 618 981 352 71 49 2
3 1469 619 981 352 71 49 2
3 1469 620 981 352 71 49 2
3 1469 621 981 352 71 49 2
3 1469 622 981 352 71 49 2
3 1469 623 981 352 71 49 2
3 1469 624 981 352 71 49 2
3 1469 625 981 352 71 49 2
3 1469 626 981 352 71 49 2
3 1469 627 981 352 71 49 2
3 1469 628 981 352 71 49 2
3 1469 629 981 352 71 49 2
3 1469 630 981 352 71 49 2
3 1469 631 981 352 71 49 2
3 1469 632 981 352 71 49 2
3 1469 633 981 352 71 49 2
3 1469 634 981 352 71 49 2
3 1469 635 981 352 71 49 2
3 1469 636 981 352 71 49 2
3 1469 637 981 352 71 49 2
3 1469 638 981 352 71 49 2
3 1469 639 981 352 71 49 2
3 1469 640 981 352 71 49 2
3 1469 641 981 352 71 49 2
3 1469 642 981 352 71 49 2
3 1469 643 981 352 71 49 2
3 1469 644 981 352 71 49 2
3 1469 645 981 352 71 49 2
3 1469 646 981 352 71 49 2
3 1469 647 981 352 71 49 2
3 1469 648 981 352 71 49 2
3 1469 649 981 352 71 49 2
3 1469 650 981 352 71 49 2
3 1469 651 981 352 71 49 2
3 1469 652 981 352 71 49 2
3 1469 653 981 352 71 49 2
3 1469 654 981 352 71 49 2
3 1469 655 981 352 71 49 2
3 1469 656 981 352 71 49 2
3 1469 657 981 352 71 49 2
3 1469 658 981 352 71 49 2
3 1469 659 981 352 71 49 2
3 1469 660 981 352 71 49 2
3 1469 661 981 352 71 49 2
3 1469 662 981 352 71 49 2
3 1469 663 981 352 71 49 2
3 1469 664 981 352 71 49 2
3 1469 665 981 352 71 49 2
3 1469 666 981 352 71 49 2
3 1469 667 981 352 71 49 2
3 1469 668 981 352 71 49 2
3 1469 669 981 352 71 49 2
3 1469 670 981 352 71 49 2
3 1469 671 981 352 71 49 2
3 1469 672 981 352 71 49 2
3 1469 673 981 352 71 49 2
3 1469 674 981 352 71 49 2
3 1469 675 981 352 71 49 2
3 1469 676 981 352 71 49 2
3 1469 677 981 352 71 49 2
3 1469 678 981 352 71 49 2
3 1469 679 981 352 71 49 2
3 1469 680 981 352 71 49 2
3 1469 681 981 352 71 49 2
3 1469 682 981 352 71 49 2
3 1469 683 981 352 71 49 2
3 1469 684 981 352 71 49 2
3 1469 685 981 352 71 49 2
3 1469 686 981 352 71 49 2
3 1469 687 981 352 71 49 2
3 1469 688 981 352 71 49 2
3 1469 689 981 352 71 49 2
3 1469 690 981 352 71 49 2
3 1469 691 981 352 71 49 2
3 1469 692 981 352 71 49 2
3 1469 693 981 352 71 49 2
3 1469 694 981 352 71 49 2
3 1469 695 981 352 71 49 2
3 1469 696 981 352 71 49 2
3 1469 697 981 352 71 49 2
3 1469 698 981 352 71 49 2
3 1469 699 981 352 71 49 2
3 1469 700 981 352 71 49 2
3 1469 701 981 352 71 49 2
3 1469 702 981 352 71 49 2
3 1469 703 981 352 71 49 2
3 1469 704 981 352 71 49 2
3 1469 705 981 352 71 49 2
3 1469 706 981 352 71 49 2
3 1469 707 981 352 71 49 2
3 1469 708 981 352 71 49 2
3 1469 709 981 352 71 49 2
3 1469 710 981 352 71 49 2
3 1469 711 981 352 71 49 2
3 1469 712 981 352 71 49 2
3 1469 713 981 352 71 49 2
3 1469 714 981 352 71 49 2
3 1469 715 981 352 71 49 2
3 1469 716 981 352 71 49 2
3 1469 717 981 352 71 49 2
3 1469 718 981 352 71 49 2
3 1469 719 981 352 71 49 2
3 1469 720 981 352 71 49 2
3 1469 721 981 352 71 49 2
3 1469 722 981 352 71 49 2
3 1469 723 981 352 71 49 2
3 1469 724 981 352 71 49 2
3 1469 725 981 352 71 49 2
3 1469 726 981 352 71 49 2
3 1469 727 981 352 71 49 2
3 1469 728 981 352 71 49 2
3 1469 729 981 352 71 49 2
3 1469 730 981 352 71 49 2
3 1469 731 981 352 71 49 2
3 1469 732 981 352 71 49 2
3 1469 733 981 352 71 49 2
3 1469 734 981 352 71 49 2
3 1469 735 981 352 71 49 2
3 1469 736 981 352 71 49 2
3 1469 737 981 352 71 49 2
3 1469 738 981 352 71 49 2
3 1469 739 981 352 71 49 2
3 1469 740 981 352 71 49 2
3 1469 741 981 352 71 49 2
3 1469 742 981 352 71 49 2
3 1469 743 981 352 71 49 2
3 1469 744 981 352 71 49 2
3 1469 745 981 352 71 49 2
3 1469 746 981 352 71 49 2
3 1469 747 981 352 71 49 2
3 1469 748 981 352 71 49 2
3 1469 749 981 352 71 49 2
3 1469 750 981 352 71 49 2
3 1469 751 981 352 71 49 2
3 1469 752 981 352 71 49 2
3 1469 753 981 352 71 49 2
3 1469 754 981 352 71 49 2
3 1469 755 981 352 71 49 2
3 1469 756 981 352 71 49 2
3 1469 757 981 352 71 49 2
3 1469 758 981 352 71 49 2
3 1469 759 981 352 71 49 2
3 1469 760 981 352 71 49 2
3 1469 761 981 352 71 49 2
3 1469 762 981 352 71 49 2
3 1469 763 981 352 71 49 2
3 1469 764 981 352 71 49 2
3 1469 765 981 352 71 49 2
3 1469 766 981 352 71 49 2
3 1469 767 981 352 71 49 2
3 1469 768 981 352 71 49 2
3 1469 769 981 352 71 49 2
3 1469 770 981 352 71 49 2
3 1469 771 981 352 71 49 2
3 1469 772 981 352 71 49 2
3 1469 773 981 352 71 49 2
3 1469 774 981 352 71 49 2
3 1469 775 981 352 71 49 2
3 1469 776 981 352 71 49 2
3 1469 777 981 352 71 49 2
3 1469 778 981 352 71 49 2
3 1469 779 981 352 71 49 2
3 1469 780 981 352 71 49 2
3 1469 781 981 352 71 49 2
3 1469 782 981 352 71 49 2
3 1469 783 981 352 71 49 2
3 1469 784 981 352 71 49 2
3 1469 785 981 352 71 49 2
3 1469 786 981 352 71 49 2
3 1469 787 981 352 71 49 2
3 1469 788 981 352 71 49 2
3 1469 789 981 352 71 49 2
3 1469 790 981 352 71 49 2
3 1469 791 981 352 71 49 2
3 1469 792 981 352 71 49 2
3 1469 793 981 352 71 49 2
3 1469 794 981 352 71 49 2
3 1469 795 981 352 71 49 2
3 1469 796 981 352 71 49 2
3 1469 797 981 352 71 49 2
3 1469 798 981 352 71 49 2
3 1469 799 981 352 71 49 2
3 1469 800 981 352 71 49 2
3 1469 801 981 352 71 49 2
3 1469 802 981 352 71 49 2
3 1469 803 981 352 71 49 2
3 1469 804 981 352 71 49 2
3 1469 805 981 352 71 49 2
3 1469 806 981 352 71 49 2
3 1469 807 981 352 71 49 2
3 1469 808 981 352 71 49 2
3 1469 809 981 352 71 49 2
3 1469 810 981 352 71 49 2
3 1469 811 981 352 71 49 2
3 1469 812 981 352 71 49 2
3 1469 813 981 352 71 49 2
3 1469 814 981 352 71 49 2
3 1469 815 981 352 71 49 2
3 1469 816 981 352 71 49 2
3 1469 817 981 352 71 49 2
3 1469 818 981 352 71 49 2
3 1469 819 981 352 71 49 2
3 1469 820 981 352 71 49 2
3 1469 821 981 352 71 49 2
3 1469 822 981 352 71 49 2
3 1469 823 981 352 71 49 2
3 1469 824 981 352 71 49 2
3 1469 825 981 352 71 49 2
3 1469 826 981 352 71 49 2
3 1469 827 981 352 71 49 2
3 1469 828 981 352 71 49 2
3 1469 829 981 352 71 49 2
3 1469 830 981 352 71 49 2
3 1469 831 981 352 71 49 2
3 1469 832 981 352 71 49 2
3 1469 833 981 352 71 49 2
3 1469 834 981 352 71 49 2
3 1469 835 981 352 71 49 2
3 1469 836 981 352 71 49 2
3 1469 837 981 352 71 49 2
3 1469 838 981 352 71 49 2
3 1469 839 981 352 71 49 2
3 1469 840 981 352 71 49 2
3 1469 841 981 352 71 49 2
3 1469 842 981 352 71 49 2
3 1469 843 981 352 71 49 2
3 1469 844 981 352 71 49 2
3 1469 845 981 352 71 49 2
3 1469 846 981 352 71 49 2
3 1469 847 981 352 71 49 2
3 1469 848 981 352 71 49 2
3 1469 849 981 352 71 49 2
3 1469 850 981 352 71 49 2
3 1469 851 981 352 71 49 2
3 1469 852 981 352 71 49 2
3 1469 853 981 352 71 49 2
3 1469 854 981 352 71 49 2
3 1469 855 981 352 71 49 2
3 1469 856 981 352 71 49 2
3 1469 857 981 352 71 49 2
3 1469 858 981 352 71 49 2
3 1469 859 981 352 71 49 2
3 1469 860 981 352 71 49 2
3 1469 861 981 352 71 49 2
3 1469 862 981 352 71 49 2
3 1469 863 981 352 71 49 2
3 1469 864 981 352 71 49 2
3 1469 865 981 352 71 49 2
3 1469 866 981 352 71 49 2
3 1469 867 981 352 71 49 2
3 1469 868 981 352 71 49 2
3 1469 869 981 352 71 49 2
3 1469 870 981 352 71 49 2
3 1469 871 981 352 71 49 2
3 1469 872 981 352 71 49 2
3 1469 873 981 352 71 49 2
3 1469 874 981 352 71 49 2
3 1469 875 981 352 71 49 2
3 1469 876 981 352 71 49 2
3 1469 877 981 352 71 49 2
3 1469 878 981 352 71 49 2
3 1469 879 981 352 71 49 2
3 1469 880 981 352 71 49 2
3 1469 881 981 352 71 49 2
3 1469 882 981 352 71 49 2
3 1469 883 981 352 71 49 2
3 1469 884 981 352 71 49 2
3 1469 885 981 352 71 49 2
3 1469 886 981 352 71 49 2
3 1469 887 981 352 71 49 2
3 1469 888 981 352 71 49 2
3 1469 889 981 352 71 49 2
3 1469 890 981 352 71 49 2
3 1469 891 981 352 71 49 2
3 1469 892 981 352 71 49 2
3 1469 893 981 352 71 49 2
3 1469 894 981 352 71 49 2
3 1469 895 981 352 71 49 2
3 1469 896 981 352 71 49 2
3 1469 897 981 352 71 49 2
3 1469 898 981 352 71 49 2
3 1469 899 981 352 71 49 2
3 1469 900 981 352 71 49 2
3 1469 901 981 352 71 49 2
3 1469 902 981 352 71 49 2
3 1469 903 981 352 71 49 2
3 1469 904 981 352 71 49 2
3 1469 905 981 352 71 49 2
3 1469 906 981 352 71 49 2
3 1469 907 981 352 71 49 2
3 1469 908 981 352 71 49 2
3 1469 909 981 352 71 49 2
3 1469 910 981 352 71 49 2
3 1469 911 981 352 71 49 2
3 1469 912 981 352 71 49 2
3 1469 913 981 352 71 49 2
3 1469 914 981 352 71 49 2
3 1469 915 981 352 71 49 2
3 1469 916 981 352 71 49 2
3 1469 917 981 352 71 49 2
3 1469 918 981 352 71 49 2
3 1469 919 981 352 71 49 2
3 1469 920 981 352 71 49 2
3 1469 921 981 352 71 49 2
3 1469 922 981 352 71 49 2
3 1469 923 981 352 71 49 2
3 1469 924 981 352 71 49 2
3 1469 925 981 352 71 49 2
3 1469 926 981 352 71 49 2
3 1469 927 981 352 71 49 2
3 1469 928 981 352 71 49 2
3 1469 929 981 352 71 49 2
3 1469 930 981 352 71 49 2
3 1469 931 981 352 71 49 2
3 1469 932 981 352 71 49 2
3 1469 933 981 352 71 49 2
3 1469 934 981 352 71 49 2
3 1469 935 981 352 71 49 2
3 1469 936 981 352 71 49 2
3 1469 937 981 352 71 49 2
3 1469 938 981 352 71 49 2
3 1469 939 981 352 71 49 2
3 1469 940 981 352 71 49 2
3 1469 941 981 352 71 49 2
3 1469 942 981 352 71 49 2
3 1469 943 981 352 71 49 2
3 1469 944 981 352 71 49 2
3 1469 945 981 352 71 49 2
3 1469 946 981 352 71 49 2
3 1469 947 981 352 71 49 2
3 1469 948 981 352 71 49 2
3 1469 949 981 352 71 49 2
3 1469 950 981 352 71 49 2
3 1469 951 981 352 71 49 2
3 1469 952 981 352 71 49 2
3 1469 953 981 352 71 49 2
3 1469 954 981 352 71 49 2
3 1469 955 981 352 71 49 2
3 1469 956 981 352 71 49 2
3 1469 957 981 352 71 49 2
3 1469 958 981 352 71 49 2
3 1469 959 981 352 71 49 2
3 1469 960 981 352 71 49 2
3 1469 961 981 352 71 49 2
3 1469 962 981 352 71 49 2
3 1469 963 981 352 71 49 2
3 1469 964 981 352 71 49 2
3 1469 965 981 352 71 49 2
3 1469 966 981 352 71 49 2
3 1469 967 981 352 71 49 2
3 1469 968 981 352 71 49 2
3 1469 969 981 352 71 49 2
3 1469 970 981 352 71 49 2
3 1469 971 981 352 71 49 2
3 1469 972 981 352 71 49 2
3 1469 973 981 352 71 49 2
3 1469 974 981 352 71 49 2
3 1469 975 981 352 71 49 2
3 1469 976 981 352 71 49 2
3 1469 977 981 352 71 49 2
3 1469 978 981 352 71 49 2
3 1469 979 981 352 71 49 2
3 1469 980 981 352 71 49 2
3 1469 981 981 352 71 49 2
3 1469 982 981 352 71 49 2
3 1469 983 981 352 71 49 2
3 1469 984 981 352 71 49 2
3 1469 985 981 352 71 49 2
3 1469 986 981 352 71 49 2
3 1469 987 981 352 71 49 2
3 1469 988 981 352 71 49 2
3 1469 989 981 352 71 49 2
3 1469 990 981 352 71 49 2
3 1469 991 981 352 71 49 2
3 1469 992 981 352 71 49 2
3 1469 993 981 352 71 49 2
3 1469 994 981 352 71 49 2
3 1469 995 981 352 71 49 2
3 1469 996 981 352 71 49 2
3 1469 997 981 352 71 49 2
3 1469 998 981 352 71 49 2
3 1469 999 981 352 71 49 2
3 1469 1000 981 352 71 49 2
3 1469 1001 981 352 71 49 2
3 1469 1002 981 352 71 49 2
3 1469 1003 981 352 71 49 2
3 1469 1004 981 352 71 49 2
3 1469 1005 981 352 71 49 2
3 1469 1006 981 352 71 49 2
3 1469 1007 981 352 71 49 2
3 1469 1008 981 352 71 49 2
3 1469 1009 981 352 71 49 2
3 1469 1010 981 352 71 49 2
3 1469 1011 981 352 71 49 2
3 1469 1012 981 352 71 49 2
3 1469 1013 981 352 71 49 2
3 1469 1014 981 352 71 49 2
3 1469 1015 981 352 71 49 2
3 1469 1016 981 352 71 49 2
3 1469 1017 981 352 71 49 2
3 1469 1018 981 352 71 49 2
3 1469 1019 981 352 71 49 2
3 1469 1020 981 352 71 49 2
3 1469 1021 981 352 71 49 2
3 1469 1022 981 352 71 49 2
3 1469 1023 981 352 71 49 2
3 1469 1024 981 352 71 49 2
3 1469 1025 981 352 71 49 2
3 1469 1026 981 352 71 49 2
3 1469 1027 981 352 71 49 2
3 1469 1028 981 352 71 49 2
3 1469 1029 981 352 71 49 2
3 1469 1030 981 352 71 49 2
3 1469 1031 981 352 71 49 2
3 1469 1032 981 352 71 49 2
3 1469 1033 981 352 71 49 2
3 1469 1034 981 352 71 49 2
3 1469 1035 981 352 71 49 2
3 1469 1036 981 352 71 49 2
3 1469 1037 981 352 71 49 2
3 1469 1038 981 352 71 49 2
3 1469 1039 981 352 71 49 2
3 1469 1040 981 352 71 49 2
3 1469 1041 981 352 71 49 2
3 1469 1042 981 352 71 49 2
3 1469 1043 981 352 71 49 2
3 1469 1044 981 352 71 49 2
3 1469 1045 981 352 71 49 2
3 1469 1046 981 352 71 49 2
3 1469 1047 981 352 71 49 2
3 1469 1048 981 352 71 49 2
3 1469 1049 981 352 71 49 2
3 1469 1050 981 352 71 49 2
3 1469 1051 981 352 71 49 2
3 1469 1052 981 352 71 49 2
3 1469 1053 981 352 71 49 2
3 1469 1054 981 352 71 49 2
3 1469 1055 981 352 71 49 2
3 1469 1056 981 352 71 49 2
3 1469 1057 981 352 71 49 2
3 1469 1058 981 352 71 49 2
3 1469 1059 981 352 71 49 2
3 1469 1060 981 352 71 49 2
3 1469 1061 981 352 71 49 2
3 1469 1062 981 352 71 49 2
3 1469 1063 981 352 71 49 2
3 1469 1064 981 352 71 49 2
3 1469 1065 981 352 71 49 2
3 1469 1066 981 352 71 49 2
3 1469 1067 981 352 71 49 2
3 1469 1068 981 352 71 49 2
3 1469 1069 981 352 71 49 2
3 1469 1070 981 352 71 49 2
3 1469 1071 981 352 71 49 2
3 1469 1072 981 352 71 49 2
3 1469 1073 981 352 71 49 2
3 1469 1074 981 352 71 49 2
3 1469 1075 981 352 71 49 2
3 1469 1076 981 352 71 49 2
3 1469 1077 981 352 71 49 2
3 1469 1078 981 352 71 49 2
3 1469 1079 981 352 71 49 2
3 1469 1080 981 352 71 49 2
3 1469 1081 981 352 71 49 2
3 1469 1082 981 352 71 49 2
3 1469 1083 981 352 71 49 2
3 1469 1084 981 352 71 49 2
3 1469 1085 981 352 71 49 2
3 1469 1086 981 352 71 49 2
3 1469 1087 981 352 71 49 2
3 1469 1088 981 352 71 49 2
3 1469 1089 981 352 71 49 2
3 1469 1090 981 352 71 49 2
3 1469 1091 981 352 71 49 2
3 1469 1092 981 352 71 49 2
3 1469 1093 981 352 71 49 2
3 1469 1094 981 352 71 49 2
3 1469 1095 981 352 71 49 2
3 1469 1096 981 352 71 49 2
3 1469 1097 981 352 71 49 2
3 1469 1098 981 352 71 49 2
3 1469 1099 981 352 71 49 2
3 1469 1100 981 352 71 49 2
3 1469 1101 981 352 71 49 2
3 1469 1102 981 352 71 49 2
3 1469 1103 981 352 71 49 2
3 1469 1104 981 352 71 49 2
3 1469 1105 981 352 71 49 2
3 1469 1106 981 352 71 49 2
3 1469 1107 981 352 71 49 2
3 1469 1108 981 352 71 49 2
3 1469 1109 981 352 71 49 2
3 1469 1110 981 352 71 49 2
3 1469 1111 981 352 71 49 2
3 1469 1112 981 352 71 49 2
3 1469 1113 981 352 71 49 2
3 1469 1114 981 352 71 49 2
3 1469 1115 981 352 71 49 2
3 1469 1116 981 352 71 49 2
3 1469 1117 981 352 71 49 2
3 1469 1118 981 352 71 49 2
3 1469 1119 981 352 71 49 2
3 1469 1120 981 352 71 49 2
3 1469 1121 981 352 71 49 2
3 1469 1122 981 352 71 49 2
3 1469 1123 981 352 71 49 2
3 1469 1124 981 352 71 49 2
3 1469 1125 981 352 71 49 2
3 1469 1126 981 352 71 49 2
3 1469 1127 981 352 71 49 2
3 1469 1128 981 352 71 49 2
3 1469 1129 981 352 71 49 2
3 1469 1130 981 352 71 49 2
3 1469 1131 981 352 71 49 2
3 1469 1132 981 352 71 49 2
3 1469 1133 981 352 71 49 2
3 1469 1134 981 352 71 49 2
3 1469 1135 981 352 71 49 2
3 1469 1136 981 352 71 49 2
3 1469 1137 981 352 71 49 2
3 1469 1138 981 352 71 49 2
3 1469 1139 981 352 71 49 2
3 1469 1140 981 352 71 49 2
3 1469 1141 981 352 71 49 2
3 1469 1142 981 352 71 49 2
3 1469 1143 981 352 71 49 2
3 1469 1144 981 352 71 49 2
3 1469 1145 981 352 71 49 2
3 1469 1146 981 352 71 49 2
3 1469 1147 981 352 71 49 2
3 1469 1148 981 352 71 49 2
3 1469 1149 981 352 71 49 2
3 1469 1150 981 352 71 49 2
3 1469 1151 981 352 71 49 2
3 1469 1152 981 352 71 49 2
3 1469 1153 981 352 71 49 2
3 1469 1154 981 352 71 49 2
3 1469 1155 981 352 71 49 2
3 1469 1156 981 352 71 49 2
3 1469 1157 981 352 71 49 2
3 1469 1158 981 352 71 49 2
3 1469 1159 981 352 71 49 2
3 1469 1160 981 352 71 49 2
3 1469 1161 981 352 71 49 2
3 1469 1162 981 352 71 49 2
3 1469 1163 981 352 71 49 2
3 1469 1164 981 352 71 49 2
3 1469 1165 981 352 71 49 2
3 1469 1166 981 352 71 49 2
3 1469 1167 981 352 71 49 2
3 1469 1168 981 352 71 49 2
3 1469 1169 981 352 71 49 2
3 1469 1170 981 352 71 49 2
3 1469 1171 981 352 71 49 2
3 1469 1172 981 352 71 49 2
3 1469 1173 981 352 71 49 2
3 1469 1174 981 352 71 49 2
3 1469 1175 981 352 71 49 2
3 1469 1176 981 352 71 49 2
3 1469 1177 981 352 71 49 2
3 1469 1178 981 352 71 49 2
3 1469 1179 981 352 71 49 2
3 1469 1180 981 352 71 49 2
3 1469 1181 981 352 71 49 2
3 1469 1182 981 352 71 49 2
3 1469 1183 981 352 71 49 2
3 1469 1184 981 352 71 49 2
3 1469 1185 981 352 71 49 2
3 1469 1186 981 352 71 49 2
3 1469 1187 981 352 71 49 2
3 1469 1188 981 352 71 49 2
3 1469 1189 981 352 71 49 2
3 1469 1190 981 352 71 49 2
3 1469 1191 981 352 71 49 2
3 1469 1192 981 352 71 49 2
3 1469 1193 981 352 71 49 2
3 1469 1194 981 352 71 49 2
3 1469 1195 981 352 71 49 2
3 1469 1196 981 352 71 49 2
3 1469 1197 981 352 71 49 2
3 1469 1198 981 352 71 49 2
3 1469 1199 981 352 71 49 2
3 1469 1200 981 352 71 49 2
3 1469 1201 981 352 71 49 2
3 1469 1202 981 352 71 49 2
3 1469 1203 981 352 71 49 2
3 1469 1204 981 352 71 49 2
3 1469 1205 981 352 71 49 2
3 1469 1206 981 352 71 49 2
3 1469 1207 981 352 71 49 2
3 1469 1208 981 352 71 49 2
3 1469 1209 981 352 71 49 2
3 1469 1210 981 352 71 49 2
3 1469 1211 981 352 71 49 2
3 1469 1212 981 352 71 49 2
3 1469 1213 981 352 71 49 2
3 1469 1214 981 352 71 49 2
3 1469 1215 981 352 71 49 2
3 1469 1216 981 352 71 49 2
3 1469 1217 981 352 71 49 2
3 1469 1218 981 352 71 49 2
3 1469 1219 981 352 71 49 2
3 1469 1220 981 352 71 49 2
3 1469 1221 981 352 71 49 2
3 1469 1222 981 352 71 49 2
3 1469 1223 981 352 71 49 2
3 1469 1224 981 352 71 49 2
3 1469 1225 981 352 71 49 2
3 1469 1226 981 352 71 49 2
3 1469 1227 981 352 71 49 2
3 1469 1228 981 352 71 49 2
3 1469 1229 981 352 71 49 2
3 1469 1230 981 352 71 49 2
3 1469 1231 981 352 71 49 2
3 1469 1232 981 352 71 49 2
3 1469 1233 981 352 71 49 2
3 1469 1234 981 352 71 49 2
3 1469 1235 981 352 71 49 2
3 1469 1236 981 352 71 49 2
3 1469 1237 981 352 71 49 2
3 1469 1238 981 352 71 49 2
3 1469 1239 981 352 71 49 2
3 1469 1240 981 352 71 49 2
3 1469 1241 981 352 71 49 2
3 1469 1242 981 352 71 49 2
3 1469 1243 981 352 71 49 2
3 1469 1244 981 352 71 49 2
3 1469 1245 981 352 71 49 2
3 1469 1246 981 352 71 49 2
3 1469 1247 981 352 71 49 2
3 1469 1248 981 352 71 49 2
3 1469 1249 981 352 71 49 2
3 1469 1250 981 352 71 49 2
3 1469 1251 981 352 71 49 2
3 1469 1252 981 352 71 49 2
3 1469 1253 981 352 71 49 2
3 1469 1254 981 352 71 49 2
3 1469 1255 981 352 71 49 2
3 1469 1256 981 352 71 49 2
3 1469 1257 981 352 71 49 2
3 1469 1258 981 352 71 49 2
3 1469 1259 981 352 71 49 2
3 1469 1260 981 352 71 49 2
3 1469 1261 981 352 71 49 2
3 1469 1262 981 352 71 49 2
3 1469 1263 981 352 71 49 2
3 1469 1264 981 352 71 49 2
3 1469 1265 981 352 71 49 2
3 1469 1266 981 352 71 49 2
3 1469 1267 981 352 71 49 2
3 1469 1268 981 352 71 49 2
3 1469 1269 981 352 71 49 2
3 1469 1270 981 352 71 49 2
3 1469 1271 981 352 71 49 2
3 1469 1272 981 352 71 49 2
3 1469 1273 981 352 71 49 2
3 1469 1274 981 352 71 49 2
3 1469 1275 981 352 71 49 2
3 1469 1276 981 352 71 49 2
3 1469 1277 981 352 71 49 2
3 1469 1278 981 352 71 49 2
3 1469 1279 981 352 71 49 2
3 1469 1280 981 352 71 49 2
3 1469 1281 981 352 71 49 2
3 1469 1282 981 352 71 49 2
3 1469 1283 981 352 71 49 2
3 1469 1284 981 352 71 49 2
3 1469 1285 981 352 71 49 2
3 1469 1286 981 352 71 49 2
3 1469 1287 981 352 71 49 2
3 1469 1288 981 352 71 49 2
3 1469 1289 981 352 71 49 2
3 1469 1290 981 352 71 49 2
3 1469 1291 981 352 71 49 2
3 1469 1292 981 352 71 49 2
3 1469 1293 981 352 71 49 2
3 1469 1294 981 352 71 49 2
3 1469 1295 981 352 71 49 2
3 1469 1296 981 352 71 49 2
3 1469 1297 981 352 71 49 2
3 1469 1298 981 352 71 49 2
3 1469 1299 981 352 71 49 2
3 1469 1300 981 352 71 49 2
3 1469 1301 981 352 71 49 2
3 1469 1302 981 352 71 49 2
3 1469 1303 981 352 71 49 2
3 1469 1304 981 352 71 49 2
3 1469 1305 981 352 71 49 2
3 1469 1306 981 352 71 49 2
3 1469 1307 981 352 71 49 2
3 1469 1308 981 352 71 49 2
3 1469 1309 981 352 71 49 2
3 1469 1310 981 352 71 49 2
3 1469 1311 981 352 71 49 2
3 1469 1312 981 352 71 49 2
3 1469 1313 981 352 71 49 2
3 1469 1314 981 352 71 49 2
3 1469 1315 981 352 71 49 2
3 1469 1316 981 352 71 49 2
3 1469 1317 981 352 71 49 2
3 1469 1318 981 352 71 49 2
3 1469 1319 981 352 71 49 2
3 1469 1320 981 352 71 49 2
3 1469 1321 981 352 71 49 2
3 1469 1322 981 352 71 49 2
3 1469 1323 981 352 71 49 2
3 1469 1324 981 352 71 49 2
3 1469 1325 981 352 71 49 2
3 1469 1326 981 352 71 49 2
3 1469 1327 981 352 71 49 2
3 1469 1328 981 352 71 49 2
3 1469 1329 981 352 71 49 2
3 1469 1330 981 352 71 49 2
3 1469 1331 981 352 71 49 2
3 1469 1332 981 352 71 49 2
3 1469 1333 981 352 71 49 2
3 1469 1334 981 352 71 49 2
3 1469 1335 981 352 71 49 2
3 1469 1336 981 352 71 49 2
3 1469 1337 981 352 71 49 2
3 1469 1338 981 352 71 49 2
3 1469 1339 981 352 71 49 2
3 1469 1340 981 352 71 49 2
3 1469 1341 981 352 71 49 2
3 1469 1342 981 352 71 49 2
3 1469 1343 981 352 71 49 2
3 1469 1344 981 352 71 49 2
3 1469 1345 981 352 71 49 2
3 1469 1346 981 352 71 49 2
3 1469 1347 981 352 71 49 2
3 1469 1348 981 352 71 49 2
3 1469 1349 981 352 71 49 2
3 1469 1350 981 352 71 49 2
3 1469 1351 981 352 71 49 2
3 1469 1352 981 352 71 49 2
3 1469 1353 981 352 71 49 2
3 1469 1354 981 352 71 49 2
3 1469 1355 981 352 71 49 2
3 1469 1356 981 352 71 49 2
3 1469 1357 981 352 71 49 2
3 1469 1358 981 352 71 49 2
3 1469 1359 981 352 71 49 2
3 1469 1360 981 352 71 49 2
3 1469 1361 981 352 71 49 2
3 1469 1362 981 352 71 49 2
3 1469 1363 981 352 71 49 2
3 1469 1364 981 352 71 49 2
3 1469 1365 981 352 71 49 2
3 1469 1366 981 352 71 49 2
3 1469 1367 981 352 71 49 2
3 1469 1368 981 352 71 49 2
3 1469 1369 981 352 71 49 2
3 1469 1370 981 352 71 49 2
3 1469 1371 981 352 71 49 2
3 1469 1372 981 352 71 49 2
3 1469 1373 981 352 71 49 2
3 1469 1374 981 352 71 49 2
3 1469 1375 981 352 71 49 2
3 1469 1376 981 352 71 49 2
3 1469 1377 981 352 71 49 2
3 1469 1378 981 352 71 49 2
3 1469 1379 981 352 71 49 2
3 1469 1380 981 352 71 49 2
3 1469 1381 981 352 71 49 2
3 1469 1382 981 352 71 49 2
3 1469 1383 981 352 71 49 2
3 1469 1384 981 352 71 49 2
3 1469 1385 981 352 71 49 2
3 1469 1386 981 352 71 49 2
3 1469 1387 981 352 71 49 2
3 1469 1388 981 352 71 49 2
3 1469 1389 981 352 71 49 2
3 1469 1390 981 352 71 49 2
3 1469 1391 981 352 71 49 2
3 1469 1392 981 352 71 49 2
3 1469 1393 981 352 71 49 2
3 1469 1394 981 352 71 49 2
3 1469 1395 981 352 71 49 2
3 1469 1396 981 352 71 49 2
3 1469 1397 981 352 71 49 2
3 1469 1398 981 352 71 49 2
3 1469 1399 981 352 71 49 2
3 1469 1400 981 352 71 49 2
3 1469 1401 981 352 71 49 2
3 1469 1402 981 352 71 49 2
3 1469 1403 981 352 71 49 2
3 1469 1404 981 352 71 49 2
3 1469 1405 981 352 71 49 2
3 1469 1406 981 352 71 49 2
3 1469 1407 981 352 71 49 2
3 1469 1408 981 352 71 49 2
3 1469 1409 981 352 71 49 2
3 1469 1410 981 352 71 49 2
3 1469 1411 981 352 71 49 2
3 1469 1412 981 352 71 49 2
3 1469 1413 981 352 71 49 2
3 1469 1414 981 352 71 49 2
3 1469 1415 981 352 71 49 2
3 1469 1416 981 352 71 49 2
3 1469 1417 981 352 71 49 2
3 1469 1418 981 352 71 49 2
3 1469 1419 981 352 71 49 2
3 1469 1420 981 352 71 49 2
3 1469 1421 981 352 71 49 2
3 1469 1422 981 352 71 49 2
3 1469 1423 981 352 71 49 2
3 1469 1424 981 352 71 49 2
3 1469 1425 981 352 71 49 2
3 1469 1426 981 352 71 49 2
3 1469 1427 981 352 71 49 2
3 1469 1428 981 352 71 49 2
3 1469 1429 981 352 71 49 2
3 1469 1430 981 352 71 49 2
3 1469 1431 981 352 71 49 2
3 1469 1432 981 352 71 49 2
3 1469 1433 981 352 71 49 2
3 1469 1434 981 352 71 49 2
3 1469 1435 981 352 71 49 2
3 1469 1436 981 352 71 49 2
3 1469 1437 981 352 71 49 2
3 1469 1438 981 352 71 49 2
3 1469 1439 981 352 71 49 2
3 1469 1440 981 352 71 49 2
3 1469 1441 981 352 71 49 2
3 1469 1442 981 352 71 49 2
3 1469 1443 981 352 71 49 2
3 1469 1444 981 352 71 49 2
3 1469 1445 981 352 71 49 2
3 1469 1446 981 352 71 49 2
3 1469 1447 981 352 71 49 2
3 1469 1448 981 352 71 49 2
3 1469 1449 981 352 71 49 2
3 1469 1450 981 352 71 49 2
3 1469 1451 981 352 71 49 2
3 1469 1452 981 352 71 49 2
3 1469 1453 981 352 71 49 2
3 1469 1454 981 352 71 49 2
3 1469 1455 981 352 71 49 2
3 1469 1456 981 352 71 49 2
3 1469 1457 981 352 71 49 2
3 1469 1458 981 352 71 49 2
3 1469 1459 981 352 71 49 2
3 1469 1460 981 352 71 49 2
3 1469 1461 981 352 71 49 2
3 1469 1462 981 352 71 49 2
3 1469 1463 981 352 71 49 2
3 1469 1464 981 352 71 49 2
3 1469 1465 981 352 71 49 2
3 1469 1466 981 352 71 49 2
3 1469 1467 981 352 71 49 2
3 1469 1468 981 352 71 49 2
