1 372 572 728 381 18 25 1
1 372 573 727 380 18 26 1
1 372 574 727 380 18 26 1
1 372 575 727 380 18 27 1
1 372 576 727 380 18 27 1
1 372 577 726 380 19 27 1
1 372 578 726 380 19 28 1
1 372 579 726 380 19 28 1
1 372 580 726 380 19 28 1
1 372 581 726 380 19 29 1
1 372 582 725 380 20 29 1
1 372 583 725 380 20 30 1
1 372 584 725 380 20 30 1
1 372 585 725 380 20 30 1
1 372 586 724 380 21 31 1
1 372 587 724 380 21 31 1
1 372 588 724 380 21 32 1
1 372 589 724 380 21 32 1
1 372 590 724 380 22 33 1
1 372 591 724 379 22 33 1
1 372 592 724 379 22 33 1
1 372 593 724 378 22 34 1
1 372 594 724 378 22 34 1
1 372 595 724 378 22 34 1
1 372 596 724 377 22 35 1
1 372 597 724 377 22 35 1
1 372 598 724 377 22 35 1
1 372 599 724 376 22 36 1
1 372 600 724 376 23 36 1
1 372 601 724 376 23 36 1
1 372 602 724 375 23 37 1
1 372 603 724 375 23 37 1
1 372 604 724 374 23 38 1
1 372 605 724 374 23 38 1
1 372 606 724 374 23 38 1
1 372 607 724 373 23 39 1
1 372 608 724 373 23 39 1
1 372 609 724 373 24 39 1
1 372 610 724 372 24 40 1
1 372 611 724 372 24 40 1
1 372 612 724 371 24 41 1
1 372 613 724 371 24 41 1
1 372 614 724 371 24 41 1
1 372 615 724 370 24 42 1
1 372 616 724 370 24 42 1
1 372 617 724 370 25 42 1
1 372 618 723 369 25 43 1
1 372 619 723 369 25 43 1
1 372 620 723 369 25 43 1
1 372 621 723 369 25 43 1
1 372 622 723 369 25 43 1
1 372 623 722 369 26 43 1
1 372 624 722 369 25 43 1
1 372 625 722 369 25 43 1
1 372 626 722 369 25 43 1
1 372 627 722 369 25 43 1
1 372 628 721 369 26 43 1
1 372 629 721 369 26 44 1
1 372 630 721 369 26 44 1
1 372 631 721 369 25 44 1
1 372 632 721 368 25 45 1
1 372 633 721 368 25 45 1
1 372 634 720 368 26 45 1
1 372 635 720 368 26 45 1
1 372 636 720 368 26 45 1
1 372 637 720 368 25 45 1
1 372 638 720 368 25 45 1
1 372 639 719 368 26 45 1
1 372 640 719 368 26 46 1
1 372 641 719 368 26 46 1
1 372 642 719 368 26 46 1
1 372 643 719 368 26 46 1
1 372 644 719 368 25 46 1
1 372 645 718 367 26 47 1
1 372 646 718 367 26 47 1
1 372 647 718 367 26 47 1
1 372 648 718 367 26 47 1
1 372 649 718 367 26 47 1
1 372 650 717 367 27 47 1
1 372 651 717 367 26 48 1
1 372 652 717 367 26 48 1
1 372 653 717 367 26 48 1
1 372 654 717 367 26 48 1
1 372 655 716 367 27 48 1
1 372 656 716 367 27 48 1
1 372 657 716 367 27 48 1
1 372 658 716 367 26 48 1
1 372 659 716 366 26 49 1
1 372 660 716 366 26 49 1
1 372 661 715 366 27 50 1
1 372 662 715 366 27 50 1
1 372 663 715 366 27 50 1
1 372 664 715 366 27 50 1
1 372 665 715 366 26 50 1
1 372 666 714 366 27 50 1
1 372 667 714 366 27 50 1
1 372 668 714 366 27 50 1
1 372 669 714 366 27 50 1
1 372 670 714 366 27 50 1
1 372 671 714 366 27 51 1
1 372 672 714 366 27 51 1
1 372 673 714 366 27 51 1
1 372 674 714 366 27 51 1
1 372 675 714 366 27 51 1
1 372 676 714 366 27 51 1
1 372 677 714 366 27 51 1
1 372 678 714 366 27 51 1
1 372 679 714 366 28 51 1
1 372 680 714 366 28 51 1
1 372 681 714 366 28 51 1
1 372 682 714 366 28 51 1
1 372 683 714 366 28 51 1
1 372 684 714 366 28 51 1
1 372 685 715 366 27 51 1
1 372 686 715 366 27 51 1
1 372 687 715 366 28 51 1
1 372 688 715 366 28 51 1
1 372 689 715 366 28 51 1
1 372 690 715 366 28 51 1
1 372 691 715 366 28 51 1
1 372 692 715 366 28 51 1
1 372 693 715 366 28 51 1
1 372 694 715 366 28 51 1
1 372 695 715 366 29 51 1
1 372 696 715 366 29 51 1
1 372 697 715 366 29 51 1
1 372 698 716 366 28 51 1
1 372 699 716 366 28 51 1
1 372 700 716 366 28 51 1
1 372 701 716 366 28 51 1
1 372 702 716 366 29 51 1
1 372 703 716 366 29 51 1
1 372 704 716 366 29 51 1
1 372 705 716 366 29 51 1
1 372 706 716 366 29 51 1
1 372 707 716 366 29 51 1
1 372 708 716 366 29 51 1
1 372 709 716 366 29 51 1
1 372 710 716 366 30 51 1
1 372 711 716 366 30 51 1
1 372 712 717 366 29 51 1
1 372 713 717 366 29 51 1
1 372 714 717 366 29 51 1
1 372 715 717 366 29 51 1
1 372 716 717 366 29 51 1
1 372 717 717 366 29 51 1
1 372 718 717 366 30 51 1
1 372 719 717 366 30 51 1
1 372 720 717 366 30 51 1
1 372 721 717 366 30 51 1
1 372 722 717 366 30 51 1
1 372 723 717 366 30 51 1
1 372 724 717 366 30 51 1
1 372 725 718 366 30 52 1
1 372 726 718 366 30 52 1
1 372 727 718 366 30 52 1
1 372 728 718 366 30 52 1
1 372 729 719 366 30 52 1
1 372 730 719 366 30 52 1
1 372 731 719 366 30 52 1
1 372 732 719 366 30 52 1
1 372 733 720 366 30 52 1
1 372 734 720 367 30 52 1
1 372 735 720 367 30 52 1
1 372 736 720 367 30 52 1
1 372 737 721 367 30 52 1
1 372 738 721 367 30 52 1
1 372 739 721 367 30 52 1
1 372 740 721 367 30 52 1
1 372 741 722 367 30 52 1
1 372 742 722 367 30 52 1
1 372 743 722 368 30 52 1
1 372 744 722 368 30 52 1
1 372 745 723 368 30 52 1
1 372 746 723 368 30 52 1
1 372 747 723 368 30 52 1
1 372 748 723 368 30 52 1
1 372 749 724 368 30 52 1
1 372 750 724 368 30 52 1
1 372 751 724 368 30 52 1
1 372 752 724 369 30 52 1
1 372 753 725 369 30 52 1
1 372 754 725 369 30 52 1
1 372 755 725 369 30 52 1
1 372 756 725 369 30 52 1
1 372 757 726 369 30 52 1
1 372 758 726 369 30 52 1
1 372 759 726 369 30 52 1
1 372 760 726 369 30 52 1
1 372 761 727 370 30 52 1
1 372 762 727 369 30 52 1
1 372 763 727 369 30 52 1
1 372 764 727 369 30 52 1
1 372 765 727 369 30 52 1
1 372 766 727 369 30 52 1
1 372 767 727 369 30 52 1
1 372 768 727 369 30 52 1
1 372 769 727 369 30 52 1
1 372 770 727 369 30 52 1
1 372 771 727 369 30 52 1
1 372 772 727 369 30 52 1
1 372 773 727 368 30 52 1
1 372 774 727 368 30 52 1
1 372 775 727 368 30 52 1
1 372 776 727 368 30 52 1
1 372 777 727 368 30 52 1
1 372 778 727 368 30 52 1
1 372 779 727 368 30 52 1
1 372 780 727 368 30 52 1
1 372 781 727 368 30 52 1
1 372 782 727 368 30 52 1
1 372 783 727 368 30 52 1
1 372 784 727 367 30 52 1
1 372 785 727 367 30 52 1
1 372 786 727 367 30 52 1
1 372 787 727 367 30 52 1
1 372 788 727 367 30 52 1
1 372 789 727 367 30 52 1
1 372 790 727 367 30 52 1
1 372 791 727 367 30 52 1
1 372 792 727 367 30 52 1
1 372 793 727 367 30 52 1
1 372 794 727 367 30 52 1
1 372 795 727 366 30 52 1
1 372 796 727 366 30 52 1
1 372 797 727 366 30 52 1
1 372 798 727 366 30 52 1
1 372 799 727 366 30 52 1
1 372 800 727 366 30 52 1
1 372 801 727 366 30 52 1
1 372 802 727 366 30 52 1
1 372 803 727 366 30 52 1
1 372 804 727 366 30 52 1
1 372 805 727 366 30 52 1
1 372 806 728 366 30 52 1
1 372 807 727 366 30 52 1
1 372 808 727 366 30 52 1
1 372 809 727 366 30 52 1
1 372 810 727 366 30 52 1
1 372 811 727 366 30 52 1
1 372 812 727 366 30 52 1
1 372 813 727 366 30 52 1
1 372 814 727 366 30 52 1
1 372 815 727 366 30 52 1
1 372 816 726 366 30 52 1
1 372 817 726 366 30 52 1
1 372 818 726 366 30 52 1
1 372 819 726 366 30 52 1
1 372 820 726 366 30 52 1
1 372 821 726 366 30 52 1
1 372 822 726 366 30 52 1
1 372 823 726 366 30 52 1
1 372 824 726 366 30 52 1
1 372 825 725 366 30 52 1
1 372 826 725 366 30 52 1
1 372 827 725 366 30 52 1
1 372 828 725 366 30 52 1
1 372 829 725 366 30 52 1
1 372 830 725 366 30 52 1
1 372 831 725 366 30 52 1
1 372 832 725 366 30 52 1
1 372 833 725 367 30 52 1
1 372 834 724 367 30 52 1
1 372 835 724 367 30 52 1
1 372 836 724 367 30 52 1
1 372 837 724 367 30 52 1
1 372 838 724 367 30 52 1
1 372 839 724 367 30 52 1
1 372 840 724 367 30 52 1
1 372 841 724 367 30 52 1
1 372 842 724 367 30 52 1
1 372 843 723 367 30 52 1
1 372 844 723 367 30 52 1
1 372 845 723 367 30 52 1
1 372 846 723 367 30 52 1
1 372 847 723 367 30 52 1
1 372 848 723 367 30 52 1
1 372 849 723 367 30 52 1
1 372 850 723 367 30 52 1
1 372 851 723 367 30 52 1
1 372 852 722 367 30 52 1
1 372 853 722 367 30 52 1
1 372 854 722 367 30 52 1
1 372 855 722 367 30 52 1
1 372 856 722 367 30 52 1
1 372 857 722 367 30 52 1
1 372 858 722 367 30 52 1
1 372 859 722 367 30 52 1
1 372 860 722 368 30 52 1
1 372 861 722 368 30 52 1
1 372 862 722 368 30 52 1
1 372 863 722 368 30 52 1
1 372 864 722 368 30 52 1
1 372 865 722 368 30 52 1
1 372 866 722 368 30 52 1
1 372 867 722 368 30 52 1
1 372 868 722 368 30 52 1
1 372 869 722 368 30 52 1
1 372 870 722 368 30 52 1
1 372 871 722 368 30 52 1
1 372 872 722 368 30 52 1
1 372 873 722 368 30 52 1
1 372 874 722 368 30 52 1
1 372 875 722 368 30 52 1
1 372 876 722 368 30 52 1
1 372 877 722 368 30 52 1
1 372 878 722 368 30 52 1
1 372 879 722 368 30 52 1
1 372 880 722 368 30 52 1
1 372 881 722 368 30 52 1
1 372 882 722 368 30 52 1
1 372 883 722 368 30 52 1
1 372 884 722 368 30 52 1
1 372 885 722 368 30 52 1
1 372 886 722 368 30 52 1
1 372 887 722 368 30 52 1
1 372 888 722 368 30 52 1
1 372 889 722 368 30 52 1
1 372 890 722 368 30 52 1
1 372 891 722 368 30 52 1
1 372 892 722 368 30 52 1
1 372 893 722 368 30 52 1
1 372 894 722 368 30 52 1
1 372 895 722 368 30 52 1
1 372 896 722 368 30 52 1
1 372 897 722 368 30 52 1
1 372 898 722 368 30 52 1
1 372 899 722 368 30 52 1
1 372 900 722 368 30 52 1
1 372 901 722 368 30 52 1
1 372 902 722 368 30 52 1
1 372 903 722 368 30 52 1
1 372 904 722 368 30 52 1
1 372 905 722 368 30 52 1
1 372 906 722 368 30 52 1
1 372 907 722 368 30 52 1
1 372 908 722 368 30 52 1
1 372 909 722 368 30 52 1
1 372 910 722 368 30 52 1
1 372 911 722 368 30 52 1
1 372 912 722 368 30 52 1
1 372 913 722 368 30 52 1
1 372 914 722 368 30 52 1
1 372 915 722 368 30 52 1
1 372 916 722 368 30 52 1
1 372 917 722 368 30 52 1
1 372 918 722 368 30 52 1
1 372 919 722 368 30 52 1
1 372 920 722 368 30 52 1
1 372 921 722 368 30 52 1
1 372 922 722 368 30 52 1
1 372 923 722 368 30 52 1
1 372 924 722 368 30 52 1
1 372 925 722 368 30 52 1
1 372 926 722 368 30 52 1
1 372 927 722 368 30 52 1
1 372 928 722 368 30 52 1
1 372 929 722 368 30 52 1
1 372 930 722 368 30 52 1
1 372 931 722 368 30 52 1
1 372 932 722 368 30 52 1
1 372 933 722 368 30 52 1
1 372 934 722 368 30 52 1
1 372 935 722 368 30 52 1
1 372 936 722 368 30 52 1
1 372 937 722 368 30 52 1
1 372 938 722 368 30 52 1
1 372 939 722 368 30 52 1
1 372 940 722 368 30 52 1
1 372 941 722 368 30 52 1
1 372 942 722 368 30 52 1
1 372 943 722 368 30 52 1
2 944 0 718 376 79 44 2
2 944 1 718 376 79 44 2
2 944 2 718 376 79 44 2
2 944 3 718 376 79 44 2
2 944 4 718 376 79 44 2
2 944 5 718 376 79 44 2
2 944 6 718 376 79 44 2
2 944 7 718 376 79 44 2
2 944 8 718 376 79 44 2
2 944 9 718 376 79 44 2
2 944 10 718 376 79 44 2
2 944 11 718 376 79 44 2
2 944 12 718 376 79 44 2
2 944 13 718 376 79 44 2
2 944 14 718 376 79 44 2
2 944 15 718 376 79 44 2
2 944 16 718 376 79 44 2
2 944 17 718 376 79 44 2
2 944 18 718 376 79 44 2
2 944 19 718 376 79 44 2
2 944 20 718 376 79 44 2
2 944 21 718 376 79 44 2
2 944 22 718 376 79 44 2
2 944 23 718 376 79 44 2
2 944 24 718 376 79 44 2
2 944 25 718 376 79 44 2
2 944 26 718 376 79 44 2
2 944 27 718 376 79 44 2
2 944 28 718 376 79 44 2
2 944 29 718 376 79 44 2
2 944 30 718 376 79 44 2
2 944 31 718 376 79 44 2
2 944 32 718 376 79 44 2
2 944 33 718 376 79 44 2
2 944 34 718 376 79 44 2
2 944 35 718 376 79 44 2
2 944 36 718 376 79 44 2
2 944 37 718 376 79 44 2
2 944 38 718 376 79 44 2
2 944 39 718 376 79 44 2
2 944 40 718 376 79 44 2
2 944 41 718 376 79 44 2
2 944 42 718 376 79 44 2
2 944 43 718 376 79 44 2
2 944 44 718 376 79 44 2
2 944 45 718 376 79 44 2
2 944 46 718 376 79 44 2
2 944 47 718 376 79 44 2
2 944 48 718 376 79 44 2
2 944 49 718 376 79 44 2
2 944 50 718 376 79 44 2
2 944 51 718 376 79 44 2
2 944 52 718 376 79 44 2
2 944 53 718 376 79 44 2
2 944 54 718 376 79 44 2
2 944 55 718 376 79 44 2
2 944 56 718 376 79 44 2
2 944 57 718 376 79 44 2
2 944 58 718 376 79 44 2
2 944 59 718 376 79 44 2
2 944 60 718 376 79 44 2
2 944 61 718 376 79 44 2
2 944 62 718 376 79 44 2
2 944 63 718 376 79 44 2
2 944 64 718 376 79 44 2
2 944 65 718 376 79 44 2
2 944 66 718 376 79 44 2
2 944 67 718 376 79 44 2
2 944 68 718 376 79 44 2
2 944 69 718 376 79 44 2
2 944 70 718 376 79 44 2
2 944 71 718 376 79 44 2
2 944 72 718 376 79 44 2
2 944 73 718 376 79 44 2
2 944 74 718 376 79 44 2
2 944 75 718 376 79 44 2
2 944 76 718 376 79 44 2
2 944 77 718 376 79 44 2
2 944 78 718 376 79 44 2
2 944 79 718 376 79 44 2
2 944 80 718 376 79 44 2
2 944 81 718 376 79 44 2
2 944 82 718 376 79 44 2
2 944 83 718 376 79 44 2
2 944 84 718 376 79 44 2
2 944 85 718 376 79 44 2
2 944 86 718 376 79 44 2
2 944 87 718 376 79 44 2
2 944 88 718 376 79 44 2
2 944 89 718 376 79 44 2
2 944 90 718 376 79 44 2
2 944 91 718 376 79 44 2
2 944 92 718 376 79 44 2
2 944 93 718 376 79 44 2
2 944 94 718 376 79 44 2
2 944 95 718 376 79 44 2
2 944 96 718 376 79 44 2
2 944 97 718 376 79 44 2
2 944 98 718 376 79 44 2
2 944 99 718 376 79 44 2
2 944 100 718 376 79 44 2
2 944 101 718 376 79 44 2
2 944 102 718 376 79 44 2
2 944 103 718 376 79 44 2
2 944 104 718 376 79 44 2
2 944 105 718 376 79 44 2
2 944 106 718 376 79 44 2
2 944 107 718 376 79 44 2
2 944 108 718 376 79 44 2
2 944 109 718 376 79 44 2
2 944 110 718 376 79 44 2
2 944 111 718 376 79 44 2
2 944 112 718 376 79 44 2
2 944 113 718 376 79 44 2
2 944 114 718 376 79 44 2
2 944 115 718 376 79 44 2
2 944 116 718 376 79 44 2
2 944 117 718 376 79 44 2
2 944 118 718 376 79 44 2
2 944 119 718 376 79 44 2
2 944 120 718 376 79 44 2
2 944 121 718 376 79 44 2
2 944 122 718 376 79 44 2
2 944 123 718 376 79 44 2
2 944 124 718 376 79 44 2
2 944 125 718 376 79 44 2
2 944 126 718 376 79 44 2
2 944 127 718 376 79 44 2
2 944 128 718 376 79 44 2
2 944 129 718 376 79 44 2
2 944 130 718 376 79 44 2
2 944 131 718 376 79 44 2
2 944 132 718 376 79 44 2
2 944 133 718 376 79 44 2
2 944 134 718 376 79 44 2
2 944 135 718 376 79 44 2
2 944 136 718 376 79 44 2
2 944 137 718 376 79 44 2
2 944 138 718 376 79 44 2
2 944 139 718 376 79 44 2
2 944 140 718 376 79 44 2
2 944 141 718 376 79 44 2
2 944 142 718 376 79 44 2
2 944 143 718 376 79 44 2
2 944 144 718 376 79 44 2
2 944 145 718 376 79 44 2
2 944 146 718 376 79 44 2
2 944 147 718 376 79 44 2
2 944 148 718 376 79 44 2
2 944 149 718 376 79 44 2
2 944 150 718 376 79 44 2
2 944 151 718 376 79 44 2
2 944 152 718 376 79 44 2
2 944 153 718 376 79 44 2
2 944 154 718 376 79 44 2
2 944 155 718 376 79 44 2
2 944 156 718 376 79 44 2
2 944 157 718 376 79 44 2
2 944 158 718 376 79 44 2
2 944 159 718 376 79 44 2
2 944 160 718 376 79 44 2
2 944 161 718 376 79 44 2
2 944 162 718 376 79 44 2
2 944 163 718 376 79 44 2
2 944 164 718 376 79 44 2
2 944 165 718 376 79 44 2
2 944 166 718 376 79 44 2
2 944 167 718 376 79 44 2
2 944 168 718 376 79 44 2
2 944 169 718 376 79 44 2
2 944 170 718 376 79 44 2
2 944 171 718 376 79 44 2
2 944 172 718 376 79 44 2
2 944 173 718 376 79 44 2
2 944 174 718 376 79 44 2
2 944 175 718 376 79 44 2
2 944 176 718 376 79 44 2
2 944 177 718 376 79 44 2
2 944 178 718 376 79 44 2
2 944 179 718 376 79 44 2
2 944 180 718 376 79 44 2
2 944 181 718 376 79 44 2
2 944 182 718 376 79 44 2
2 944 183 718 376 79 44 2
2 944 184 718 376 79 44 2
2 944 185 718 376 79 44 2
2 944 186 718 376 79 44 2
2 944 187 718 376 79 44 2
2 944 188 718 376 79 44 2
2 944 189 718 376 79 44 2
2 944 190 718 376 79 44 2
2 944 191 718 376 79 44 2
2 944 192 718 376 79 44 2
2 944 193 718 376 79 44 2
2 944 194 718 376 79 44 2
2 944 195 718 376 79 44 2
2 944 196 718 376 79 44 2
2 944 197 718 376 79 44 2
2 944 198 718 376 79 44 2
2 944 199 718 376 79 44 2
2 944 200 718 376 79 44 2
2 944 201 718 376 79 44 2
2 944 202 718 376 79 44 2
2 944 203 718 376 79 44 2
2 944 204 718 376 79 44 2
2 944 205 718 376 79 44 2
2 944 206 718 376 79 44 2
2 944 207 718 376 79 44 2
2 944 208 718 376 79 44 2
2 944 209 718 376 79 44 2
2 944 210 718 376 79 44 2
2 944 211 718 376 79 44 2
2 944 212 718 376 79 44 2
2 944 213 718 376 79 44 2
2 944 214 718 376 79 44 2
2 944 215 718 376 79 44 2
2 944 216 718 376 79 44 2
2 944 217 718 376 79 44 2
2 944 218 718 376 79 44 2
2 944 219 718 376 79 44 2
2 944 220 718 376 79 44 2
2 944 221 718 376 79 44 2
2 944 222 718 376 79 44 2
2 944 223 718 376 79 44 2
2 944 224 718 376 79 44 2
2 944 225 718 376 79 44 2
2 944 226 718 376 79 44 2
2 944 227 718 376 79 44 2
2 944 228 718 376 79 44 2
2 944 229 718 376 79 44 2
2 944 230 718 376 79 44 2
2 944 231 718 376 79 44 2
2 944 232 718 376 79 44 2
2 944 233 718 376 79 44 2
2 944 234 718 376 79 44 2
2 944 235 718 376 79 44 2
2 944 236 718 376 79 44 2
2 944 237 718 376 79 44 2
2 944 238 718 376 79 44 2
2 944 239 718 376 79 44 2
2 944 240 718 376 79 44 2
2 944 241 718 376 79 44 2
2 944 242 718 376 79 44 2
2 944 243 718 376 79 44 2
2 944 244 718 376 79 44 2
2 944 245 718 376 79 44 2
2 944 246 718 376 79 44 2
2 944 247 718 376 79 44 2
2 944 248 718 376 79 44 2
2 944 249 718 376 79 44 2
2 944 250 718 376 79 44 2
2 944 251 718 376 79 44 2
2 944 252 718 376 79 44 2
2 944 253 718 376 79 44 2
2 944 254 718 376 79 44 2
2 944 255 718 376 79 44 2
2 944 256 718 376 79 44 2
2 944 257 718 376 79 44 2
2 944 258 718 376 79 44 2
2 944 259 718 376 79 44 2
2 944 260 718 376 79 44 2
2 944 261 718 376 79 44 2
2 944 262 718 376 79 44 2
2 944 263 718 376 79 44 2
2 944 264 718 376 79 44 2
2 944 265 718 376 79 44 2
2 944 266 718 376 79 44 2
2 944 267 718 376 79 44 2
2 944 268 718 376 79 44 2
2 944 269 718 376 79 44 2
2 944 270 718 376 79 44 2
2 944 271 718 376 79 44 2
2 944 272 718 376 79 44 2
2 944 273 718 376 79 44 2
2 944 274 718 376 79 44 2
2 944 275 718 376 79 44 2
2 944 276 718 376 79 44 2
2 944 277 718 376 79 44 2
2 944 278 718 376 79 44 2
2 944 279 718 376 79 44 2
2 944 280 718 376 79 44 2
2 944 281 718 376 79 44 2
2 944 282 718 376 79 44 2
2 944 283 718 376 79 44 2
2 944 284 718 376 79 44 2
2 944 285 718 376 79 44 2
2 944 286 718 376 79 44 2
2 944 287 718 376 79 44 2
2 944 288 718 376 79 44 2
2 944 289 718 376 79 44 2
2 944 290 718 376 79 44 2
2 944 291 718 376 79 44 2
2 944 292 718 376 79 44 2
2 944 293 718 376 79 44 2
2 944 294 718 376 79 44 2
2 944 295 718 376 79 44 2
2 944 296 718 376 79 44 2
2 944 297 718 376 79 44 2
2 944 298 718 376 79 44 2
2 944 299 718 376 79 44 2
2 944 300 718 376 79 44 2
2 944 301 718 376 79 44 2
2 944 302 718 376 79 44 2
2 944 303 718 376 79 44 2
2 944 304 718 376 79 44 2
2 944 305 718 376 79 44 2
2 944 306 718 376 79 44 2
2 944 307 718 376 79 44 2
2 944 308 718 376 79 44 2
2 944 309 718 376 79 44 2
2 944 310 718 376 79 44 2
2 944 311 718 376 79 44 2
2 944 312 718 376 79 44 2
2 944 313 718 376 79 44 2
2 944 314 718 376 79 44 2
2 944 315 718 376 79 44 2
2 944 316 718 376 79 44 2
2 944 317 718 376 79 44 2
2 944 318 718 376 79 44 2
2 944 319 718 376 79 44 2
2 944 320 718 376 79 44 2
2 944 321 718 376 79 44 2
2 944 322 718 376 79 44 2
2 944 323 718 376 79 44 2
2 944 324 718 376 79 44 2
2 944 325 718 376 79 44 2
2 944 326 718 376 79 44 2
2 944 327 718 376 79 44 2
2 944 328 718 376 79 44 2
2 944 329 718 376 79 44 2
2 944 330 718 376 79 44 2
2 944 331 718 376 79 44 2
2 944 332 718 376 79 44 2
2 944 333 718 376 79 44 2
2 944 334 718 376 79 44 2
2 944 335 718 376 79 44 2
2 944 336 718 376 79 44 2
2 944 337 718 376 79 44 2
2 944 338 718 376 79 44 2
2 944 339 718 376 79 44 2
2 944 340 718 376 79 44 2
2 944 341 718 376 79 44 2
2 944 342 718 376 79 44 2
2 944 343 718 376 79 44 2
2 944 344 718 376 79 44 2
2 944 345 718 376 79 44 2
2 944 346 718 376 79 44 2
2 944 347 718 376 79 44 2
2 944 348 718 376 79 44 2
2 944 349 718 376 79 44 2
2 944 350 718 376 79 44 2
2 944 351 718 376 79 44 2
2 944 352 718 376 79 44 2
2 944 353 718 376 79 44 2
2 944 354 718 376 79 44 2
2 944 355 718 376 79 44 2
2 944 356 718 376 79 44 2
2 944 357 718 376 79 44 2
2 944 358 718 376 79 44 2
2 944 359 718 376 79 44 2
2 944 360 718 376 79 44 2
2 944 361 718 376 79 44 2
2 944 362 718 376 79 44 2
2 944 363 718 376 79 44 2
2 944 364 718 376 79 44 2
2 944 365 718 376 79 44 2
2 944 366 718 376 79 44 2
2 944 367 718 376 79 44 2
2 944 368 718 376 79 44 2
2 944 369 718 376 79 44 2
2 944 370 718 376 79 44 2
2 944 371 718 376 79 44 2
2 944 372 718 376 79 44 2
2 944 373 718 376 79 44 2
2 944 374 718 376 79 44 2
2 944 375 718 376 79 44 2
2 944 376 718 376 79 44 2
2 944 377 718 376 79 44 2
2 944 378 718 376 79 44 2
2 944 379 718 376 79 44 2
2 944 380 718 376 79 44 2
2 944 381 718 376 79 44 2
2 944 382 718 376 79 44 2
2 944 383 718 376 79 44 2
2 944 384 718 376 79 44 2
2 944 385 718 376 79 44 2
2 944 386 718 376 79 44 2
2 944 387 718 376 79 44 2
2 944 388 718 376 79 44 2
2 944 389 718 376 79 44 2
2 944 390 718 376 79 44 2
2 944 391 718 376 79 44 2
2 944 392 718 376 79 44 2
2 944 393 718 376 79 44 2
2 944 394 718 376 79 44 2
2 944 395 718 376 79 44 2
2 944 396 718 376 79 44 2
2 944 397 718 376 79 44 2
2 944 398 718 376 79 44 2
2 944 399 718 376 79 44 2
2 944 400 718 376 79 44 2
2 944 401 718 376 79 44 2
2 944 402 718 376 79 44 2
2 944 403 718 376 79 44 2
2 944 404 718 376 79 44 2
2 944 405 718 376 79 44 2
2 944 406 718 376 79 44 2
2 944 407 718 376 79 44 2
2 944 408 718 376 79 44 2
2 944 409 718 376 79 44 2
2 944 410 718 376 79 44 2
2 944 411 718 376 79 44 2
2 944 412 718 376 79 44 2
2 944 413 718 376 79 44 2
2 944 414 718 376 79 44 2
2 944 415 718 376 79 44 2
2 944 416 718 376 79 44 2
2 944 417 718 376 79 44 2
2 944 418 718 376 79 44 2
2 944 419 718 376 79 44 2
2 944 420 718 376 79 44 2
2 944 421 718 376 79 44 2
2 944 422 718 376 79 44 2
2 944 423 718 376 79 44 2
2 944 424 718 376 79 44 2
2 944 425 718 376 79 44 2
2 944 426 718 376 79 44 2
2 944 427 718 376 79 44 2
2 944 428 718 376 79 44 2
2 944 429 718 376 79 44 2
2 944 430 718 376 79 44 2
2 944 431 718 376 79 44 2
2 944 432 718 376 79 44 2
2 944 433 718 376 79 44 2
2 944 434 718 376 79 44 2
2 944 435 718 376 79 44 2
2 944 436 718 376 79 44 2
2 944 437 718 376 79 44 2
2 944 438 718 376 79 44 2
2 944 439 718 376 79 44 2
2 944 440 718 376 79 44 2
2 944 441 718 376 79 44 2
2 944 442 718 376 79 44 2
2 944 443 718 376 79 44 2
2 944 444 718 376 79 44 2
2 944 445 718 376 79 44 2
2 944 446 718 376 79 44 2
2 944 447 718 376 79 44 2
2 944 448 718 376 79 44 2
2 944 449 718 376 79 44 2
2 944 450 718 376 79 44 2
2 944 451 718 376 79 44 2
2 944 452 718 376 79 44 2
2 944 453 718 376 79 44 2
2 944 454 718 376 79 44 2
2 944 455 718 376 79 44 2
2 944 456 718 376 79 44 2
2 944 457 718 376 79 44 2
2 944 458 718 376 79 44 2
2 944 459 718 376 79 44 2
2 944 460 718 376 79 44 2
2 944 461 718 376 79 44 2
2 944 462 718 376 79 44 2
2 944 463 718 376 79 44 2
2 944 464 718 376 79 44 2
2 944 465 718 376 79 44 2
2 944 466 718 376 79 44 2
2 944 467 718 376 79 44 2
2 944 468 718 376 79 44 2
2 944 469 718 376 79 44 2
2 944 470 718 376 79 44 2
2 944 471 718 376 79 44 2
2 944 472 718 376 79 44 2
2 944 473 718 376 79 44 2
2 944 474 718 376 79 44 2
2 944 475 718 376 79 44 2
2 944 476 718 376 79 44 2
2 944 477 718 376 79 44 2
2 944 478 718 376 79 44 2
2 944 479 718 376 79 44 2
2 944 480 718 376 79 44 2
2 944 481 718 376 79 44 2
2 944 482 718 376 79 44 2
2 944 483 718 376 79 44 2
2 944 484 718 376 79 44 2
2 944 485 718 376 79 44 2
2 944 486 718 376 79 44 2
2 944 487 718 376 79 44 2
2 944 488 718 376 79 44 2
2 944 489 718 376 79 44 2
2 944 490 718 376 79 44 2
2 944 491 718 376 79 44 2
2 944 492 718 376 79 44 2
2 944 493 718 376 79 44 2
2 944 494 718 376 79 44 2
2 944 495 718 376 79 44 2
2 944 496 718 376 79 44 2
2 944 497 718 376 79 44 2
2 944 498 718 376 79 44 2
2 944 499 718 376 79 44 2
2 944 500 718 376 79 44 2
2 944 501 718 376 79 44 2
2 944 502 718 376 79 44 2
2 944 503 718 376 79 44 2
2 944 504 718 376 79 44 2
2 944 505 718 376 79 44 2
2 944 506 718 376 79 44 2
2 944 507 718 376 79 44 2
2 944 508 718 376 79 44 2
2 944 509 718 376 79 44 2
2 944 510 718 376 79 44 2
2 944 511 718 376 79 44 2
2 944 512 718 376 79 44 2
2 944 513 718 376 79 44 2
2 944 514 718 376 79 44 2
2 944 515 718 376 79 44 2
2 944 516 718 376 79 44 2
2 944 517 718 376 79 44 2
2 944 518 718 376 79 44 2
2 944 519 718 376 79 44 2
2 944 520 718 376 79 44 2
2 944 521 718 376 79 44 2
2 944 522 718 376 79 44 2
2 944 523 718 376 79 44 2
2 944 524 718 376 79 44 2
2 944 525 718 376 79 44 2
2 944 526 718 376 79 44 2
2 944 527 718 376 79 44 2
2 944 528 718 376 79 44 2
2 944 529 718 376 79 44 2
2 944 530 718 376 79 44 2
2 944 531 718 376 79 44 2
2 944 532 718 376 79 44 2
2 944 533 718 376 79 44 2
2 944 534 718 376 79 44 2
2 944 535 718 376 79 44 2
2 944 536 718 376 79 44 2
2 944 537 718 376 79 44 2
2 944 538 718 376 79 44 2
2 944 539 718 376 79 44 2
2 944 540 718 376 79 44 2
2 944 541 718 376 79 44 2
2 944 542 718 376 79 44 2
2 944 543 718 376 79 44 2
2 944 544 718 376 79 44 2
2 944 545 718 376 79 44 2
2 944 546 718 376 79 44 2
2 944 547 718 376 79 44 2
2 944 548 718 376 79 44 2
2 944 549 718 376 79 44 2
2 944 550 718 376 79 44 2
2 944 551 718 376 79 44 2
2 944 552 718 376 79 44 2
2 944 553 718 376 79 44 2
2 944 554 718 376 79 44 2
2 944 555 718 376 79 44 2
2 944 556 718 376 79 44 2
2 944 557 718 376 79 44 2
2 944 558 718 376 79 44 2
2 944 559 718 376 79 44 2
2 944 560 718 376 79 44 2
2 944 561 718 376 79 44 2
2 944 562 718 376 79 44 2
2 944 563 718 376 79 44 2
2 944 564 718 376 79 44 2
2 944 565 718 376 79 44 2
2 944 566 718 376 79 44 2
2 944 567 718 376 79 44 2
2 944 568 718 376 79 44 2
2 944 569 718 376 79 44 2
2 944 570 718 376 79 44 2
2 944 571 718 376 79 44 2
2 944 572 718 376 79 44 2
2 944 573 718 376 79 44 2
2 944 574 718 376 79 44 2
2 944 575 718 376 79 44 2
2 944 576 718 376 79 44 2
2 944 577 718 376 79 44 2
2 944 578 718 376 79 44 2
2 944 579 718 376 79 44 2
2 944 580 718 376 79 44 2
2 944 581 718 376 79 44 2
2 944 582 718 376 79 44 2
2 944 583 718 376 79 44 2
2 944 584 718 376 79 44 2
2 944 585 718 376 79 44 2
2 944 586 718 376 79 44 2
2 944 587 718 376 79 44 2
2 944 588 718 376 79 44 2
2 944 589 718 376 79 44 2
2 944 590 718 376 79 44 2
2 944 591 718 376 79 44 2
2 944 592 718 376 79 44 2
2 944 593 718 376 79 44 2
2 944 594 718 376 79 44 2
2 944 595 718 376 79 44 2
2 944 596 718 376 79 44 2
2 944 597 718 376 79 44 2
2 944 598 718 376 79 44 2
2 944 599 718 376 79 44 2
2 944 600 718 376 79 44 2
2 944 601 718 376 79 44 2
2 944 602 718 376 79 44 2
2 944 603 718 376 79 44 2
2 944 604 718 376 79 44 2
2 944 605 718 376 79 44 2
2 944 606 718 376 79 44 2
2 944 607 718 376 79 44 2
2 944 608 718 376 79 44 2
2 944 609 718 376 79 44 2
2 944 610 718 376 79 44 2
2 944 611 718 376 79 44 2
2 944 612 718 376 79 44 2
2 944 613 718 376 79 44 2
2 944 614 718 376 79 44 2
2 944 615 718 376 79 44 2
2 944 616 718 376 79 44 2
2 944 617 718 376 79 44 2
2 944 618 718 376 79 44 2
2 944 619 718 376 79 44 2
2 944 620 718 376 79 44 2
2 944 621 718 376 79 44 2
2 944 622 718 376 79 44 2
2 944 623 718 376 79 44 2
2 944 624 718 376 79 44 2
2 944 625 718 376 79 44 2
2 944 626 718 376 79 44 2
2 944 627 718 376 79 44 2
2 944 628 718 376 79 44 2
2 944 629 718 376 79 44 2
2 944 630 718 376 79 44 2
2 944 631 718 376 79 44 2
2 944 632 718 376 79 44 2
2 944 633 718 376 79 44 2
2 944 634 718 376 79 44 2
2 944 635 718 376 79 44 2
2 944 636 718 376 79 44 2
2 944 637 718 376 79 44 2
2 944 638 718 376 79 44 2
2 944 639 718 376 79 44 2
2 944 640 718 376 79 44 2
2 944 641 718 376 79 44 2
2 944 642 718 376 79 44 2
2 944 643 718 376 79 44 2
2 944 644 718 376 79 44 2
2 944 645 718 376 79 44 2
2 944 646 718 376 79 44 2
2 944 647 718 376 79 44 2
2 944 648 718 376 79 44 2
2 944 649 718 376 79 44 2
2 944 650 718 376 79 44 2
2 944 651 718 376 79 44 2
2 944 652 718 376 79 44 2
2 944 653 718 376 79 44 2
2 944 654 718 376 79 44 2
2 944 655 718 376 79 44 2
2 944 656 718 376 79 44 2
2 944 657 718 376 79 44 2
2 944 658 718 376 79 44 2
2 944 659 718 376 79 44 2
2 944 660 718 376 79 44 2
2 944 661 718 376 79 44 2
2 944 662 718 376 79 44 2
2 944 663 718 376 79 44 2
2 944 664 718 376 79 44 2
2 944 665 718 376 79 44 2
2 944 666 718 376 79 44 2
2 944 667 718 376 79 44 2
2 944 668 718 376 79 44 2
2 944 669 718 376 79 44 2
2 944 670 718 376 79 44 2
2 944 671 718 376 79 44 2
2 944 672 718 376 79 44 2
2 944 673 718 376 79 44 2
2 944 674 718 376 79 44 2
2 944 675 718 376 79 44 2
2 944 676 718 376 79 44 2
2 944 677 718 376 79 44 2
2 944 678 718 376 79 44 2
2 944 679 718 376 79 44 2
2 944 680 718 376 79 44 2
2 944 681 718 376 79 44 2
2 944 682 718 376 79 44 2
2 944 683 718 376 79 44 2
2 944 684 718 376 79 44 2
2 944 685 718 376 79 44 2
2 944 686 718 376 79 44 2
2 944 687 718 376 79 44 2
2 944 688 718 376 79 44 2
2 944 689 718 376 79 44 2
2 944 690 718 376 79 44 2
2 944 691 718 376 79 44 2
2 944 692 718 376 79 44 2
2 944 693 718 376 79 44 2
2 944 694 718 376 79 44 2
2 944 695 718 376 79 44 2
2 944 696 718 376 79 44 2
2 944 697 718 376 79 44 2
2 944 698 718 376 79 44 2
2 944 699 718 376 79 44 2
2 944 700 718 376 79 44 2
2 944 701 718 376 79 44 2
2 944 702 718 376 79 44 2
2 944 703 718 376 79 44 2
2 944 704 718 376 79 44 2
2 944 705 718 376 79 44 2
2 944 706 718 376 79 44 2
2 944 707 718 376 79 44 2
2 944 708 718 376 79 44 2
2 944 709 718 376 79 44 2
2 944 710 718 376 79 44 2
2 944 711 718 376 79 44 2
2 944 712 718 376 79 44 2
2 944 713 718 376 79 44 2
2 944 714 718 376 79 44 2
2 944 715 718 376 79 44 2
2 944 716 718 376 79 44 2
2 944 717 718 376 79 44 2
2 944 718 718 376 79 44 2
2 944 719 718 376 79 44 2
2 944 720 718 376 79 44 2
2 944 721 718 376 79 44 2
2 944 722 718 376 79 44 2
2 944 723 718 376 79 44 2
2 944 724 718 376 79 44 2
2 944 725 718 376 79 44 2
2 944 726 718 376 79 44 2
2 944 727 718 376 79 44 2
2 944 728 718 376 79 44 2
2 944 729 718 376 79 44 2
2 944 730 718 376 79 44 2
2 944 731 718 376 79 44 2
2 944 732 718 376 79 44 2
2 944 733 718 376 79 44 2
2 944 734 718 376 79 44 2
2 944 735 718 376 79 44 2
2 944 736 718 376 79 44 2
2 944 737 718 376 79 44 2
2 944 738 718 376 79 44 2
2 944 739 718 376 79 44 2
2 944 740 718 376 79 44 2
2 944 741 718 376 79 44 2
2 944 742 718 376 79 44 2
2 944 743 718 376 79 44 2
2 944 744 718 376 79 44 2
2 944 745 718 376 79 44 2
2 944 746 718 376 79 44 2
2 944 747 718 376 79 44 2
2 944 748 718 376 79 44 2
2 944 749 718 376 79 44 2
2 944 750 718 376 79 44 2
2 944 751 718 376 79 44 2
2 944 752 718 376 79 44 2
2 944 753 718 376 79 44 2
2 944 754 718 376 79 44 2
2 944 755 718 376 79 44 2
2 944 756 718 376 79 44 2
2 944 757 718 376 79 44 2
2 944 758 718 376 79 44 2
2 944 759 718 376 79 44 2
2 944 760 718 376 79 44 2
2 944 761 718 376 79 44 2
2 944 762 718 376 79 44 2
2 944 763 718 376 79 44 2
2 944 764 718 376 79 44 2
2 944 765 718 376 79 44 2
2 944 766 718 376 79 44 2
2 944 767 718 376 79 44 2
2 944 768 718 376 79 44 2
2 944 769 718 376 79 44 2
2 944 770 718 376 79 44 2
2 944 771 718 376 79 44 2
2 944 772 718 376 79 44 2
2 944 773 718 376 79 44 2
2 944 774 718 376 79 44 2
2 944 775 718 376 79 44 2
2 944 776 718 376 79 44 2
2 944 777 718 376 79 44 2
2 944 778 718 376 79 44 2
2 944 779 718 376 79 44 2
2 944 780 718 376 79 44 2
2 944 781 718 376 79 44 2
2 944 782 718 376 79 44 2
2 944 783 718 376 79 44 2
2 944 784 718 376 79 44 2
2 944 785 718 376 79 44 2
2 944 786 718 376 79 44 2
2 944 787 718 376 79 44 2
2 944 788 718 376 79 44 2
2 944 789 718 376 79 44 2
2 944 790 718 376 79 44 2
2 944 791 718 376 79 44 2
2 944 792 718 376 79 44 2
2 944 793 718 376 79 44 2
2 944 794 718 376 79 44 2
2 944 795 718 376 79 44 2
2 944 796 718 376 79 44 2
2 944 797 718 376 79 44 2
2 944 798 718 376 79 44 2
2 944 799 718 376 79 44 2
2 944 800 718 376 79 44 2
2 944 801 718 376 79 44 2
2 944 802 718 376 79 44 2
2 944 803 718 376 79 44 2
2 944 804 718 376 79 44 2
2 944 805 718 376 79 44 2
2 944 806 718 376 79 44 2
2 944 807 718 376 79 44 2
2 944 808 718 376 79 44 2
2 944 809 718 376 79 44 2
2 944 810 718 376 79 44 2
2 944 811 718 376 79 44 2
2 944 812 718 376 79 44 2
2 944 813 718 376 79 44 2
2 944 814 718 376 79 44 2
2 944 815 718 376 79 44 2
2 944 816 718 376 79 44 2
2 944 817 718 376 79 44 2
2 944 818 718 376 79 44 2
2 944 819 718 376 79 44 2
2 944 820 718 376 79 44 2
2 944 821 718 376 79 44 2
2 944 822 718 376 79 44 2
2 944 823 718 376 79 44 2
2 944 824 718 376 79 44 2
2 944 825 718 376 79 44 2
2 944 826 718 376 79 44 2
2 944 827 718 376 79 44 2
2 944 828 718 376 79 44 2
2 944 829 718 376 79 44 2
2 944 830 718 376 79 44 2
2 944 831 718 376 79 44 2
2 944 832 718 376 79 44 2
2 944 833 718 376 79 44 2
2 944 834 718 376 79 44 2
2 944 835 718 376 79 44 2
2 944 836 718 376 79 44 2
2 944 837 718 376 79 44 2
2 944 838 718 376 79 44 2
2 944 839 718 376 79 44 2
2 944 840 718 376 79 44 2
2 944 841 718 376 79 44 2
2 944 842 718 376 79 44 2
2 944 843 718 376 79 44 2
2 944 844 718 376 79 44 2
2 944 845 718 376 79 44 2
2 944 846 718 376 79 44 2
2 944 847 718 376 79 44 2
2 944 848 718 376 79 44 2
2 944 849 718 376 79 44 2
2 944 850 718 376 79 44 2
2 944 851 718 376 79 44 2
2 944 852 718 376 79 44 2
2 944 853 718 376 79 44 2
2 944 854 718 376 79 44 2
2 944 855 718 376 79 44 2
2 944 856 718 376 79 44 2
2 944 857 718 376 79 44 2
2 944 858 718 376 79 44 2
2 944 859 718 376 79 44 2
2 944 860 718 376 79 44 2
2 944 861 718 376 79 44 2
2 944 862 718 376 79 44 2
2 944 863 718 376 79 44 2
2 944 864 718 376 79 44 2
2 944 865 718 376 79 44 2
2 944 866 718 376 79 44 2
2 944 867 718 376 79 44 2
2 944 868 718 376 79 44 2
2 944 869 718 376 79 44 2
2 944 870 718 376 79 44 2
2 944 871 718 376 79 44 2
2 944 872 718 376 79 44 2
2 944 873 718 376 79 44 2
2 944 874 718 376 79 44 2
2 944 875 718 376 79 44 2
2 944 876 718 376 79 44 2
2 944 877 718 376 79 44 2
2 944 878 718 376 79 44 2
2 944 879 718 376 79 44 2
2 944 880 718 376 79 44 2
2 944 881 718 376 79 44 2
2 944 882 718 376 79 44 2
2 944 883 718 376 79 44 2
2 944 884 718 376 79 44 2
2 944 885 718 376 79 44 2
2 944 886 718 376 79 44 2
2 944 887 718 376 79 44 2
2 944 888 718 376 79 44 2
2 944 889 718 376 79 44 2
2 944 890 718 376 79 44 2
2 944 891 718 376 79 44 2
2 944 892 718 376 79 44 2
2 944 893 718 376 79 44 2
2 944 894 718 376 79 44 2
2 944 895 718 376 79 44 2
2 944 896 718 376 79 44 2
2 944 897 718 376 79 44 2
2 944 898 718 376 79 44 2
2 944 899 718 376 79 44 2
2 944 900 718 376 79 44 2
2 944 901 718 376 79 44 2
2 944 902 718 376 79 44 2
2 944 903 718 376 79 44 2
2 944 904 718 376 79 44 2
2 944 905 718 376 79 44 2
2 944 906 718 376 79 44 2
2 944 907 718 376 79 44 2
2 944 908 718 376 79 44 2
2 944 909 718 376 79 44 2
2 944 910 718 376 79 44 2
2 944 911 718 376 79 44 2
2 944 912 718 376 79 44 2
2 944 913 718 376 79 44 2
2 944 914 718 376 79 44 2
2 944 915 718 376 79 44 2
2 944 916 718 376 79 44 2
2 944 917 718 376 79 44 2
2 944 918 718 376 79 44 2
2 944 919 718 376 79 44 2
2 944 920 718 376 79 44 2
2 944 921 718 376 79 44 2
2 944 922 718 376 79 44 2
2 944 923 718 376 79 44 2
2 944 924 718 376 79 44 2
2 944 925 718 376 79 44 2
2 944 926 718 376 79 44 2
2 944 927 718 376 79 44 2
2 944 928 718 376 79 44 2
2 944 929 718 376 79 44 2
2 944 930 718 376 79 44 2
2 944 931 718 376 79 44 2
2 944 932 718 376 79 44 2
2 944 933 718 376 79 44 2
2 944 934 718 376 79 44 2
2 944 935 718 376 79 44 2
2 944 936 718 376 79 44 2
2 944 937 718 376 79 44 2
2 944 938 718 376 79 44 2
2 944 939 718 376 79 44 2
2 944 940 718 376 79 44 2
2 944 941 718 376 79 44 2
2 944 942 718 376 79 44 2
2 944 943 718 376 79 44 2
