14 2 152 532 683 532 1530 386 243 203 
14 2 152 532 683 533 1530 386 243 203 
14 2 152 532 683 534 1530 386 243 203 
14 2 152 532 683 535 1530 386 243 203 
14 2 152 532 683 536 1530 386 243 203 
14 2 152 532 683 537 1530 386 243 203 
14 2 152 532 683 538 1530 386 243 203 
14 2 152 532 683 539 1530 386 243 203 
14 2 152 532 683 540 1530 386 243 203 
14 2 152 532 683 541 1530 386 243 203 
14 2 152 532 683 542 1530 386 243 203 
14 2 152 532 683 543 1530 386 243 203 
14 2 152 532 683 544 1530 386 243 203 
14 2 152 532 683 545 1530 386 243 203 
14 2 152 532 683 546 1530 386 243 203 
14 2 152 532 683 547 1530 386 243 203 
14 2 152 532 683 548 1530 386 243 203 
14 2 152 532 683 549 1530 386 243 203 
14 2 152 532 683 550 1530 386 243 203 
14 2 152 532 683 551 1530 386 243 203 
14 2 152 532 683 552 1530 386 243 203 
14 2 152 532 683 553 1530 386 243 203 
14 2 152 532 683 554 1530 386 243 203 
14 2 152 532 683 555 1530 386 243 203 
14 2 152 532 683 556 1530 386 243 203 
14 2 152 532 683 557 1530 386 243 203 
14 2 152 532 683 558 1530 386 243 203 
14 2 152 532 683 559 1530 386 243 203 
14 2 152 532 683 560 1530 386 243 203 
14 2 152 532 683 561 1530 386 243 203 
14 2 152 532 683 562 1530 386 243 203 
14 2 152 532 683 563 1530 386 243 203 
14 2 152 532 683 564 1530 386 243 203 
14 2 152 532 683 565 1530 386 243 203 
14 2 152 532 683 566 1530 386 243 203 
14 2 152 532 683 567 1530 386 243 203 
14 2 152 532 683 568 1530 386 243 203 
14 2 152 532 683 569 1530 386 243 203 
14 2 152 532 683 570 1530 386 243 203 
14 2 152 532 683 571 1530 386 243 203 
14 2 152 532 683 572 1530 386 243 203 
14 2 152 532 683 573 1530 386 243 203 
14 2 152 532 683 574 1530 386 243 203 
14 2 152 532 683 575 1530 386 243 203 
14 2 152 532 683 576 1530 386 243 203 
14 2 152 532 683 577 1530 386 243 203 
14 2 152 532 683 578 1530 386 243 203 
14 2 152 532 683 579 1530 386 243 203 
14 2 152 532 683 580 1530 386 243 203 
14 2 152 532 683 581 1530 386 243 203 
14 2 152 532 683 582 1530 386 243 203 
14 2 152 532 683 583 1530 386 243 203 
14 2 152 532 683 584 1530 386 243 203 
14 2 152 532 683 585 1530 386 243 203 
14 2 152 532 683 586 1530 386 243 203 
14 2 152 532 683 587 1530 386 243 203 
14 2 152 532 683 588 1530 386 243 203 
14 2 152 532 683 589 1530 386 243 203 
14 2 152 532 683 590 1530 386 243 203 
14 2 152 532 683 591 1530 386 243 203 
14 2 152 532 683 592 1530 386 243 203 
14 2 152 532 683 593 1530 386 243 203 
14 2 152 532 683 594 1530 386 243 203 
14 2 152 532 683 595 1530 386 243 203 
14 2 152 532 683 596 1530 386 243 203 
14 2 152 532 683 597 1530 386 243 203 
14 2 152 532 683 598 1530 386 243 203 
14 2 152 532 683 599 1530 386 243 203 
14 2 152 532 683 600 1530 386 243 203 
14 2 152 532 683 601 1530 386 243 203 
14 2 152 532 683 602 1530 386 243 203 
14 2 152 532 683 603 1530 386 243 203 
14 2 152 532 683 604 1530 386 243 203 
14 2 152 532 683 605 1530 386 243 203 
14 2 152 532 683 606 1530 386 243 203 
14 2 152 532 683 607 1530 386 243 203 
14 2 152 532 683 608 1530 386 243 203 
14 2 152 532 683 609 1530 386 243 203 
14 2 152 532 683 610 1530 386 243 203 
14 2 152 532 683 611 1530 386 243 203 
14 2 152 532 683 612 1530 386 243 203 
14 2 152 532 683 613 1530 386 243 203 
14 2 152 532 683 614 1530 386 243 203 
14 2 152 532 683 615 1530 386 243 203 
14 2 152 532 683 616 1530 386 243 203 
14 2 152 532 683 617 1530 386 243 203 
14 2 152 532 683 618 1530 386 243 203 
14 2 152 532 683 619 1530 386 243 203 
14 2 152 532 683 620 1530 386 243 203 
14 2 152 532 683 621 1530 386 243 203 
14 2 152 532 683 622 1530 386 243 203 
14 2 152 532 683 623 1530 386 243 203 
14 2 152 532 683 624 1530 386 243 203 
14 2 152 532 683 625 1530 386 243 203 
14 2 152 532 683 626 1530 386 243 203 
14 2 152 532 683 627 1530 386 243 203 
14 2 152 532 683 628 1530 386 243 203 
14 2 152 532 683 629 1530 386 243 203 
14 2 152 532 683 630 1530 386 243 203 
14 2 152 532 683 631 1530 386 243 203 
14 2 152 532 683 632 1530 386 243 203 
14 2 152 532 683 633 1530 386 243 203 
14 2 152 532 683 634 1530 386 243 203 
14 2 152 532 683 635 1530 386 243 203 
14 2 152 532 683 636 1530 386 243 203 
14 2 152 532 683 637 1530 386 243 203 
14 2 152 532 683 638 1530 386 243 203 
14 2 152 532 683 639 1530 386 243 203 
14 2 152 532 683 640 1530 386 243 203 
14 2 152 532 683 641 1530 386 243 203 
14 2 152 532 683 642 1530 386 243 203 
14 2 152 532 683 643 1530 386 243 203 
14 2 152 532 683 644 1530 386 243 203 
14 2 152 532 683 645 1530 386 243 203 
14 2 152 532 683 646 1530 386 243 203 
14 2 152 532 683 647 1530 386 243 203 
14 2 152 532 683 648 1530 386 243 203 
14 2 152 532 683 649 1530 386 243 203 
14 2 152 532 683 650 1530 386 243 203 
14 2 152 532 683 651 1530 386 243 203 
14 2 152 532 683 652 1530 386 243 203 
14 2 152 532 683 653 1530 386 243 203 
14 2 152 532 683 654 1530 386 243 203 
14 2 152 532 683 655 1530 386 243 203 
14 2 152 532 683 656 1530 386 243 203 
14 2 152 532 683 657 1530 386 243 203 
14 2 152 532 683 658 1530 386 243 203 
14 2 152 532 683 659 1530 386 243 203 
14 2 152 532 683 660 1530 386 243 203 
14 2 152 532 683 661 1530 386 243 203 
14 2 152 532 683 662 1530 386 243 203 
14 2 152 532 683 663 1530 386 243 203 
14 2 152 532 683 664 1530 386 243 203 
14 2 152 532 683 665 1530 386 243 203 
14 2 152 532 683 666 1530 386 243 203 
14 2 152 532 683 667 1530 386 243 203 
14 2 152 532 683 668 1530 386 243 203 
14 2 152 532 683 669 1530 386 243 203 
14 2 152 532 683 670 1530 386 243 203 
14 2 152 532 683 671 1530 386 243 203 
14 2 152 532 683 672 1530 386 243 203 
14 2 152 532 683 673 1530 386 243 203 
14 2 152 532 683 674 1530 386 243 203 
14 2 152 532 683 675 1530 386 243 203 
14 2 152 532 683 676 1530 386 243 203 
14 2 152 532 683 677 1530 386 243 203 
14 2 152 532 683 678 1530 386 243 203 
14 2 152 532 683 679 1530 386 243 203 
14 2 152 532 683 680 1530 386 243 203 
14 2 152 532 683 681 1530 386 243 203 
14 2 152 532 683 682 1530 386 243 203 
14 2 152 532 683 683 1530 386 243 203 
17 9 218 704 921 704 1636 421 144 192 
17 9 218 704 921 705 1638 421 144 192 
17 9 218 704 921 706 1638 424 144 192 
17 9 218 704 921 707 1641 424 144 192 
17 9 218 704 921 708 1644 424 144 192 
17 9 218 704 921 709 1646 426 144 192 
17 9 218 704 921 710 1646 426 144 192 
17 9 218 704 921 711 1649 429 144 192 
17 9 218 704 921 712 1652 429 144 192 
17 9 218 704 921 713 1654 432 144 192 
17 9 218 704 921 714 1654 430 144 204 
17 9 218 704 921 715 1654 428 144 216 
17 9 218 704 921 716 1654 428 144 216 
17 9 218 704 921 717 1654 428 144 216 
17 9 218 704 921 718 1654 430 144 216 
17 9 218 704 921 719 1657 430 144 216 
17 9 218 704 921 720 1657 430 144 216 
17 9 218 704 921 721 1657 433 144 216 
17 9 218 704 921 722 1657 433 144 216 
17 9 218 704 921 723 1660 433 144 216 
17 9 218 704 921 724 1660 436 144 216 
17 9 218 704 921 725 1660 436 144 216 
17 9 218 704 921 726 1660 436 144 216 
17 9 218 704 921 727 1662 438 144 216 
17 9 218 704 921 728 1662 438 144 216 
17 9 218 704 921 729 1662 438 144 216 
17 9 218 704 921 730 1662 441 144 216 
17 9 218 704 921 731 1665 441 144 216 
17 9 218 704 921 732 1665 441 144 216 
17 9 218 704 921 733 1665 444 144 216 
17 9 218 704 921 734 1668 444 144 216 
17 9 218 704 921 735 1668 444 144 216 
17 9 218 704 921 736 1668 446 144 216 
17 9 218 704 921 737 1668 446 144 216 
17 9 218 704 921 738 1670 446 144 216 
17 9 218 704 921 739 1670 449 144 216 
17 9 218 704 921 740 1670 449 144 216 
17 9 218 704 921 741 1670 449 144 216 
17 9 218 704 921 742 1673 452 144 216 
17 9 218 704 921 743 1673 452 144 216 
17 9 218 704 921 744 1673 452 144 216 
17 9 218 704 921 745 1673 454 144 216 
17 9 218 704 921 746 1676 454 144 216 
17 9 218 704 921 747 1676 454 144 216 
17 9 218 704 921 748 1676 457 144 216 
17 9 218 704 921 749 1676 457 144 216 
17 9 218 704 921 750 1678 457 144 216 
17 9 218 704 921 751 1678 460 144 216 
17 9 218 704 921 752 1678 460 144 216 
17 9 218 704 921 753 1681 462 144 216 
17 9 218 704 921 754 1678 462 144 216 
17 9 218 704 921 755 1678 462 144 216 
17 9 218 704 921 756 1676 465 144 216 
17 9 218 704 921 757 1676 465 144 216 
17 9 218 704 921 758 1671 468 150 216 
17 9 218 704 921 759 1673 468 144 216 
17 9 218 704 921 760 1673 468 144 216 
17 9 218 704 921 761 1668 470 150 216 
17 9 218 704 921 762 1670 470 144 216 
17 9 218 704 921 763 1667 473 148 216 
17 9 218 704 921 764 1668 473 144 216 
17 9 218 704 921 765 1668 472 144 220 
17 9 218 704 921 766 1663 476 150 216 
17 9 218 704 921 767 1665 476 144 216 
17 9 218 704 921 768 1660 478 150 216 
17 9 218 704 921 769 1660 478 150 216 
17 9 218 704 921 770 1662 477 144 220 
17 9 218 704 921 771 1659 481 148 216 
17 9 218 704 921 772 1659 480 148 220 
17 9 218 704 921 773 1655 484 150 216 
17 9 218 704 921 774 1655 484 150 216 
17 9 218 704 921 775 1657 483 144 219 
17 9 218 704 921 776 1652 486 150 216 
17 9 218 704 921 777 1652 485 150 220 
17 9 218 704 921 778 1651 489 148 216 
17 9 218 704 921 779 1651 489 148 216 
17 9 218 704 921 780 1651 488 148 220 
17 9 218 704 921 781 1647 492 150 216 
17 9 218 704 921 782 1647 491 150 219 
17 9 218 704 921 783 1644 494 150 216 
17 9 218 704 921 784 1644 493 150 220 
17 9 218 704 921 785 1644 493 150 220 
17 9 218 704 921 786 1643 497 148 216 
17 9 218 704 921 787 1643 496 148 220 
17 9 218 704 921 788 1638 500 154 216 
17 9 218 704 921 789 1639 499 150 219 
17 9 218 704 921 790 1639 499 150 219 
17 9 218 704 921 791 1635 501 156 220 
17 9 218 704 921 792 1636 501 150 220 
17 9 218 704 921 793 1633 505 154 216 
17 9 218 704 921 794 1635 504 148 220 
17 9 218 704 921 795 1635 504 148 220 
17 9 218 704 921 796 1630 507 154 219 
17 9 218 704 921 797 1631 507 150 219 
17 9 218 704 921 798 1627 510 156 216 
17 9 218 704 921 799 1627 509 156 220 
17 9 218 704 921 800 1628 509 150 220 
17 9 218 704 921 801 1625 512 154 220 
17 9 218 704 921 802 1627 512 148 220 
17 9 218 704 921 803 1622 515 154 219 
17 9 218 704 921 804 1622 515 154 219 
17 9 218 704 921 805 1623 515 150 219 
17 9 218 704 921 806 1619 517 156 220 
17 9 218 704 921 807 1619 517 156 220 
17 9 218 704 921 808 1617 520 154 220 
17 9 218 704 921 809 1617 520 154 220 
17 9 218 704 921 810 1617 523 154 219 
17 9 218 704 921 811 1614 523 154 219 
17 9 218 704 921 812 1614 523 154 219 
17 9 218 704 921 813 1614 523 154 219 
17 9 218 704 921 814 1614 523 154 219 
17 9 218 704 921 815 1614 523 154 219 
17 9 218 704 921 816 1614 523 154 219 
17 9 218 704 921 817 1614 523 154 219 
17 9 218 704 921 818 1614 523 154 219 
17 9 218 704 921 819 1614 523 154 219 
17 9 218 704 921 820 1614 523 154 219 
17 9 218 704 921 821 1614 523 154 219 
17 9 218 704 921 822 1614 523 154 219 
17 9 218 704 921 823 1614 523 154 219 
17 9 218 704 921 824 1614 523 154 219 
17 9 218 704 921 825 1614 523 154 219 
17 9 218 704 921 826 1614 523 154 219 
17 9 218 704 921 827 1614 523 154 219 
17 9 218 704 921 828 1614 523 154 219 
17 9 218 704 921 829 1614 523 154 219 
17 9 218 704 921 830 1614 523 154 219 
17 9 218 704 921 831 1614 523 154 219 
17 9 218 704 921 832 1614 523 154 219 
17 9 218 704 921 833 1611 523 156 219 
17 9 218 704 921 834 1611 523 156 219 
17 9 218 704 921 835 1611 523 156 219 
17 9 218 704 921 836 1611 523 156 219 
17 9 218 704 921 837 1611 523 156 219 
17 9 218 704 921 838 1611 523 156 219 
17 9 218 704 921 839 1611 523 156 219 
17 9 218 704 921 840 1611 523 156 219 
17 9 218 704 921 841 1611 523 156 219 
17 9 218 704 921 842 1611 523 156 219 
17 9 218 704 921 843 1611 523 156 219 
17 9 218 704 921 844 1611 523 156 219 
17 9 218 704 921 845 1611 523 156 219 
17 9 218 704 921 846 1611 523 156 219 
17 9 218 704 921 847 1611 523 156 219 
17 9 218 704 921 848 1611 523 156 219 
17 9 218 704 921 849 1611 523 156 219 
17 9 218 704 921 850 1611 523 156 219 
17 9 218 704 921 851 1611 523 156 219 
17 9 218 704 921 852 1611 523 156 219 
17 9 218 704 921 853 1611 523 156 219 
17 9 218 704 921 854 1611 523 156 219 
17 9 218 704 921 855 1611 525 156 220 
17 9 218 704 921 856 1609 525 154 220 
17 9 218 704 921 857 1609 525 154 220 
17 9 218 704 921 858 1609 525 154 220 
17 9 218 704 921 859 1609 525 154 220 
17 9 218 704 921 860 1609 525 154 220 
17 9 218 704 921 861 1609 525 154 220 
17 9 218 704 921 862 1609 525 154 220 
17 9 218 704 921 863 1609 525 154 220 
17 9 218 704 921 864 1609 525 154 220 
17 9 218 704 921 865 1609 525 154 220 
17 9 218 704 921 866 1609 525 154 220 
17 9 218 704 921 867 1609 525 154 220 
17 9 218 704 921 868 1609 525 154 220 
17 9 218 704 921 869 1609 525 154 220 
17 9 218 704 921 870 1609 525 154 220 
17 9 218 704 921 871 1609 525 154 220 
17 9 218 704 921 872 1609 525 154 220 
17 9 218 704 921 873 1609 525 154 220 
17 9 218 704 921 874 1609 525 154 220 
17 9 218 704 921 875 1609 525 154 220 
17 9 218 704 921 876 1609 525 154 220 
17 9 218 704 921 877 1609 525 154 220 
17 9 218 704 921 878 1606 525 154 220 
17 9 218 704 921 879 1606 525 154 220 
17 9 218 704 921 880 1606 525 154 220 
17 9 218 704 921 881 1606 525 154 220 
17 9 218 704 921 882 1606 525 154 220 
17 9 218 704 921 883 1606 525 154 220 
17 9 218 704 921 884 1606 525 154 220 
17 9 218 704 921 885 1606 525 154 220 
17 9 218 704 921 886 1606 525 154 220 
17 9 218 704 921 887 1606 525 154 220 
17 9 218 704 921 888 1606 525 154 220 
17 9 218 704 921 889 1606 525 154 220 
17 9 218 704 921 890 1606 525 154 220 
17 9 218 704 921 891 1606 525 154 220 
17 9 218 704 921 892 1606 525 154 220 
17 9 218 704 921 893 1606 525 154 220 
17 9 218 704 921 894 1606 525 154 220 
17 9 218 704 921 895 1606 525 154 220 
17 9 218 704 921 896 1606 525 154 220 
17 9 218 704 921 897 1606 525 154 220 
17 9 218 704 921 898 1606 525 154 220 
17 9 218 704 921 899 1606 525 154 220 
17 9 218 704 921 900 1606 528 154 220 
17 9 218 704 921 901 1603 528 156 220 
17 9 218 704 921 902 1601 528 154 220 
17 9 218 704 921 903 1601 528 154 220 
17 9 218 704 921 904 1598 528 154 220 
17 9 218 704 921 905 1595 528 156 220 
17 9 218 704 921 906 1595 528 156 220 
17 9 218 704 921 907 1593 528 154 220 
17 9 218 704 921 908 1590 528 154 220 
17 9 218 704 921 909 1590 528 154 220 
17 9 218 704 921 910 1587 528 156 220 
17 9 218 704 921 911 1585 531 154 219 
17 9 218 704 921 912 1585 531 154 219 
17 9 218 704 921 913 1582 531 154 219 
17 9 218 704 921 914 1579 531 156 219 
17 9 218 704 921 915 1579 531 156 219 
17 9 218 704 921 916 1577 531 154 219 
17 9 218 704 921 917 1574 531 154 219 
17 9 218 704 921 918 1574 531 154 219 
17 9 218 704 921 919 1571 531 156 219 
17 9 218 704 921 920 1569 531 154 219 
17 9 218 704 921 921 1569 533 154 220 
18 9 301 1221 1521 1221 2 220 138 168 
18 9 301 1221 1521 1222 5 220 138 168 
18 9 301 1221 1521 1223 7 220 140 168 
18 9 301 1221 1521 1224 10 220 138 168 
18 9 301 1221 1521 1225 13 220 138 168 
18 9 301 1221 1521 1226 15 220 140 168 
18 9 301 1221 1521 1227 18 220 138 168 
18 9 301 1221 1521 1228 21 220 138 168 
18 9 301 1221 1521 1229 21 220 138 168 
18 9 301 1221 1521 1230 23 220 140 168 
18 9 301 1221 1521 1231 26 220 138 168 
18 9 301 1221 1521 1232 29 220 138 168 
18 9 301 1221 1521 1233 31 220 140 168 
18 9 301 1221 1521 1234 34 220 138 168 
18 9 301 1221 1521 1235 37 220 138 168 
18 9 301 1221 1521 1236 39 220 140 168 
18 9 301 1221 1521 1237 42 220 138 168 
18 9 301 1221 1521 1238 45 220 138 168 
18 9 301 1221 1521 1239 45 220 138 168 
18 9 301 1221 1521 1240 47 220 140 168 
18 9 301 1221 1521 1241 50 220 138 168 
18 9 301 1221 1521 1242 53 220 138 168 
18 9 301 1221 1521 1243 55 220 140 168 
18 9 301 1221 1521 1244 58 220 138 168 
18 9 301 1221 1521 1245 61 220 138 168 
18 9 301 1221 1521 1246 63 220 140 168 
18 9 301 1221 1521 1247 66 220 138 168 
18 9 301 1221 1521 1248 69 220 138 168 
18 9 301 1221 1521 1249 71 217 140 168 
18 9 301 1221 1521 1250 74 217 138 168 
18 9 301 1221 1521 1251 77 217 138 168 
18 9 301 1221 1521 1252 79 217 140 168 
18 9 301 1221 1521 1253 82 217 138 168 
18 9 301 1221 1521 1254 85 217 138 168 
18 9 301 1221 1521 1255 87 217 140 168 
18 9 301 1221 1521 1256 90 217 138 168 
18 9 301 1221 1521 1257 93 217 138 168 
18 9 301 1221 1521 1258 98 217 138 168 
18 9 301 1221 1521 1259 101 217 138 168 
18 9 301 1221 1521 1260 103 217 140 168 
18 9 301 1221 1521 1261 106 214 138 168 
18 9 301 1221 1521 1262 109 214 138 168 
18 9 301 1221 1521 1263 111 214 140 168 
18 9 301 1221 1521 1264 114 214 138 168 
18 9 301 1221 1521 1265 117 214 138 168 
18 9 301 1221 1521 1266 119 214 140 168 
18 9 301 1221 1521 1267 122 214 138 168 
18 9 301 1221 1521 1268 127 214 140 168 
18 9 301 1221 1521 1269 130 214 138 168 
18 9 301 1221 1521 1270 133 214 138 168 
18 9 301 1221 1521 1271 135 214 140 168 
18 9 301 1221 1521 1272 138 214 138 168 
18 9 301 1221 1521 1273 141 212 138 168 
18 9 301 1221 1521 1274 143 212 140 168 
18 9 301 1221 1521 1275 146 212 138 168 
18 9 301 1221 1521 1276 149 212 138 168 
18 9 301 1221 1521 1277 151 212 140 168 
18 9 301 1221 1521 1278 157 212 138 168 
18 9 301 1221 1521 1279 159 212 140 168 
18 9 301 1221 1521 1280 162 212 138 168 
18 9 301 1221 1521 1281 165 212 138 168 
18 9 301 1221 1521 1282 167 212 140 168 
18 9 301 1221 1521 1283 170 212 138 168 
18 9 301 1221 1521 1284 173 212 138 168 
18 9 301 1221 1521 1285 175 209 140 168 
18 9 301 1221 1521 1286 178 209 138 168 
18 9 301 1221 1521 1287 181 209 138 168 
18 9 301 1221 1521 1288 186 209 138 168 
18 9 301 1221 1521 1289 189 209 138 168 
18 9 301 1221 1521 1290 191 209 140 168 
18 9 301 1221 1521 1291 194 209 138 168 
18 9 301 1221 1521 1292 197 209 138 168 
18 9 301 1221 1521 1293 199 209 140 168 
18 9 301 1221 1521 1294 202 209 138 168 
18 9 301 1221 1521 1295 205 209 138 168 
18 9 301 1221 1521 1296 207 209 140 168 
18 9 301 1221 1521 1297 213 209 138 168 
18 9 301 1221 1521 1298 215 206 140 168 
18 9 301 1221 1521 1299 218 206 138 168 
18 9 301 1221 1521 1300 221 206 138 168 
18 9 301 1221 1521 1301 223 206 140 168 
18 9 301 1221 1521 1302 226 206 138 168 
18 9 301 1221 1521 1303 229 206 138 168 
18 9 301 1221 1521 1304 231 204 140 168 
18 9 301 1221 1521 1305 234 204 138 168 
18 9 301 1221 1521 1306 237 204 138 168 
18 9 301 1221 1521 1307 239 204 140 168 
18 9 301 1221 1521 1308 242 204 138 168 
18 9 301 1221 1521 1309 245 204 138 168 
18 9 301 1221 1521 1310 247 204 140 168 
18 9 301 1221 1521 1311 250 201 138 168 
18 9 301 1221 1521 1312 253 201 138 168 
18 9 301 1221 1521 1313 255 201 140 168 
18 9 301 1221 1521 1314 258 201 138 168 
18 9 301 1221 1521 1315 261 201 138 168 
18 9 301 1221 1521 1316 263 201 140 168 
18 9 301 1221 1521 1317 266 201 138 168 
18 9 301 1221 1521 1318 269 198 138 168 
18 9 301 1221 1521 1319 271 198 140 168 
18 9 301 1221 1521 1320 274 198 138 168 
18 9 301 1221 1521 1321 277 198 138 168 
18 9 301 1221 1521 1322 279 198 140 168 
18 9 301 1221 1521 1323 282 198 138 168 
18 9 301 1221 1521 1324 287 198 140 168 
18 9 301 1221 1521 1325 290 196 138 168 
18 9 301 1221 1521 1326 293 196 138 168 
18 9 301 1221 1521 1327 295 196 140 168 
18 9 301 1221 1521 1328 298 196 138 168 
18 9 301 1221 1521 1329 301 196 138 168 
18 9 301 1221 1521 1330 303 196 140 168 
18 9 301 1221 1521 1331 306 193 138 168 
18 9 301 1221 1521 1332 309 193 138 168 
18 9 301 1221 1521 1333 311 193 140 168 
18 9 301 1221 1521 1334 314 193 138 168 
18 9 301 1221 1521 1335 317 193 138 168 
18 9 301 1221 1521 1336 319 193 140 168 
18 9 301 1221 1521 1337 322 193 138 168 
18 9 301 1221 1521 1338 325 190 138 168 
18 9 301 1221 1521 1339 327 190 140 168 
18 9 301 1221 1521 1340 330 190 138 168 
18 9 301 1221 1521 1341 333 190 138 168 
18 9 301 1221 1521 1342 335 190 140 168 
18 9 301 1221 1521 1343 338 190 138 168 
18 9 301 1221 1521 1344 341 190 138 168 
18 9 301 1221 1521 1345 343 188 140 168 
18 9 301 1221 1521 1346 346 188 138 168 
18 9 301 1221 1521 1347 349 188 138 168 
18 9 301 1221 1521 1348 351 188 140 168 
18 9 301 1221 1521 1349 354 188 138 168 
18 9 301 1221 1521 1350 357 188 138 168 
18 9 301 1221 1521 1351 362 188 138 168 
18 9 301 1221 1521 1352 362 185 138 168 
18 9 301 1221 1521 1353 365 185 138 168 
18 9 301 1221 1521 1354 367 185 140 168 
18 9 301 1221 1521 1355 370 185 138 168 
18 9 301 1221 1521 1356 373 185 138 168 
18 9 301 1221 1521 1357 375 185 140 168 
18 9 301 1221 1521 1358 378 185 138 168 
18 9 301 1221 1521 1359 381 185 138 168 
18 9 301 1221 1521 1360 383 185 140 168 
18 9 301 1221 1521 1361 386 185 138 168 
18 9 301 1221 1521 1362 386 182 138 168 
18 9 301 1221 1521 1363 389 182 138 168 
18 9 301 1221 1521 1364 391 182 140 168 
18 9 301 1221 1521 1365 394 182 138 168 
18 9 301 1221 1521 1366 397 182 138 168 
18 9 301 1221 1521 1367 399 182 140 168 
18 9 301 1221 1521 1368 402 182 138 168 
18 9 301 1221 1521 1369 405 182 138 168 
18 9 301 1221 1521 1370 407 182 140 168 
18 9 301 1221 1521 1371 410 182 138 168 
18 9 301 1221 1521 1372 413 182 138 168 
18 9 301 1221 1521 1373 413 180 138 168 
18 9 301 1221 1521 1374 415 180 140 168 
18 9 301 1221 1521 1375 418 180 138 168 
18 9 301 1221 1521 1376 421 180 138 168 
18 9 301 1221 1521 1377 423 180 140 168 
18 9 301 1221 1521 1378 426 180 138 168 
18 9 301 1221 1521 1379 429 180 138 168 
18 9 301 1221 1521 1380 431 180 140 168 
18 9 301 1221 1521 1381 434 180 138 168 
18 9 301 1221 1521 1382 437 180 138 168 
18 9 301 1221 1521 1383 437 177 138 168 
18 9 301 1221 1521 1384 439 177 140 168 
18 9 301 1221 1521 1385 442 177 138 168 
18 9 301 1221 1521 1386 445 177 138 168 
18 9 301 1221 1521 1387 447 177 140 168 
18 9 301 1221 1521 1388 450 177 138 168 
18 9 301 1221 1521 1389 453 177 138 168 
18 9 301 1221 1521 1390 455 177 140 168 
18 9 301 1221 1521 1391 458 177 138 168 
18 9 301 1221 1521 1392 461 177 138 168 
18 9 301 1221 1521 1393 463 177 140 168 
18 9 301 1221 1521 1394 463 174 140 168 
18 9 301 1221 1521 1395 466 174 138 168 
18 9 301 1221 1521 1396 469 174 138 168 
18 9 301 1221 1521 1397 471 174 140 168 
18 9 301 1221 1521 1398 474 174 138 168 
18 9 301 1221 1521 1399 477 174 138 168 
18 9 301 1221 1521 1400 479 174 140 168 
18 9 301 1221 1521 1401 482 174 138 168 
18 9 301 1221 1521 1402 485 174 138 168 
18 9 301 1221 1521 1403 487 174 140 168 
18 9 301 1221 1521 1404 490 174 138 168 
18 9 301 1221 1521 1405 490 172 138 168 
18 9 301 1221 1521 1406 493 172 138 168 
18 9 301 1221 1521 1407 495 172 140 168 
18 9 301 1221 1521 1408 495 172 140 168 
18 9 301 1221 1521 1409 498 172 138 168 
18 9 301 1221 1521 1410 501 172 138 168 
18 9 301 1221 1521 1411 503 172 140 168 
18 9 301 1221 1521 1412 503 172 140 168 
18 9 301 1221 1521 1413 506 172 138 168 
18 9 301 1221 1521 1414 509 169 138 168 
18 9 301 1221 1521 1415 509 169 138 168 
18 9 301 1221 1521 1416 511 169 140 168 
18 9 301 1221 1521 1417 514 169 138 168 
18 9 301 1221 1521 1418 517 169 138 168 
18 9 301 1221 1521 1419 517 169 138 168 
18 9 301 1221 1521 1420 519 169 140 168 
18 9 301 1221 1521 1421 522 169 138 168 
18 9 301 1221 1521 1422 525 169 138 168 
18 9 301 1221 1521 1423 525 166 138 168 
18 9 301 1221 1521 1424 527 166 140 168 
18 9 301 1221 1521 1425 530 166 138 168 
18 9 301 1221 1521 1426 530 166 138 168 
18 9 301 1221 1521 1427 533 166 138 168 
18 9 301 1221 1521 1428 535 166 140 168 
18 9 301 1221 1521 1429 538 166 138 168 
18 9 301 1221 1521 1430 538 166 138 168 
18 9 301 1221 1521 1431 541 166 138 168 
18 9 301 1221 1521 1432 543 164 140 168 
18 9 301 1221 1521 1433 543 164 140 168 
18 9 301 1221 1521 1434 546 164 138 168 
18 9 301 1221 1521 1435 549 164 138 168 
18 9 301 1221 1521 1436 551 164 140 168 
18 9 301 1221 1521 1437 551 164 140 168 
18 9 301 1221 1521 1438 554 164 138 168 
18 9 301 1221 1521 1439 557 164 138 168 
18 9 301 1221 1521 1440 559 164 140 168 
18 9 301 1221 1521 1441 559 161 140 168 
18 9 301 1221 1521 1442 562 161 138 168 
18 9 301 1221 1521 1443 565 161 138 168 
18 9 301 1221 1521 1444 565 161 138 168 
18 9 301 1221 1521 1445 567 161 140 168 
18 9 301 1221 1521 1446 570 161 138 168 
18 9 301 1221 1521 1447 573 161 138 168 
18 9 301 1221 1521 1448 573 161 138 168 
18 9 301 1221 1521 1449 575 161 140 168 
18 9 301 1221 1521 1450 578 158 138 168 
18 9 301 1221 1521 1451 578 158 138 168 
18 9 301 1221 1521 1452 581 158 138 168 
18 9 301 1221 1521 1453 583 158 140 168 
18 9 301 1221 1521 1454 586 158 138 168 
18 9 301 1221 1521 1455 586 158 138 168 
18 9 301 1221 1521 1456 589 158 138 168 
18 9 301 1221 1521 1457 591 158 140 168 
18 9 301 1221 1521 1458 594 158 138 168 
18 9 301 1221 1521 1459 594 156 138 168 
18 9 301 1221 1521 1460 597 156 138 168 
18 9 301 1221 1521 1461 599 156 140 168 
18 9 301 1221 1521 1462 599 156 140 168 
18 9 301 1221 1521 1463 602 156 138 168 
18 9 301 1221 1521 1464 605 156 138 168 
18 9 301 1221 1521 1465 607 156 140 168 
18 9 301 1221 1521 1466 607 156 140 168 
18 9 301 1221 1521 1467 610 156 138 168 
18 9 301 1221 1521 1468 613 156 138 168 
18 9 301 1221 1521 1469 613 156 138 168 
18 9 301 1221 1521 1470 615 156 140 168 
18 9 301 1221 1521 1471 618 156 138 168 
18 9 301 1221 1521 1472 621 156 138 168 
18 9 301 1221 1521 1473 621 156 138 168 
18 9 301 1221 1521 1474 623 156 140 168 
18 9 301 1221 1521 1475 626 153 138 168 
18 9 301 1221 1521 1476 626 153 138 168 
18 9 301 1221 1521 1477 629 153 138 168 
18 9 301 1221 1521 1478 631 153 140 168 
18 9 301 1221 1521 1479 634 153 138 168 
18 9 301 1221 1521 1480 634 153 138 168 
18 9 301 1221 1521 1481 637 153 138 168 
18 9 301 1221 1521 1482 639 153 140 168 
18 9 301 1221 1521 1483 639 153 140 168 
18 9 301 1221 1521 1484 642 153 138 168 
18 9 301 1221 1521 1485 645 153 138 168 
18 9 301 1221 1521 1486 647 153 140 168 
18 9 301 1221 1521 1487 647 153 140 168 
18 9 301 1221 1521 1488 650 153 138 168 
18 9 301 1221 1521 1489 653 153 138 168 
18 9 301 1221 1521 1490 653 153 138 168 
18 9 301 1221 1521 1491 655 150 140 168 
18 9 301 1221 1521 1492 658 150 138 168 
18 9 301 1221 1521 1493 661 150 138 168 
18 9 301 1221 1521 1494 661 150 138 168 
18 9 301 1221 1521 1495 663 150 140 168 
18 9 301 1221 1521 1496 666 150 138 168 
18 9 301 1221 1521 1497 666 150 138 168 
18 9 301 1221 1521 1498 669 150 138 168 
18 9 301 1221 1521 1499 671 150 140 168 
18 9 301 1221 1521 1500 674 150 138 168 
18 9 301 1221 1521 1501 674 150 138 168 
18 9 301 1221 1521 1502 677 150 138 168 
18 9 301 1221 1521 1503 679 150 140 168 
18 9 301 1221 1521 1504 679 150 140 168 
18 9 301 1221 1521 1505 682 150 138 168 
18 9 301 1221 1521 1506 685 150 138 168 
18 9 301 1221 1521 1507 687 150 140 168 
18 9 301 1221 1521 1508 687 150 140 168 
18 9 301 1221 1521 1509 690 150 138 168 
18 9 301 1221 1521 1510 693 150 138 168 
18 9 301 1221 1521 1511 695 150 140 168 
18 9 301 1221 1521 1512 698 150 138 168 
18 9 301 1221 1521 1513 701 150 138 168 
18 9 301 1221 1521 1514 703 150 140 168 
18 9 301 1221 1521 1515 706 150 138 168 
18 9 301 1221 1521 1516 709 150 138 168 
18 9 301 1221 1521 1517 711 150 140 168 
18 9 301 1221 1521 1518 714 150 138 168 
18 9 301 1221 1521 1519 717 150 138 168 
18 9 301 1221 1521 1520 719 150 140 168 
18 9 301 1221 1521 1521 722 150 138 168 
19 9 152 3353 3504 3353 1841 285 78 159 
19 9 152 3353 3504 3354 1838 285 80 159 
19 9 152 3353 3504 3355 1836 282 80 160 
19 9 152 3353 3504 3356 1833 282 80 160 
19 9 152 3353 3504 3357 1828 282 86 160 
19 9 152 3353 3504 3358 1827 279 84 160 
19 9 152 3353 3504 3359 1823 279 86 160 
19 9 152 3353 3504 3360 1820 277 86 159 
19 9 152 3353 3504 3361 1819 277 84 159 
19 9 152 3353 3504 3362 1815 274 86 160 
19 9 152 3353 3504 3363 1812 274 86 160 
19 9 152 3353 3504 3364 1811 271 84 160 
19 9 152 3353 3504 3365 1807 271 86 160 
19 9 152 3353 3504 3366 1804 269 86 159 
19 9 152 3353 3504 3367 1803 269 84 159 
19 9 152 3353 3504 3368 1798 269 90 159 
19 9 152 3353 3504 3369 1795 266 92 160 
19 9 152 3353 3504 3370 1793 266 90 160 
19 9 152 3353 3504 3371 1790 266 90 160 
19 9 152 3353 3504 3372 1787 266 92 160 
19 9 152 3353 3504 3373 1788 263 86 160 
19 9 152 3353 3504 3374 1785 263 90 160 
19 9 152 3353 3504 3375 1782 263 90 160 
19 9 152 3353 3504 3376 1779 263 92 160 
19 9 152 3353 3504 3377 1777 261 90 159 
19 9 152 3353 3504 3378 1779 261 84 159 
19 9 152 3353 3504 3379 1775 261 86 159 
19 9 152 3353 3504 3380 1771 261 92 159 
19 9 152 3353 3504 3381 1769 258 90 160 
19 9 152 3353 3504 3382 1766 258 90 160 
19 9 152 3353 3504 3383 1767 258 86 160 
19 9 152 3353 3504 3384 1764 258 86 160 
19 9 152 3353 3504 3385 1763 255 84 160 
19 9 152 3353 3504 3386 1758 255 90 160 
19 9 152 3353 3504 3387 1755 255 92 160 
19 9 152 3353 3504 3388 1756 255 86 160 
19 9 152 3353 3504 3389 1755 253 84 159 
19 9 152 3353 3504 3390 1751 253 86 159 
19 9 152 3353 3504 3391 1747 253 92 159 
19 9 152 3353 3504 3392 1748 253 86 159 
19 9 152 3353 3504 3393 1747 250 84 160 
19 9 152 3353 3504 3394 1743 250 86 160 
19 9 152 3353 3504 3395 1740 250 86 160 
19 9 152 3353 3504 3396 1739 250 84 160 
19 9 152 3353 3504 3397 1739 247 84 160 
19 9 152 3353 3504 3398 1735 247 86 160 
19 9 152 3353 3504 3399 1732 247 86 160 
19 9 152 3353 3504 3400 1731 247 84 160 
19 9 152 3353 3504 3401 1727 245 86 159 
19 9 152 3353 3504 3402 1729 245 80 159 
19 9 152 3353 3504 3403 1724 245 86 159 
19 9 152 3353 3504 3404 1723 245 84 159 
19 9 152 3353 3504 3405 1719 242 86 160 
19 9 152 3353 3504 3406 1716 242 86 160 
19 9 152 3353 3504 3407 1718 242 80 160 
19 9 152 3353 3504 3408 1716 242 80 160 
19 9 152 3353 3504 3409 1711 239 86 160 
19 9 152 3353 3504 3410 1708 239 86 160 
19 9 152 3353 3504 3411 1710 239 80 160 
19 9 152 3353 3504 3412 1708 239 80 160 
19 9 152 3353 3504 3413 1705 239 80 160 
19 9 152 3353 3504 3414 1700 237 86 159 
19 9 152 3353 3504 3415 1699 237 84 159 
19 9 152 3353 3504 3416 1700 237 80 159 
19 9 152 3353 3504 3417 1697 237 80 159 
19 9 152 3353 3504 3418 1694 234 80 160 
19 9 152 3353 3504 3419 1692 234 80 160 
19 9 152 3353 3504 3420 1687 234 86 160 
19 9 152 3353 3504 3421 1689 234 80 160 
19 9 152 3353 3504 3422 1686 231 80 160 
19 9 152 3353 3504 3423 1684 231 80 160 
19 9 152 3353 3504 3424 1681 231 80 160 
19 9 152 3353 3504 3425 1678 231 80 160 
19 9 152 3353 3504 3426 1678 229 80 159 
19 9 152 3353 3504 3427 1676 229 80 159 
19 9 152 3353 3504 3428 1673 229 80 159 
19 9 152 3353 3504 3429 1670 229 80 159 
19 9 152 3353 3504 3430 1668 226 80 160 
19 9 152 3353 3504 3431 1669 226 74 160 
19 9 152 3353 3504 3432 1665 226 80 160 
19 9 152 3353 3504 3433 1662 226 80 160 
19 9 152 3353 3504 3434 1660 223 80 160 
19 9 152 3353 3504 3435 1661 223 74 160 
19 9 152 3353 3504 3436 1658 223 74 160 
19 9 152 3353 3504 3437 1654 223 80 160 
19 9 152 3353 3504 3438 1652 221 80 159 
19 9 152 3353 3504 3439 1649 221 80 159 
19 9 152 3353 3504 3440 1650 221 74 159 
19 9 152 3353 3504 3441 1647 221 76 159 
19 9 152 3353 3504 3442 1645 218 74 160 
19 9 152 3353 3504 3443 1641 218 80 160 
19 9 152 3353 3504 3444 1638 218 80 160 
19 9 152 3353 3504 3445 1639 218 76 160 
19 9 152 3353 3504 3446 1637 215 74 160 
19 9 152 3353 3504 3447 1634 215 74 160 
19 9 152 3353 3504 3448 1631 215 76 160 
19 9 152 3353 3504 3449 1628 215 80 160 
19 9 152 3353 3504 3450 1629 213 74 159 
19 9 152 3353 3504 3451 1626 213 74 159 
19 9 152 3353 3504 3452 1623 213 76 159 
19 9 152 3353 3504 3453 1621 213 74 159 
19 9 152 3353 3504 3454 1621 213 74 159 
19 9 152 3353 3504 3455 1618 210 74 160 
19 9 152 3353 3504 3456 1615 210 76 160 
19 9 152 3353 3504 3457 1613 211 74 156 
19 9 152 3353 3504 3458 1613 211 74 156 
19 9 152 3353 3504 3459 1610 211 74 156 
19 9 152 3353 3504 3460 1607 211 76 151 
19 9 152 3353 3504 3461 1607 208 76 156 
19 9 152 3353 3504 3462 1605 208 74 156 
19 9 152 3353 3504 3463 1602 208 74 153 
19 9 152 3353 3504 3464 1602 208 74 153 
19 9 152 3353 3504 3465 1599 208 76 153 
19 9 152 3353 3504 3466 1597 209 74 148 
19 9 152 3353 3504 3467 1597 206 74 151 
19 9 152 3353 3504 3468 1594 206 74 151 
19 9 152 3353 3504 3469 1591 207 76 147 
19 9 152 3353 3504 3470 1591 207 76 147 
19 9 152 3353 3504 3471 1589 207 74 147 
19 9 152 3353 3504 3472 1586 208 74 144 
19 9 152 3353 3504 3473 1586 204 74 148 
19 9 152 3353 3504 3474 1583 204 76 148 
19 9 152 3353 3504 3475 1581 205 74 144 
19 9 152 3353 3504 3476 1581 205 74 144 
19 9 152 3353 3504 3477 1578 205 74 144 
19 9 152 3353 3504 3478 1575 205 76 139 
19 9 152 3353 3504 3479 1575 202 76 144 
19 9 152 3353 3504 3480 1573 202 74 141 
19 9 152 3353 3504 3481 1570 202 74 141 
19 9 152 3353 3504 3482 1570 202 74 141 
19 9 152 3353 3504 3483 1567 203 76 136 
19 9 152 3353 3504 3484 1565 203 74 136 
19 9 152 3353 3504 3485 1565 200 74 139 
19 9 152 3353 3504 3486 1562 201 74 135 
19 9 152 3353 3504 3487 1559 201 76 135 
19 9 152 3353 3504 3488 1559 201 76 135 
19 9 152 3353 3504 3489 1557 202 74 132 
19 9 152 3353 3504 3490 1554 202 74 132 
19 9 152 3353 3504 3491 1554 198 74 136 
19 9 152 3353 3504 3492 1551 199 76 132 
19 9 152 3353 3504 3493 1549 199 74 132 
19 9 152 3353 3504 3494 1549 199 74 132 
19 9 152 3353 3504 3495 1546 199 74 127 
19 9 152 3353 3504 3496 1543 199 76 127 
19 9 152 3353 3504 3497 1543 196 76 132 
19 9 152 3353 3504 3498 1541 196 74 129 
19 9 152 3353 3504 3499 1538 196 74 129 
19 9 152 3353 3504 3500 1538 196 74 129 
19 9 152 3353 3504 3501 1535 197 76 124 
19 9 152 3353 3504 3502 1533 197 74 124 
19 9 152 3353 3504 3503 1533 197 74 124 
19 9 152 3353 3504 3504 1524 197 86 124 
