43 9 322 0 321 0 1031 275 46 66 
43 9 322 0 321 1 1029 275 46 66 
43 9 322 0 321 2 1028 275 46 66 
43 9 322 0 321 3 1028 275 46 66 
43 9 322 0 321 4 1026 275 46 66 
43 9 322 0 321 5 1026 275 46 66 
43 9 322 0 321 6 1024 275 46 66 
43 9 322 0 321 7 1024 275 46 66 
43 9 322 0 321 8 1022 275 46 66 
43 9 322 0 321 9 1022 275 46 66 
43 9 322 0 321 10 1020 275 48 66 
43 9 322 0 321 11 1020 275 48 66 
43 9 322 0 321 12 1019 275 46 66 
43 9 322 0 321 13 1019 275 46 66 
43 9 322 0 321 14 1017 275 46 66 
43 9 322 0 321 15 1015 275 46 66 
43 9 322 0 321 16 1015 275 46 66 
43 9 322 0 321 17 1013 275 46 66 
43 9 322 0 321 18 1013 275 46 66 
43 9 322 0 321 19 1012 275 46 66 
43 9 322 0 321 20 1012 277 46 66 
43 9 322 0 321 21 1010 277 46 66 
43 9 322 0 321 22 1010 277 46 66 
43 9 322 0 321 23 1008 277 46 66 
43 9 322 0 321 24 1008 277 46 66 
43 9 322 0 321 25 1006 277 46 66 
43 9 322 0 321 26 1006 277 46 66 
43 9 322 0 321 27 1004 277 48 66 
43 9 322 0 321 28 1003 277 46 66 
43 9 322 0 321 29 1003 277 46 66 
43 9 322 0 321 30 1001 277 46 66 
43 9 322 0 321 31 1001 277 46 66 
43 9 322 0 321 32 999 277 46 66 
43 9 322 0 321 33 999 277 46 66 
43 9 322 0 321 34 997 277 46 66 
43 9 322 0 321 35 997 277 46 66 
43 9 322 0 321 36 996 277 46 66 
43 9 322 0 321 37 996 277 46 66 
43 9 322 0 321 38 994 277 46 66 
43 9 322 0 321 39 994 277 46 66 
43 9 322 0 321 40 992 277 46 67 
43 9 322 0 321 41 990 277 46 67 
43 9 322 0 321 42 990 277 46 67 
43 9 322 0 321 43 988 277 48 67 
43 9 322 0 321 44 988 277 48 67 
43 9 322 0 321 45 987 277 46 67 
43 9 322 0 321 46 987 277 46 67 
43 9 322 0 321 47 985 277 46 67 
43 9 322 0 321 48 985 277 46 67 
43 9 322 0 321 49 983 277 46 67 
43 9 322 0 321 50 983 277 46 67 
43 9 322 0 321 51 981 277 46 67 
43 9 322 0 321 52 981 277 46 67 
43 9 322 0 321 53 980 277 46 67 
43 9 322 0 321 54 978 277 46 67 
43 9 322 0 321 55 978 277 46 67 
43 9 322 0 321 56 976 277 46 67 
43 9 322 0 321 57 976 277 46 67 
43 9 322 0 321 58 974 277 46 67 
43 9 322 0 321 59 974 277 46 67 
43 9 322 0 321 60 972 279 48 67 
43 9 322 0 321 61 972 279 48 67 
43 9 322 0 321 62 971 279 46 67 
43 9 322 0 321 63 971 279 46 67 
43 9 322 0 321 64 969 279 46 67 
43 9 322 0 321 65 969 279 46 67 
43 9 322 0 321 66 967 279 46 67 
43 9 322 0 321 67 965 279 46 67 
43 9 322 0 321 68 965 279 46 67 
43 9 322 0 321 69 964 279 46 67 
43 9 322 0 321 70 964 279 46 67 
43 9 322 0 321 71 962 279 46 67 
43 9 322 0 321 72 962 279 46 67 
43 9 322 0 321 73 960 279 46 67 
43 9 322 0 321 74 960 279 46 67 
43 9 322 0 321 75 958 279 46 67 
43 9 322 0 321 76 958 279 46 67 
43 9 322 0 321 77 956 279 48 67 
43 9 322 0 321 78 956 279 48 67 
43 9 322 0 321 79 955 279 46 67 
43 9 322 0 321 80 955 282 46 66 
43 9 322 0 321 81 953 282 46 66 
43 9 322 0 321 82 951 282 46 66 
43 9 322 0 321 83 951 282 46 66 
43 9 322 0 321 84 949 282 46 66 
43 9 322 0 321 85 949 282 46 66 
43 9 322 0 321 86 948 282 46 66 
43 9 322 0 321 87 946 282 46 66 
43 9 322 0 321 88 946 282 46 66 
43 9 322 0 321 89 944 282 46 66 
43 9 322 0 321 90 944 282 46 66 
43 9 322 0 321 91 942 282 46 66 
43 9 322 0 321 92 942 282 46 66 
43 9 322 0 321 93 940 282 48 66 
43 9 322 0 321 94 939 282 46 66 
43 9 322 0 321 95 939 282 46 66 
43 9 322 0 321 96 937 282 46 66 
43 9 322 0 321 97 937 282 46 66 
43 9 322 0 321 98 935 282 46 66 
43 9 322 0 321 99 933 282 46 66 
43 9 322 0 321 100 933 282 46 66 
43 9 322 0 321 101 932 282 46 66 
43 9 322 0 321 102 932 282 46 66 
43 9 322 0 321 103 930 282 46 66 
43 9 322 0 321 104 930 282 46 66 
43 9 322 0 321 105 928 282 46 66 
43 9 322 0 321 106 926 282 46 66 
43 9 322 0 321 107 926 282 46 66 
43 9 322 0 321 108 924 282 48 66 
43 9 322 0 321 109 924 282 48 66 
43 9 322 0 321 110 923 282 46 66 
43 9 322 0 321 111 921 282 46 66 
43 9 322 0 321 112 921 282 46 66 
43 9 322 0 321 113 919 282 46 66 
43 9 322 0 321 114 919 282 46 66 
43 9 322 0 321 115 917 282 46 66 
43 9 322 0 321 116 917 282 46 66 
43 9 322 0 321 117 916 282 46 66 
43 9 322 0 321 118 914 282 46 66 
43 9 322 0 321 119 914 282 46 66 
43 9 322 0 321 120 912 282 46 66 
43 9 322 0 321 121 912 282 46 66 
43 9 322 0 321 122 910 282 46 66 
43 9 322 0 321 123 908 282 48 66 
43 9 322 0 321 124 908 282 48 66 
43 9 322 0 321 125 907 282 46 66 
43 9 322 0 321 126 907 282 46 66 
43 9 322 0 321 127 905 282 46 66 
43 9 322 0 321 128 905 282 46 66 
43 9 322 0 321 129 903 282 46 66 
43 9 322 0 321 130 901 282 46 66 
43 9 322 0 321 131 901 282 46 66 
43 9 322 0 321 132 900 282 46 66 
43 9 322 0 321 133 900 282 46 66 
43 9 322 0 321 134 898 282 46 66 
43 9 322 0 321 135 896 282 46 66 
43 9 322 0 321 136 896 282 46 66 
43 9 322 0 321 137 894 282 46 66 
43 9 322 0 321 138 894 282 46 66 
43 9 322 0 321 139 892 282 48 66 
43 9 322 0 321 140 892 282 48 66 
43 9 322 0 321 141 891 282 46 66 
43 9 322 0 321 142 889 282 46 66 
43 9 322 0 321 143 889 282 46 66 
43 9 322 0 321 144 887 282 46 66 
43 9 322 0 321 145 887 282 46 66 
43 9 322 0 321 146 885 282 46 66 
43 9 322 0 321 147 885 284 46 66 
43 9 322 0 321 148 884 284 46 66 
43 9 322 0 321 149 882 284 46 66 
43 9 322 0 321 150 882 284 46 66 
43 9 322 0 321 151 880 284 46 66 
43 9 322 0 321 152 880 284 46 66 
43 9 322 0 321 153 878 284 46 66 
43 9 322 0 321 154 876 284 48 66 
43 9 322 0 321 155 876 284 48 66 
43 9 322 0 321 156 875 284 46 66 
43 9 322 0 321 157 875 284 46 66 
43 9 322 0 321 158 873 284 46 66 
43 9 322 0 321 159 871 284 46 66 
43 9 322 0 321 160 871 284 46 66 
43 9 322 0 321 161 869 284 46 66 
43 9 322 0 321 162 869 284 46 66 
43 9 322 0 321 163 868 284 46 66 
43 9 322 0 321 164 868 284 46 66 
43 9 322 0 321 165 866 284 46 66 
43 9 322 0 321 166 864 284 46 66 
43 9 322 0 321 167 864 284 46 66 
43 9 322 0 321 168 862 284 46 66 
43 9 322 0 321 169 862 284 46 67 
43 9 322 0 321 170 860 284 48 67 
43 9 322 0 321 171 859 284 46 67 
43 9 322 0 321 172 859 284 46 67 
43 9 322 0 321 173 857 284 46 67 
43 9 322 0 321 174 857 284 46 67 
43 9 322 0 321 175 855 284 46 67 
43 9 322 0 321 176 853 284 46 67 
43 9 322 0 321 177 853 284 46 67 
43 9 322 0 321 178 852 284 46 67 
43 9 322 0 321 179 852 284 46 67 
43 9 322 0 321 180 850 284 46 67 
43 9 322 0 321 181 850 284 46 67 
43 9 322 0 321 182 848 284 46 67 
43 9 322 0 321 183 846 284 46 67 
43 9 322 0 321 184 846 284 46 67 
43 9 322 0 321 185 844 284 48 67 
43 9 322 0 321 186 844 284 48 67 
43 9 322 0 321 187 843 284 46 67 
43 9 322 0 321 188 841 284 46 67 
43 9 322 0 321 189 841 284 46 67 
43 9 322 0 321 190 839 286 46 67 
43 9 322 0 321 191 839 286 46 67 
43 9 322 0 321 192 837 286 46 67 
43 9 322 0 321 193 836 286 46 67 
43 9 322 0 321 194 836 286 46 67 
43 9 322 0 321 195 834 286 46 67 
43 9 322 0 321 196 834 286 46 67 
43 9 322 0 321 197 832 286 46 67 
43 9 322 0 321 198 832 286 46 67 
43 9 322 0 321 199 830 286 46 67 
43 9 322 0 321 200 828 286 48 67 
43 9 322 0 321 201 828 286 48 67 
43 9 322 0 321 202 827 286 46 67 
43 9 322 0 321 203 827 286 46 67 
43 9 322 0 321 204 825 286 46 67 
43 9 322 0 321 205 823 286 46 67 
43 9 322 0 321 206 823 286 46 67 
43 9 322 0 321 207 821 286 46 67 
43 9 322 0 321 208 821 286 46 67 
43 9 322 0 321 209 820 286 46 67 
43 9 322 0 321 210 818 286 46 67 
43 9 322 0 321 211 818 289 46 66 
43 9 322 0 321 212 816 289 46 66 
43 9 322 0 321 213 816 289 46 66 
43 9 322 0 321 214 814 289 46 66 
43 9 322 0 321 215 814 289 46 66 
43 9 322 0 321 216 812 289 48 66 
43 9 322 0 321 217 811 289 46 66 
43 9 322 0 321 218 811 289 46 66 
43 9 322 0 321 219 809 289 46 66 
43 9 322 0 321 220 809 289 46 66 
43 9 322 0 321 221 807 289 46 66 
43 9 322 0 321 222 805 289 46 66 
43 9 322 0 321 223 805 289 46 66 
43 9 322 0 321 224 804 289 46 66 
43 9 322 0 321 225 804 289 46 66 
43 9 322 0 321 226 802 289 46 66 
43 9 322 0 321 227 800 289 46 66 
43 9 322 0 321 228 800 289 46 66 
43 9 322 0 321 229 798 289 46 66 
43 9 322 0 321 230 798 289 46 66 
43 9 322 0 321 231 796 289 48 66 
43 9 322 0 321 232 796 291 48 66 
43 9 322 0 321 233 795 291 46 66 
43 9 322 0 321 234 793 291 46 66 
43 9 322 0 321 235 793 291 46 66 
43 9 322 0 321 236 791 291 46 66 
43 9 322 0 321 237 789 291 46 66 
43 9 322 0 321 238 789 291 46 66 
43 9 322 0 321 239 788 291 46 66 
43 9 322 0 321 240 786 291 46 66 
43 9 322 0 321 241 786 291 46 66 
43 9 322 0 321 242 784 291 46 66 
43 9 322 0 321 243 782 291 46 66 
43 9 322 0 321 244 782 291 46 66 
43 9 322 0 321 245 780 291 48 66 
43 9 322 0 321 246 779 291 46 66 
43 9 322 0 321 247 779 291 46 66 
43 9 322 0 321 248 777 291 46 66 
43 9 322 0 321 249 775 291 46 66 
43 9 322 0 321 250 775 291 46 66 
43 9 322 0 321 251 773 291 46 66 
43 9 322 0 321 252 772 291 46 66 
43 9 322 0 321 253 772 291 46 66 
43 9 322 0 321 254 770 291 46 66 
43 9 322 0 321 255 770 291 46 66 
43 9 322 0 321 256 768 291 46 66 
43 9 322 0 321 257 766 291 46 66 
43 9 322 0 321 258 766 291 46 66 
43 9 322 0 321 259 764 291 48 66 
43 9 322 0 321 260 763 291 46 66 
43 9 322 0 321 261 763 291 46 66 
43 9 322 0 321 262 761 291 46 66 
43 9 322 0 321 263 759 291 46 66 
43 9 322 0 321 264 759 291 46 66 
43 9 322 0 321 265 757 291 46 66 
43 9 322 0 321 266 756 291 46 66 
43 9 322 0 321 267 756 291 46 66 
43 9 322 0 321 268 754 291 46 66 
43 9 322 0 321 269 752 291 46 66 
43 9 322 0 321 270 752 291 46 66 
43 9 322 0 321 271 750 291 46 66 
43 9 322 0 321 272 748 291 48 66 
43 9 322 0 321 273 748 291 48 66 
43 9 322 0 321 274 747 291 46 66 
43 9 322 0 321 275 745 291 46 66 
43 9 322 0 321 276 745 291 46 66 
43 9 322 0 321 277 743 291 46 66 
43 9 322 0 321 278 743 291 46 66 
43 9 322 0 321 279 741 291 46 66 
43 9 322 0 321 280 740 291 46 66 
43 9 322 0 321 281 740 291 46 66 
43 9 322 0 321 282 738 291 46 66 
43 9 322 0 321 283 736 291 46 66 
43 9 322 0 321 284 736 291 46 66 
43 9 322 0 321 285 734 291 46 66 
43 9 322 0 321 286 732 291 48 66 
43 9 322 0 321 287 732 291 48 66 
43 9 322 0 321 288 731 291 46 66 
43 9 322 0 321 289 729 291 46 66 
43 9 322 0 321 290 729 291 46 66 
43 9 322 0 321 291 727 291 46 66 
43 9 322 0 321 292 725 291 46 66 
43 9 322 0 321 293 725 291 46 66 
43 9 322 0 321 294 724 291 46 66 
43 9 322 0 321 295 722 291 46 66 
43 9 322 0 321 296 722 291 46 66 
43 9 322 0 321 297 720 291 46 66 
43 9 322 0 321 298 718 291 46 66 
43 9 322 0 321 299 718 291 46 66 
43 9 322 0 321 300 716 291 48 66 
43 9 322 0 321 301 716 291 48 66 
43 9 322 0 321 302 715 291 46 66 
43 9 322 0 321 303 713 291 46 66 
43 9 322 0 321 304 713 291 46 66 
43 9 322 0 321 305 711 291 46 66 
43 9 322 0 321 306 709 291 46 66 
43 9 322 0 321 307 709 291 46 66 
43 9 322 0 321 308 708 291 46 66 
43 9 322 0 321 309 706 291 46 66 
43 9 322 0 321 310 706 291 46 66 
43 9 322 0 321 311 704 291 46 66 
43 9 322 0 321 312 702 291 46 66 
43 9 322 0 321 313 702 291 46 66 
43 9 322 0 321 314 700 291 48 66 
43 9 322 0 321 315 699 291 46 66 
43 9 322 0 321 316 699 291 46 66 
43 9 322 0 321 317 697 291 46 66 
43 9 322 0 321 318 695 291 46 66 
43 9 322 0 321 319 695 291 46 66 
43 9 322 0 321 320 693 291 46 66 
43 9 322 0 321 321 693 293 46 66 
