9 9 434 970 1403 970 1004 528 118 144 
9 9 434 970 1403 971 1004 525 118 144 
9 9 434 970 1403 972 1003 525 116 144 
9 9 434 970 1403 973 999 525 118 144 
9 9 434 970 1403 974 1001 525 112 144 
9 9 434 970 1403 975 996 525 118 144 
9 9 434 970 1403 976 998 522 112 144 
9 9 434 970 1403 977 996 522 112 144 
9 9 434 970 1403 978 993 522 112 144 
9 9 434 970 1403 979 993 522 112 144 
9 9 434 970 1403 980 990 522 112 144 
9 9 434 970 1403 981 991 520 108 144 
9 9 434 970 1403 982 989 520 106 144 
9 9 434 970 1403 983 989 520 106 144 
9 9 434 970 1403 984 986 520 106 144 
9 9 434 970 1403 985 983 520 108 144 
9 9 434 970 1403 986 984 517 102 144 
9 9 434 970 1403 987 983 517 100 144 
9 9 434 970 1403 988 983 517 100 144 
9 9 434 970 1403 989 979 517 102 144 
9 9 434 970 1403 990 976 517 102 144 
9 9 434 970 1403 991 978 514 96 144 
9 9 434 970 1403 992 975 514 100 144 
9 9 434 970 1403 993 976 514 96 144 
9 9 434 970 1403 994 973 514 96 144 
9 9 434 970 1403 995 970 514 96 144 
9 9 434 970 1403 996 970 512 96 144 
9 9 434 970 1403 997 968 512 96 144 
9 9 434 970 1403 998 969 512 90 144 
9 9 434 970 1403 999 966 512 90 144 
9 9 434 970 1403 1000 966 512 90 144 
9 9 434 970 1403 1001 963 509 92 144 
9 9 434 970 1403 1002 961 509 90 144 
9 9 434 970 1403 1003 958 509 90 144 
9 9 434 970 1403 1004 958 506 90 144 
9 9 434 970 1403 1005 955 506 92 144 
9 9 434 970 1403 1006 953 506 90 144 
9 9 434 970 1403 1007 950 506 90 144 
9 9 434 970 1403 1008 950 504 90 144 
9 9 434 970 1403 1009 947 504 92 144 
9 9 434 970 1403 1010 945 504 90 144 
9 9 434 970 1403 1011 945 504 90 144 
9 9 434 970 1403 1012 942 501 90 144 
9 9 434 970 1403 1013 939 501 92 144 
9 9 434 970 1403 1014 937 501 90 144 
9 9 434 970 1403 1015 934 497 90 148 
9 9 434 970 1403 1016 931 497 92 148 
9 9 434 970 1403 1017 929 497 90 148 
9 9 434 970 1403 1018 926 497 90 148 
9 9 434 970 1403 1019 923 494 92 151 
9 9 434 970 1403 1020 921 495 90 147 
9 9 434 970 1403 1021 918 495 90 147 
9 9 434 970 1403 1022 915 495 92 147 
9 9 434 970 1403 1023 913 491 90 151 
9 9 434 970 1403 1024 910 491 90 151 
9 9 434 970 1403 1025 907 491 92 151 
9 9 434 970 1403 1026 905 488 90 156 
9 9 434 970 1403 1027 902 488 90 156 
9 9 434 970 1403 1028 899 488 92 153 
9 9 434 970 1403 1029 897 488 90 153 
9 9 434 970 1403 1030 894 486 90 156 
9 9 434 970 1403 1031 891 486 92 156 
9 9 434 970 1403 1032 889 486 90 156 
9 9 434 970 1403 1033 886 486 90 156 
9 9 434 970 1403 1034 883 482 92 160 
9 9 434 970 1403 1035 881 482 90 160 
9 9 434 970 1403 1036 878 483 90 156 
9 9 434 970 1403 1037 875 479 92 160 
9 9 434 970 1403 1038 873 479 90 160 
9 9 434 970 1403 1039 870 479 90 160 
9 9 434 970 1403 1040 867 479 92 160 
9 9 434 970 1403 1041 865 476 90 163 
9 9 434 970 1403 1042 862 476 90 163 
9 9 434 970 1403 1043 859 476 92 163 
9 9 434 970 1403 1044 857 477 90 159 
9 9 434 970 1403 1045 854 473 90 163 
9 9 434 970 1403 1046 851 473 92 163 
9 9 434 970 1403 1047 849 473 90 163 
9 9 434 970 1403 1048 846 470 90 168 
9 9 434 970 1403 1049 843 470 92 168 
9 9 434 970 1403 1050 841 470 90 168 
9 9 434 970 1403 1051 838 470 90 168 
9 9 434 970 1403 1052 835 468 92 168 
9 9 434 970 1403 1053 833 468 90 168 
9 9 434 970 1403 1054 830 468 90 168 
9 9 434 970 1403 1055 827 468 92 168 
9 9 434 970 1403 1056 825 464 90 172 
9 9 434 970 1403 1057 822 464 90 172 
9 9 434 970 1403 1058 819 464 92 172 
9 9 434 970 1403 1059 819 464 92 172 
9 9 434 970 1403 1060 813 461 96 172 
9 9 434 970 1403 1061 810 461 96 172 
9 9 434 970 1403 1062 808 461 96 172 
9 9 434 970 1403 1063 805 461 96 172 
9 9 434 970 1403 1064 802 461 96 172 
9 9 434 970 1403 1065 800 461 96 172 
9 9 434 970 1403 1066 797 462 96 168 
9 9 434 970 1403 1067 794 462 96 168 
9 9 434 970 1403 1068 792 459 96 171 
9 9 434 970 1403 1069 789 459 96 171 
9 9 434 970 1403 1070 786 459 96 171 
9 9 434 970 1403 1071 784 459 96 171 
9 9 434 970 1403 1072 781 459 96 171 
9 9 434 970 1403 1073 778 460 96 168 
9 9 434 970 1403 1074 776 460 96 168 
9 9 434 970 1403 1075 773 460 96 168 
9 9 434 970 1403 1076 770 460 96 168 
9 9 434 970 1403 1077 768 456 96 172 
9 9 434 970 1403 1078 765 456 96 172 
9 9 434 970 1403 1079 762 456 96 172 
9 9 434 970 1403 1080 760 457 96 168 
9 9 434 970 1403 1081 757 457 96 168 
9 9 434 970 1403 1082 754 457 96 168 
9 9 434 970 1403 1083 752 457 96 168 
9 9 434 970 1403 1084 749 457 96 168 
9 9 434 970 1403 1085 746 457 96 168 
9 9 434 970 1403 1086 744 454 96 168 
9 9 434 970 1403 1087 741 454 96 168 
9 9 434 970 1403 1088 738 454 96 168 
9 9 434 970 1403 1089 736 454 96 168 
9 9 434 970 1403 1090 733 454 96 168 
9 9 434 970 1403 1091 730 454 96 168 
9 9 434 970 1403 1092 728 454 96 168 
9 9 434 970 1403 1093 725 454 96 165 
9 9 434 970 1403 1094 722 452 96 168 
9 9 434 970 1403 1095 720 452 96 168 
9 9 434 970 1403 1096 717 452 96 168 
9 9 434 970 1403 1097 714 452 96 168 
9 9 434 970 1403 1098 712 452 96 168 
9 9 434 970 1403 1099 709 452 96 168 
9 9 434 970 1403 1100 706 452 96 163 
9 9 434 970 1403 1101 704 452 96 163 
9 9 434 970 1403 1102 701 452 96 163 
9 9 434 970 1403 1103 698 449 96 168 
9 9 434 970 1403 1104 696 449 96 168 
9 9 434 970 1403 1105 693 449 96 168 
9 9 434 970 1403 1106 690 449 96 163 
9 9 434 970 1403 1107 688 449 96 163 
9 9 434 970 1403 1108 685 449 96 163 
9 9 434 970 1403 1109 682 449 96 163 
9 9 434 970 1403 1110 680 449 96 163 
9 9 434 970 1403 1111 677 449 96 163 
9 9 434 970 1403 1112 674 446 96 168 
9 9 434 970 1403 1113 672 446 96 165 
9 9 434 970 1403 1114 669 446 96 165 
9 9 434 970 1403 1115 666 446 96 165 
9 9 434 970 1403 1116 664 446 96 165 
9 9 434 970 1403 1117 661 446 96 165 
9 9 434 970 1403 1118 658 446 96 165 
9 9 434 970 1403 1119 656 446 96 165 
9 9 434 970 1403 1120 653 444 96 163 
9 9 434 970 1403 1121 650 444 96 163 
9 9 434 970 1403 1122 648 444 96 163 
9 9 434 970 1403 1123 645 444 96 163 
9 9 434 970 1403 1124 642 444 96 163 
9 9 434 970 1403 1125 640 444 96 163 
9 9 434 970 1403 1126 637 445 96 159 
9 9 434 970 1403 1127 634 445 96 159 
9 9 434 970 1403 1128 632 445 96 159 
9 9 434 970 1403 1129 629 441 96 163 
9 9 434 970 1403 1130 626 441 96 163 
9 9 434 970 1403 1131 624 441 96 163 
9 9 434 970 1403 1132 621 441 96 163 
9 9 434 970 1403 1133 618 442 96 160 
9 9 434 970 1403 1134 616 442 96 160 
9 9 434 970 1403 1135 613 442 96 160 
9 9 434 970 1403 1136 610 442 96 160 
9 9 434 970 1403 1137 608 442 96 160 
9 9 434 970 1403 1138 605 438 96 165 
9 9 434 970 1403 1139 602 438 96 165 
9 9 434 970 1403 1140 600 439 96 160 
9 9 434 970 1403 1141 597 439 96 160 
9 9 434 970 1403 1142 594 439 96 160 
9 9 434 970 1403 1143 592 439 96 160 
9 9 434 970 1403 1144 589 439 96 160 
9 9 434 970 1403 1145 586 439 96 160 
9 9 434 970 1403 1146 583 439 100 160 
9 9 434 970 1403 1147 579 437 102 159 
9 9 434 970 1403 1148 576 437 102 159 
9 9 434 970 1403 1149 575 437 100 159 
9 9 434 970 1403 1150 571 437 102 159 
9 9 434 970 1403 1151 568 437 102 159 
9 9 434 970 1403 1152 567 433 100 163 
9 9 434 970 1403 1153 563 434 102 160 
9 9 434 970 1403 1154 560 434 102 160 
9 9 434 970 1403 1155 559 434 100 160 
9 9 434 970 1403 1156 555 434 102 160 
9 9 434 970 1403 1157 552 430 102 165 
9 9 434 970 1403 1158 551 430 100 165 
9 9 434 970 1403 1159 547 430 102 165 
9 9 434 970 1403 1160 544 431 102 160 
9 9 434 970 1403 1161 543 431 100 160 
9 9 434 970 1403 1162 539 431 102 160 
9 9 434 970 1403 1163 536 428 102 163 
9 9 434 970 1403 1164 535 428 100 163 
9 9 434 970 1403 1165 531 428 102 163 
9 9 434 970 1403 1166 528 428 102 163 
9 9 434 970 1403 1167 527 429 100 159 
9 9 434 970 1403 1168 523 425 102 163 
9 9 434 970 1403 1169 520 425 102 163 
9 9 434 970 1403 1170 519 425 100 163 
9 9 434 970 1403 1171 515 425 102 163 
9 9 434 970 1403 1172 512 425 102 163 
9 9 434 970 1403 1173 514 425 96 163 
9 9 434 970 1403 1174 512 422 96 165 
9 9 434 970 1403 1175 509 422 96 165 
9 9 434 970 1403 1176 506 422 96 165 
9 9 434 970 1403 1177 504 422 96 165 
9 9 434 970 1403 1178 501 422 96 165 
9 9 434 970 1403 1179 498 420 96 168 
9 9 434 970 1403 1180 496 420 96 163 
9 9 434 970 1403 1181 493 420 96 163 
9 9 434 970 1403 1182 490 420 96 163 
9 9 434 970 1403 1183 488 420 96 163 
9 9 434 970 1403 1184 485 417 96 168 
9 9 434 970 1403 1185 482 417 96 168 
9 9 434 970 1403 1186 480 417 96 168 
9 9 434 970 1403 1187 477 417 96 163 
9 9 434 970 1403 1188 474 417 96 163 
9 9 434 970 1403 1189 472 417 96 163 
9 9 434 970 1403 1190 469 414 96 168 
9 9 434 970 1403 1191 466 414 96 168 
9 9 434 970 1403 1192 464 414 96 168 
9 9 434 970 1403 1193 461 414 96 168 
9 9 434 970 1403 1194 458 414 96 165 
9 9 434 970 1403 1195 456 412 96 168 
9 9 434 970 1403 1196 453 412 96 168 
9 9 434 970 1403 1197 450 412 96 168 
9 9 434 970 1403 1198 448 412 96 168 
9 9 434 970 1403 1199 445 412 96 168 
9 9 434 970 1403 1200 446 412 90 168 
9 9 434 970 1403 1201 443 409 92 168 
9 9 434 970 1403 1202 441 409 90 168 
9 9 434 970 1403 1203 438 409 90 168 
9 9 434 970 1403 1204 435 409 92 168 
9 9 434 970 1403 1205 433 409 90 168 
9 9 434 970 1403 1206 429 409 96 168 
9 9 434 970 1403 1207 426 409 96 168 
9 9 434 970 1403 1208 424 409 96 168 
9 9 434 970 1403 1209 421 409 96 168 
9 9 434 970 1403 1210 418 409 96 163 
9 9 434 970 1403 1211 416 409 96 163 
9 9 434 970 1403 1212 411 409 102 163 
9 9 434 970 1403 1213 408 409 102 163 
9 9 434 970 1403 1214 407 409 100 163 
9 9 434 970 1403 1215 403 409 102 163 
9 9 434 970 1403 1216 400 409 102 163 
9 9 434 970 1403 1217 399 409 100 163 
9 9 434 970 1403 1218 394 409 106 163 
9 9 434 970 1403 1219 391 410 108 160 
9 9 434 970 1403 1220 389 410 106 160 
9 9 434 970 1403 1221 386 410 106 160 
9 9 434 970 1403 1222 383 410 108 160 
9 9 434 970 1403 1223 383 410 108 160 
9 9 434 970 1403 1224 381 406 106 165 
9 9 434 970 1403 1225 378 406 106 165 
9 9 434 970 1403 1226 375 406 108 165 
9 9 434 970 1403 1227 373 406 106 165 
9 9 434 970 1403 1228 370 407 106 160 
9 9 434 970 1403 1229 366 407 112 160 
9 9 434 970 1403 1230 364 407 112 160 
9 9 434 970 1403 1231 361 407 112 160 
9 9 434 970 1403 1232 358 407 112 160 
9 9 434 970 1403 1233 356 407 112 160 
9 9 434 970 1403 1234 353 407 112 160 
9 9 434 970 1403 1235 348 407 118 160 
9 9 434 970 1403 1236 347 407 116 160 
9 9 434 970 1403 1237 343 408 118 156 
9 9 434 970 1403 1238 340 408 118 156 
9 9 434 970 1403 1239 339 408 116 156 
9 9 434 970 1403 1240 335 408 118 156 
9 9 434 970 1403 1241 331 408 124 156 
9 9 434 970 1403 1242 329 408 122 156 
9 9 434 970 1403 1243 326 408 122 156 
9 9 434 970 1403 1244 323 408 124 156 
9 9 434 970 1403 1245 321 408 122 156 
9 9 434 970 1403 1246 321 408 122 156 
9 9 434 970 1403 1247 318 406 122 156 
9 9 434 970 1403 1248 315 406 124 156 
9 9 434 970 1403 1249 313 406 122 156 
9 9 434 970 1403 1250 310 406 122 156 
9 9 434 970 1403 1251 307 406 124 156 
9 9 434 970 1403 1252 305 403 122 156 
9 9 434 970 1403 1253 307 403 116 156 
9 9 434 970 1403 1254 303 403 118 156 
9 9 434 970 1403 1255 299 403 124 156 
9 9 434 970 1403 1256 297 403 122 156 
9 9 434 970 1403 1257 294 403 122 156 
9 9 434 970 1403 1258 291 400 124 156 
9 9 434 970 1403 1259 292 400 118 156 
9 9 434 970 1403 1260 291 400 116 156 
9 9 434 970 1403 1261 287 400 118 156 
9 9 434 970 1403 1262 284 400 118 156 
9 9 434 970 1403 1263 281 400 122 156 
9 9 434 970 1403 1264 278 398 122 156 
9 9 434 970 1403 1265 275 398 124 156 
9 9 434 970 1403 1266 276 398 118 156 
9 9 434 970 1403 1267 275 398 116 156 
9 9 434 970 1403 1268 271 398 118 156 
9 9 434 970 1403 1269 268 398 118 156 
9 9 434 970 1403 1270 267 395 116 156 
9 9 434 970 1403 1271 262 395 122 156 
9 9 434 970 1403 1272 263 395 118 156 
9 9 434 970 1403 1273 260 395 118 156 
9 9 434 970 1403 1274 259 395 116 156 
9 9 434 970 1403 1275 255 395 118 156 
9 9 434 970 1403 1276 252 392 118 156 
9 9 434 970 1403 1277 251 392 116 156 
9 9 434 970 1403 1278 247 392 118 156 
9 9 434 970 1403 1279 249 392 112 156 
9 9 434 970 1403 1280 244 392 118 156 
9 9 434 970 1403 1281 243 390 116 156 
9 9 434 970 1403 1282 239 390 118 156 
9 9 434 970 1403 1283 236 390 118 156 
9 9 434 970 1403 1284 235 390 116 156 
9 9 434 970 1403 1285 236 390 112 156 
9 9 434 970 1403 1286 233 390 112 156 
9 9 434 970 1403 1287 230 387 112 156 
9 9 434 970 1403 1288 227 387 116 156 
9 9 434 970 1403 1289 223 387 118 156 
9 9 434 970 1403 1290 220 387 118 156 
9 9 434 970 1403 1291 219 387 116 156 
9 9 434 970 1403 1292 220 387 112 156 
9 9 434 970 1403 1293 217 384 112 156 
9 9 434 970 1403 1294 214 384 112 156 
9 9 434 970 1403 1295 212 384 112 156 
9 9 434 970 1403 1296 207 384 118 156 
9 9 434 970 1403 1297 204 384 118 156 
9 9 434 970 1403 1298 206 384 112 156 
9 9 434 970 1403 1299 204 382 112 156 
9 9 434 970 1403 1300 201 382 112 156 
9 9 434 970 1403 1301 198 382 112 156 
9 9 434 970 1403 1302 196 382 112 156 
9 9 434 970 1403 1303 193 382 112 156 
9 9 434 970 1403 1304 193 382 112 156 
9 9 434 970 1403 1305 190 379 112 156 
9 9 434 970 1403 1306 188 379 112 156 
9 9 434 970 1403 1307 185 379 112 156 
9 9 434 970 1403 1308 182 379 112 156 
9 9 434 970 1403 1309 180 379 112 156 
9 9 434 970 1403 1310 177 379 112 156 
9 9 434 970 1403 1311 172 376 118 156 
9 9 434 970 1403 1312 171 376 116 156 
9 9 434 970 1403 1313 167 376 118 156 
9 9 434 970 1403 1314 164 376 118 156 
9 9 434 970 1403 1315 163 376 116 156 
9 9 434 970 1403 1316 159 376 118 156 
9 9 434 970 1403 1317 156 376 118 156 
9 9 434 970 1403 1318 153 374 122 156 
9 9 434 970 1403 1319 150 374 122 156 
9 9 434 970 1403 1320 147 374 124 156 
9 9 434 970 1403 1321 145 374 122 156 
9 9 434 970 1403 1322 142 374 122 156 
9 9 434 970 1403 1323 139 374 124 156 
9 9 434 970 1403 1324 137 374 122 156 
9 9 434 970 1403 1325 133 371 128 156 
9 9 434 970 1403 1326 130 371 128 156 
9 9 434 970 1403 1327 128 371 128 156 
9 9 434 970 1403 1328 125 371 128 156 
9 9 434 970 1403 1329 122 371 128 156 
9 9 434 970 1403 1330 120 371 128 156 
9 9 434 970 1403 1331 117 371 128 156 
9 9 434 970 1403 1332 112 368 134 156 
9 9 434 970 1403 1333 111 368 132 156 
9 9 434 970 1403 1334 107 368 134 156 
9 9 434 970 1403 1335 104 368 134 156 
9 9 434 970 1403 1336 103 368 132 156 
9 9 434 970 1403 1337 99 368 134 156 
9 9 434 970 1403 1338 96 368 134 156 
9 9 434 970 1403 1339 93 366 138 156 
9 9 434 970 1403 1340 90 366 138 156 
9 9 434 970 1403 1341 87 366 140 156 
9 9 434 970 1403 1342 85 366 138 156 
9 9 434 970 1403 1343 82 366 138 156 
9 9 434 970 1403 1344 79 366 140 156 
9 9 434 970 1403 1345 79 366 140 156 
9 9 434 970 1403 1346 79 363 132 156 
9 9 434 970 1403 1347 75 363 134 156 
9 9 434 970 1403 1348 72 363 134 156 
9 9 434 970 1403 1349 72 363 128 156 
9 9 434 970 1403 1350 69 363 128 156 
9 9 434 970 1403 1351 66 363 128 156 
9 9 434 970 1403 1352 64 363 128 156 
9 9 434 970 1403 1353 62 363 122 156 
9 9 434 970 1403 1354 59 363 124 156 
9 9 434 970 1403 1355 57 360 122 156 
9 9 434 970 1403 1356 54 360 122 156 
9 9 434 970 1403 1357 52 360 118 156 
9 9 434 970 1403 1358 51 360 116 156 
9 9 434 970 1403 1359 47 360 118 156 
9 9 434 970 1403 1360 44 360 118 156 
9 9 434 970 1403 1361 44 360 112 156 
9 9 434 970 1403 1362 41 360 112 156 
9 9 434 970 1403 1363 38 360 112 156 
9 9 434 970 1403 1364 36 360 112 156 
9 9 434 970 1403 1365 34 358 106 156 
9 9 434 970 1403 1366 31 358 108 156 
9 9 434 970 1403 1367 29 358 106 156 
9 9 434 970 1403 1368 26 358 106 156 
9 9 434 970 1403 1369 24 358 102 156 
9 9 434 970 1403 1370 23 358 100 156 
9 9 434 970 1403 1371 19 358 102 156 
9 9 434 970 1403 1372 16 358 102 156 
9 9 434 970 1403 1373 16 358 96 156 
9 9 434 970 1403 1374 13 358 96 156 
9 9 434 970 1403 1375 10 355 96 156 
9 9 434 970 1403 1376 8 355 96 156 
9 9 434 970 1403 1377 6 355 90 156 
9 9 434 970 1403 1378 3 355 92 156 
9 9 434 970 1403 1379 1 355 90 156 
9 9 434 970 1403 1380 0 355 88 156 
9 9 434 970 1403 1381 0 355 82 156 
9 9 434 970 1403 1382 0 355 79 156 
9 9 434 970 1403 1383 0 355 77 156 
9 9 434 970 1403 1384 0 355 74 156 
9 9 434 970 1403 1385 0 355 68 156 
9 9 434 970 1403 1386 0 355 63 156 
9 9 434 970 1403 1387 0 355 59 156 
9 9 434 970 1403 1388 0 358 57 156 
9 9 434 970 1403 1389 0 358 53 156 
9 9 434 970 1403 1390 0 358 48 156 
9 9 434 970 1403 1391 0 358 42 156 
9 9 434 970 1403 1392 0 360 38 156 
9 9 434 970 1403 1393 0 360 35 156 
9 9 434 970 1403 1394 0 360 31 156 
9 9 434 970 1403 1395 0 360 27 156 
9 9 434 970 1403 1396 0 363 24 156 
9 9 434 970 1403 1397 0 363 24 156 
9 9 434 970 1403 1398 0 363 24 156 
9 9 434 970 1403 1399 0 363 24 156 
9 9 434 970 1403 1400 0 363 24 156 
9 9 434 970 1403 1401 0 363 24 156 
9 9 434 970 1403 1402 0 363 24 156 
9 9 434 970 1403 1403 0 363 24 156 
10 9 446 940 1385 940 1084 458 118 144 
10 9 446 940 1385 941 1083 458 116 144 
10 9 446 940 1385 942 1083 458 116 144 
10 9 446 940 1385 943 1079 456 118 144 
10 9 446 940 1385 944 1079 456 118 144 
10 9 446 940 1385 945 1076 456 118 144 
10 9 446 940 1385 946 1076 453 118 144 
10 9 446 940 1385 947 1075 453 116 144 
10 9 446 940 1385 948 1075 453 116 144 
10 9 446 940 1385 949 1071 450 118 144 
10 9 446 940 1385 950 1068 450 118 144 
10 9 446 940 1385 951 1068 450 118 144 
10 9 446 940 1385 952 1067 448 116 144 
10 9 446 940 1385 953 1067 448 116 144 
10 9 446 940 1385 954 1063 448 118 144 
10 9 446 940 1385 955 1063 445 118 144 
10 9 446 940 1385 956 1060 445 118 144 
10 9 446 940 1385 957 1059 445 116 144 
10 9 446 940 1385 958 1059 442 116 144 
10 9 446 940 1385 959 1055 442 118 144 
10 9 446 940 1385 960 1055 442 118 144 
10 9 446 940 1385 961 1052 440 118 144 
10 9 446 940 1385 962 1052 440 118 144 
10 9 446 940 1385 963 1051 440 116 144 
10 9 446 940 1385 964 1051 437 116 144 
10 9 446 940 1385 965 1047 437 118 144 
10 9 446 940 1385 966 1044 437 118 144 
10 9 446 940 1385 967 1044 434 118 144 
10 9 446 940 1385 968 1043 434 116 144 
10 9 446 940 1385 969 1043 434 116 144 
10 9 446 940 1385 970 1039 432 118 144 
10 9 446 940 1385 971 1039 432 118 144 
10 9 446 940 1385 972 1036 432 118 144 
10 9 446 940 1385 973 1036 432 118 144 
10 9 446 940 1385 974 1035 432 116 144 
10 9 446 940 1385 975 1031 432 118 144 
10 9 446 940 1385 976 1028 431 118 147 
10 9 446 940 1385 977 1028 431 118 147 
10 9 446 940 1385 978 1027 431 116 147 
10 9 446 940 1385 979 1023 430 118 151 
10 9 446 940 1385 980 1020 430 118 151 
10 9 446 940 1385 981 1020 433 118 148 
10 9 446 940 1385 982 1019 432 116 153 
10 9 446 940 1385 983 1015 432 118 153 
10 9 446 940 1385 984 1012 432 118 153 
10 9 446 940 1385 985 1012 432 118 156 
10 9 446 940 1385 986 1011 432 116 156 
10 9 446 940 1385 987 1007 432 118 156 
10 9 446 940 1385 988 1004 431 118 160 
10 9 446 940 1385 989 1004 435 118 156 
10 9 446 940 1385 990 1003 435 116 156 
10 9 446 940 1385 991 999 434 118 160 
10 9 446 940 1385 992 996 434 118 160 
10 9 446 940 1385 993 996 434 118 160 
10 9 446 940 1385 994 995 433 116 163 
10 9 446 940 1385 995 991 433 118 163 
10 9 446 940 1385 996 988 433 118 163 
10 9 446 940 1385 997 988 436 118 163 
10 9 446 940 1385 998 987 436 116 163 
10 9 446 940 1385 999 983 436 118 163 
10 9 446 940 1385 1000 980 436 118 168 
10 9 446 940 1385 1001 980 436 118 168 
10 9 446 940 1385 1002 979 436 116 168 
10 9 446 940 1385 1003 975 435 118 171 
10 9 446 940 1385 1004 972 435 118 171 
10 9 446 940 1385 1005 972 438 118 168 
10 9 446 940 1385 1006 971 437 116 172 
10 9 446 940 1385 1007 967 437 118 172 
10 9 446 940 1385 1008 964 437 118 172 
10 9 446 940 1385 1009 964 436 118 177 
10 9 446 940 1385 1010 963 436 116 177 
10 9 446 940 1385 1011 959 436 118 177 
10 9 446 940 1385 1012 956 436 118 180 
10 9 446 940 1385 1013 956 439 118 175 
10 9 446 940 1385 1014 955 439 116 175 
10 9 446 940 1385 1015 951 439 118 180 
10 9 446 940 1385 1016 948 439 118 180 
10 9 446 940 1385 1017 948 439 118 180 
10 9 446 940 1385 1018 947 438 116 184 
10 9 446 940 1385 1019 943 438 118 184 
10 9 446 940 1385 1020 940 438 118 184 
10 9 446 940 1385 1021 940 441 118 183 
10 9 446 940 1385 1022 935 438 118 184 
10 9 446 940 1385 1023 932 438 118 184 
10 9 446 940 1385 1024 931 438 116 184 
10 9 446 940 1385 1025 927 438 118 184 
10 9 446 940 1385 1026 924 438 118 184 
10 9 446 940 1385 1027 923 438 116 184 
10 9 446 940 1385 1028 919 438 118 184 
10 9 446 940 1385 1029 916 435 118 184 
10 9 446 940 1385 1030 915 435 116 184 
10 9 446 940 1385 1031 911 435 118 184 
10 9 446 940 1385 1032 908 435 118 184 
10 9 446 940 1385 1033 907 435 116 184 
10 9 446 940 1385 1034 903 435 118 184 
10 9 446 940 1385 1035 900 435 118 184 
10 9 446 940 1385 1036 899 436 116 180 
10 9 446 940 1385 1037 895 433 118 183 
10 9 446 940 1385 1038 892 433 118 183 
10 9 446 940 1385 1039 887 433 118 183 
10 9 446 940 1385 1040 884 433 118 183 
10 9 446 940 1385 1041 883 433 116 183 
10 9 446 940 1385 1042 879 433 118 183 
10 9 446 940 1385 1043 876 434 118 180 
10 9 446 940 1385 1044 875 430 116 184 
10 9 446 940 1385 1045 871 430 118 184 
10 9 446 940 1385 1046 868 430 118 184 
10 9 446 940 1385 1047 867 430 116 184 
10 9 446 940 1385 1048 863 430 118 184 
10 9 446 940 1385 1049 860 430 118 184 
10 9 446 940 1385 1050 859 431 116 180 
10 9 446 940 1385 1051 855 431 118 180 
10 9 446 940 1385 1052 852 427 118 184 
10 9 446 940 1385 1053 851 427 116 184 
10 9 446 940 1385 1054 847 427 118 184 
10 9 446 940 1385 1055 844 427 118 184 
10 9 446 940 1385 1056 839 427 118 184 
10 9 446 940 1385 1057 836 427 118 184 
10 9 446 940 1385 1058 835 428 116 180 
10 9 446 940 1385 1059 831 428 118 180 
10 9 446 940 1385 1060 828 425 118 183 
10 9 446 940 1385 1061 827 425 116 183 
10 9 446 940 1385 1062 823 425 118 183 
10 9 446 940 1385 1063 820 425 118 183 
10 9 446 940 1385 1064 819 425 116 183 
10 9 446 940 1385 1065 815 426 118 180 
10 9 446 940 1385 1066 812 426 118 180 
10 9 446 940 1385 1067 811 422 116 184 
10 9 446 940 1385 1068 807 422 118 184 
10 9 446 940 1385 1069 804 422 118 184 
10 9 446 940 1385 1070 803 422 116 184 
10 9 446 940 1385 1071 799 422 118 184 
10 9 446 940 1385 1072 796 423 118 180 
10 9 446 940 1385 1073 791 423 118 180 
10 9 446 940 1385 1074 788 423 118 180 
10 9 446 940 1385 1075 787 419 116 184 
10 9 446 940 1385 1076 783 419 118 184 
10 9 446 940 1385 1077 780 419 118 184 
10 9 446 940 1385 1078 779 419 116 184 
10 9 446 940 1385 1079 775 420 118 180 
10 9 446 940 1385 1080 772 420 118 180 
10 9 446 940 1385 1081 771 420 116 180 
10 9 446 940 1385 1082 767 417 118 183 
10 9 446 940 1385 1083 764 417 118 183 
10 9 446 940 1385 1084 763 417 116 183 
10 9 446 940 1385 1085 759 417 118 183 
10 9 446 940 1385 1086 756 418 118 180 
10 9 446 940 1385 1087 755 418 116 180 
10 9 446 940 1385 1088 751 418 118 180 
10 9 446 940 1385 1089 748 418 118 180 
10 9 446 940 1385 1090 743 414 118 184 
10 9 446 940 1385 1091 740 414 118 184 
10 9 446 940 1385 1092 739 414 116 184 
10 9 446 940 1385 1093 735 414 118 184 
10 9 446 940 1385 1094 732 415 118 180 
10 9 446 940 1385 1095 731 415 116 180 
10 9 446 940 1385 1096 727 415 118 180 
10 9 446 940 1385 1097 724 415 118 180 
10 9 446 940 1385 1098 723 411 116 184 
10 9 446 940 1385 1099 719 411 118 184 
10 9 446 940 1385 1100 716 411 118 184 
10 9 446 940 1385 1101 715 412 116 180 
10 9 446 940 1385 1102 711 412 118 180 
10 9 446 940 1385 1103 708 412 118 180 
10 9 446 940 1385 1104 707 412 116 180 
10 9 446 940 1385 1105 703 409 118 183 
10 9 446 940 1385 1106 700 409 118 183 
10 9 446 940 1385 1107 695 409 118 183 
10 9 446 940 1385 1108 692 410 118 180 
10 9 446 940 1385 1109 691 410 116 180 
10 9 446 940 1385 1110 687 410 118 180 
10 9 446 940 1385 1111 684 410 118 180 
10 9 446 940 1385 1112 683 410 116 180 
10 9 446 940 1385 1113 679 406 118 184 
10 9 446 940 1385 1114 676 406 118 184 
10 9 446 940 1385 1115 675 407 116 180 
10 9 446 940 1385 1116 671 407 118 180 
10 9 446 940 1385 1117 668 407 118 180 
10 9 446 940 1385 1118 667 407 116 180 
10 9 446 940 1385 1119 663 407 118 180 
10 9 446 940 1385 1120 660 403 118 184 
10 9 446 940 1385 1121 659 403 116 184 
10 9 446 940 1385 1122 655 404 118 180 
10 9 446 940 1385 1123 652 404 118 180 
10 9 446 940 1385 1124 647 404 118 180 
10 9 446 940 1385 1125 644 404 118 180 
10 9 446 940 1385 1126 643 404 116 180 
10 9 446 940 1385 1127 639 404 118 180 
10 9 446 940 1385 1128 636 401 118 183 
10 9 446 940 1385 1129 635 401 116 183 
10 9 446 940 1385 1130 631 402 118 180 
10 9 446 940 1385 1131 628 402 118 180 
10 9 446 940 1385 1132 627 402 116 180 
10 9 446 940 1385 1133 623 402 118 180 
10 9 446 940 1385 1134 620 402 118 180 
10 9 446 940 1385 1135 619 402 116 180 
10 9 446 940 1385 1136 615 398 118 184 
10 9 446 940 1385 1137 612 399 118 180 
10 9 446 940 1385 1138 611 399 116 180 
10 9 446 940 1385 1139 607 399 118 180 
10 9 446 940 1385 1140 604 399 118 180 
10 9 446 940 1385 1141 599 399 118 180 
10 9 446 940 1385 1142 596 399 118 180 
10 9 446 940 1385 1143 595 395 116 184 
10 9 446 940 1385 1144 591 396 118 180 
10 9 446 940 1385 1145 588 396 118 180 
10 9 446 940 1385 1146 587 396 116 180 
10 9 446 940 1385 1147 583 396 118 180 
10 9 446 940 1385 1148 580 396 118 180 
10 9 446 940 1385 1149 579 396 116 180 
10 9 446 940 1385 1150 575 396 118 180 
10 9 446 940 1385 1151 572 394 118 180 
10 9 446 940 1385 1152 571 394 116 180 
10 9 446 940 1385 1153 567 394 118 180 
10 9 446 940 1385 1154 564 394 118 180 
10 9 446 940 1385 1155 563 394 116 180 
10 9 446 940 1385 1156 559 394 118 180 
10 9 446 940 1385 1157 556 394 118 180 
10 9 446 940 1385 1158 555 394 116 180 
10 9 446 940 1385 1159 551 391 118 180 
10 9 446 940 1385 1160 548 391 118 180 
10 9 446 940 1385 1161 547 391 116 180 
10 9 446 940 1385 1162 543 391 118 180 
10 9 446 940 1385 1163 540 391 118 180 
10 9 446 940 1385 1164 539 391 116 180 
10 9 446 940 1385 1165 535 391 118 180 
10 9 446 940 1385 1166 532 391 118 180 
10 9 446 940 1385 1167 531 391 116 175 
10 9 446 940 1385 1168 527 391 118 175 
10 9 446 940 1385 1169 524 388 118 180 
10 9 446 940 1385 1170 523 388 116 180 
10 9 446 940 1385 1171 519 388 118 180 
10 9 446 940 1385 1172 516 388 118 180 
10 9 446 940 1385 1173 515 388 116 180 
10 9 446 940 1385 1174 511 388 118 180 
10 9 446 940 1385 1175 508 388 118 177 
10 9 446 940 1385 1176 507 388 116 177 
10 9 446 940 1385 1177 503 388 118 177 
10 9 446 940 1385 1178 500 388 118 177 
10 9 446 940 1385 1179 499 388 116 177 
10 9 446 940 1385 1180 495 386 118 180 
10 9 446 940 1385 1181 492 386 118 180 
10 9 446 940 1385 1182 491 386 116 180 
10 9 446 940 1385 1183 487 386 118 180 
10 9 446 940 1385 1184 484 386 118 175 
10 9 446 940 1385 1185 483 386 116 175 
10 9 446 940 1385 1186 479 386 118 175 
10 9 446 940 1385 1187 476 386 118 175 
10 9 446 940 1385 1188 475 386 116 175 
10 9 446 940 1385 1189 471 386 118 175 
10 9 446 940 1385 1190 468 383 118 180 
10 9 446 940 1385 1191 467 383 116 180 
10 9 446 940 1385 1192 463 383 118 175 
10 9 446 940 1385 1193 460 383 118 175 
10 9 446 940 1385 1194 459 383 116 175 
10 9 446 940 1385 1195 455 383 118 175 
10 9 446 940 1385 1196 452 383 118 175 
10 9 446 940 1385 1197 451 383 116 175 
10 9 446 940 1385 1198 447 383 118 175 
10 9 446 940 1385 1199 444 383 118 175 
10 9 446 940 1385 1200 443 383 116 175 
10 9 446 940 1385 1201 439 380 118 177 
10 9 446 940 1385 1202 436 380 118 177 
10 9 446 940 1385 1203 435 380 116 177 
10 9 446 940 1385 1204 431 380 118 177 
10 9 446 940 1385 1205 428 380 118 177 
10 9 446 940 1385 1206 430 380 112 177 
10 9 446 940 1385 1207 428 380 112 177 
10 9 446 940 1385 1208 425 380 112 177 
10 9 446 940 1385 1209 422 378 112 180 
10 9 446 940 1385 1210 420 378 112 180 
10 9 446 940 1385 1211 417 378 112 180 
10 9 446 940 1385 1212 418 378 106 175 
10 9 446 940 1385 1213 415 378 108 175 
10 9 446 940 1385 1214 413 378 106 175 
10 9 446 940 1385 1215 410 378 106 175 
10 9 446 940 1385 1216 407 378 108 175 
10 9 446 940 1385 1217 408 378 102 175 
10 9 446 940 1385 1218 407 375 100 180 
10 9 446 940 1385 1219 403 375 102 180 
10 9 446 940 1385 1220 400 375 102 180 
10 9 446 940 1385 1221 399 375 100 180 
10 9 446 940 1385 1222 395 375 102 180 
10 9 446 940 1385 1223 397 375 96 175 
10 9 446 940 1385 1224 394 375 96 175 
10 9 446 940 1385 1225 392 375 96 175 
10 9 446 940 1385 1226 389 372 96 180 
10 9 446 940 1385 1227 386 372 96 180 
10 9 446 940 1385 1228 384 372 96 180 
10 9 446 940 1385 1229 385 372 90 180 
10 9 446 940 1385 1230 382 372 90 180 
10 9 446 940 1385 1231 379 372 92 180 
10 9 446 940 1385 1232 377 372 90 180 
10 9 446 940 1385 1233 374 372 90 180 
10 9 446 940 1385 1234 374 372 90 180 
10 9 446 940 1385 1235 368 370 96 180 
10 9 446 940 1385 1236 365 370 96 180 
10 9 446 940 1385 1237 362 370 96 180 
10 9 446 940 1385 1238 360 370 96 175 
10 9 446 940 1385 1239 355 370 102 175 
10 9 446 940 1385 1240 352 370 102 175 
10 9 446 940 1385 1241 351 370 100 175 
10 9 446 940 1385 1242 347 371 102 171 
10 9 446 940 1385 1243 344 367 102 175 
10 9 446 940 1385 1244 341 367 106 175 
10 9 446 940 1385 1245 338 368 106 172 
10 9 446 940 1385 1246 335 368 108 172 
10 9 446 940 1385 1247 333 368 106 172 
10 9 446 940 1385 1248 330 368 106 172 
10 9 446 940 1385 1249 326 369 112 168 
10 9 446 940 1385 1250 324 369 112 168 
10 9 446 940 1385 1251 321 365 112 172 
10 9 446 940 1385 1252 318 366 112 168 
10 9 446 940 1385 1253 316 366 112 168 
10 9 446 940 1385 1254 311 366 118 168 
10 9 446 940 1385 1255 308 366 118 168 
10 9 446 940 1385 1256 307 366 116 165 
10 9 446 940 1385 1257 303 366 118 165 
10 9 446 940 1385 1258 300 366 118 165 
10 9 446 940 1385 1259 297 366 122 165 
10 9 446 940 1385 1260 294 364 122 163 
10 9 446 940 1385 1261 291 364 124 163 
10 9 446 940 1385 1262 289 364 122 163 
10 9 446 940 1385 1263 286 364 122 163 
10 9 446 940 1385 1264 283 364 124 163 
10 9 446 940 1385 1265 281 361 122 163 
10 9 446 940 1385 1266 278 361 122 163 
10 9 446 940 1385 1267 275 361 124 163 
10 9 446 940 1385 1268 273 361 122 163 
10 9 446 940 1385 1269 270 361 122 163 
10 9 446 940 1385 1270 267 361 124 163 
10 9 446 940 1385 1271 265 358 122 165 
10 9 446 940 1385 1272 262 358 122 165 
10 9 446 940 1385 1273 259 358 124 165 
10 9 446 940 1385 1274 257 358 122 165 
10 9 446 940 1385 1275 254 358 122 165 
10 9 446 940 1385 1276 251 356 124 163 
10 9 446 940 1385 1277 249 356 122 163 
10 9 446 940 1385 1278 246 356 122 163 
10 9 446 940 1385 1279 243 356 124 163 
10 9 446 940 1385 1280 241 356 122 163 
10 9 446 940 1385 1281 238 356 122 163 
10 9 446 940 1385 1282 235 353 124 163 
10 9 446 940 1385 1283 233 353 122 163 
10 9 446 940 1385 1284 230 353 122 163 
10 9 446 940 1385 1285 227 353 124 163 
10 9 446 940 1385 1286 225 353 122 163 
10 9 446 940 1385 1287 222 350 122 165 
10 9 446 940 1385 1288 219 350 124 165 
10 9 446 940 1385 1289 217 350 122 165 
10 9 446 940 1385 1290 214 350 122 165 
10 9 446 940 1385 1291 211 350 124 165 
10 9 446 940 1385 1292 211 350 124 165 
10 9 446 940 1385 1293 209 350 122 165 
10 9 446 940 1385 1294 206 350 122 165 
10 9 446 940 1385 1295 203 350 124 165 
10 9 446 940 1385 1296 201 350 122 165 
10 9 446 940 1385 1297 198 350 122 165 
10 9 446 940 1385 1298 195 350 124 165 
10 9 446 940 1385 1299 193 350 122 165 
10 9 446 940 1385 1300 190 350 122 165 
10 9 446 940 1385 1301 187 350 124 165 
10 9 446 940 1385 1302 185 350 122 165 
10 9 446 940 1385 1303 182 350 122 165 
10 9 446 940 1385 1304 179 350 124 165 
10 9 446 940 1385 1305 177 350 122 165 
10 9 446 940 1385 1306 174 350 122 165 
10 9 446 940 1385 1307 171 350 124 165 
10 9 446 940 1385 1308 169 350 122 165 
10 9 446 940 1385 1309 166 350 122 165 
10 9 446 940 1385 1310 163 350 124 165 
10 9 446 940 1385 1311 161 350 122 165 
10 9 446 940 1385 1312 158 350 122 165 
10 9 446 940 1385 1313 155 350 124 165 
10 9 446 940 1385 1314 153 350 122 165 
10 9 446 940 1385 1315 150 350 122 165 
10 9 446 940 1385 1316 147 350 124 165 
10 9 446 940 1385 1317 145 350 122 165 
10 9 446 940 1385 1318 142 350 122 165 
10 9 446 940 1385 1319 139 350 124 165 
10 9 446 940 1385 1320 137 350 122 165 
10 9 446 940 1385 1321 134 350 122 165 
10 9 446 940 1385 1322 131 350 124 165 
10 9 446 940 1385 1323 129 350 122 165 
10 9 446 940 1385 1324 126 350 122 165 
10 9 446 940 1385 1325 123 348 124 163 
10 9 446 940 1385 1326 121 348 122 163 
10 9 446 940 1385 1327 118 348 122 163 
10 9 446 940 1385 1328 115 348 124 163 
10 9 446 940 1385 1329 116 348 118 163 
10 9 446 940 1385 1330 115 348 116 163 
10 9 446 940 1385 1331 111 348 118 163 
10 9 446 940 1385 1332 108 348 118 163 
10 9 446 940 1385 1333 107 348 116 163 
10 9 446 940 1385 1334 108 348 112 163 
10 9 446 940 1385 1335 105 348 112 163 
10 9 446 940 1385 1336 102 348 112 163 
10 9 446 940 1385 1337 100 348 112 163 
10 9 446 940 1385 1338 97 348 112 163 
10 9 446 940 1385 1339 98 348 106 163 
10 9 446 940 1385 1340 95 348 108 163 
10 9 446 940 1385 1341 93 348 106 163 
10 9 446 940 1385 1342 90 345 106 163 
10 9 446 940 1385 1343 87 345 108 163 
10 9 446 940 1385 1344 88 345 102 163 
10 9 446 940 1385 1345 87 345 100 163 
10 9 446 940 1385 1346 83 345 102 163 
10 9 446 940 1385 1347 80 345 102 163 
10 9 446 940 1385 1348 79 345 100 163 
10 9 446 940 1385 1349 80 345 96 163 
10 9 446 940 1385 1350 77 345 96 163 
10 9 446 940 1385 1351 74 345 96 163 
10 9 446 940 1385 1352 72 345 96 163 
10 9 446 940 1385 1353 69 345 96 163 
10 9 446 940 1385 1354 70 345 90 163 
10 9 446 940 1385 1355 67 345 92 163 
10 9 446 940 1385 1356 65 345 90 163 
10 9 446 940 1385 1357 62 345 90 163 
10 9 446 940 1385 1358 63 345 86 163 
10 9 446 940 1385 1359 60 342 86 165 
10 9 446 940 1385 1360 59 342 84 165 
10 9 446 940 1385 1361 55 342 86 165 
10 9 446 940 1385 1362 52 342 86 165 
10 9 446 940 1385 1363 51 342 84 165 
10 9 446 940 1385 1364 47 342 86 165 
10 9 446 940 1385 1365 44 342 86 165 
10 9 446 940 1385 1366 43 342 84 165 
10 9 446 940 1385 1367 39 342 86 165 
10 9 446 940 1385 1368 36 340 86 163 
10 9 446 940 1385 1369 35 340 84 163 
10 9 446 940 1385 1370 31 340 86 163 
10 9 446 940 1385 1371 28 340 86 163 
10 9 446 940 1385 1372 27 340 84 163 
10 9 446 940 1385 1373 23 340 86 163 
10 9 446 940 1385 1374 20 340 86 163 
10 9 446 940 1385 1375 19 340 84 163 
10 9 446 940 1385 1376 15 340 86 163 
10 9 446 940 1385 1377 12 337 86 163 
10 9 446 940 1385 1378 11 337 84 163 
10 9 446 940 1385 1379 7 337 86 163 
10 9 446 940 1385 1380 4 337 86 163 
10 9 446 940 1385 1381 3 337 84 163 
10 9 446 940 1385 1382 0 337 85 163 
10 9 446 940 1385 1383 0 337 82 163 
10 9 446 940 1385 1384 0 337 79 163 
10 9 446 940 1385 1385 0 337 77 163 
11 9 687 1569 2255 1569 1060 132 86 148 
11 9 687 1569 2255 1570 1063 132 86 148 
11 9 687 1569 2255 1571 1063 132 86 148 
11 9 687 1569 2255 1572 1063 132 86 148 
11 9 687 1569 2255 1573 1063 132 86 148 
11 9 687 1569 2255 1574 1067 135 84 147 
11 9 687 1569 2255 1575 1067 135 84 147 
11 9 687 1569 2255 1576 1067 135 84 147 
11 9 687 1569 2255 1577 1067 135 84 147 
11 9 687 1569 2255 1578 1068 135 86 147 
11 9 687 1569 2255 1579 1068 135 86 147 
11 9 687 1569 2255 1580 1068 137 86 148 
11 9 687 1569 2255 1581 1068 137 86 148 
11 9 687 1569 2255 1582 1071 137 86 148 
11 9 687 1569 2255 1583 1071 137 86 148 
11 9 687 1569 2255 1584 1071 137 86 148 
11 9 687 1569 2255 1585 1071 137 86 148 
11 9 687 1569 2255 1586 1075 140 84 148 
11 9 687 1569 2255 1587 1075 140 84 148 
11 9 687 1569 2255 1588 1075 140 84 148 
11 9 687 1569 2255 1589 1075 140 84 148 
11 9 687 1569 2255 1590 1076 140 86 148 
11 9 687 1569 2255 1591 1076 140 86 148 
11 9 687 1569 2255 1592 1076 143 86 147 
11 9 687 1569 2255 1593 1076 143 86 147 
11 9 687 1569 2255 1594 1079 143 86 147 
11 9 687 1569 2255 1595 1079 143 86 147 
11 9 687 1569 2255 1596 1079 143 86 147 
11 9 687 1569 2255 1597 1083 145 84 148 
11 9 687 1569 2255 1598 1083 145 84 148 
11 9 687 1569 2255 1599 1083 145 84 148 
11 9 687 1569 2255 1600 1084 145 86 148 
11 9 687 1569 2255 1601 1084 145 86 148 
11 9 687 1569 2255 1602 1084 149 86 144 
11 9 687 1569 2255 1603 1087 149 86 144 
11 9 687 1569 2255 1604 1087 149 86 144 
11 9 687 1569 2255 1605 1087 149 86 144 
11 9 687 1569 2255 1606 1091 149 84 144 
11 9 687 1569 2255 1607 1091 152 84 139 
11 9 687 1569 2255 1608 1091 152 84 139 
11 9 687 1569 2255 1609 1092 152 86 139 
11 9 687 1569 2255 1610 1092 152 86 139 
11 9 687 1569 2255 1611 1092 152 86 139 
11 9 687 1569 2255 1612 1095 154 86 141 
11 9 687 1569 2255 1613 1095 154 86 141 
11 9 687 1569 2255 1614 1095 154 86 141 
11 9 687 1569 2255 1615 1099 154 84 141 
11 9 687 1569 2255 1616 1099 154 84 141 
11 9 687 1569 2255 1617 1099 158 84 136 
11 9 687 1569 2255 1618 1100 158 86 136 
11 9 687 1569 2255 1619 1100 158 86 136 
11 9 687 1569 2255 1620 1100 158 86 136 
11 9 687 1569 2255 1621 1103 158 86 136 
11 9 687 1569 2255 1622 1103 162 86 132 
11 9 687 1569 2255 1623 1103 162 86 132 
11 9 687 1569 2255 1624 1107 162 84 132 
11 9 687 1569 2255 1625 1107 162 84 132 
11 9 687 1569 2255 1626 1108 164 86 132 
11 9 687 1569 2255 1627 1108 164 86 132 
11 9 687 1569 2255 1628 1108 164 86 132 
11 9 687 1569 2255 1629 1108 164 86 132 
11 9 687 1569 2255 1630 1108 163 86 136 
11 9 687 1569 2255 1631 1111 167 86 132 
11 9 687 1569 2255 1632 1111 167 86 132 
11 9 687 1569 2255 1633 1111 167 86 132 
11 9 687 1569 2255 1634 1111 166 86 136 
11 9 687 1569 2255 1635 1115 166 84 136 
11 9 687 1569 2255 1636 1115 170 84 132 
11 9 687 1569 2255 1637 1115 170 84 132 
11 9 687 1569 2255 1638 1115 169 84 135 
11 9 687 1569 2255 1639 1116 169 86 135 
11 9 687 1569 2255 1640 1116 169 86 135 
11 9 687 1569 2255 1641 1116 172 86 132 
11 9 687 1569 2255 1642 1116 171 86 136 
11 9 687 1569 2255 1643 1119 171 86 136 
11 9 687 1569 2255 1644 1119 171 86 136 
11 9 687 1569 2255 1645 1119 174 86 136 
11 9 687 1569 2255 1646 1119 174 86 136 
11 9 687 1569 2255 1647 1119 174 86 136 
11 9 687 1569 2255 1648 1123 174 84 136 
11 9 687 1569 2255 1649 1123 173 84 139 
11 9 687 1569 2255 1650 1123 177 84 135 
11 9 687 1569 2255 1651 1123 177 84 135 
11 9 687 1569 2255 1652 1124 177 86 135 
11 9 687 1569 2255 1653 1124 176 86 139 
11 9 687 1569 2255 1654 1124 176 86 139 
11 9 687 1569 2255 1655 1124 179 86 136 
11 9 687 1569 2255 1656 1127 179 86 136 
11 9 687 1569 2255 1657 1127 178 86 141 
11 9 687 1569 2255 1658 1127 178 86 141 
11 9 687 1569 2255 1659 1127 178 86 141 
11 9 687 1569 2255 1660 1131 182 84 136 
11 9 687 1569 2255 1661 1131 181 84 139 
11 9 687 1569 2255 1662 1131 181 84 139 
11 9 687 1569 2255 1663 1131 181 84 139 
11 9 687 1569 2255 1664 1132 184 86 139 
11 9 687 1569 2255 1665 1132 184 86 139 
11 9 687 1569 2255 1666 1132 184 86 139 
11 9 687 1569 2255 1667 1132 184 86 139 
11 9 687 1569 2255 1668 1135 184 86 139 
11 9 687 1569 2255 1669 1135 184 86 144 
11 9 687 1569 2255 1670 1135 186 86 141 
11 9 687 1569 2255 1671 1139 186 84 141 
11 9 687 1569 2255 1672 1139 186 84 141 
11 9 687 1569 2255 1673 1139 186 84 144 
11 9 687 1569 2255 1674 1139 186 84 144 
11 9 687 1569 2255 1675 1140 186 86 144 
11 9 687 1569 2255 1676 1140 189 86 139 
11 9 687 1569 2255 1677 1140 189 86 144 
11 9 687 1569 2255 1678 1143 189 86 144 
11 9 687 1569 2255 1679 1143 189 86 144 
11 9 687 1569 2255 1680 1143 189 86 144 
11 9 687 1569 2255 1681 1147 192 84 144 
11 9 687 1569 2255 1682 1147 192 84 144 
11 9 687 1569 2255 1683 1147 192 84 144 
11 9 687 1569 2255 1684 1147 192 84 144 
11 9 687 1569 2255 1685 1148 192 86 144 
11 9 687 1569 2255 1686 1148 191 86 147 
11 9 687 1569 2255 1687 1148 194 86 144 
11 9 687 1569 2255 1688 1151 194 86 144 
11 9 687 1569 2255 1689 1151 194 86 144 
11 9 687 1569 2255 1690 1151 193 86 148 
11 9 687 1569 2255 1691 1151 193 86 148 
11 9 687 1569 2255 1692 1155 193 84 148 
11 9 687 1569 2255 1693 1155 197 84 144 
11 9 687 1569 2255 1694 1155 196 84 148 
11 9 687 1569 2255 1695 1156 196 86 148 
11 9 687 1569 2255 1696 1156 196 86 148 
11 9 687 1569 2255 1697 1156 196 86 148 
11 9 687 1569 2255 1698 1159 199 86 147 
11 9 687 1569 2255 1699 1159 199 86 147 
11 9 687 1569 2255 1700 1159 199 86 147 
11 9 687 1569 2255 1701 1159 199 86 147 
11 9 687 1569 2255 1702 1163 199 84 147 
11 9 687 1569 2255 1703 1163 201 84 148 
11 9 687 1569 2255 1704 1163 201 84 148 
11 9 687 1569 2255 1705 1164 201 86 148 
11 9 687 1569 2255 1706 1164 201 86 148 
11 9 687 1569 2255 1707 1164 201 86 148 
11 9 687 1569 2255 1708 1164 204 86 148 
11 9 687 1569 2255 1709 1167 204 86 148 
11 9 687 1569 2255 1710 1167 204 86 148 
11 9 687 1569 2255 1711 1167 204 86 148 
11 9 687 1569 2255 1712 1171 204 84 148 
11 9 687 1569 2255 1713 1171 207 84 147 
11 9 687 1569 2255 1714 1171 207 84 147 
11 9 687 1569 2255 1715 1171 207 84 147 
11 9 687 1569 2255 1716 1172 207 86 147 
11 9 687 1569 2255 1717 1172 207 86 147 
11 9 687 1569 2255 1718 1172 209 86 148 
11 9 687 1569 2255 1719 1175 209 86 148 
11 9 687 1569 2255 1720 1175 209 86 148 
11 9 687 1569 2255 1721 1175 209 86 148 
11 9 687 1569 2255 1722 1179 212 84 148 
11 9 687 1569 2255 1723 1179 212 84 148 
11 9 687 1569 2255 1724 1179 212 84 148 
11 9 687 1569 2255 1725 1180 212 86 148 
11 9 687 1569 2255 1726 1180 212 86 148 
11 9 687 1569 2255 1727 1180 215 86 147 
11 9 687 1569 2255 1728 1183 215 86 147 
11 9 687 1569 2255 1729 1183 215 86 147 
11 9 687 1569 2255 1730 1183 215 86 147 
11 9 687 1569 2255 1731 1187 215 84 147 
11 9 687 1569 2255 1732 1187 217 84 148 
11 9 687 1569 2255 1733 1187 217 84 148 
11 9 687 1569 2255 1734 1188 217 86 148 
11 9 687 1569 2255 1735 1188 217 86 148 
11 9 687 1569 2255 1736 1188 220 86 148 
11 9 687 1569 2255 1737 1191 220 86 148 
11 9 687 1569 2255 1738 1191 220 86 148 
11 9 687 1569 2255 1739 1191 220 86 148 
11 9 687 1569 2255 1740 1195 220 84 148 
11 9 687 1569 2255 1741 1195 223 84 147 
11 9 687 1569 2255 1742 1195 223 84 147 
11 9 687 1569 2255 1743 1196 223 86 147 
11 9 687 1569 2255 1744 1196 223 86 147 
11 9 687 1569 2255 1745 1196 225 86 148 
11 9 687 1569 2255 1746 1199 225 86 148 
11 9 687 1569 2255 1747 1199 225 86 148 
11 9 687 1569 2255 1748 1199 225 86 148 
11 9 687 1569 2255 1749 1203 225 84 148 
11 9 687 1569 2255 1750 1203 228 84 148 
11 9 687 1569 2255 1751 1203 228 84 148 
11 9 687 1569 2255 1752 1204 228 86 148 
11 9 687 1569 2255 1753 1204 228 86 148 
11 9 687 1569 2255 1754 1207 231 86 147 
11 9 687 1569 2255 1755 1207 231 86 147 
11 9 687 1569 2255 1756 1207 231 86 147 
11 9 687 1569 2255 1757 1212 230 80 151 
11 9 687 1569 2255 1758 1211 230 84 151 
11 9 687 1569 2255 1759 1211 233 84 148 
11 9 687 1569 2255 1760 1214 232 80 153 
11 9 687 1569 2255 1761 1212 232 86 153 
11 9 687 1569 2255 1762 1212 232 86 153 
11 9 687 1569 2255 1763 1217 235 80 151 
11 9 687 1569 2255 1764 1215 235 86 151 
11 9 687 1569 2255 1765 1220 235 80 151 
11 9 687 1569 2255 1766 1220 235 80 156 
11 9 687 1569 2255 1767 1219 238 84 151 
11 9 687 1569 2255 1768 1222 238 80 151 
11 9 687 1569 2255 1769 1222 238 80 156 
11 9 687 1569 2255 1770 1220 238 86 156 
11 9 687 1569 2255 1771 1225 238 80 156 
11 9 687 1569 2255 1772 1225 240 80 156 
11 9 687 1569 2255 1773 1228 240 80 156 
11 9 687 1569 2255 1774 1228 240 80 156 
11 9 687 1569 2255 1775 1228 239 80 160 
11 9 687 1569 2255 1776 1230 243 80 156 
11 9 687 1569 2255 1777 1230 242 80 160 
11 9 687 1569 2255 1778 1230 242 80 160 
11 9 687 1569 2255 1779 1233 242 80 160 
11 9 687 1569 2255 1780 1233 245 80 159 
11 9 687 1569 2255 1781 1237 245 74 159 
11 9 687 1569 2255 1782 1236 245 80 159 
11 9 687 1569 2255 1783 1236 244 80 163 
11 9 687 1569 2255 1784 1239 244 76 163 
11 9 687 1569 2255 1785 1238 247 80 160 
11 9 687 1569 2255 1786 1238 246 80 165 
11 9 687 1569 2255 1787 1242 246 74 165 
11 9 687 1569 2255 1788 1241 246 80 165 
11 9 687 1569 2255 1789 1245 249 74 163 
11 9 687 1569 2255 1790 1245 249 74 163 
11 9 687 1569 2255 1791 1244 249 80 163 
11 9 687 1569 2255 1792 1247 249 76 168 
11 9 687 1569 2255 1793 1247 252 76 163 
11 9 687 1569 2255 1794 1246 252 80 163 
11 9 687 1569 2255 1795 1250 252 74 168 
11 9 687 1569 2255 1796 1250 252 74 168 
11 9 687 1569 2255 1797 1253 254 74 168 
11 9 687 1569 2255 1798 1253 254 74 168 
11 9 687 1569 2255 1799 1253 254 74 168 
11 9 687 1569 2255 1800 1255 254 76 168 
11 9 687 1569 2255 1801 1255 254 76 168 
11 9 687 1569 2255 1802 1254 254 80 168 
11 9 687 1569 2255 1803 1258 257 74 163 
11 9 687 1569 2255 1804 1257 257 80 168 
11 9 687 1569 2255 1805 1261 257 74 168 
11 9 687 1569 2255 1806 1260 260 80 163 
11 9 687 1569 2255 1807 1263 260 76 168 
11 9 687 1569 2255 1808 1262 260 80 168 
11 9 687 1569 2255 1809 1266 262 74 165 
11 9 687 1569 2255 1810 1265 262 80 165 
11 9 687 1569 2255 1811 1269 262 74 168 
11 9 687 1569 2255 1812 1268 265 80 163 
11 9 687 1569 2255 1813 1268 265 80 163 
11 9 687 1569 2255 1814 1270 265 80 168 
11 9 687 1569 2255 1815 1270 268 80 163 
11 9 687 1569 2255 1816 1273 268 80 163 
11 9 687 1569 2255 1817 1273 268 80 163 
11 9 687 1569 2255 1818 1276 270 80 165 
11 9 687 1569 2255 1819 1276 270 80 165 
11 9 687 1569 2255 1820 1278 270 80 165 
11 9 687 1569 2255 1821 1278 273 80 163 
11 9 687 1569 2255 1822 1281 273 80 163 
11 9 687 1569 2255 1823 1281 273 80 163 
11 9 687 1569 2255 1824 1279 277 86 159 
11 9 687 1569 2255 1825 1284 276 80 163 
11 9 687 1569 2255 1826 1283 276 84 163 
11 9 687 1569 2255 1827 1286 279 80 160 
11 9 687 1569 2255 1828 1284 278 86 165 
11 9 687 1569 2255 1829 1289 278 80 165 
11 9 687 1569 2255 1830 1287 282 86 160 
11 9 687 1569 2255 1831 1292 282 80 160 
11 9 687 1569 2255 1832 1291 281 84 163 
11 9 687 1569 2255 1833 1294 285 80 159 
11 9 687 1569 2255 1834 1292 285 86 159 
11 9 687 1569 2255 1835 1295 287 86 160 
11 9 687 1569 2255 1836 1295 287 86 160 
11 9 687 1569 2255 1837 1294 287 90 160 
11 9 687 1569 2255 1838 1299 291 84 156 
11 9 687 1569 2255 1839 1297 290 90 160 
11 9 687 1569 2255 1840 1300 290 86 160 
11 9 687 1569 2255 1841 1299 294 92 156 
11 9 687 1569 2255 1842 1303 293 86 159 
11 9 687 1569 2255 1843 1302 293 90 159 
11 9 687 1569 2255 1844 1307 296 84 156 
11 9 687 1569 2255 1845 1305 296 90 156 
11 9 687 1569 2255 1846 1308 295 86 160 
11 9 687 1569 2255 1847 1307 299 92 156 
11 9 687 1569 2255 1848 1307 299 92 156 
11 9 687 1569 2255 1849 1310 298 90 160 
11 9 687 1569 2255 1850 1310 302 90 156 
11 9 687 1569 2255 1851 1313 302 90 156 
11 9 687 1569 2255 1852 1313 302 90 156 
11 9 687 1569 2255 1853 1315 304 92 156 
11 9 687 1569 2255 1854 1315 304 92 156 
11 9 687 1569 2255 1855 1318 304 90 156 
11 9 687 1569 2255 1856 1318 307 90 156 
11 9 687 1569 2255 1857 1321 307 90 156 
11 9 687 1569 2255 1858 1321 307 90 156 
11 9 687 1569 2255 1859 1320 310 96 151 
11 9 687 1569 2255 1860 1323 310 92 156 
11 9 687 1569 2255 1861 1322 310 96 156 
11 9 687 1569 2255 1862 1326 312 90 153 
11 9 687 1569 2255 1863 1325 312 96 156 
11 9 687 1569 2255 1864 1329 312 90 156 
11 9 687 1569 2255 1865 1328 315 96 151 
11 9 687 1569 2255 1866 1331 315 92 151 
11 9 687 1569 2255 1867 1330 315 96 156 
11 9 687 1569 2255 1868 1334 318 90 151 
11 9 687 1569 2255 1869 1333 318 96 151 
11 9 687 1569 2255 1870 1336 320 96 153 
11 9 687 1569 2255 1871 1336 320 96 153 
11 9 687 1569 2255 1872 1338 320 96 153 
11 9 687 1569 2255 1873 1338 323 96 151 
11 9 687 1569 2255 1874 1341 323 96 151 
11 9 687 1569 2255 1875 1344 323 96 156 
11 9 687 1569 2255 1876 1344 326 96 151 
11 9 687 1569 2255 1877 1346 326 96 151 
11 9 687 1569 2255 1878 1344 326 102 156 
11 9 687 1569 2255 1879 1349 328 96 153 
11 9 687 1569 2255 1880 1352 328 96 156 
11 9 687 1569 2255 1881 1351 331 100 151 
11 9 687 1569 2255 1882 1354 331 96 156 
11 9 687 1569 2255 1883 1352 331 102 156 
11 9 687 1569 2255 1884 1355 334 102 151 
11 9 687 1569 2255 1885 1360 334 96 156 
11 9 687 1569 2255 1886 1359 334 100 156 
11 9 687 1569 2255 1887 1362 336 96 156 
11 9 687 1569 2255 1888 1365 336 96 156 
11 9 687 1569 2255 1889 1363 339 102 156 
11 9 687 1569 2255 1890 1368 339 96 156 
11 9 687 1569 2255 1891 1367 339 100 156 
11 9 687 1569 2255 1892 1368 342 102 156 
11 9 687 1569 2255 1893 1373 342 96 156 
11 9 687 1569 2255 1894 1371 341 102 159 
11 9 687 1569 2255 1895 1375 344 100 156 
11 9 687 1569 2255 1896 1375 343 100 160 
11 9 687 1569 2255 1897 1376 347 102 156 
11 9 687 1569 2255 1898 1379 347 102 156 
11 9 687 1569 2255 1899 1379 346 102 160 
11 9 687 1569 2255 1900 1383 350 100 156 
11 9 687 1569 2255 1901 1384 349 102 159 
11 9 687 1569 2255 1902 1384 349 102 159 
11 9 687 1569 2255 1903 1387 351 102 160 
11 9 687 1569 2255 1904 1387 351 102 160 
11 9 687 1569 2255 1905 1391 355 100 156 
11 9 687 1569 2255 1906 1392 354 102 160 
11 9 687 1569 2255 1907 1392 354 102 160 
11 9 687 1569 2255 1908 1395 357 102 159 
11 9 687 1569 2255 1909 1394 357 106 159 
11 9 687 1569 2255 1910 1399 356 100 163 
11 9 687 1569 2255 1911 1400 359 102 160 
11 9 687 1569 2255 1912 1399 359 108 160 
11 9 687 1569 2255 1913 1403 362 102 160 
11 9 687 1569 2255 1914 1402 362 106 160 
11 9 687 1569 2255 1915 1405 361 106 163 
11 9 687 1569 2255 1916 1408 365 102 159 
11 9 687 1569 2255 1917 1407 364 108 163 
11 9 687 1569 2255 1918 1410 364 106 163 
11 9 687 1569 2255 1919 1415 367 100 160 
11 9 687 1569 2255 1920 1413 366 106 165 
11 9 687 1569 2255 1921 1416 370 102 160 
11 9 687 1569 2255 1922 1415 369 108 163 
11 9 687 1569 2255 1923 1418 369 106 163 
11 9 687 1569 2255 1924 1423 372 100 163 
11 9 687 1569 2255 1925 1421 372 106 163 
11 9 687 1569 2255 1926 1423 372 108 163 
11 9 687 1569 2255 1927 1423 374 108 165 
11 9 687 1569 2255 1928 1426 374 106 165 
11 9 687 1569 2255 1929 1429 377 106 163 
11 9 687 1569 2255 1930 1429 377 106 163 
11 9 687 1569 2255 1931 1431 377 108 168 
11 9 687 1569 2255 1932 1434 380 106 163 
11 9 687 1569 2255 1933 1434 380 106 163 
11 9 687 1569 2255 1934 1437 380 106 168 
11 9 687 1569 2255 1935 1436 382 112 165 
11 9 687 1569 2255 1936 1439 382 108 168 
11 9 687 1569 2255 1937 1442 385 106 163 
11 9 687 1569 2255 1938 1442 385 106 168 
11 9 687 1569 2255 1939 1445 385 106 168 
11 9 687 1569 2255 1940 1444 388 112 163 
11 9 687 1569 2255 1941 1447 388 108 168 
11 9 687 1569 2255 1942 1450 388 106 168 
11 9 687 1569 2255 1943 1449 390 112 168 
11 9 687 1569 2255 1944 1453 390 106 168 
11 9 687 1569 2255 1945 1455 393 108 168 
11 9 687 1569 2255 1946 1454 393 112 168 
11 9 687 1569 2255 1947 1458 393 106 168 
11 9 687 1569 2255 1948 1457 396 112 168 
11 9 687 1569 2255 1949 1460 396 112 168 
11 9 687 1569 2255 1950 1463 395 108 171 
11 9 687 1569 2255 1951 1462 398 112 168 
11 9 687 1569 2255 1952 1465 398 112 168 
11 9 687 1569 2255 1953 1465 397 112 172 
11 9 687 1569 2255 1954 1468 401 112 168 
11 9 687 1569 2255 1955 1471 400 108 172 
11 9 687 1569 2255 1956 1470 404 112 168 
11 9 687 1569 2255 1957 1473 403 112 171 
11 9 687 1569 2255 1958 1473 403 112 171 
11 9 687 1569 2255 1959 1476 406 112 168 
11 9 687 1569 2255 1960 1478 405 112 172 
11 9 687 1569 2255 1961 1478 405 112 172 
11 9 687 1569 2255 1962 1481 408 112 172 
11 9 687 1569 2255 1963 1484 408 112 172 
11 9 687 1569 2255 1964 1484 411 112 171 
11 9 687 1569 2255 1965 1486 411 112 171 
11 9 687 1569 2255 1966 1484 411 118 171 
11 9 687 1569 2255 1967 1489 413 112 172 
11 9 687 1569 2255 1968 1492 413 112 172 
11 9 687 1569 2255 1969 1491 412 116 177 
11 9 687 1569 2255 1970 1494 416 112 172 
11 9 687 1569 2255 1971 1492 415 118 175 
11 9 687 1569 2255 1972 1497 419 112 171 
11 9 687 1569 2255 1973 1500 419 112 171 
11 9 687 1569 2255 1974 1499 418 116 175 
11 9 687 1569 2255 1975 1502 421 112 172 
11 9 687 1569 2255 1976 1505 420 112 177 
11 9 687 1569 2255 1977 1503 420 118 177 
11 9 687 1569 2255 1978 1508 423 112 175 
11 9 687 1569 2255 1979 1507 423 116 175 
11 9 687 1569 2255 1980 1508 427 118 171 
11 9 687 1569 2255 1981 1513 426 112 175 
11 9 687 1569 2255 1982 1511 426 118 175 
11 9 687 1569 2255 1983 1515 428 116 177 
11 9 687 1569 2255 1984 1515 428 116 177 
11 9 687 1569 2255 1985 1516 428 118 180 
11 9 687 1569 2255 1986 1519 431 118 175 
11 9 687 1569 2255 1987 1519 431 118 175 
11 9 687 1569 2255 1988 1523 434 116 175 
11 9 687 1569 2255 1989 1523 434 116 175 
11 9 687 1569 2255 1990 1524 434 118 180 
11 9 687 1569 2255 1991 1527 436 118 177 
11 9 687 1569 2255 1992 1527 436 118 180 
11 9 687 1569 2255 1993 1531 436 116 180 
11 9 687 1569 2255 1994 1532 439 118 175 
11 9 687 1569 2255 1995 1532 439 118 180 
11 9 687 1569 2255 1996 1535 442 118 175 
11 9 687 1569 2255 1997 1534 442 122 180 
11 9 687 1569 2255 1998 1539 442 116 180 
11 9 687 1569 2255 1999 1540 444 118 180 
11 9 687 1569 2255 2000 1539 444 124 180 
11 9 687 1569 2255 2001 1543 444 118 180 
11 9 687 1569 2255 2002 1542 447 122 180 
11 9 687 1569 2255 2003 1545 447 122 180 
11 9 687 1569 2255 2004 1548 450 118 180 
11 9 687 1569 2255 2005 1547 450 124 180 
11 9 687 1569 2255 2006 1551 449 118 183 
11 9 687 1569 2255 2007 1555 452 116 180 
11 9 687 1569 2255 2008 1553 452 122 180 
11 9 687 1569 2255 2009 1556 451 118 184 
11 9 687 1569 2255 2010 1555 455 124 180 
11 9 687 1569 2255 2011 1558 454 122 184 
11 9 687 1569 2255 2012 1563 458 116 180 
11 9 687 1569 2255 2013 1561 457 122 183 
11 9 687 1569 2255 2014 1563 457 124 183 
11 9 687 1569 2255 2015 1563 460 124 180 
11 9 687 1569 2255 2016 1566 459 122 184 
11 9 687 1569 2255 2017 1569 459 122 184 
11 9 687 1569 2255 2018 1569 462 122 184 
11 9 687 1569 2255 2019 1571 462 124 184 
11 9 687 1569 2255 2020 1574 465 122 183 
11 9 687 1569 2255 2021 1574 465 122 183 
11 9 687 1569 2255 2022 1573 467 128 184 
11 9 687 1569 2255 2023 1577 467 122 184 
11 9 687 1569 2255 2024 1576 470 128 184 
11 9 687 1569 2255 2025 1579 469 124 187 
11 9 687 1569 2255 2026 1578 473 128 183 
11 9 687 1569 2255 2027 1582 472 122 187 
11 9 687 1569 2255 2028 1581 474 128 189 
11 9 687 1569 2255 2029 1585 478 122 184 
11 9 687 1569 2255 2030 1584 477 128 187 
11 9 687 1569 2255 2031 1583 480 132 187 
11 9 687 1569 2255 2032 1586 480 128 187 
11 9 687 1569 2255 2033 1584 482 134 189 
11 9 687 1569 2255 2034 1589 482 128 192 
11 9 687 1569 2255 2035 1587 485 134 187 
11 9 687 1569 2255 2036 1592 488 128 187 
11 9 687 1569 2255 2037 1591 488 132 192 
11 9 687 1569 2255 2038 1594 490 128 189 
11 9 687 1569 2255 2039 1592 490 134 192 
11 9 687 1569 2255 2040 1595 493 134 192 
11 9 687 1569 2255 2041 1595 493 134 192 
11 9 687 1569 2255 2042 1594 496 138 192 
11 9 687 1569 2255 2043 1599 495 132 195 
11 9 687 1569 2255 2044 1597 498 138 192 
11 9 687 1569 2255 2045 1600 501 134 192 
11 9 687 1569 2255 2046 1599 500 140 196 
11 9 687 1569 2255 2047 1603 504 134 192 
11 9 687 1569 2255 2048 1602 503 138 195 
11 9 687 1569 2255 2049 1607 505 132 196 
11 9 687 1569 2255 2050 1605 505 138 196 
11 9 687 1569 2255 2051 1604 508 144 196 
11 9 687 1569 2255 2052 1607 511 140 195 
11 9 687 1569 2255 2053 1606 511 144 195 
11 9 687 1569 2255 2054 1610 513 138 196 
11 9 687 1569 2255 2055 1609 512 144 201 
11 9 687 1569 2255 2056 1613 516 138 196 
11 9 687 1569 2255 2057 1612 515 144 199 
11 9 687 1569 2255 2058 1615 518 140 199 
11 9 687 1569 2255 2059 1614 518 144 199 
11 9 687 1569 2255 2060 1617 520 144 201 
11 9 687 1569 2255 2061 1617 523 144 199 
11 9 687 1569 2255 2062 1615 523 150 199 
11 9 687 1569 2255 2063 1620 526 144 199 
11 9 687 1569 2255 2064 1619 526 148 204 
11 9 687 1569 2255 2065 1622 528 144 201 
11 9 687 1569 2255 2066 1620 528 150 204 
11 9 687 1569 2255 2067 1625 531 144 204 
11 9 687 1569 2255 2068 1623 534 150 199 
11 9 687 1569 2255 2069 1628 534 144 204 
11 9 687 1569 2255 2070 1627 536 148 204 
11 9 687 1569 2255 2071 1625 536 154 204 
11 9 687 1569 2255 2072 1628 539 150 204 
11 9 687 1569 2255 2073 1627 538 156 208 
11 9 687 1569 2255 2074 1631 542 150 204 
11 9 687 1569 2255 2075 1630 541 154 207 
11 9 687 1569 2255 2076 1635 543 148 208 
11 9 687 1569 2255 2077 1633 547 154 204 
11 9 687 1569 2255 2078 1636 546 150 208 
11 9 687 1569 2255 2079 1635 549 156 207 
11 9 687 1569 2255 2080 1638 549 154 207 
11 9 687 1569 2255 2081 1638 551 154 208 
11 9 687 1569 2255 2082 1637 550 160 213 
11 9 687 1569 2255 2083 1641 554 154 208 
11 9 687 1569 2255 2084 1640 557 160 207 
11 9 687 1569 2255 2085 1643 556 156 211 
11 9 687 1569 2255 2086 1642 559 160 208 
11 9 687 1569 2255 2087 1646 558 154 213 
11 9 687 1569 2255 2088 1645 561 160 211 
11 9 687 1569 2255 2089 1649 561 154 211 
11 9 687 1569 2255 2090 1648 564 160 211 
11 9 687 1569 2255 2091 1647 564 164 216 
11 9 687 1569 2255 2092 1650 566 160 213 
11 9 687 1569 2255 2093 1648 569 166 211 
11 9 687 1569 2255 2094 1653 569 160 216 
11 9 687 1569 2255 2095 1651 572 166 211 
11 9 687 1569 2255 2096 1656 572 160 216 
11 9 687 1569 2255 2097 1655 574 164 216 
11 9 687 1569 2255 2098 1658 574 160 216 
11 9 687 1569 2255 2099 1656 577 166 216 
11 9 687 1569 2255 2100 1659 580 166 216 
11 9 687 1569 2255 2101 1659 579 166 219 
11 9 687 1569 2255 2102 1659 581 166 220 
11 9 687 1569 2255 2103 1658 580 170 225 
11 9 687 1569 2255 2104 1658 583 170 223 
11 9 687 1569 2255 2105 1661 586 170 223 
11 9 687 1569 2255 2106 1661 586 170 228 
11 9 687 1569 2255 2107 1661 588 170 228 
11 9 687 1569 2255 2108 1660 587 176 232 
11 9 687 1569 2255 2109 1660 590 176 232 
11 9 687 1569 2255 2110 1662 593 176 231 
11 9 687 1569 2255 2111 1662 593 176 231 
11 9 687 1569 2255 2112 1665 595 176 232 
11 9 687 1569 2255 2113 1665 598 176 232 
11 9 687 1569 2255 2114 1668 601 176 231 
11 9 687 1569 2255 2115 1668 603 176 232 
11 9 687 1569 2255 2116 1670 603 176 232 
11 9 687 1569 2255 2117 1670 606 176 232 
11 9 687 1569 2255 2118 1673 609 176 231 
11 9 687 1569 2255 2119 1673 611 176 232 
11 9 687 1569 2255 2120 1676 614 176 232 
11 9 687 1569 2255 2121 1676 614 176 232 
11 9 687 1569 2255 2122 1678 617 176 231 
11 9 687 1569 2255 2123 1678 617 176 231 
11 9 687 1569 2255 2124 1681 619 176 232 
11 9 687 1569 2255 2125 1681 622 176 232 
11 9 687 1569 2255 2126 1684 622 176 232 
11 9 687 1569 2255 2127 1684 625 176 231 
11 9 687 1569 2255 2128 1686 625 176 231 
11 9 687 1569 2255 2129 1686 627 176 232 
11 9 687 1569 2255 2130 1689 630 176 232 
11 9 687 1569 2255 2131 1689 630 176 232 
11 9 687 1569 2255 2132 1689 633 176 231 
11 9 687 1569 2255 2133 1692 633 176 231 
11 9 687 1569 2255 2134 1692 635 176 232 
11 9 687 1569 2255 2135 1694 638 176 232 
11 9 687 1569 2255 2136 1694 638 176 232 
11 9 687 1569 2255 2137 1694 641 176 231 
11 9 687 1569 2255 2138 1697 641 176 231 
11 9 687 1569 2255 2139 1697 643 176 232 
11 9 687 1569 2255 2140 1700 646 176 232 
11 9 687 1569 2255 2141 1700 649 176 231 
11 9 687 1569 2255 2142 1702 651 176 232 
11 9 687 1569 2255 2143 1705 654 176 232 
11 9 687 1569 2255 2144 1705 657 176 231 
11 9 687 1569 2255 2145 1708 659 176 232 
11 9 687 1569 2255 2146 1710 662 176 232 
11 9 687 1569 2255 2147 1710 665 176 231 
11 9 687 1569 2255 2148 1713 667 176 232 
11 9 687 1569 2255 2149 1716 670 176 232 
11 9 687 1569 2255 2150 1718 673 176 231 
11 9 687 1569 2255 2151 1718 673 176 231 
11 9 687 1569 2255 2152 1721 675 176 232 
11 9 687 1569 2255 2153 1721 678 176 232 
11 9 687 1569 2255 2154 1724 681 176 231 
11 9 687 1569 2255 2155 1724 683 176 232 
11 9 687 1569 2255 2156 1726 686 176 232 
11 9 687 1569 2255 2157 1726 689 176 231 
11 9 687 1569 2255 2158 1729 691 176 232 
11 9 687 1569 2255 2159 1729 694 176 232 
11 9 687 1569 2255 2160 1732 697 176 231 
11 9 687 1569 2255 2161 1732 697 176 231 
11 9 687 1569 2255 2162 1734 699 176 232 
11 9 687 1569 2255 2163 1734 702 176 232 
11 9 687 1569 2255 2164 1737 705 176 231 
11 9 687 1569 2255 2165 1737 707 176 232 
11 9 687 1569 2255 2166 1740 707 176 232 
11 9 687 1569 2255 2167 1740 710 176 232 
11 9 687 1569 2255 2168 1742 713 176 231 
11 9 687 1569 2255 2169 1742 715 176 232 
11 9 687 1569 2255 2170 1745 718 174 232 
11 9 687 1569 2255 2171 1745 718 174 232 
11 9 687 1569 2255 2172 1748 721 171 231 
11 9 687 1569 2255 2173 1748 723 171 232 
11 9 687 1569 2255 2174 1750 726 169 232 
11 9 687 1569 2255 2175 1750 729 169 231 
11 9 687 1569 2255 2176 1753 731 166 232 
11 9 687 1569 2255 2177 1753 734 166 232 
11 9 687 1569 2255 2178 1756 737 163 231 
11 9 687 1569 2255 2179 1756 739 163 232 
11 9 687 1569 2255 2180 1758 742 161 232 
11 9 687 1569 2255 2181 1758 742 161 232 
11 9 687 1569 2255 2182 1761 745 158 231 
11 9 687 1569 2255 2183 1764 747 155 232 
11 9 687 1569 2255 2184 1764 750 155 232 
11 9 687 1569 2255 2185 1766 753 153 231 
11 9 687 1569 2255 2186 1769 755 150 232 
11 9 687 1569 2255 2187 1769 758 150 232 
11 9 687 1569 2255 2188 1772 761 147 231 
11 9 687 1569 2255 2189 1774 763 145 232 
11 9 687 1569 2255 2190 1777 766 142 232 
11 9 687 1569 2255 2191 1777 769 142 231 
11 9 687 1569 2255 2192 1777 770 142 237 
11 9 687 1569 2255 2193 1777 773 142 235 
11 9 687 1569 2255 2194 1780 776 139 240 
11 9 687 1569 2255 2195 1780 777 139 244 
11 9 687 1569 2255 2196 1780 780 139 244 
11 9 687 1569 2255 2197 1782 782 137 247 
11 9 687 1569 2255 2198 1782 784 137 249 
11 9 687 1569 2255 2199 1782 787 137 252 
11 9 687 1569 2255 2200 1785 789 134 255 
11 9 687 1569 2255 2201 1785 791 134 256 
11 9 687 1569 2255 2202 1785 794 134 256 
11 9 687 1569 2255 2203 1785 797 134 255 
11 9 687 1569 2255 2204 1785 799 134 256 
11 9 687 1569 2255 2205 1785 805 134 255 
11 9 687 1569 2255 2206 1785 807 134 256 
11 9 687 1569 2255 2207 1785 810 134 256 
11 9 687 1569 2255 2208 1785 813 134 255 
11 9 687 1569 2255 2209 1785 815 134 256 
11 9 687 1569 2255 2210 1789 821 129 255 
11 9 687 1569 2255 2211 1789 821 129 255 
11 9 687 1569 2255 2212 1789 823 129 255 
11 9 687 1569 2255 2213 1792 826 126 252 
11 9 687 1569 2255 2214 1792 826 126 252 
11 9 687 1569 2255 2215 1797 829 122 249 
11 9 687 1569 2255 2216 1797 831 122 247 
11 9 687 1569 2255 2217 1797 831 122 247 
11 9 687 1569 2255 2218 1801 834 117 244 
11 9 687 1569 2255 2219 1801 837 117 241 
11 9 687 1569 2255 2220 1804 839 114 239 
11 9 687 1569 2255 2221 1804 843 114 236 
11 9 687 1569 2255 2222 1804 846 114 233 
11 9 687 1569 2255 2223 1804 848 114 231 
11 9 687 1569 2255 2224 1809 854 110 224 
11 9 687 1569 2255 2225 1809 856 110 222 
11 9 687 1569 2255 2226 1809 859 110 219 
11 9 687 1569 2255 2227 1813 865 105 213 
11 9 687 1569 2255 2228 1813 868 105 210 
11 9 687 1569 2255 2229 1813 871 105 207 
11 9 687 1569 2255 2230 1816 877 102 202 
11 9 687 1569 2255 2231 1816 880 102 198 
11 9 687 1569 2255 2232 1816 883 102 195 
11 9 687 1569 2255 2233 1816 890 102 188 
11 9 687 1569 2255 2234 1816 893 102 185 
11 9 687 1569 2255 2235 1816 900 102 178 
11 9 687 1569 2255 2236 1816 903 102 175 
11 9 687 1569 2255 2237 1816 907 102 172 
11 9 687 1569 2255 2238 1816 913 102 165 
11 9 687 1569 2255 2239 1816 917 102 162 
11 9 687 1569 2255 2240 1821 923 98 155 
11 9 687 1569 2255 2241 1821 930 98 148 
11 9 687 1569 2255 2242 1825 937 93 142 
11 9 687 1569 2255 2243 1828 943 90 135 
11 9 687 1569 2255 2244 1833 950 86 128 
11 9 687 1569 2255 2245 1837 957 81 122 
11 9 687 1569 2255 2246 1837 963 81 115 
11 9 687 1569 2255 2247 1840 970 78 108 
11 9 687 1569 2255 2248 1845 977 74 102 
11 9 687 1569 2255 2249 1849 983 69 95 
11 9 687 1569 2255 2250 1852 990 66 88 
11 9 687 1569 2255 2251 1852 990 66 88 
11 9 687 1569 2255 2252 1852 990 66 88 
11 9 687 1569 2255 2253 1852 990 66 88 
11 9 687 1569 2255 2254 1852 990 66 88 
11 9 687 1569 2255 2255 1852 990 66 88 
