1 944 0 538 414 85 47 2
1 944 1 538 414 85 47 2
1 944 2 538 414 85 47 2
1 944 3 538 414 85 47 2
1 944 4 538 414 85 47 2
1 944 5 538 414 85 47 2
1 944 6 538 414 85 47 2
1 944 7 538 414 85 47 2
1 944 8 538 414 85 47 2
1 944 9 538 414 85 47 2
1 944 10 538 414 85 47 2
1 944 11 538 414 85 47 2
1 944 12 538 414 85 47 2
1 944 13 538 414 85 47 2
1 944 14 538 414 85 47 2
1 944 15 538 414 85 47 2
1 944 16 538 414 85 47 2
1 944 17 538 414 85 47 2
1 944 18 538 414 85 47 2
1 944 19 538 414 85 47 2
1 944 20 538 414 85 47 2
1 944 21 538 414 85 47 2
1 944 22 538 414 85 47 2
1 944 23 538 414 85 47 2
1 944 24 538 414 85 47 2
1 944 25 538 414 85 47 2
1 944 26 538 414 85 47 2
1 944 27 538 414 85 47 2
1 944 28 538 414 85 47 2
1 944 29 538 414 85 47 2
1 944 30 538 414 85 47 2
1 944 31 538 414 85 47 2
1 944 32 538 414 85 47 2
1 944 33 538 414 85 47 2
1 944 34 538 414 85 47 2
1 944 35 538 414 85 47 2
1 944 36 538 414 85 47 2
1 944 37 538 414 85 47 2
1 944 38 538 414 85 47 2
1 944 39 538 414 85 47 2
1 944 40 538 414 85 47 2
1 944 41 538 414 85 47 2
1 944 42 538 414 85 47 2
1 944 43 538 414 85 47 2
1 944 44 538 414 85 47 2
1 944 45 538 414 85 47 2
1 944 46 538 414 85 47 2
1 944 47 538 414 85 47 2
1 944 48 538 414 85 47 2
1 944 49 538 414 85 47 2
1 944 50 538 414 85 47 2
1 944 51 538 414 85 47 2
1 944 52 538 414 85 47 2
1 944 53 538 414 85 47 2
1 944 54 538 414 85 47 2
1 944 55 538 414 85 47 2
1 944 56 538 414 85 47 2
1 944 57 538 414 85 47 2
1 944 58 538 414 85 47 2
1 944 59 538 414 85 47 2
1 944 60 538 414 85 47 2
1 944 61 538 414 85 47 2
1 944 62 538 414 85 47 2
1 944 63 538 414 85 47 2
1 944 64 538 414 85 47 2
1 944 65 538 414 85 47 2
1 944 66 538 414 85 47 2
1 944 67 538 414 85 47 2
1 944 68 538 414 85 47 2
1 944 69 538 414 85 47 2
1 944 70 538 414 85 47 2
1 944 71 538 414 85 47 2
1 944 72 538 414 85 47 2
1 944 73 538 414 85 47 2
1 944 74 538 414 85 47 2
1 944 75 538 414 85 47 2
1 944 76 538 414 85 47 2
1 944 77 538 414 85 47 2
1 944 78 538 414 85 47 2
1 944 79 538 414 85 47 2
1 944 80 538 414 85 47 2
1 944 81 538 414 85 47 2
1 944 82 538 414 85 47 2
1 944 83 538 414 85 47 2
1 944 84 538 414 85 47 2
1 944 85 538 414 85 47 2
1 944 86 538 414 85 47 2
1 944 87 538 414 85 47 2
1 944 88 538 414 85 47 2
1 944 89 538 414 85 47 2
1 944 90 538 414 85 47 2
1 944 91 538 414 85 47 2
1 944 92 538 414 85 47 2
1 944 93 538 414 85 47 2
1 944 94 538 414 85 47 2
1 944 95 538 414 85 47 2
1 944 96 538 414 85 47 2
1 944 97 538 414 85 47 2
1 944 98 538 414 85 47 2
1 944 99 538 414 85 47 2
1 944 100 538 414 85 47 2
1 944 101 538 414 85 47 2
1 944 102 538 414 85 47 2
1 944 103 538 414 85 47 2
1 944 104 538 414 85 47 2
1 944 105 538 414 85 47 2
1 944 106 538 414 85 47 2
1 944 107 538 414 85 47 2
1 944 108 538 414 85 47 2
1 944 109 538 414 85 47 2
1 944 110 538 414 85 47 2
1 944 111 538 414 85 47 2
1 944 112 538 414 85 47 2
1 944 113 538 414 85 47 2
1 944 114 538 414 85 47 2
1 944 115 538 414 85 47 2
1 944 116 538 414 85 47 2
1 944 117 538 414 85 47 2
1 944 118 538 414 85 47 2
1 944 119 538 414 85 47 2
1 944 120 538 414 85 47 2
1 944 121 538 414 85 47 2
1 944 122 538 414 85 47 2
1 944 123 538 414 85 47 2
1 944 124 538 414 85 47 2
1 944 125 538 414 85 47 2
1 944 126 538 414 85 47 2
1 944 127 538 414 85 47 2
1 944 128 538 414 85 47 2
1 944 129 538 414 85 47 2
1 944 130 538 414 85 47 2
1 944 131 538 414 85 47 2
1 944 132 538 414 85 47 2
1 944 133 538 414 85 47 2
1 944 134 538 414 85 47 2
1 944 135 538 414 85 47 2
1 944 136 538 414 85 47 2
1 944 137 538 414 85 47 2
1 944 138 538 414 85 47 2
1 944 139 538 414 85 47 2
1 944 140 538 414 85 47 2
1 944 141 538 414 85 47 2
1 944 142 538 414 85 47 2
1 944 143 538 414 85 47 2
1 944 144 538 414 85 47 2
1 944 145 538 414 85 47 2
1 944 146 538 414 85 47 2
1 944 147 538 414 85 47 2
1 944 148 538 414 85 47 2
1 944 149 538 414 85 47 2
1 944 150 538 414 85 47 2
1 944 151 538 414 85 47 2
1 944 152 538 414 85 47 2
1 944 153 538 414 85 47 2
1 944 154 538 414 85 47 2
1 944 155 538 414 85 47 2
1 944 156 538 414 85 47 2
1 944 157 538 414 85 47 2
1 944 158 538 414 85 47 2
1 944 159 538 414 85 47 2
1 944 160 538 414 85 47 2
1 944 161 538 414 85 47 2
1 944 162 538 414 85 47 2
1 944 163 538 414 85 47 2
1 944 164 538 414 85 47 2
1 944 165 538 414 85 47 2
1 944 166 538 414 85 47 2
1 944 167 538 414 85 47 2
1 944 168 538 414 85 47 2
1 944 169 538 414 85 47 2
1 944 170 538 414 85 47 2
1 944 171 538 414 85 47 2
1 944 172 538 414 85 47 2
1 944 173 538 414 85 47 2
1 944 174 538 414 85 47 2
1 944 175 538 414 85 47 2
1 944 176 538 414 85 47 2
1 944 177 538 414 85 47 2
1 944 178 538 414 85 47 2
1 944 179 538 414 85 47 2
1 944 180 538 414 85 47 2
1 944 181 538 414 85 47 2
1 944 182 538 414 85 47 2
1 944 183 538 414 85 47 2
1 944 184 538 414 85 47 2
1 944 185 538 414 85 47 2
1 944 186 538 414 85 47 2
1 944 187 538 414 85 47 2
1 944 188 538 414 85 47 2
1 944 189 538 414 85 47 2
1 944 190 538 414 85 47 2
1 944 191 538 414 85 47 2
1 944 192 538 414 85 47 2
1 944 193 538 414 85 47 2
1 944 194 538 414 85 47 2
1 944 195 538 414 85 47 2
1 944 196 538 414 85 47 2
1 944 197 538 414 85 47 2
1 944 198 538 414 85 47 2
1 944 199 538 414 85 47 2
1 944 200 538 414 85 47 2
1 944 201 538 414 85 47 2
1 944 202 538 414 85 47 2
1 944 203 538 414 85 47 2
1 944 204 538 414 85 47 2
1 944 205 538 414 85 47 2
1 944 206 538 414 85 47 2
1 944 207 538 414 85 47 2
1 944 208 538 414 85 47 2
1 944 209 538 414 85 47 2
1 944 210 538 414 85 47 2
1 944 211 538 414 85 47 2
1 944 212 538 414 85 47 2
1 944 213 538 414 85 47 2
1 944 214 538 414 85 47 2
1 944 215 538 414 85 47 2
1 944 216 538 414 85 47 2
1 944 217 538 414 85 47 2
1 944 218 538 414 85 47 2
1 944 219 538 414 85 47 2
1 944 220 538 414 85 47 2
1 944 221 538 414 85 47 2
1 944 222 538 414 85 47 2
1 944 223 538 414 85 47 2
1 944 224 538 414 85 47 2
1 944 225 538 414 85 47 2
1 944 226 538 414 85 47 2
1 944 227 538 414 85 47 2
1 944 228 538 414 85 47 2
1 944 229 538 414 85 47 2
1 944 230 538 414 85 47 2
1 944 231 538 414 85 47 2
1 944 232 538 414 85 47 2
1 944 233 538 414 85 47 2
1 944 234 538 414 85 47 2
1 944 235 538 414 85 47 2
1 944 236 538 414 85 47 2
1 944 237 538 414 85 47 2
1 944 238 538 414 85 47 2
1 944 239 538 414 85 47 2
1 944 240 538 414 85 47 2
1 944 241 538 414 85 47 2
1 944 242 538 414 85 47 2
1 944 243 538 414 85 47 2
1 944 244 538 414 85 47 2
1 944 245 538 414 85 47 2
1 944 246 538 414 85 47 2
1 944 247 538 414 85 47 2
1 944 248 538 414 85 47 2
1 944 249 538 414 85 47 2
1 944 250 538 414 85 47 2
1 944 251 538 414 85 47 2
1 944 252 538 414 85 47 2
1 944 253 538 414 85 47 2
1 944 254 538 414 85 47 2
1 944 255 538 414 85 47 2
1 944 256 538 414 85 47 2
1 944 257 538 414 85 47 2
1 944 258 538 414 85 47 2
1 944 259 538 414 85 47 2
1 944 260 538 414 85 47 2
1 944 261 538 414 85 47 2
1 944 262 538 414 85 47 2
1 944 263 538 414 85 47 2
1 944 264 538 414 85 47 2
1 944 265 538 414 85 47 2
1 944 266 538 414 85 47 2
1 944 267 538 414 85 47 2
1 944 268 538 414 85 47 2
1 944 269 538 414 85 47 2
1 944 270 538 414 85 47 2
1 944 271 538 414 85 47 2
1 944 272 538 414 85 47 2
1 944 273 538 414 85 47 2
1 944 274 538 414 85 47 2
1 944 275 538 414 85 47 2
1 944 276 538 414 85 47 2
1 944 277 538 414 85 47 2
1 944 278 538 414 85 47 2
1 944 279 538 414 85 47 2
1 944 280 538 414 85 47 2
1 944 281 538 414 85 47 2
1 944 282 538 414 85 47 2
1 944 283 538 414 85 47 2
1 944 284 538 414 85 47 2
1 944 285 538 414 85 47 2
1 944 286 538 414 85 47 2
1 944 287 538 414 85 47 2
1 944 288 538 414 85 47 2
1 944 289 538 414 85 47 2
1 944 290 538 414 85 47 2
1 944 291 538 414 85 47 2
1 944 292 538 414 85 47 2
1 944 293 538 414 85 47 2
1 944 294 538 414 85 47 2
1 944 295 538 414 85 47 2
1 944 296 538 414 85 47 2
1 944 297 538 414 85 47 2
1 944 298 538 414 85 47 2
1 944 299 538 414 85 47 2
1 944 300 538 414 85 47 2
1 944 301 538 414 85 47 2
1 944 302 538 414 85 47 2
1 944 303 538 414 85 47 2
1 944 304 538 414 85 47 2
1 944 305 538 414 85 47 2
1 944 306 538 414 85 47 2
1 944 307 538 414 85 47 2
1 944 308 538 414 85 47 2
1 944 309 538 414 85 47 2
1 944 310 538 414 85 47 2
1 944 311 538 414 85 47 2
1 944 312 538 414 85 47 2
1 944 313 538 414 85 47 2
1 944 314 538 414 85 47 2
1 944 315 538 414 85 47 2
1 944 316 538 414 85 47 2
1 944 317 538 414 85 47 2
1 944 318 538 414 85 47 2
1 944 319 538 414 85 47 2
1 944 320 538 414 85 47 2
1 944 321 538 414 85 47 2
1 944 322 538 414 85 47 2
1 944 323 538 414 85 47 2
1 944 324 538 414 85 47 2
1 944 325 538 414 85 47 2
1 944 326 538 414 85 47 2
1 944 327 538 414 85 47 2
1 944 328 538 414 85 47 2
1 944 329 538 414 85 47 2
1 944 330 538 414 85 47 2
1 944 331 538 414 85 47 2
1 944 332 538 414 85 47 2
1 944 333 538 414 85 47 2
1 944 334 538 414 85 47 2
1 944 335 538 414 85 47 2
1 944 336 538 414 85 47 2
1 944 337 538 414 85 47 2
1 944 338 538 414 85 47 2
1 944 339 538 414 85 47 2
1 944 340 538 414 85 47 2
1 944 341 538 414 85 47 2
1 944 342 538 414 85 47 2
1 944 343 538 414 85 47 2
1 944 344 538 414 85 47 2
1 944 345 538 414 85 47 2
1 944 346 538 414 85 47 2
1 944 347 538 414 85 47 2
1 944 348 538 414 85 47 2
1 944 349 538 414 85 47 2
1 944 350 538 414 85 47 2
1 944 351 538 414 85 47 2
1 944 352 538 414 85 47 2
1 944 353 538 414 85 47 2
1 944 354 538 414 85 47 2
1 944 355 538 414 85 47 2
1 944 356 538 414 85 47 2
1 944 357 538 414 85 47 2
1 944 358 538 414 85 47 2
1 944 359 538 414 85 47 2
1 944 360 538 414 85 47 2
1 944 361 538 414 85 47 2
1 944 362 538 414 85 47 2
1 944 363 538 414 85 47 2
1 944 364 538 414 85 47 2
1 944 365 538 414 85 47 2
1 944 366 538 414 85 47 2
1 944 367 538 414 85 47 2
1 944 368 538 414 85 47 2
1 944 369 538 414 85 47 2
1 944 370 538 414 85 47 2
1 944 371 538 414 85 47 2
1 944 372 538 414 85 47 2
1 944 373 538 414 85 47 2
1 944 374 538 414 85 47 2
1 944 375 538 414 85 47 2
1 944 376 538 414 85 47 2
1 944 377 538 414 85 47 2
1 944 378 538 414 85 47 2
1 944 379 538 414 85 47 2
1 944 380 538 414 85 47 2
1 944 381 538 414 85 47 2
1 944 382 538 414 85 47 2
1 944 383 538 414 85 47 2
1 944 384 538 414 85 47 2
1 944 385 538 414 85 47 2
1 944 386 538 414 85 47 2
1 944 387 538 414 85 47 2
1 944 388 538 414 85 47 2
1 944 389 538 414 85 47 2
1 944 390 538 414 85 47 2
1 944 391 538 414 85 47 2
1 944 392 538 414 85 47 2
1 944 393 538 414 85 47 2
1 944 394 538 414 85 47 2
1 944 395 538 414 85 47 2
1 944 396 538 414 85 47 2
1 944 397 538 414 85 47 2
1 944 398 538 414 85 47 2
1 944 399 538 414 85 47 2
1 944 400 538 414 85 47 2
1 944 401 538 414 85 47 2
1 944 402 538 414 85 47 2
1 944 403 538 414 85 47 2
1 944 404 538 414 85 47 2
1 944 405 538 414 85 47 2
1 944 406 538 414 85 47 2
1 944 407 538 414 85 47 2
1 944 408 538 414 85 47 2
1 944 409 538 414 85 47 2
1 944 410 538 414 85 47 2
1 944 411 538 414 85 47 2
1 944 412 538 414 85 47 2
1 944 413 538 414 85 47 2
1 944 414 538 414 85 47 2
1 944 415 538 414 85 47 2
1 944 416 538 414 85 47 2
1 944 417 538 414 85 47 2
1 944 418 538 414 85 47 2
1 944 419 538 414 85 47 2
1 944 420 538 414 85 47 2
1 944 421 538 414 85 47 2
1 944 422 538 414 85 47 2
1 944 423 538 414 85 47 2
1 944 424 538 414 85 47 2
1 944 425 538 414 85 47 2
1 944 426 538 414 85 47 2
1 944 427 538 414 85 47 2
1 944 428 538 414 85 47 2
1 944 429 538 414 85 47 2
1 944 430 538 414 85 47 2
1 944 431 538 414 85 47 2
1 944 432 538 414 85 47 2
1 944 433 538 414 85 47 2
1 944 434 538 414 85 47 2
1 944 435 538 414 85 47 2
1 944 436 538 414 85 47 2
1 944 437 538 414 85 47 2
1 944 438 538 414 85 47 2
1 944 439 538 414 85 47 2
1 944 440 538 414 85 47 2
1 944 441 538 414 85 47 2
1 944 442 538 414 85 47 2
1 944 443 538 414 85 47 2
1 944 444 538 414 85 47 2
1 944 445 538 414 85 47 2
1 944 446 538 414 85 47 2
1 944 447 538 414 85 47 2
1 944 448 538 414 85 47 2
1 944 449 538 414 85 47 2
1 944 450 538 414 85 47 2
1 944 451 538 414 85 47 2
1 944 452 538 414 85 47 2
1 944 453 538 414 85 47 2
1 944 454 538 414 85 47 2
1 944 455 538 414 85 47 2
1 944 456 538 414 85 47 2
1 944 457 538 414 85 47 2
1 944 458 538 414 85 47 2
1 944 459 538 414 85 47 2
1 944 460 538 414 85 47 2
1 944 461 538 414 85 47 2
1 944 462 538 414 85 47 2
1 944 463 538 414 85 47 2
1 944 464 538 414 85 47 2
1 944 465 538 414 85 47 2
1 944 466 538 414 85 47 2
1 944 467 538 414 85 47 2
1 944 468 538 414 85 47 2
1 944 469 538 414 85 47 2
1 944 470 538 414 85 47 2
1 944 471 538 414 85 47 2
1 944 472 538 414 85 47 2
1 944 473 538 414 85 47 2
1 944 474 538 414 85 47 2
1 944 475 538 414 85 47 2
1 944 476 538 414 85 47 2
1 944 477 538 414 85 47 2
1 944 478 538 414 85 47 2
1 944 479 538 414 85 47 2
1 944 480 538 414 85 47 2
1 944 481 538 414 85 47 2
1 944 482 538 414 85 47 2
1 944 483 538 414 85 47 2
1 944 484 538 414 85 47 2
1 944 485 538 414 85 47 2
1 944 486 538 414 85 47 2
1 944 487 538 414 85 47 2
1 944 488 538 414 85 47 2
1 944 489 538 414 85 47 2
1 944 490 538 414 85 47 2
1 944 491 538 414 85 47 2
1 944 492 538 414 85 47 2
1 944 493 538 414 85 47 2
1 944 494 538 414 85 47 2
1 944 495 538 414 85 47 2
1 944 496 538 414 85 47 2
1 944 497 538 414 85 47 2
1 944 498 538 414 85 47 2
1 944 499 538 414 85 47 2
1 944 500 538 414 85 47 2
1 944 501 538 414 85 47 2
1 944 502 538 414 85 47 2
1 944 503 538 414 85 47 2
1 944 504 538 414 85 47 2
1 944 505 538 414 85 47 2
1 944 506 538 414 85 47 2
1 944 507 538 414 85 47 2
1 944 508 538 414 85 47 2
1 944 509 538 414 85 47 2
1 944 510 538 414 85 47 2
1 944 511 538 414 85 47 2
1 944 512 538 414 85 47 2
1 944 513 538 414 85 47 2
1 944 514 538 414 85 47 2
1 944 515 538 414 85 47 2
1 944 516 538 414 85 47 2
1 944 517 538 414 85 47 2
1 944 518 538 414 85 47 2
1 944 519 538 414 85 47 2
1 944 520 538 414 85 47 2
1 944 521 538 414 85 47 2
1 944 522 538 414 85 47 2
1 944 523 538 414 85 47 2
1 944 524 538 414 85 47 2
1 944 525 538 414 85 47 2
1 944 526 538 414 85 47 2
1 944 527 538 414 85 47 2
1 944 528 538 414 85 47 2
1 944 529 538 414 85 47 2
1 944 530 538 414 85 47 2
1 944 531 538 414 85 47 2
1 944 532 538 414 85 47 2
1 944 533 538 414 85 47 2
1 944 534 538 414 85 47 2
1 944 535 538 414 85 47 2
1 944 536 538 414 85 47 2
1 944 537 538 414 85 47 2
1 944 538 538 414 85 47 2
1 944 539 538 414 85 47 2
1 944 540 538 414 85 47 2
1 944 541 538 414 85 47 2
1 944 542 538 414 85 47 2
1 944 543 538 414 85 47 2
1 944 544 538 414 85 47 2
1 944 545 538 414 85 47 2
1 944 546 538 414 85 47 2
1 944 547 538 414 85 47 2
1 944 548 538 414 85 47 2
1 944 549 538 414 85 47 2
1 944 550 538 414 85 47 2
1 944 551 538 414 85 47 2
1 944 552 538 414 85 47 2
1 944 553 538 414 85 47 2
1 944 554 538 414 85 47 2
1 944 555 538 414 85 47 2
1 944 556 538 414 85 47 2
1 944 557 538 414 85 47 2
1 944 558 538 414 85 47 2
1 944 559 538 414 85 47 2
1 944 560 538 414 85 47 2
1 944 561 538 414 85 47 2
1 944 562 538 414 85 47 2
1 944 563 538 414 85 47 2
1 944 564 538 414 85 47 2
1 944 565 538 414 85 47 2
1 944 566 538 414 85 47 2
1 944 567 538 414 85 47 2
1 944 568 538 414 85 47 2
1 944 569 538 414 85 47 2
1 944 570 538 414 85 47 2
1 944 571 538 414 85 47 2
1 944 572 538 414 85 47 2
1 944 573 538 414 85 47 2
1 944 574 538 414 85 47 2
1 944 575 538 414 85 47 2
1 944 576 538 414 85 47 2
1 944 577 538 414 85 47 2
1 944 578 538 414 85 47 2
1 944 579 538 414 85 47 2
1 944 580 538 414 85 47 2
1 944 581 538 414 85 47 2
1 944 582 538 414 85 47 2
1 944 583 538 414 85 47 2
1 944 584 538 414 85 47 2
1 944 585 538 414 85 47 2
1 944 586 538 414 85 47 2
1 944 587 538 414 85 47 2
1 944 588 538 414 85 47 2
1 944 589 538 414 85 47 2
1 944 590 538 414 85 47 2
1 944 591 538 414 85 47 2
1 944 592 538 414 85 47 2
1 944 593 538 414 85 47 2
1 944 594 538 414 85 47 2
1 944 595 538 414 85 47 2
1 944 596 538 414 85 47 2
1 944 597 538 414 85 47 2
1 944 598 538 414 85 47 2
1 944 599 538 414 85 47 2
1 944 600 538 414 85 47 2
1 944 601 538 414 85 47 2
1 944 602 538 414 85 47 2
1 944 603 538 414 85 47 2
1 944 604 538 414 85 47 2
1 944 605 538 414 85 47 2
1 944 606 538 414 85 47 2
1 944 607 538 414 85 47 2
1 944 608 538 414 85 47 2
1 944 609 538 414 85 47 2
1 944 610 538 414 85 47 2
1 944 611 538 414 85 47 2
1 944 612 538 414 85 47 2
1 944 613 538 414 85 47 2
1 944 614 538 414 85 47 2
1 944 615 538 414 85 47 2
1 944 616 538 414 85 47 2
1 944 617 538 414 85 47 2
1 944 618 538 414 85 47 2
1 944 619 538 414 85 47 2
1 944 620 538 414 85 47 2
1 944 621 538 414 85 47 2
1 944 622 538 414 85 47 2
1 944 623 538 414 85 47 2
1 944 624 538 414 85 47 2
1 944 625 538 414 85 47 2
1 944 626 538 414 85 47 2
1 944 627 538 414 85 47 2
1 944 628 538 414 85 47 2
1 944 629 538 414 85 47 2
1 944 630 538 414 85 47 2
1 944 631 538 414 85 47 2
1 944 632 538 414 85 47 2
1 944 633 538 414 85 47 2
1 944 634 538 414 85 47 2
1 944 635 538 414 85 47 2
1 944 636 538 414 85 47 2
1 944 637 538 414 85 47 2
1 944 638 538 414 85 47 2
1 944 639 538 414 85 47 2
1 944 640 538 414 85 47 2
1 944 641 538 414 85 47 2
1 944 642 538 414 85 47 2
1 944 643 538 414 85 47 2
1 944 644 538 414 85 47 2
1 944 645 538 414 85 47 2
1 944 646 538 414 85 47 2
1 944 647 538 414 85 47 2
1 944 648 538 414 85 47 2
1 944 649 538 414 85 47 2
1 944 650 538 414 85 47 2
1 944 651 538 414 85 47 2
1 944 652 538 414 85 47 2
1 944 653 538 414 85 47 2
1 944 654 538 414 85 47 2
1 944 655 538 414 85 47 2
1 944 656 538 414 85 47 2
1 944 657 538 414 85 47 2
1 944 658 538 414 85 47 2
1 944 659 538 414 85 47 2
1 944 660 538 414 85 47 2
1 944 661 538 414 85 47 2
1 944 662 538 414 85 47 2
1 944 663 538 414 85 47 2
1 944 664 538 414 85 47 2
1 944 665 538 414 85 47 2
1 944 666 538 414 85 47 2
1 944 667 538 414 85 47 2
1 944 668 538 414 85 47 2
1 944 669 538 414 85 47 2
1 944 670 538 414 85 47 2
1 944 671 538 414 85 47 2
1 944 672 538 414 85 47 2
1 944 673 538 414 85 47 2
1 944 674 538 414 85 47 2
1 944 675 538 414 85 47 2
1 944 676 538 414 85 47 2
1 944 677 538 414 85 47 2
1 944 678 538 414 85 47 2
1 944 679 538 414 85 47 2
1 944 680 538 414 85 47 2
1 944 681 538 414 85 47 2
1 944 682 538 414 85 47 2
1 944 683 538 414 85 47 2
1 944 684 538 414 85 47 2
1 944 685 538 414 85 47 2
1 944 686 538 414 85 47 2
1 944 687 538 414 85 47 2
1 944 688 538 414 85 47 2
1 944 689 538 414 85 47 2
1 944 690 538 414 85 47 2
1 944 691 538 414 85 47 2
1 944 692 538 414 85 47 2
1 944 693 538 414 85 47 2
1 944 694 538 414 85 47 2
1 944 695 538 414 85 47 2
1 944 696 538 414 85 47 2
1 944 697 538 414 85 47 2
1 944 698 538 414 85 47 2
1 944 699 538 414 85 47 2
1 944 700 538 414 85 47 2
1 944 701 538 414 85 47 2
1 944 702 538 414 85 47 2
1 944 703 538 414 85 47 2
1 944 704 538 414 85 47 2
1 944 705 538 414 85 47 2
1 944 706 538 414 85 47 2
1 944 707 538 414 85 47 2
1 944 708 538 414 85 47 2
1 944 709 538 414 85 47 2
1 944 710 538 414 85 47 2
1 944 711 538 414 85 47 2
1 944 712 538 414 85 47 2
1 944 713 538 414 85 47 2
1 944 714 538 414 85 47 2
1 944 715 538 414 85 47 2
1 944 716 538 414 85 47 2
1 944 717 538 414 85 47 2
1 944 718 538 414 85 47 2
1 944 719 538 414 85 47 2
1 944 720 538 414 85 47 2
1 944 721 538 414 85 47 2
1 944 722 538 414 85 47 2
1 944 723 538 414 85 47 2
1 944 724 538 414 85 47 2
1 944 725 538 414 85 47 2
1 944 726 538 414 85 47 2
1 944 727 538 414 85 47 2
1 944 728 538 414 85 47 2
1 944 729 538 414 85 47 2
1 944 730 538 414 85 47 2
1 944 731 538 414 85 47 2
1 944 732 538 414 85 47 2
1 944 733 538 414 85 47 2
1 944 734 538 414 85 47 2
1 944 735 538 414 85 47 2
1 944 736 538 414 85 47 2
1 944 737 538 414 85 47 2
1 944 738 538 414 85 47 2
1 944 739 538 414 85 47 2
1 944 740 538 414 85 47 2
1 944 741 538 414 85 47 2
1 944 742 538 414 85 47 2
1 944 743 538 414 85 47 2
1 944 744 538 414 85 47 2
1 944 745 538 414 85 47 2
1 944 746 538 414 85 47 2
1 944 747 538 414 85 47 2
1 944 748 538 414 85 47 2
1 944 749 538 414 85 47 2
1 944 750 538 414 85 47 2
1 944 751 538 414 85 47 2
1 944 752 538 414 85 47 2
1 944 753 538 414 85 47 2
1 944 754 538 414 85 47 2
1 944 755 538 414 85 47 2
1 944 756 538 414 85 47 2
1 944 757 538 414 85 47 2
1 944 758 538 414 85 47 2
1 944 759 538 414 85 47 2
1 944 760 538 414 85 47 2
1 944 761 538 414 85 47 2
1 944 762 538 414 85 47 2
1 944 763 538 414 85 47 2
1 944 764 538 414 85 47 2
1 944 765 538 414 85 47 2
1 944 766 538 414 85 47 2
1 944 767 538 414 85 47 2
1 944 768 538 414 85 47 2
1 944 769 538 414 85 47 2
1 944 770 538 414 85 47 2
1 944 771 538 414 85 47 2
1 944 772 538 414 85 47 2
1 944 773 538 414 85 47 2
1 944 774 538 414 85 47 2
1 944 775 538 414 85 47 2
1 944 776 538 414 85 47 2
1 944 777 538 414 85 47 2
1 944 778 538 414 85 47 2
1 944 779 538 414 85 47 2
1 944 780 538 414 85 47 2
1 944 781 538 414 85 47 2
1 944 782 538 414 85 47 2
1 944 783 538 414 85 47 2
1 944 784 538 414 85 47 2
1 944 785 538 414 85 47 2
1 944 786 538 414 85 47 2
1 944 787 538 414 85 47 2
1 944 788 538 414 85 47 2
1 944 789 538 414 85 47 2
1 944 790 538 414 85 47 2
1 944 791 538 414 85 47 2
1 944 792 538 414 85 47 2
1 944 793 538 414 85 47 2
1 944 794 538 414 85 47 2
1 944 795 538 414 85 47 2
1 944 796 538 414 85 47 2
1 944 797 538 414 85 47 2
1 944 798 538 414 85 47 2
1 944 799 538 414 85 47 2
1 944 800 538 414 85 47 2
1 944 801 538 414 85 47 2
1 944 802 538 414 85 47 2
1 944 803 538 414 85 47 2
1 944 804 538 414 85 47 2
1 944 805 538 414 85 47 2
1 944 806 538 414 85 47 2
1 944 807 538 414 85 47 2
1 944 808 538 414 85 47 2
1 944 809 538 414 85 47 2
1 944 810 538 414 85 47 2
1 944 811 538 414 85 47 2
1 944 812 538 414 85 47 2
1 944 813 538 414 85 47 2
1 944 814 538 414 85 47 2
1 944 815 538 414 85 47 2
1 944 816 538 414 85 47 2
1 944 817 538 414 85 47 2
1 944 818 538 414 85 47 2
1 944 819 538 414 85 47 2
1 944 820 538 414 85 47 2
1 944 821 538 414 85 47 2
1 944 822 538 414 85 47 2
1 944 823 538 414 85 47 2
1 944 824 538 414 85 47 2
1 944 825 538 414 85 47 2
1 944 826 538 414 85 47 2
1 944 827 538 414 85 47 2
1 944 828 538 414 85 47 2
1 944 829 538 414 85 47 2
1 944 830 538 414 85 47 2
1 944 831 538 414 85 47 2
1 944 832 538 414 85 47 2
1 944 833 538 414 85 47 2
1 944 834 538 414 85 47 2
1 944 835 538 414 85 47 2
1 944 836 538 414 85 47 2
1 944 837 537 413 85 47 2
1 944 838 536 413 85 47 2
1 944 839 535 413 85 47 2
1 944 840 534 413 86 47 2
1 944 841 533 413 86 47 2
1 944 842 532 413 86 47 2
1 944 843 531 413 87 47 2
1 944 844 530 413 87 47 2
1 944 845 529 413 88 48 2
1 944 846 528 412 88 48 2
1 944 847 527 412 88 48 2
1 944 848 526 412 88 47 2
1 944 849 525 412 88 47 2
1 944 850 524 412 88 47 2
1 944 851 524 412 87 46 2
1 944 852 523 411 87 47 2
1 944 853 522 411 87 46 2
1 944 854 521 411 87 46 2
1 944 855 520 411 87 46 2
1 944 856 519 411 87 45 2
1 944 857 519 411 86 45 2
1 944 858 518 410 86 45 2
1 944 859 517 410 86 45 2
1 944 860 516 410 86 45 2
1 944 861 515 410 86 44 2
1 944 862 514 410 86 44 2
1 944 863 514 410 86 44 2
1 944 864 512 409 86 44 2
1 944 865 510 408 86 44 2
1 944 866 509 408 86 44 2
1 944 867 507 407 86 44 2
1 944 868 506 407 86 44 2
1 944 869 504 406 86 44 2
1 944 870 503 406 86 44 2
1 944 871 501 405 86 44 2
1 944 872 500 405 86 44 2
1 944 873 498 404 86 44 2
1 944 874 497 404 86 44 2
1 944 875 496 403 86 44 2
1 944 876 495 403 86 44 2
1 944 877 494 402 86 44 2
1 944 878 493 402 86 44 2
1 944 879 492 401 86 44 2
1 944 880 491 401 86 44 2
1 944 881 490 401 86 44 2
1 944 882 488 400 86 44 2
1 944 883 487 400 86 44 2
1 944 884 486 399 86 44 2
1 944 885 485 399 86 44 2
1 944 886 484 398 86 44 2
1 944 887 483 398 86 44 2
1 944 888 482 397 86 44 2
1 944 889 481 397 86 44 2
1 944 890 480 397 86 44 2
1 944 891 478 396 86 44 2
1 944 892 477 396 86 44 2
1 944 893 476 396 86 44 2
1 944 894 475 395 86 44 2
1 944 895 474 395 86 44 2
1 944 896 473 395 86 44 2
1 944 897 471 395 86 44 2
1 944 898 470 394 86 44 2
1 944 899 469 394 86 44 2
1 944 900 468 394 86 44 2
1 944 901 467 393 86 44 2
1 944 902 466 393 86 44 2
1 944 903 464 393 86 44 2
1 944 904 463 393 86 44 2
1 944 905 462 392 86 44 2
1 944 906 461 392 86 44 2
1 944 907 460 392 86 44 2
1 944 908 459 392 86 44 2
1 944 909 457 391 86 44 2
1 944 910 455 390 86 44 2
1 944 911 453 390 87 44 2
1 944 912 451 389 87 44 2
1 944 913 449 389 88 44 2
1 944 914 447 388 88 44 2
1 944 915 446 388 88 43 2
1 944 916 444 387 88 44 2
1 944 917 442 387 89 43 2
1 944 918 441 387 89 43 2
1 944 919 439 386 90 43 2
1 944 920 438 386 89 43 2
1 944 921 436 385 90 43 2
1 944 922 435 385 90 43 2
1 944 923 433 385 91 42 2
1 944 924 432 384 91 43 2
1 944 925 430 384 91 43 2
1 944 926 429 383 91 43 2
1 944 927 428 383 91 43 2
1 944 928 426 383 92 42 2
1 944 929 425 382 92 43 2
1 944 930 424 382 92 42 2
1 944 931 422 382 93 42 2
1 944 932 421 381 93 43 2
1 944 933 420 381 93 42 2
1 944 934 419 381 93 42 2
1 944 935 418 381 94 42 2
1 944 936 416 380 94 42 2
1 944 937 415 380 94 42 2
1 944 938 414 380 94 42 2
1 944 939 413 380 94 42 2
1 944 940 411 379 94 42 2
1 944 941 410 379 94 42 2
1 944 942 409 379 94 42 2
1 944 943 408 379 94 42 2
2 648 0 431 484 24 56 1
2 648 1 431 483 24 56 1
2 648 2 432 483 24 56 1
2 648 3 433 482 24 56 1
2 648 4 434 482 23 56 1
2 648 5 434 482 24 56 1
2 648 6 435 481 24 56 1
2 648 7 436 481 23 56 1
2 648 8 437 480 23 56 1
2 648 9 437 480 24 56 1
2 648 10 438 480 24 56 1
2 648 11 439 479 23 56 1
2 648 12 440 479 23 56 1
2 648 13 440 478 24 56 1
2 648 14 441 478 23 56 1
2 648 15 442 478 23 56 1
2 648 16 443 477 23 56 1
2 648 17 443 477 23 56 1
2 648 18 444 476 23 56 1
2 648 19 445 476 23 56 1
2 648 20 446 476 23 56 1
2 648 21 446 475 23 56 1
2 648 22 447 475 23 56 1
2 648 23 447 475 23 56 1
2 648 24 448 474 23 56 1
2 648 25 448 474 23 56 1
2 648 26 449 474 23 56 1
2 648 27 449 474 23 56 1
2 648 28 450 473 23 56 1
2 648 29 451 473 23 56 1
2 648 30 451 473 23 56 1
2 648 31 452 472 23 56 1
2 648 32 452 472 23 56 1
2 648 33 453 472 23 56 1
2 648 34 453 472 23 56 1
2 648 35 454 471 23 56 1
2 648 36 454 471 23 56 1
2 648 37 455 471 23 56 1
2 648 38 456 471 23 56 1
2 648 39 456 470 23 56 1
2 648 40 457 470 23 56 1
2 648 41 457 470 23 56 1
2 648 42 458 470 23 56 1
2 648 43 459 469 23 56 1
2 648 44 459 469 23 56 1
2 648 45 460 469 23 56 1
2 648 46 460 469 23 56 1
2 648 47 461 469 23 56 1
2 648 48 462 468 23 56 1
2 648 49 462 468 23 56 1
2 648 50 463 468 23 56 1
2 648 51 463 468 23 56 1
2 648 52 464 467 23 56 1
2 648 53 465 467 23 56 1
2 648 54 465 467 23 56 1
2 648 55 466 467 23 56 1
2 648 56 467 467 23 56 1
2 648 57 467 466 23 56 1
2 648 58 467 466 23 56 1
2 648 59 468 466 23 56 1
2 648 60 468 465 23 56 1
2 648 61 468 465 23 56 1
2 648 62 469 465 23 56 1
2 648 63 469 465 23 56 1
2 648 64 470 464 23 56 1
2 648 65 470 464 23 56 1
2 648 66 470 464 23 56 1
2 648 67 471 463 23 56 1
2 648 68 471 463 23 56 1
2 648 69 472 463 23 56 1
2 648 70 472 463 23 56 1
2 648 71 472 462 23 56 1
2 648 72 473 462 23 56 1
2 648 73 473 462 23 56 1
2 648 74 474 462 23 56 1
2 648 75 474 461 23 56 1
2 648 76 475 461 23 56 1
2 648 77 475 461 23 56 1
2 648 78 476 461 23 56 1
2 648 79 477 461 23 56 1
2 648 80 477 461 23 56 1
2 648 81 478 460 23 56 1
2 648 82 478 460 23 56 1
2 648 83 479 460 23 56 1
2 648 84 480 460 23 56 1
2 648 85 480 460 23 56 1
2 648 86 481 460 23 56 1
2 648 87 481 459 23 56 1
2 648 88 482 459 23 56 1
2 648 89 483 459 23 56 1
2 648 90 483 459 23 56 1
2 648 91 484 459 23 56 1
2 648 92 485 459 23 56 1
2 648 93 485 458 23 56 1
2 648 94 485 458 23 56 1
2 648 95 485 458 23 56 1
2 648 96 486 457 23 56 1
2 648 97 486 457 23 56 1
2 648 98 486 457 23 56 1
2 648 99 487 457 22 55 1
2 648 100 487 456 23 56 1
2 648 101 487 456 23 56 1
2 648 102 488 456 22 56 1
2 648 103 488 456 23 55 1
2 648 104 488 455 23 56 1
2 648 105 488 455 23 56 1
2 648 106 489 455 22 55 1
2 648 107 489 455 23 55 1
2 648 108 489 454 23 56 1
2 648 109 490 454 22 56 1
2 648 110 490 454 23 55 1
2 648 111 490 454 23 55 1
2 648 112 491 453 22 56 1
2 648 113 491 453 22 55 1
2 648 114 491 453 23 55 1
2 648 115 491 453 23 55 1
2 648 116 492 452 22 56 1
2 648 117 492 452 23 55 1
2 648 118 492 452 23 55 1
2 648 119 493 452 22 55 1
2 648 120 493 451 22 55 1
2 648 121 493 451 23 55 1
2 648 122 494 451 22 55 1
2 648 123 494 451 22 55 1
2 648 124 494 450 23 55 1
2 648 125 494 450 23 55 1
2 648 126 495 450 22 55 1
2 648 127 495 450 22 54 1
2 648 128 495 449 23 55 1
2 648 129 496 449 22 55 1
2 648 130 496 449 22 55 1
2 648 131 496 449 23 54 1
2 648 132 497 448 22 55 1
2 648 133 497 448 22 55 1
2 648 134 497 448 22 54 1
2 648 135 497 448 23 54 1
2 648 136 498 447 22 55 1
2 648 137 498 447 22 55 1
2 648 138 498 447 23 54 1
2 648 139 499 447 22 54 1
2 648 140 499 446 22 55 1
2 648 141 499 446 22 54 1
2 648 142 500 446 22 54 1
2 648 143 500 446 22 54 1
2 648 144 500 445 22 55 1
2 648 145 500 445 23 54 1
2 648 146 501 445 22 54 1
2 648 147 501 445 22 54 1
2 648 148 501 444 22 54 1
2 648 149 502 444 22 54 1
2 648 150 502 444 22 54 1
2 648 151 502 444 22 54 1
2 648 152 503 443 22 54 1
2 648 153 503 443 22 54 1
2 648 154 503 443 22 54 1
2 648 155 504 443 22 54 1
2 648 156 504 442 22 54 1
2 648 157 504 442 22 54 1
2 648 158 505 442 22 54 1
2 648 159 505 442 22 54 1
2 648 160 505 441 22 54 1
2 648 161 506 441 22 54 1
2 648 162 506 441 22 54 1
2 648 163 506 441 22 54 1
2 648 164 507 440 22 54 1
2 648 165 507 440 22 54 1
2 648 166 507 440 22 54 1
2 648 167 508 440 22 54 1
2 648 168 508 439 22 54 1
2 648 169 508 439 22 54 1
2 648 170 509 439 22 54 1
2 648 171 509 439 22 54 1
2 648 172 510 438 22 54 1
2 648 173 510 438 22 54 1
2 648 174 510 438 22 54 1
2 648 175 511 438 22 54 1
2 648 176 511 437 22 54 1
2 648 177 511 437 22 54 1
2 648 178 512 437 22 54 1
2 648 179 512 437 22 54 1
2 648 180 512 436 22 54 1
2 648 181 513 436 22 54 1
2 648 182 513 436 22 54 1
2 648 183 513 436 22 54 1
2 648 184 514 435 22 54 1
2 648 185 514 435 22 54 1
2 648 186 515 435 22 54 1
2 648 187 515 435 22 54 1
2 648 188 515 434 22 54 1
2 648 189 516 434 22 54 1
2 648 190 516 434 22 54 1
2 648 191 516 434 22 54 1
2 648 192 517 433 22 54 1
2 648 193 517 433 22 54 1
2 648 194 517 433 22 54 1
2 648 195 518 433 22 54 1
2 648 196 518 432 22 54 1
2 648 197 518 432 22 54 1
2 648 198 519 432 22 54 1
2 648 199 519 432 22 54 1
2 648 200 520 432 22 54 1
2 648 201 520 431 22 54 1
2 648 202 520 431 22 54 1
2 648 203 520 431 22 54 1
2 648 204 520 431 22 54 1
2 648 205 520 431 22 54 1
2 648 206 520 430 22 54 1
2 648 207 520 430 22 54 1
2 648 208 520 430 22 54 1
2 648 209 521 430 22 54 1
2 648 210 521 430 22 54 1
2 648 211 521 430 22 54 1
2 648 212 521 429 22 54 1
2 648 213 521 429 22 54 1
2 648 214 521 429 22 54 1
2 648 215 521 429 22 54 1
2 648 216 521 429 22 54 1
2 648 217 521 428 22 54 1
2 648 218 522 428 22 54 1
2 648 219 522 428 22 54 1
2 648 220 522 428 22 54 1
2 648 221 522 428 22 54 1
2 648 222 522 428 22 54 1
2 648 223 522 427 22 54 1
2 648 224 522 427 22 54 1
2 648 225 522 427 22 54 1
2 648 226 522 427 22 54 1
2 648 227 523 427 22 54 1
2 648 228 523 427 22 54 1
2 648 229 523 426 22 54 1
2 648 230 523 426 22 54 1
2 648 231 523 426 22 54 1
2 648 232 523 426 22 54 1
2 648 233 523 426 22 54 1
2 648 234 523 425 22 54 1
2 648 235 523 425 22 54 1
2 648 236 524 425 22 54 1
2 648 237 524 425 22 54 1
2 648 238 524 425 22 54 1
2 648 239 524 425 22 54 1
2 648 240 524 424 22 54 1
2 648 241 524 424 22 54 1
2 648 242 524 424 22 54 1
2 648 243 524 424 22 54 1
2 648 244 524 424 22 54 1
2 648 245 525 424 22 54 1
2 648 246 525 423 22 54 1
2 648 247 525 423 22 54 1
2 648 248 525 423 22 54 1
2 648 249 525 423 22 53 1
2 648 250 525 422 22 54 1
2 648 251 525 422 22 54 1
2 648 252 525 422 22 53 1
2 648 253 525 422 22 53 1
2 648 254 526 421 21 54 1
2 648 255 526 421 21 53 1
2 648 256 526 421 21 53 1
2 648 257 526 421 21 53 1
2 648 258 526 420 21 54 1
2 648 259 526 420 21 53 1
2 648 260 526 420 21 53 1
2 648 261 526 420 21 53 1
2 648 262 526 419 21 53 1
2 648 263 527 419 20 53 1
2 648 264 527 419 21 53 1
2 648 265 527 419 21 52 1
2 648 266 527 418 21 53 1
2 648 267 527 418 21 53 1
2 648 268 527 418 21 52 1
2 648 269 527 418 21 52 1
2 648 270 527 417 21 53 1
2 648 271 527 417 21 53 1
2 648 272 528 417 20 52 1
2 648 273 528 417 20 52 1
2 648 274 528 416 20 53 1
2 648 275 528 416 20 52 1
2 648 276 528 416 20 52 1
2 648 277 528 416 20 52 1
2 648 278 528 415 20 52 1
2 648 279 528 415 20 52 1
2 648 280 528 415 20 52 1
2 648 281 529 415 20 52 1
2 648 282 529 414 20 52 1
2 648 283 529 414 20 52 1
2 648 284 530 414 20 52 1
2 648 285 530 414 20 52 1
2 648 286 530 414 20 52 1
2 648 287 531 414 20 52 1
2 648 288 531 414 20 52 1
2 648 289 531 414 20 52 1
2 648 290 532 414 20 52 1
2 648 291 532 414 20 52 1
2 648 292 533 414 20 52 1
2 648 293 533 414 20 52 1
2 648 294 533 414 20 52 1
2 648 295 534 413 20 52 1
2 648 296 534 413 20 52 1
2 648 297 534 413 20 52 1
2 648 298 535 413 20 52 1
2 648 299 535 413 20 52 1
2 648 300 536 413 20 52 1
2 648 301 536 413 20 52 1
2 648 302 536 413 20 52 1
2 648 303 537 413 20 52 1
2 648 304 537 413 20 52 1
2 648 305 537 413 20 52 1
2 648 306 538 413 20 52 1
2 648 307 538 413 20 52 1
2 648 308 539 413 20 52 1
2 648 309 539 412 20 52 1
2 648 310 539 412 20 52 1
2 648 311 539 412 20 51 1
2 648 312 539 412 20 51 1
2 648 313 539 412 20 51 1
2 648 314 540 412 19 50 1
2 648 315 540 412 19 50 1
2 648 316 540 412 19 50 1
2 648 317 540 412 19 49 1
2 648 318 540 412 20 49 1
2 648 319 541 412 19 49 1
2 648 320 541 412 19 48 1
2 648 321 541 412 19 48 1
2 648 322 541 412 19 48 1
2 648 323 541 411 19 48 1
2 648 324 541 411 19 48 1
2 648 325 542 411 18 48 1
2 648 326 542 411 18 47 1
2 648 327 542 411 19 47 1
2 648 328 542 411 19 47 1
2 648 329 542 411 19 46 1
2 648 330 543 411 18 46 1
2 648 331 543 411 18 46 1
2 648 332 543 411 18 45 1
2 648 333 543 411 18 45 1
2 648 334 543 411 18 45 1
2 648 335 544 411 18 45 1
2 648 336 544 411 18 45 1
2 648 337 544 411 18 45 1
2 648 338 544 411 18 45 1
2 648 339 544 411 18 45 1
2 648 340 544 411 18 45 1
2 648 341 544 411 18 45 1
2 648 342 544 411 18 45 1
2 648 343 544 411 18 45 1
2 648 344 545 411 18 45 1
2 648 345 545 411 18 45 1
2 648 346 545 411 18 45 1
2 648 347 545 411 18 45 1
2 648 348 545 411 18 45 1
2 648 349 545 411 18 45 1
2 648 350 545 411 18 45 1
2 648 351 545 411 18 45 1
2 648 352 545 411 18 45 1
2 648 353 546 411 18 45 1
2 648 354 546 411 18 45 1
2 648 355 546 411 18 45 1
2 648 356 546 411 18 45 1
2 648 357 546 411 18 45 1
2 648 358 546 411 18 45 1
2 648 359 546 411 18 45 1
2 648 360 546 411 18 45 1
2 648 361 546 411 18 45 1
2 648 362 547 411 18 45 1
2 648 363 547 411 18 45 1
2 648 364 547 411 18 45 1
2 648 365 547 411 18 45 1
2 648 366 547 411 18 45 1
2 648 367 547 411 18 45 1
2 648 368 547 411 18 45 1
2 648 369 547 411 18 45 1
2 648 370 547 411 18 45 1
2 648 371 548 411 18 45 1
2 648 372 548 411 18 45 1
2 648 373 548 411 18 45 1
2 648 374 549 411 18 45 1
2 648 375 549 411 18 45 1
2 648 376 549 411 18 45 1
2 648 377 550 411 18 45 1
2 648 378 550 411 18 45 1
2 648 379 550 411 18 45 1
2 648 380 551 411 18 45 1
2 648 381 551 411 18 45 1
2 648 382 551 411 18 45 1
2 648 383 552 411 18 45 1
2 648 384 552 411 18 45 1
2 648 385 552 411 18 45 1
2 648 386 553 411 18 45 1
2 648 387 553 411 18 45 1
2 648 388 553 411 18 45 1
2 648 389 554 411 18 45 1
2 648 390 554 411 18 45 1
2 648 391 554 411 18 45 1
2 648 392 555 411 18 45 1
2 648 393 555 411 18 45 1
2 648 394 555 411 18 45 1
2 648 395 556 411 18 45 1
2 648 396 556 411 18 45 1
2 648 397 556 411 18 45 1
2 648 398 557 412 18 45 1
2 648 399 557 412 18 45 1
2 648 400 557 412 18 45 1
2 648 401 558 412 18 45 1
2 648 402 558 412 18 45 1
2 648 403 558 412 18 45 1
2 648 404 559 412 18 45 1
2 648 405 559 412 18 45 1
2 648 406 559 412 18 45 1
2 648 407 560 413 18 45 1
2 648 408 560 413 18 45 1
2 648 409 560 413 18 45 1
2 648 410 561 413 18 45 1
2 648 411 561 413 18 45 1
2 648 412 561 413 18 45 1
2 648 413 562 413 18 45 1
2 648 414 562 413 18 45 1
2 648 415 562 413 18 45 1
2 648 416 563 414 18 45 1
2 648 417 563 414 18 45 1
2 648 418 563 414 18 45 1
2 648 419 563 414 18 45 1
2 648 420 563 414 18 45 1
2 648 421 563 414 18 45 1
2 648 422 563 414 18 45 1
2 648 423 563 414 18 45 1
2 648 424 563 414 18 45 1
2 648 425 563 414 18 45 1
2 648 426 563 414 18 45 1
2 648 427 563 414 18 45 1
2 648 428 563 414 18 45 1
2 648 429 563 414 18 45 1
2 648 430 563 414 18 45 1
2 648 431 563 414 18 45 1
2 648 432 563 414 18 45 1
2 648 433 563 414 18 45 1
2 648 434 563 414 18 45 1
2 648 435 563 414 18 45 1
2 648 436 563 414 18 45 1
2 648 437 563 414 18 45 1
2 648 438 563 414 18 45 1
2 648 439 563 414 18 45 1
2 648 440 563 414 18 45 1
2 648 441 563 414 18 45 1
2 648 442 563 414 18 45 1
2 648 443 563 414 18 45 1
2 648 444 563 414 18 45 1
2 648 445 563 414 18 45 1
2 648 446 563 414 18 45 1
2 648 447 563 414 18 45 1
2 648 448 563 414 18 45 1
2 648 449 563 414 18 45 1
2 648 450 563 414 18 45 1
2 648 451 563 414 18 45 1
2 648 452 563 414 18 45 1
2 648 453 563 414 18 45 1
2 648 454 563 414 18 45 1
2 648 455 563 414 18 45 1
2 648 456 563 414 18 45 1
2 648 457 563 414 18 45 1
2 648 458 563 414 18 45 1
2 648 459 563 414 18 45 1
2 648 460 563 414 18 45 1
2 648 461 563 414 18 45 1
2 648 462 563 414 18 45 1
2 648 463 563 414 18 45 1
2 648 464 563 414 18 45 1
2 648 465 563 414 18 45 1
2 648 466 563 414 18 45 1
2 648 467 563 414 18 45 1
2 648 468 563 414 18 45 1
2 648 469 563 414 18 45 1
2 648 470 563 414 18 45 1
2 648 471 563 414 18 45 1
2 648 472 563 414 18 45 1
2 648 473 563 414 18 45 1
2 648 474 563 414 18 45 1
2 648 475 563 414 18 45 1
2 648 476 563 414 18 45 1
2 648 477 563 414 18 45 1
2 648 478 563 415 18 45 1
2 648 479 563 415 18 45 1
2 648 480 563 415 18 45 1
2 648 481 563 415 18 45 1
2 648 482 563 415 18 45 1
2 648 483 563 415 18 45 1
2 648 484 563 415 18 45 1
2 648 485 563 415 18 45 1
2 648 486 563 415 18 45 1
2 648 487 563 415 18 45 1
2 648 488 563 415 18 45 1
2 648 489 563 415 18 45 1
2 648 490 563 415 18 45 1
2 648 491 563 415 18 45 1
2 648 492 563 415 18 45 1
2 648 493 563 415 18 45 1
2 648 494 563 415 18 45 1
2 648 495 563 415 18 45 1
2 648 496 563 415 18 45 1
2 648 497 563 415 18 45 1
2 648 498 563 415 18 45 1
2 648 499 563 415 18 45 1
2 648 500 563 415 18 45 1
2 648 501 563 415 18 45 1
2 648 502 563 415 18 45 1
2 648 503 563 415 18 45 1
2 648 504 563 415 18 45 1
2 648 505 563 415 18 45 1
2 648 506 563 415 18 45 1
2 648 507 563 415 18 45 1
2 648 508 563 415 18 45 1
2 648 509 563 415 18 45 1
2 648 510 563 415 18 45 1
2 648 511 563 415 18 45 1
2 648 512 563 415 18 45 1
2 648 513 563 415 18 45 1
2 648 514 563 415 18 45 1
2 648 515 563 415 18 45 1
2 648 516 563 415 18 45 1
2 648 517 563 415 18 45 1
2 648 518 563 415 18 45 1
2 648 519 563 415 18 45 1
2 648 520 563 415 18 45 1
2 648 521 563 415 18 45 1
2 648 522 563 415 18 45 1
2 648 523 563 415 18 45 1
2 648 524 563 415 18 45 1
2 648 525 563 415 18 45 1
2 648 526 563 415 18 45 1
2 648 527 563 415 18 45 1
2 648 528 563 415 18 45 1
2 648 529 563 415 18 45 1
2 648 530 563 415 18 45 1
2 648 531 563 415 18 45 1
2 648 532 563 415 18 45 1
2 648 533 563 415 18 45 1
2 648 534 563 415 18 45 1
2 648 535 563 415 18 45 1
2 648 536 563 415 18 45 1
2 648 537 563 415 18 45 1
2 648 538 563 415 18 45 1
2 648 539 563 415 18 45 1
2 648 540 564 416 18 45 1
2 648 541 563 415 18 45 1
2 648 542 563 415 18 45 1
2 648 543 562 415 18 45 1
2 648 544 562 415 18 45 1
2 648 545 562 415 18 45 1
2 648 546 561 414 18 45 1
2 648 547 561 414 18 45 1
2 648 548 560 414 18 45 1
2 648 549 560 414 18 45 1
2 648 550 560 414 18 45 1
2 648 551 559 414 18 45 1
2 648 552 559 414 18 45 1
2 648 553 558 414 18 45 1
2 648 554 558 414 18 45 1
2 648 555 558 414 18 45 1
2 648 556 557 414 18 45 1
2 648 557 557 414 18 45 1
2 648 558 556 414 18 45 1
2 648 559 556 414 18 45 1
2 648 560 556 414 18 45 1
2 648 561 555 414 18 45 1
2 648 562 555 414 18 45 1
2 648 563 555 414 18 45 1
2 648 564 555 414 18 45 1
2 648 565 555 414 18 45 1
2 648 566 555 414 18 45 1
2 648 567 555 414 18 45 1
2 648 568 555 414 18 45 1
2 648 569 554 414 18 45 1
2 648 570 554 414 18 45 1
2 648 571 554 414 18 45 1
2 648 572 554 414 18 45 1
2 648 573 554 414 18 45 1
2 648 574 554 414 18 45 1
2 648 575 554 414 18 45 1
2 648 576 554 414 18 45 1
2 648 577 553 414 18 45 1
2 648 578 553 414 18 45 1
2 648 579 553 414 18 45 1
2 648 580 553 414 18 45 1
2 648 581 553 414 18 45 1
2 648 582 553 414 18 45 1
2 648 583 553 414 18 45 1
2 648 584 553 414 18 45 1
2 648 585 552 413 18 45 1
2 648 586 552 413 18 45 1
2 648 587 551 413 18 45 1
2 648 588 551 413 18 45 1
2 648 589 550 412 18 45 1
2 648 590 550 412 18 45 1
2 648 591 549 412 18 45 1
2 648 592 549 412 18 45 1
2 648 593 549 412 18 45 1
2 648 594 549 412 18 45 1
2 648 595 549 412 18 45 1
2 648 596 549 412 18 45 1
2 648 597 549 412 18 45 1
2 648 598 549 412 18 45 1
2 648 599 549 412 18 45 1
2 648 600 549 412 18 45 1
2 648 601 549 412 18 45 1
2 648 602 550 412 18 45 1
2 648 603 550 412 18 45 1
2 648 604 550 412 18 45 1
2 648 605 550 412 18 45 1
2 648 606 550 412 18 45 1
2 648 607 550 412 18 45 1
2 648 608 550 412 18 45 1
2 648 609 550 412 18 45 1
2 648 610 550 412 18 45 1
2 648 611 551 412 18 45 1
2 648 612 551 412 17 44 1
2 648 613 552 412 16 44 1
2 648 614 552 413 15 42 1
2 648 615 553 413 14 42 1
2 648 616 554 414 13 41 1
2 648 617 554 414 13 41 1
2 648 618 554 414 13 41 1
2 648 619 554 414 13 41 1
2 648 620 555 414 12 41 1
2 648 621 555 414 12 41 1
2 648 622 555 414 12 41 1
2 648 623 556 414 11 41 1
2 648 624 556 414 11 41 1
2 648 625 556 414 11 41 1
2 648 626 557 414 10 41 1
2 648 627 557 414 10 41 1
2 648 628 557 414 10 41 1
2 648 629 558 414 10 42 1
2 648 630 558 414 10 41 1
2 648 631 558 414 10 40 1
2 648 632 558 414 10 40 1
2 648 633 559 414 9 39 1
2 648 634 559 414 9 39 1
2 648 635 559 414 9 38 1
2 648 636 560 414 8 38 1
2 648 637 560 414 8 37 1
2 648 638 560 414 8 37 1
2 648 639 560 414 8 36 1
2 648 640 561 414 7 36 1
2 648 641 561 414 7 35 1
2 648 642 561 414 7 35 1
2 648 643 561 414 7 34 1
2 648 644 562 414 6 34 1
2 648 645 562 414 6 33 1
2 648 646 562 414 6 33 1
2 648 647 563 415 6 32 1
