16 3 69 35 103 35 14 229 74 70 
16 3 69 35 103 36 14 229 74 70 
16 3 69 35 103 37 14 229 74 70 
16 3 69 35 103 38 14 229 74 70 
16 3 69 35 103 39 14 229 74 70 
16 3 69 35 103 40 14 229 74 70 
16 3 69 35 103 41 14 229 74 70 
16 3 69 35 103 42 14 229 74 70 
16 3 69 35 103 43 14 229 74 70 
16 3 69 35 103 44 14 229 74 70 
16 3 69 35 103 45 14 229 74 70 
16 3 69 35 103 46 14 229 74 70 
16 3 69 35 103 47 14 229 74 70 
16 3 69 35 103 48 14 229 74 70 
16 3 69 35 103 49 14 229 74 70 
16 3 69 35 103 50 14 229 74 70 
16 3 69 35 103 51 14 229 74 70 
16 3 69 35 103 52 14 229 74 70 
16 3 69 35 103 53 14 229 74 70 
16 3 69 35 103 54 14 229 74 70 
16 3 69 35 103 55 14 229 74 70 
16 3 69 35 103 56 14 229 74 70 
16 3 69 35 103 57 14 229 74 70 
16 3 69 35 103 58 14 229 74 70 
16 3 69 35 103 59 14 229 74 70 
16 3 69 35 103 60 14 229 74 70 
16 3 69 35 103 61 14 229 74 70 
16 3 69 35 103 62 14 229 74 70 
16 3 69 35 103 63 14 229 74 70 
16 3 69 35 103 64 14 229 74 70 
16 3 69 35 103 65 14 229 74 70 
16 3 69 35 103 66 14 229 74 70 
16 3 69 35 103 67 14 229 74 70 
16 3 69 35 103 68 14 229 74 70 
16 3 69 35 103 69 14 229 74 70 
16 3 69 35 103 70 14 229 74 70 
16 3 69 35 103 71 14 229 74 70 
16 3 69 35 103 72 14 229 74 70 
16 3 69 35 103 73 14 229 74 70 
16 3 69 35 103 74 14 229 74 70 
16 3 69 35 103 75 14 229 74 70 
16 3 69 35 103 76 14 229 74 70 
16 3 69 35 103 77 14 229 74 70 
16 3 69 35 103 78 14 229 74 70 
16 3 69 35 103 79 14 229 74 70 
16 3 69 35 103 80 14 229 74 70 
16 3 69 35 103 81 14 229 74 70 
16 3 69 35 103 82 14 229 74 70 
16 3 69 35 103 83 14 229 74 70 
16 3 69 35 103 84 14 229 74 70 
16 3 69 35 103 85 14 229 74 70 
16 3 69 35 103 86 14 229 74 70 
16 3 69 35 103 87 14 229 74 70 
16 3 69 35 103 88 14 229 74 70 
16 3 69 35 103 89 14 229 74 70 
16 3 69 35 103 90 14 229 74 70 
16 3 69 35 103 91 14 229 74 70 
16 3 69 35 103 92 14 229 74 70 
16 3 69 35 103 93 14 229 74 70 
16 3 69 35 103 94 14 229 74 70 
16 3 69 35 103 95 14 229 74 70 
16 3 69 35 103 96 14 229 74 70 
16 3 69 35 103 97 14 229 74 70 
16 3 69 35 103 98 14 229 74 70 
16 3 69 35 103 99 14 229 74 70 
16 3 69 35 103 100 14 229 74 70 
16 3 69 35 103 101 14 229 74 70 
16 3 69 35 103 102 14 229 74 70 
16 3 69 35 103 103 14 229 74 70 
17 4 47 192 238 192 28 229 76 67 
17 4 47 192 238 193 28 229 76 67 
17 4 47 192 238 194 28 229 76 67 
17 4 47 192 238 195 28 229 76 67 
17 4 47 192 238 196 28 229 76 67 
17 4 47 192 238 197 28 229 76 67 
17 4 47 192 238 198 28 229 76 67 
17 4 47 192 238 199 28 229 76 67 
17 4 47 192 238 200 28 229 76 67 
17 4 47 192 238 201 28 229 76 67 
17 4 47 192 238 202 28 229 76 67 
17 4 47 192 238 203 28 229 76 67 
17 4 47 192 238 204 28 229 76 67 
17 4 47 192 238 205 28 229 76 67 
17 4 47 192 238 206 28 229 76 67 
17 4 47 192 238 207 28 229 76 67 
17 4 47 192 238 208 28 229 76 67 
17 4 47 192 238 209 28 229 76 67 
17 4 47 192 238 210 28 229 76 67 
17 4 47 192 238 211 28 229 76 67 
17 4 47 192 238 212 28 229 76 67 
17 4 47 192 238 213 28 229 76 67 
17 4 47 192 238 214 28 229 76 67 
17 4 47 192 238 215 28 229 76 67 
17 4 47 192 238 216 28 229 76 67 
17 4 47 192 238 217 28 229 76 67 
17 4 47 192 238 218 28 229 76 67 
17 4 47 192 238 219 28 229 76 67 
17 4 47 192 238 220 28 229 76 67 
17 4 47 192 238 221 28 229 76 67 
17 4 47 192 238 222 28 229 76 67 
17 4 47 192 238 223 28 229 76 67 
17 4 47 192 238 224 28 229 76 67 
17 4 47 192 238 225 28 229 76 67 
17 4 47 192 238 226 28 229 76 67 
17 4 47 192 238 227 28 229 76 67 
17 4 47 192 238 228 28 229 76 67 
17 4 47 192 238 229 28 229 76 67 
17 4 47 192 238 230 28 229 76 67 
17 4 47 192 238 231 28 229 76 67 
17 4 47 192 238 232 28 229 76 67 
17 4 47 192 238 233 28 229 76 67 
17 4 47 192 238 234 28 229 76 67 
17 4 47 192 238 235 28 229 76 67 
17 4 47 192 238 236 28 229 76 67 
17 4 47 192 238 237 28 229 76 67 
17 4 47 192 238 238 28 229 76 67 
18 10 369 464 832 464 0 201 31 42 
18 10 369 464 832 465 0 201 32 42 
18 10 369 464 832 466 0 201 35 42 
18 10 369 464 832 467 1 201 36 42 
18 10 369 464 832 468 0 201 40 42 
18 10 369 464 832 469 2 201 40 42 
18 10 369 464 832 470 1 201 42 42 
18 10 369 464 832 471 3 201 42 42 
18 10 369 464 832 472 4 201 46 42 
18 10 369 464 832 473 5 199 46 42 
18 10 369 464 832 474 7 199 46 42 
18 10 369 464 832 475 9 199 46 42 
18 10 369 464 832 476 11 199 46 42 
18 10 369 464 832 477 12 199 48 42 
18 10 369 464 832 478 14 199 46 42 
18 10 369 464 832 479 16 197 46 42 
18 10 369 464 832 480 18 197 46 42 
18 10 369 464 832 481 20 197 46 42 
18 10 369 464 832 482 21 197 46 42 
18 10 369 464 832 483 23 197 46 42 
18 10 369 464 832 484 25 197 46 42 
18 10 369 464 832 485 27 194 46 43 
18 10 369 464 832 486 28 194 48 43 
18 10 369 464 832 487 30 194 46 43 
18 10 369 464 832 488 32 194 46 43 
18 10 369 464 832 489 34 194 46 43 
18 10 369 464 832 490 36 194 46 43 
18 10 369 464 832 491 37 194 46 43 
18 10 369 464 832 492 37 192 46 43 
18 10 369 464 832 493 39 192 46 43 
18 10 369 464 832 494 41 192 46 43 
18 10 369 464 832 495 43 192 46 43 
18 10 369 464 832 496 44 192 48 43 
18 10 369 464 832 497 46 192 46 43 
18 10 369 464 832 498 48 192 46 43 
18 10 369 464 832 499 48 192 46 43 
18 10 369 464 832 500 50 192 46 43 
18 10 369 464 832 501 52 192 46 43 
18 10 369 464 832 502 53 192 46 43 
18 10 369 464 832 503 55 192 46 42 
18 10 369 464 832 504 57 192 46 42 
18 10 369 464 832 505 59 192 46 42 
18 10 369 464 832 506 59 192 46 42 
18 10 369 464 832 507 60 192 48 42 
18 10 369 464 832 508 62 192 46 42 
18 10 369 464 832 509 64 192 46 42 
18 10 369 464 832 510 66 192 46 42 
18 10 369 464 832 511 68 192 46 42 
18 10 369 464 832 512 69 192 46 42 
18 10 369 464 832 513 71 192 46 42 
18 10 369 464 832 514 71 190 46 42 
18 10 369 464 832 515 73 190 46 42 
18 10 369 464 832 516 75 190 46 42 
18 10 369 464 832 517 76 190 48 42 
18 10 369 464 832 518 78 190 46 42 
18 10 369 464 832 519 80 187 46 43 
18 10 369 464 832 520 80 187 46 43 
18 10 369 464 832 521 82 187 46 43 
18 10 369 464 832 522 84 187 46 43 
18 10 369 464 832 523 85 187 46 43 
18 10 369 464 832 524 87 185 46 43 
18 10 369 464 832 525 89 185 46 43 
18 10 369 464 832 526 91 185 46 43 
18 10 369 464 832 527 91 185 46 43 
18 10 369 464 832 528 92 185 48 43 
18 10 369 464 832 529 94 185 46 42 
18 10 369 464 832 530 96 185 46 42 
18 10 369 464 832 531 98 185 46 42 
18 10 369 464 832 532 100 185 46 42 
18 10 369 464 832 533 101 185 46 42 
18 10 369 464 832 534 101 183 46 42 
18 10 369 464 832 535 103 183 46 42 
18 10 369 464 832 536 105 183 46 42 
18 10 369 464 832 537 105 183 46 42 
18 10 369 464 832 538 107 183 46 42 
18 10 369 464 832 539 108 183 48 42 
18 10 369 464 832 540 110 183 46 42 
18 10 369 464 832 541 110 183 46 42 
18 10 369 464 832 542 112 183 46 42 
18 10 369 464 832 543 114 183 46 42 
18 10 369 464 832 544 116 183 46 42 
18 10 369 464 832 545 116 183 46 42 
18 10 369 464 832 546 117 183 46 42 
18 10 369 464 832 547 119 181 46 42 
18 10 369 464 832 548 119 181 46 42 
18 10 369 464 832 549 121 181 46 42 
18 10 369 464 832 550 123 181 46 42 
18 10 369 464 832 551 124 181 48 42 
18 10 369 464 832 552 124 181 48 42 
18 10 369 464 832 553 126 181 46 42 
18 10 369 464 832 554 128 181 46 42 
18 10 369 464 832 555 130 181 46 42 
18 10 369 464 832 556 130 181 46 42 
18 10 369 464 832 557 132 181 46 42 
18 10 369 464 832 558 133 181 46 42 
18 10 369 464 832 559 135 181 46 42 
18 10 369 464 832 560 135 178 46 43 
18 10 369 464 832 561 137 178 46 43 
18 10 369 464 832 562 139 178 46 43 
18 10 369 464 832 563 140 178 48 43 
18 10 369 464 832 564 142 178 46 43 
18 10 369 464 832 565 142 178 46 43 
18 10 369 464 832 566 144 178 46 43 
18 10 369 464 832 567 146 178 46 43 
18 10 369 464 832 568 148 178 46 43 
18 10 369 464 832 569 149 178 46 43 
18 10 369 464 832 570 149 178 46 43 
18 10 369 464 832 571 151 178 46 43 
18 10 369 464 832 572 153 178 46 43 
18 10 369 464 832 573 155 178 46 43 
18 10 369 464 832 574 156 178 48 43 
18 10 369 464 832 575 156 178 48 43 
18 10 369 464 832 576 158 178 46 43 
18 10 369 464 832 577 160 178 46 43 
18 10 369 464 832 578 162 178 46 43 
18 10 369 464 832 579 164 178 46 43 
18 10 369 464 832 580 164 178 46 43 
18 10 369 464 832 581 165 178 46 43 
18 10 369 464 832 582 167 178 46 43 
18 10 369 464 832 583 169 178 46 43 
18 10 369 464 832 584 171 178 46 43 
18 10 369 464 832 585 171 176 46 43 
18 10 369 464 832 586 172 176 48 43 
18 10 369 464 832 587 174 176 46 43 
18 10 369 464 832 588 174 176 46 43 
18 10 369 464 832 589 176 176 46 43 
18 10 369 464 832 590 178 176 46 43 
18 10 369 464 832 591 178 176 46 43 
18 10 369 464 832 592 180 176 46 43 
18 10 369 464 832 593 181 176 46 42 
18 10 369 464 832 594 181 176 46 42 
18 10 369 464 832 595 183 176 46 42 
18 10 369 464 832 596 185 176 46 42 
18 10 369 464 832 597 185 176 46 42 
18 10 369 464 832 598 187 176 46 42 
18 10 369 464 832 599 188 176 48 42 
18 10 369 464 832 600 190 176 46 42 
18 10 369 464 832 601 190 173 46 45 
18 10 369 464 832 602 192 173 46 45 
18 10 369 464 832 603 194 173 46 45 
18 10 369 464 832 604 197 173 42 45 
18 10 369 464 832 605 198 173 44 45 
18 10 369 464 832 606 200 173 42 45 
18 10 369 464 832 607 200 173 42 45 
18 10 369 464 832 608 202 173 42 45 
18 10 369 464 832 609 204 173 42 45 
18 10 369 464 832 610 206 171 40 48 
18 10 369 464 832 611 208 171 40 48 
18 10 369 464 832 612 210 171 40 48 
18 10 369 464 832 613 210 171 40 48 
18 10 369 464 832 614 212 171 38 48 
18 10 369 464 832 615 214 171 38 48 
18 10 369 464 832 616 216 171 36 48 
18 10 369 464 832 617 218 171 36 48 
18 10 369 464 832 618 220 171 36 48 
18 10 369 464 832 619 222 171 34 48 
18 10 369 464 832 620 222 169 34 48 
18 10 369 464 832 621 223 169 36 48 
18 10 369 464 832 622 225 169 36 48 
18 10 369 464 832 623 225 169 36 48 
18 10 369 464 832 624 227 169 36 48 
18 10 369 464 832 625 229 169 36 48 
18 10 369 464 832 626 229 169 36 48 
18 10 369 464 832 627 231 169 34 48 
18 10 369 464 832 628 232 169 36 48 
18 10 369 464 832 629 232 169 36 48 
18 10 369 464 832 630 234 169 36 48 
18 10 369 464 832 631 236 169 36 48 
18 10 369 464 832 632 236 169 36 48 
18 10 369 464 832 633 238 169 34 48 
18 10 369 464 832 634 239 169 36 48 
18 10 369 464 832 635 239 169 36 48 
18 10 369 464 832 636 241 169 36 48 
18 10 369 464 832 637 243 169 36 48 
18 10 369 464 832 638 243 169 36 48 
18 10 369 464 832 639 245 169 36 48 
18 10 369 464 832 640 247 169 34 48 
18 10 369 464 832 641 247 168 34 48 
18 10 369 464 832 642 248 168 36 48 
18 10 369 464 832 643 250 168 36 48 
18 10 369 464 832 644 252 168 36 48 
18 10 369 464 832 645 252 168 36 48 
18 10 369 464 832 646 254 168 34 48 
18 10 369 464 832 647 255 168 36 48 
18 10 369 464 832 648 257 166 36 48 
18 10 369 464 832 649 257 166 36 48 
18 10 369 464 832 650 259 166 36 48 
18 10 369 464 832 651 261 166 36 48 
18 10 369 464 832 652 263 166 34 48 
18 10 369 464 832 653 264 166 36 48 
18 10 369 464 832 654 264 166 36 48 
18 10 369 464 832 655 266 164 36 48 
18 10 369 464 832 656 268 164 36 48 
18 10 369 464 832 657 270 164 34 48 
18 10 369 464 832 658 270 164 34 48 
18 10 369 464 832 659 271 164 36 48 
18 10 369 464 832 660 273 164 36 48 
18 10 369 464 832 661 275 164 36 48 
18 10 369 464 832 662 277 164 36 48 
18 10 369 464 832 663 277 162 36 48 
18 10 369 464 832 664 279 162 34 48 
18 10 369 464 832 665 280 162 36 48 
18 10 369 464 832 666 280 162 36 48 
18 10 369 464 832 667 282 162 36 48 
18 10 369 464 832 668 284 162 36 48 
18 10 369 464 832 669 284 162 36 48 
18 10 369 464 832 670 286 162 34 48 
18 10 369 464 832 671 287 162 36 48 
18 10 369 464 832 672 287 162 36 48 
18 10 369 464 832 673 289 162 36 48 
18 10 369 464 832 674 291 162 36 48 
18 10 369 464 832 675 291 162 36 48 
18 10 369 464 832 676 293 162 36 48 
18 10 369 464 832 677 295 162 34 48 
18 10 369 464 832 678 295 162 34 48 
18 10 369 464 832 679 296 162 36 48 
18 10 369 464 832 680 298 162 36 48 
18 10 369 464 832 681 298 162 36 48 
18 10 369 464 832 682 300 162 36 48 
18 10 369 464 832 683 302 162 34 48 
18 10 369 464 832 684 302 162 34 48 
18 10 369 464 832 685 303 162 36 48 
18 10 369 464 832 686 305 162 36 48 
18 10 369 464 832 687 305 162 36 48 
18 10 369 464 832 688 307 162 36 48 
18 10 369 464 832 689 309 162 36 48 
18 10 369 464 832 690 309 160 36 48 
18 10 369 464 832 691 309 160 36 48 
18 10 369 464 832 692 311 160 34 48 
18 10 369 464 832 693 311 160 34 48 
18 10 369 464 832 694 312 160 36 48 
18 10 369 464 832 695 312 160 36 48 
18 10 369 464 832 696 312 160 36 48 
18 10 369 464 832 697 314 160 36 48 
18 10 369 464 832 698 314 160 36 48 
18 10 369 464 832 699 316 160 36 48 
18 10 369 464 832 700 316 160 36 48 
18 10 369 464 832 701 316 160 36 48 
18 10 369 464 832 702 318 160 34 48 
18 10 369 464 832 703 318 160 34 48 
18 10 369 464 832 704 319 159 36 48 
18 10 369 464 832 705 319 159 36 48 
18 10 369 464 832 706 319 159 36 48 
18 10 369 464 832 707 321 159 36 48 
18 10 369 464 832 708 321 159 36 48 
18 10 369 464 832 709 323 159 36 48 
18 10 369 464 832 710 323 159 36 48 
18 10 369 464 832 711 323 159 36 48 
18 10 369 464 832 712 325 159 36 48 
18 10 369 464 832 713 325 159 36 48 
18 10 369 464 832 714 327 159 34 48 
18 10 369 464 832 715 327 159 34 48 
18 10 369 464 832 716 327 159 34 48 
18 10 369 464 832 717 328 159 36 48 
18 10 369 464 832 718 328 157 36 48 
18 10 369 464 832 719 330 157 36 48 
18 10 369 464 832 720 330 157 36 48 
18 10 369 464 832 721 330 157 36 48 
18 10 369 464 832 722 332 157 36 48 
18 10 369 464 832 723 332 157 36 48 
18 10 369 464 832 724 334 157 34 48 
18 10 369 464 832 725 334 157 34 48 
18 10 369 464 832 726 334 157 34 48 
18 10 369 464 832 727 335 157 36 48 
18 10 369 464 832 728 335 157 36 48 
18 10 369 464 832 729 337 157 36 48 
18 10 369 464 832 730 337 157 36 48 
18 10 369 464 832 731 339 157 36 48 
18 10 369 464 832 732 339 157 36 48 
18 10 369 464 832 733 339 157 36 48 
18 10 369 464 832 734 339 157 36 48 
18 10 369 464 832 735 341 157 36 48 
18 10 369 464 832 736 341 157 36 48 
18 10 369 464 832 737 341 157 36 48 
18 10 369 464 832 738 343 157 34 48 
18 10 369 464 832 739 343 157 34 48 
18 10 369 464 832 740 343 157 34 48 
18 10 369 464 832 741 344 157 36 48 
18 10 369 464 832 742 344 157 36 48 
18 10 369 464 832 743 344 157 36 48 
18 10 369 464 832 744 346 157 36 48 
18 10 369 464 832 745 346 157 36 48 
18 10 369 464 832 746 346 157 36 48 
18 10 369 464 832 747 348 157 36 48 
18 10 369 464 832 748 348 157 36 48 
18 10 369 464 832 749 348 157 36 48 
18 10 369 464 832 750 350 157 34 48 
18 10 369 464 832 751 350 157 34 48 
18 10 369 464 832 752 350 157 34 48 
18 10 369 464 832 753 351 157 36 48 
18 10 369 464 832 754 351 157 36 48 
18 10 369 464 832 755 351 157 36 48 
18 10 369 464 832 756 353 157 36 48 
18 10 369 464 832 757 353 157 36 48 
18 10 369 464 832 758 353 157 36 48 
18 10 369 464 832 759 355 157 36 48 
18 10 369 464 832 760 355 157 36 48 
18 10 369 464 832 761 355 157 36 48 
18 10 369 464 832 762 357 157 36 48 
18 10 369 464 832 763 357 157 36 48 
18 10 369 464 832 764 357 157 36 48 
18 10 369 464 832 765 359 157 34 48 
18 10 369 464 832 766 359 157 34 48 
18 10 369 464 832 767 359 157 34 48 
18 10 369 464 832 768 360 157 36 48 
18 10 369 464 832 769 360 157 36 48 
18 10 369 464 832 770 360 157 36 48 
18 10 369 464 832 771 362 157 36 48 
18 10 369 464 832 772 362 157 36 48 
18 10 369 464 832 773 362 157 36 48 
18 10 369 464 832 774 364 157 36 48 
18 10 369 464 832 775 364 157 36 48 
18 10 369 464 832 776 364 157 36 48 
18 10 369 464 832 777 366 159 34 48 
18 10 369 464 832 778 366 157 34 48 
18 10 369 464 832 779 366 157 34 48 
18 10 369 464 832 780 367 157 36 48 
18 10 369 464 832 781 367 157 36 48 
18 10 369 464 832 782 367 157 36 48 
18 10 369 464 832 783 369 157 36 48 
18 10 369 464 832 784 369 157 36 48 
18 10 369 464 832 785 369 157 36 48 
18 10 369 464 832 786 371 157 36 48 
18 10 369 464 832 787 371 157 36 48 
18 10 369 464 832 788 371 157 36 48 
18 10 369 464 832 789 373 157 36 48 
18 10 369 464 832 790 373 157 36 48 
18 10 369 464 832 791 373 157 36 48 
18 10 369 464 832 792 375 157 34 48 
18 10 369 464 832 793 375 157 34 48 
18 10 369 464 832 794 375 157 34 48 
18 10 369 464 832 795 376 157 36 48 
18 10 369 464 832 796 376 157 36 48 
18 10 369 464 832 797 376 157 36 48 
18 10 369 464 832 798 378 157 36 48 
18 10 369 464 832 799 378 157 36 48 
18 10 369 464 832 800 378 155 36 48 
18 10 369 464 832 801 380 155 36 48 
18 10 369 464 832 802 380 155 36 48 
18 10 369 464 832 803 380 155 36 48 
18 10 369 464 832 804 382 155 34 48 
18 10 369 464 832 805 382 155 34 48 
18 10 369 464 832 806 382 155 34 48 
18 10 369 464 832 807 383 155 36 48 
18 10 369 464 832 808 383 155 36 48 
18 10 369 464 832 809 383 155 36 48 
18 10 369 464 832 810 385 155 36 48 
18 10 369 464 832 811 385 155 36 48 
18 10 369 464 832 812 385 155 36 48 
18 10 369 464 832 813 387 155 36 48 
18 10 369 464 832 814 387 155 36 48 
18 10 369 464 832 815 387 155 36 48 
18 10 369 464 832 816 389 155 36 48 
18 10 369 464 832 817 389 155 36 48 
18 10 369 464 832 818 389 155 36 48 
18 10 369 464 832 819 391 155 34 48 
18 10 369 464 832 820 391 155 34 48 
18 10 369 464 832 821 391 155 34 48 
18 10 369 464 832 822 392 153 36 48 
18 10 369 464 832 823 392 153 36 48 
18 10 369 464 832 824 392 153 36 48 
18 10 369 464 832 825 394 153 36 48 
18 10 369 464 832 826 394 153 36 48 
18 10 369 464 832 827 394 153 36 48 
18 10 369 464 832 828 396 153 36 48 
18 10 369 464 832 829 396 153 36 48 
18 10 369 464 832 830 396 153 36 48 
18 10 369 464 832 831 398 153 34 48 
18 10 369 464 832 832 398 153 34 48 
19 5 83 303 385 303 53 229 80 67 
19 5 83 303 385 304 53 229 80 67 
19 5 83 303 385 305 53 229 80 67 
19 5 83 303 385 306 53 229 80 67 
19 5 83 303 385 307 53 229 80 67 
19 5 83 303 385 308 53 229 80 67 
19 5 83 303 385 309 53 229 80 67 
19 5 83 303 385 310 53 229 80 67 
19 5 83 303 385 311 53 229 80 67 
19 5 83 303 385 312 53 229 80 67 
19 5 83 303 385 313 53 229 80 67 
19 5 83 303 385 314 53 229 80 67 
19 5 83 303 385 315 53 229 80 67 
19 5 83 303 385 316 53 229 80 67 
19 5 83 303 385 317 53 229 80 67 
19 5 83 303 385 318 53 229 80 67 
19 5 83 303 385 319 53 229 80 67 
19 5 83 303 385 320 53 229 80 67 
19 5 83 303 385 321 53 229 80 67 
19 5 83 303 385 322 53 229 80 67 
19 5 83 303 385 323 53 229 80 67 
19 5 83 303 385 324 53 229 80 67 
19 5 83 303 385 325 53 229 80 67 
19 5 83 303 385 326 53 229 80 67 
19 5 83 303 385 327 53 229 80 67 
19 5 83 303 385 328 53 229 80 67 
19 5 83 303 385 329 53 229 80 67 
19 5 83 303 385 330 53 229 80 67 
19 5 83 303 385 331 53 229 80 67 
19 5 83 303 385 332 53 229 80 67 
19 5 83 303 385 333 53 229 80 67 
19 5 83 303 385 334 53 229 80 67 
19 5 83 303 385 335 53 229 80 67 
19 5 83 303 385 336 53 229 80 67 
19 5 83 303 385 337 53 229 80 67 
19 5 83 303 385 338 53 229 80 67 
19 5 83 303 385 339 53 229 80 67 
19 5 83 303 385 340 53 229 80 67 
19 5 83 303 385 341 53 229 80 67 
19 5 83 303 385 342 53 229 80 67 
19 5 83 303 385 343 53 229 80 67 
19 5 83 303 385 344 53 229 80 67 
19 5 83 303 385 345 53 229 80 67 
19 5 83 303 385 346 53 229 80 67 
19 5 83 303 385 347 53 229 80 67 
19 5 83 303 385 348 53 229 80 67 
19 5 83 303 385 349 53 229 80 67 
19 5 83 303 385 350 53 229 80 67 
19 5 83 303 385 351 53 229 80 67 
19 5 83 303 385 352 53 229 80 67 
19 5 83 303 385 353 53 229 80 67 
19 5 83 303 385 354 53 229 80 67 
19 5 83 303 385 355 53 229 80 67 
19 5 83 303 385 356 53 229 80 67 
19 5 83 303 385 357 53 229 80 67 
19 5 83 303 385 358 53 229 80 67 
19 5 83 303 385 359 53 229 80 67 
19 5 83 303 385 360 53 229 80 67 
19 5 83 303 385 361 53 229 80 67 
19 5 83 303 385 362 53 229 80 67 
19 5 83 303 385 363 53 229 80 67 
19 5 83 303 385 364 53 229 80 67 
19 5 83 303 385 365 53 229 80 67 
19 5 83 303 385 366 53 229 80 67 
19 5 83 303 385 367 53 229 80 67 
19 5 83 303 385 368 53 229 80 67 
19 5 83 303 385 369 53 229 80 67 
19 5 83 303 385 370 53 229 80 67 
19 5 83 303 385 371 53 229 80 67 
19 5 83 303 385 372 53 229 80 67 
19 5 83 303 385 373 53 229 80 67 
19 5 83 303 385 374 53 229 80 67 
19 5 83 303 385 375 53 229 80 67 
19 5 83 303 385 376 53 229 80 67 
19 5 83 303 385 377 53 229 80 67 
19 5 83 303 385 378 53 229 80 67 
19 5 83 303 385 379 53 229 80 67 
19 5 83 303 385 380 53 229 80 67 
19 5 83 303 385 381 53 229 80 67 
19 5 83 303 385 382 53 229 80 67 
19 5 83 303 385 383 53 229 80 67 
19 5 83 303 385 384 53 229 80 67 
19 5 83 303 385 385 53 229 80 67 
