0 5 152 255 406 255 0 0 272 57 
0 5 152 255 406 256 0 0 272 57 
0 5 152 255 406 257 0 0 272 57 
0 5 152 255 406 258 0 0 272 57 
0 5 152 255 406 259 0 0 272 57 
0 5 152 255 406 260 0 0 272 57 
0 5 152 255 406 261 0 0 272 57 
0 5 152 255 406 262 0 0 272 57 
0 5 152 255 406 263 0 0 272 57 
0 5 152 255 406 264 0 0 272 57 
0 5 152 255 406 265 0 0 272 57 
0 5 152 255 406 266 0 0 272 57 
0 5 152 255 406 267 0 0 272 57 
0 5 152 255 406 268 0 0 272 57 
0 5 152 255 406 269 0 0 272 57 
0 5 152 255 406 270 0 0 272 57 
0 5 152 255 406 271 0 0 272 57 
0 5 152 255 406 272 0 0 272 57 
0 5 152 255 406 273 0 0 272 57 
0 5 152 255 406 274 0 0 272 57 
0 5 152 255 406 275 0 0 272 57 
0 5 152 255 406 276 0 0 272 57 
0 5 152 255 406 277 0 0 272 57 
0 5 152 255 406 278 0 0 272 57 
0 5 152 255 406 279 0 0 272 57 
0 5 152 255 406 280 0 0 272 57 
0 5 152 255 406 281 0 0 272 57 
0 5 152 255 406 282 0 0 272 57 
0 5 152 255 406 283 0 0 272 57 
0 5 152 255 406 284 0 0 272 57 
0 5 152 255 406 285 0 0 272 57 
0 5 152 255 406 286 0 0 272 57 
0 5 152 255 406 287 0 0 272 57 
0 5 152 255 406 288 0 0 272 57 
0 5 152 255 406 289 0 0 272 57 
0 5 152 255 406 290 0 0 272 57 
0 5 152 255 406 291 0 0 272 57 
0 5 152 255 406 292 0 0 272 57 
0 5 152 255 406 293 0 0 272 57 
0 5 152 255 406 294 0 0 272 57 
0 5 152 255 406 295 0 0 272 57 
0 5 152 255 406 296 0 0 272 57 
0 5 152 255 406 297 0 0 272 57 
0 5 152 255 406 298 0 0 272 57 
0 5 152 255 406 299 0 0 272 57 
0 5 152 255 406 300 0 0 272 57 
0 5 152 255 406 301 0 0 272 57 
0 5 152 255 406 302 0 0 272 57 
0 5 152 255 406 303 0 0 272 57 
0 5 152 255 406 304 0 0 272 57 
0 5 152 255 406 305 0 0 272 57 
0 5 152 255 406 306 0 0 272 57 
0 5 152 255 406 307 0 0 272 57 
0 5 152 255 406 308 0 0 272 57 
0 5 152 255 406 309 0 0 272 57 
0 5 152 255 406 310 0 0 272 57 
0 5 152 255 406 311 0 0 272 57 
0 5 152 255 406 312 0 0 272 57 
0 5 152 255 406 313 0 0 272 57 
0 5 152 255 406 314 0 0 272 57 
0 5 152 255 406 315 0 0 272 57 
0 5 152 255 406 316 0 0 272 57 
0 5 152 255 406 317 0 0 272 57 
0 5 152 255 406 318 0 0 272 57 
0 5 152 255 406 319 0 0 272 57 
0 5 152 255 406 320 0 0 272 57 
0 5 152 255 406 321 0 0 272 57 
0 5 152 255 406 322 0 0 272 57 
0 5 152 255 406 323 0 0 272 57 
0 5 152 255 406 324 0 0 272 57 
0 5 152 255 406 325 0 0 272 57 
0 5 152 255 406 326 0 0 272 57 
0 5 152 255 406 327 0 0 272 57 
0 5 152 255 406 328 0 0 272 57 
0 5 152 255 406 329 0 0 272 57 
0 5 152 255 406 330 0 0 272 57 
0 5 152 255 406 331 0 0 272 57 
0 5 152 255 406 332 0 0 272 57 
0 5 152 255 406 333 0 0 272 57 
0 5 152 255 406 334 0 0 272 57 
0 5 152 255 406 335 0 0 272 57 
0 5 152 255 406 336 0 0 272 57 
0 5 152 255 406 337 0 0 272 57 
0 5 152 255 406 338 0 0 272 57 
0 5 152 255 406 339 0 0 272 57 
0 5 152 255 406 340 0 0 272 57 
0 5 152 255 406 341 0 0 272 57 
0 5 152 255 406 342 0 0 272 57 
0 5 152 255 406 343 0 0 272 57 
0 5 152 255 406 344 0 0 272 57 
0 5 152 255 406 345 0 0 272 57 
0 5 152 255 406 346 0 0 272 57 
0 5 152 255 406 347 0 0 272 57 
0 5 152 255 406 348 0 0 272 57 
0 5 152 255 406 349 0 0 272 57 
0 5 152 255 406 350 0 0 272 57 
0 5 152 255 406 351 0 0 272 57 
0 5 152 255 406 352 0 0 272 57 
0 5 152 255 406 353 0 0 272 57 
0 5 152 255 406 354 0 0 272 57 
0 5 152 255 406 355 0 0 272 57 
0 5 152 255 406 356 0 0 272 57 
0 5 152 255 406 357 0 0 272 57 
0 5 152 255 406 358 0 0 272 57 
0 5 152 255 406 359 0 0 272 57 
0 5 152 255 406 360 0 0 272 57 
0 5 152 255 406 361 0 0 272 57 
0 5 152 255 406 362 0 0 272 57 
0 5 152 255 406 363 0 0 272 57 
0 5 152 255 406 364 0 0 272 57 
0 5 152 255 406 365 0 0 272 57 
0 5 152 255 406 366 0 0 272 57 
0 5 152 255 406 367 0 0 272 57 
0 5 152 255 406 368 0 0 272 57 
0 5 152 255 406 369 0 0 272 57 
0 5 152 255 406 370 0 0 272 57 
0 5 152 255 406 371 0 0 272 57 
0 5 152 255 406 372 0 0 272 57 
0 5 152 255 406 373 0 0 272 57 
0 5 152 255 406 374 0 0 272 57 
0 5 152 255 406 375 0 0 272 57 
0 5 152 255 406 376 0 0 272 57 
0 5 152 255 406 377 0 0 272 57 
0 5 152 255 406 378 0 0 272 57 
0 5 152 255 406 379 0 0 272 57 
0 5 152 255 406 380 0 0 272 57 
0 5 152 255 406 381 0 0 272 57 
0 5 152 255 406 382 0 0 272 57 
0 5 152 255 406 383 0 0 272 57 
0 5 152 255 406 384 0 0 272 57 
0 5 152 255 406 385 0 0 272 57 
0 5 152 255 406 386 0 0 272 57 
0 5 152 255 406 387 0 0 272 57 
0 5 152 255 406 388 0 0 272 57 
0 5 152 255 406 389 0 0 272 57 
0 5 152 255 406 390 0 0 272 57 
0 5 152 255 406 391 0 0 272 57 
0 5 152 255 406 392 0 0 272 57 
0 5 152 255 406 393 0 0 272 57 
0 5 152 255 406 394 0 0 272 57 
0 5 152 255 406 395 0 0 272 57 
0 5 152 255 406 396 0 0 272 57 
0 5 152 255 406 397 0 0 272 57 
0 5 152 255 406 398 0 0 272 57 
0 5 152 255 406 399 0 0 272 57 
0 5 152 255 406 400 0 0 272 57 
0 5 152 255 406 401 0 0 272 57 
0 5 152 255 406 402 0 0 272 57 
0 5 152 255 406 403 0 0 272 57 
0 5 152 255 406 404 0 0 272 57 
0 5 152 255 406 405 0 0 272 57 
0 5 152 255 406 406 0 0 272 57 
